 lambda   Irr_dw            Rad_up 
 550.000  1.5432803000e+00  1.8942834470e-01 
 551.000  1.5330224000e+00  1.8811943050e-01 
 552.000  1.5984058000e+00  1.9615045170e-01 
 553.000  1.5351890000e+00  1.8833145140e-01 
 554.000  1.5847502000e+00  1.9440518190e-01 
 555.000  1.5886279000e+00  1.9479981990e-01 
 556.000  1.5443023000e+00  1.8928793330e-01 
 557.000  1.4979926000e+00  1.8360856630e-01 
 558.000  1.5544017000e+00  1.9044421390e-01 
 559.000  1.4688020000e+00  1.7991407780e-01 
 560.000  1.4748321000e+00  1.8064425660e-01 
 561.000  1.6204514000e+00  1.9838928220e-01 
 562.000  1.4870497000e+00  1.8200611880e-01 
 563.000  1.5553811000e+00  1.9028178410e-01 
 564.000  1.5330989000e+00  1.8743130490e-01 
 565.000  1.5509658000e+00  1.8956776430e-01 
 566.000  1.4296261000e+00  1.7466033940e-01 
 567.000  1.5331072000e+00  1.8707409670e-01 
 568.000  1.5285300000e+00  1.8584748840e-01 
 569.000  1.4967972000e+00  1.8057701110e-01 
 570.000  1.5044653000e+00  1.8167500310e-01 
 571.000  1.4515324000e+00  1.7621453860e-01 
 572.000  1.5332788000e+00  1.8518908690e-01 
 573.000  1.5494327000e+00  1.8739158630e-01 
 574.000  1.5407432000e+00  1.8637066650e-01 
 575.000  1.5028024000e+00  1.8166842650e-01 
 576.000  1.4753150000e+00  1.7828337100e-01 
 577.000  1.5365024000e+00  1.8587022400e-01 
 578.000  1.4917395000e+00  1.8081982420e-01 
 579.000  1.4803214000e+00  1.7958546450e-01 
 580.000  1.5312588000e+00  1.8593959050e-01 
 581.000  1.5036060000e+00  1.8280657960e-01 
 582.000  1.5260363000e+00  1.8555241390e-01 
 583.000  1.5364919000e+00  1.8685206600e-01 
 584.000  1.5314339000e+00  1.8615249630e-01 
 585.000  1.5211639000e+00  1.8481996150e-01 
 586.000  1.4556200000e+00  1.7683280940e-01 
 587.000  1.5122116000e+00  1.8312010190e-01 
 588.000  1.4958655000e+00  1.7922845460e-01 
 589.000  1.3254270000e+00  1.5639474490e-01 
 590.000  1.3837826000e+00  1.6312014770e-01 
 591.000  1.4705508000e+00  1.7503663640e-01 
 592.000  1.4421175000e+00  1.7065213010e-01 
 593.000  1.4575218000e+00  1.7441165160e-01 
 594.000  1.4706499000e+00  1.7550759890e-01 
 595.000  1.4422171000e+00  1.7068658450e-01 
 596.000  1.4781673000e+00  1.7696128850e-01 
 597.000  1.4824588000e+00  1.7696209720e-01 
 598.000  1.4521741000e+00  1.7419517520e-01 
 599.000  1.4525493000e+00  1.7458651730e-01 
 600.000  1.4529555000e+00  1.7542727660e-01 
 601.000  1.4448228000e+00  1.7501278690e-01 
 602.000  1.4290153000e+00  1.7325018310e-01 
 603.000  1.4376269000e+00  1.7449464420e-01 
 604.000  1.4831439000e+00  1.8019989010e-01 
 605.000  1.4793079000e+00  1.7971980290e-01 
 606.000  1.4621045000e+00  1.7767501830e-01 
 607.000  1.4538220000e+00  1.7664225770e-01 
 608.000  1.4484233000e+00  1.7593824770e-01 
 609.000  1.4334933000e+00  1.7412249760e-01 
 610.000  1.4104711000e+00  1.7127745060e-01 
 611.000  1.4333056000e+00  1.7404637150e-01 
 612.000  1.4145785000e+00  1.7177117920e-01 
 613.000  1.3938456000e+00  1.6921803280e-01 
 614.000  1.3429807000e+00  1.6304980470e-01 
 615.000  1.4077840000e+00  1.7086048890e-01 
 616.000  1.3384686000e+00  1.6245928960e-01 
 617.000  1.3459672000e+00  1.6335952760e-01 
 618.000  1.4094058000e+00  1.7098429870e-01 
 619.000  1.3964322000e+00  1.6942935180e-01 
 620.000  1.4169949000e+00  1.7184355160e-01 
 621.000  1.4412924000e+00  1.7476655580e-01 
 622.000  1.3652059000e+00  1.6548573300e-01 
 623.000  1.3757738000e+00  1.6665306090e-01 
 624.000  1.3771808000e+00  1.6683546450e-01 
 625.000  1.3398135000e+00  1.6227990720e-01 
 626.000  1.3465205000e+00  1.6290655520e-01 
 627.000  1.3688568000e+00  1.6492091370e-01 
 628.000  1.3500330000e+00  1.6137675480e-01 
 629.000  1.3841123000e+00  1.6588253780e-01 
 630.000  1.3382215000e+00  1.6096528630e-01 
 631.000  1.3873730000e+00  1.6704937740e-01 
 632.000  1.2921899000e+00  1.5506663510e-01 
 633.000  1.3871787000e+00  1.6711123660e-01 
 634.000  1.3455314000e+00  1.6229872130e-01 
 635.000  1.3701045000e+00  1.6524717710e-01 
 636.000  1.3218291000e+00  1.5953805540e-01 
 637.000  1.3654337000e+00  1.6487402340e-01 
 638.000  1.3867190000e+00  1.6773937990e-01 
 639.000  1.3752345000e+00  1.6627510070e-01 
 640.000  1.3320870000e+00  1.6128555300e-01 
 641.000  1.3512932000e+00  1.6357881160e-01 
 642.000  1.3350672000e+00  1.6170616150e-01 
 643.000  1.3583440000e+00  1.6427464290e-01 
 644.000  1.3427383000e+00  1.6232510380e-01 
 645.000  1.3543696000e+00  1.6341635130e-01 
 646.000  1.3025033000e+00  1.5576014710e-01 
 647.000  1.3200090000e+00  1.5689527890e-01 
 648.000  1.3175005000e+00  1.5566194150e-01 
 649.000  1.3437281000e+00  1.5951525880e-01 
 650.000  1.2454150300e+00  1.4940718080e-01 
 651.000  1.3415213000e+00  1.6091670230e-01 
 652.000  1.3153979000e+00  1.5631185910e-01 
 653.000  1.3421692000e+00  1.6118176270e-01 
 654.000  1.3245402000e+00  1.5879365540e-01 
 655.000  1.2894964100e+00  1.5396504210e-01 
 656.000  1.0947817900e+00  1.3086763000e-01 
 657.000  1.1684858600e+00  1.3996736150e-01 
 658.000  1.3016181600e+00  1.5652415470e-01 
 659.000  1.3047911000e+00  1.5721177670e-01 
 660.000  1.3150295400e+00  1.5859368900e-01 
 661.000  1.3208747000e+00  1.5977130130e-01 
 662.000  1.3399029000e+00  1.6227119450e-01 
 663.000  1.3249792200e+00  1.6038638310e-01 
 664.000  1.3039216500e+00  1.5790100100e-01 
 665.000  1.3095837700e+00  1.5863127140e-01 
 666.000  1.3253525100e+00  1.6066351320e-01 
 667.000  1.2990379400e+00  1.5747940060e-01 
 668.000  1.3064123100e+00  1.5849380490e-01 
 669.000  1.3250340300e+00  1.6081076050e-01 
 670.000  1.3094780600e+00  1.5887068180e-01 
 671.000  1.2953001300e+00  1.5718261720e-01 
 672.000  1.2911804800e+00  1.5667526250e-01 
 673.000  1.3003809000e+00  1.5777482600e-01 
 674.000  1.3028778500e+00  1.5808578490e-01 
 675.000  1.2829756200e+00  1.5564414980e-01 
 676.000  1.3071736000e+00  1.5858763120e-01 
 677.000  1.2811486700e+00  1.5544169620e-01 
 678.000  1.3023344600e+00  1.5799229430e-01 
 679.000  1.2839229200e+00  1.5571324160e-01 
 680.000  1.2740314600e+00  1.5445877080e-01 
 681.000  1.2753588200e+00  1.5453976440e-01 
 682.000  1.2726879400e+00  1.5415280150e-01 
 683.000  1.2810076200e+00  1.5508076480e-01 
 684.000  1.2578272100e+00  1.5217771910e-01 
 685.000  1.2720187900e+00  1.5393608090e-01 
 686.000  1.2159797700e+00  1.4686663820e-01 
 687.000  1.1241024000e+00  1.3144024660e-01 
 688.000  1.1540454000e+00  1.3634455870e-01 
 689.000  1.1485299100e+00  1.3526948550e-01 
 690.000  1.1691484500e+00  1.3844792180e-01 
 691.000  1.1929027200e+00  1.4199797060e-01 
 692.000  1.1959952000e+00  1.4240592960e-01 
 693.000  1.1949248600e+00  1.4039825440e-01 
 694.000  1.1969444700e+00  1.3899024960e-01 
 695.000  1.1840796400e+00  1.3829016110e-01 
 696.000  1.2025380800e+00  1.4095840450e-01 
 697.000  1.2255764000e+00  1.4650979610e-01 
 698.000  1.1983881600e+00  1.4258651730e-01 
 699.000  1.2016464800e+00  1.4046527100e-01 
 700.000  1.1905446200e+00  1.3952659610e-01 
 701.000  1.1597149500e+00  1.3534681700e-01 
 702.000  1.1568758200e+00  1.3538597110e-01 
 703.000  1.1884611400e+00  1.4109104920e-01 
 704.000  1.1924188600e+00  1.4165005490e-01 
 705.000  1.1950619000e+00  1.4108711240e-01 
 706.000  1.1835183600e+00  1.3988159180e-01 
 707.000  1.1678348100e+00  1.3832788090e-01 
 708.000  1.2041280000e+00  1.4295381160e-01 
 709.000  1.1661308400e+00  1.3909761050e-01 
 710.000  1.1874481300e+00  1.4086442570e-01 
 711.000  1.1808576900e+00  1.4080058290e-01 
 712.000  1.1688670200e+00  1.4001295470e-01 
 713.000  1.1601177100e+00  1.3842057800e-01 
 714.000  1.1784543700e+00  1.4037489320e-01 
 715.000  1.1311630800e+00  1.3388810730e-01 
 716.000  1.1544429700e+00  1.3574140930e-01 
 717.000  1.0819340800e+00  1.2251238250e-01 
 718.000  1.0493518400e+00  1.1605284880e-01 
 719.000  1.0275764100e+00  1.1261335750e-01 
 720.000  1.0206793600e+00  1.1048731990e-01 
 721.000  1.0819221000e+00  1.2369369510e-01 
 722.000  1.1195316400e+00  1.3041288760e-01 
 723.000  1.1042211600e+00  1.2721933750e-01 
 724.000  1.0741268900e+00  1.1998075870e-01 
 725.000  1.0676415800e+00  1.1978118130e-01 
 726.000  1.0638314300e+00  1.1918688960e-01 
 727.000  1.0846177500e+00  1.2202302550e-01 
 728.000  1.0602496000e+00  1.1874295040e-01 
 729.000  1.0312196000e+00  1.1684668730e-01 
 730.000  1.0667453100e+00  1.2064347080e-01 
 731.000  1.0461398500e+00  1.1807399750e-01 
 732.000  1.0887235900e+00  1.2529651640e-01 
 733.000  1.0934396500e+00  1.2829664610e-01 
 734.000  1.1264687000e+00  1.3339564510e-01 
 735.000  1.1135745000e+00  1.3141000370e-01 
 736.000  1.0860512700e+00  1.2738826750e-01 
 737.000  1.1052788900e+00  1.3021238710e-01 
 738.000  1.1090361900e+00  1.3148783870e-01 
 739.000  1.0759263200e+00  1.2793156430e-01 
 740.000  1.0923744000e+00  1.3069606020e-01 
 741.000  1.0872455700e+00  1.3061015320e-01 
 742.000  1.0707796900e+00  1.2884820560e-01 
 743.000  1.1055223700e+00  1.3351242070e-01 
 744.000  1.1173888200e+00  1.3517842100e-01 
 745.000  1.0894048700e+00  1.3197885130e-01 
 746.000  1.1053845900e+00  1.3402958680e-01 
 747.000  1.1220385500e+00  1.3605117800e-01 
 748.000  1.1026354200e+00  1.3378305050e-01 
 749.000  1.1031284800e+00  1.3389233400e-01 
 750.000  1.0865815500e+00  1.3181643680e-01 
 751.000  1.0837901300e+00  1.3148226930e-01 
 752.000  1.1008755400e+00  1.3364622500e-01 
 753.000  1.0906259200e+00  1.3242819210e-01 
 754.000  1.1078040500e+00  1.3453147890e-01 
 755.000  1.1014571700e+00  1.3376448060e-01 
 756.000  1.0799088400e+00  1.3115226750e-01 
 757.000  1.0878628600e+00  1.3212113950e-01 
 758.000  1.0855748100e+00  1.3178831480e-01 
 759.000  1.0031451700e+00  1.1966027830e-01 
 760.000  5.1207410000e-01  5.1287555690e-02 
 761.000  4.6255492000e-01  4.5193355560e-02 
 762.000  7.3885897000e-01  8.1626243590e-02 
 763.000  6.7028655000e-01  7.1591484070e-02 
 764.000  7.1653215000e-01  7.7815361020e-02 
 765.000  8.1843187000e-01  9.2290878300e-02 
 766.000  8.8528833000e-01  1.0347042080e-01 
 767.000  9.4891477000e-01  1.1265470890e-01 
 768.000  1.0197865100e+00  1.2232733920e-01 
 769.000  1.0373756500e+00  1.2530131530e-01 
 770.000  1.0424126600e+00  1.2631882480e-01 
 771.000  1.0479936700e+00  1.2723635100e-01 
 772.000  1.0450677800e+00  1.2694545750e-01 
 773.000  1.0411484700e+00  1.2650252530e-01 
 774.000  1.0526174500e+00  1.2792855070e-01 
 775.000  1.0132225300e+00  1.2316650390e-01 
 776.000  1.0550501100e+00  1.2829533390e-01 
 777.000  1.0477280300e+00  1.2740590670e-01 
 778.000  1.0420804900e+00  1.2670269010e-01 
 779.000  1.0454431500e+00  1.2708979030e-01 
 780.000  1.0324778100e+00  1.2552978520e-01 
 781.000  1.0308803000e+00  1.2535655980e-01 
 782.000  1.0432749300e+00  1.2681645970e-01 
 783.000  1.0188697400e+00  1.2388475800e-01 
 784.000  1.0244222100e+00  1.2450717930e-01 
 785.000  1.0262614200e+00  1.2450532530e-01 
 786.000  1.0072645600e+00  1.2193302920e-01 
 787.000  1.0191340100e+00  1.2271115110e-01 
 788.000  1.0022581300e+00  1.2037506100e-01 
 789.000  1.0023338700e+00  1.1930560300e-01 
 790.000  9.9169005000e-01  1.1792231750e-01 
 791.000  9.8766085000e-01  1.1765328980e-01 
 792.000  9.7298398000e-01  1.1606501010e-01 
 793.000  9.7428983000e-01  1.1664523320e-01 
 794.000  9.6912015000e-01  1.1695698550e-01 
 795.000  9.6088834000e-01  1.1535709380e-01 
 796.000  9.6920764000e-01  1.1498579410e-01 
 797.000  9.7759308000e-01  1.1640211490e-01 
 798.000  9.8319912000e-01  1.1798500060e-01 
 799.000  9.8122655000e-01  1.1751938630e-01 
 800.000  9.5197036000e-01  1.1336943820e-01 
 801.000  9.7016823000e-01  1.1561672210e-01 
 802.000  9.6782867000e-01  1.1525603490e-01 
 803.000  9.5455430000e-01  1.1378183750e-01 
 804.000  9.6489628000e-01  1.1535202790e-01 
 805.000  9.4172101000e-01  1.1318170930e-01 
 806.000  9.6918882000e-01  1.1682898710e-01 
 807.000  9.6327532000e-01  1.1615497590e-01 
 808.000  9.5644620000e-01  1.1510580440e-01 
 809.000  9.3880007000e-01  1.1272808840e-01 
 810.000  9.3298929000e-01  1.1174863430e-01 
 811.000  9.4457122000e-01  1.1261028290e-01 
 812.000  9.3678519000e-01  1.1096621700e-01 
 813.000  9.2695920000e-01  1.0893076320e-01 
 814.000  9.1788224000e-01  1.0682827760e-01 
 815.000  8.9814725000e-01  1.0327873230e-01 
 816.000  8.7715227000e-01  9.9353240970e-02 
 817.000  8.8318800000e-01  1.0010245510e-01 
 818.000  8.7888317000e-01  9.9697776790e-02 
 819.000  8.5936751000e-01  9.8011352540e-02 
 820.000  8.5688172000e-01  9.9374031070e-02 
 821.000  9.0200137000e-01  1.0661103060e-01 
 822.000  8.6418567000e-01  1.0060678100e-01 
 823.000  8.4020331000e-01  9.4007789610e-02 
 824.000  8.8342375000e-01  1.0220502470e-01 
 825.000  9.0114760000e-01  1.0666281130e-01 
 826.000  9.0348317000e-01  1.0650410460e-01 
 827.000  8.9811387000e-01  1.0554689790e-01 
 828.000  8.8378154000e-01  1.0233751680e-01 
 829.000  8.8781804000e-01  1.0331852720e-01 
 830.000  8.7861627000e-01  1.0285018920e-01 
 831.000  8.6427097000e-01  1.0131791690e-01 
 832.000  8.8238292000e-01  1.0350886540e-01 
 833.000  8.5759602000e-01  1.0100432590e-01 
 834.000  8.7335436000e-01  1.0329887390e-01 
 835.000  8.8070541000e-01  1.0497798920e-01 
 836.000  8.8912206000e-01  1.0578066250e-01 
 837.000  8.8153084000e-01  1.0484092710e-01 
 838.000  8.8731368000e-01  1.0597489930e-01 
 839.000  8.6110089000e-01  1.0309037020e-01 
 840.000  8.8466420000e-01  1.0598580930e-01 
 841.000  8.8545437000e-01  1.0578983310e-01 
 842.000  8.8120817000e-01  1.0551992800e-01 
 843.000  8.7816035000e-01  1.0581285100e-01 
 844.000  8.6488107000e-01  1.0449758910e-01 
 845.000  8.7857370000e-01  1.0628511810e-01 
 846.000  8.8696815000e-01  1.0747158050e-01 
 847.000  8.5698907000e-01  1.0402123260e-01 
 848.000  8.8119991000e-01  1.0667915340e-01 
 849.000  8.8292344000e-01  1.0696041870e-01 
 850.000  7.6294633000e-01  9.2276351930e-02 
 851.000  8.7350504000e-01  1.0547778320e-01 
 852.000  8.4041307000e-01  1.0152873990e-01 
 853.000  8.5092256000e-01  1.0300299070e-01 
 854.000  6.8405465000e-01  8.2814292910e-02 
 855.000  7.5332499000e-01  9.1334365840e-02 
 856.000  8.5544188000e-01  1.0392867280e-01 
 857.000  8.6932865000e-01  1.0577386470e-01 
 858.000  8.5550127000e-01  1.0413748930e-01 
 859.000  8.5558154000e-01  1.0427001190e-01 
 860.000  8.4802583000e-01  1.0343585210e-01 
 861.000  8.4791391000e-01  1.0342486570e-01 
 862.000  8.4514062000e-01  1.0308885960e-01 
 863.000  8.6128880000e-01  1.0511325070e-01 
 864.000  8.5956647000e-01  1.0485836030e-01 
 865.000  8.4355296000e-01  1.0298380280e-01 
 866.000  7.0756358000e-01  8.6409996030e-02 
 867.000  7.5346507000e-01  9.1923217770e-02 
 868.000  8.1715861000e-01  9.9740913390e-02 
 869.000  8.0568623000e-01  9.8345611570e-02 
 870.000  8.3890652000e-01  1.0245555110e-01 
 871.000  8.3771594000e-01  1.0228808590e-01 
 872.000  8.3434014000e-01  1.0178863530e-01 
 873.000  8.3767088000e-01  1.0224753570e-01 
 874.000  8.1929423000e-01  9.9966964720e-02 
 875.000  8.1175170000e-01  9.9117713930e-02 
 876.000  8.1847417000e-01  9.9887985230e-02 
 877.000  8.3477199000e-01  1.0180833440e-01 
 878.000  8.2037006000e-01  1.0003335570e-01 
 879.000  8.2226603000e-01  1.0029191590e-01 
 880.000  8.1744523000e-01  9.9574073790e-02 
 881.000  7.7492857000e-01  9.4393096920e-02 
 882.000  8.1768571000e-01  9.9489830020e-02 
 883.000  7.9903924000e-01  9.7336204530e-02 
 884.000  8.0582589000e-01  9.8275360110e-02 
 885.000  8.1402175000e-01  9.8964691160e-02 
 886.000  7.8724234000e-01  9.5593872070e-02 
 887.000  7.7923052000e-01  9.4721282960e-02 
 888.000  8.0254509000e-01  9.7468414310e-02 
 889.000  8.0798365000e-01  9.8293823240e-02 
 890.000  8.0533123000e-01  9.7849990840e-02 
 891.000  8.0053128000e-01  9.6999717710e-02 
 892.000  7.9621087000e-01  9.6026519780e-02 
 893.000  7.6019866000e-01  9.0327354430e-02 
 894.000  7.8234220000e-01  9.2342552190e-02 
 895.000  7.3245627000e-01  8.4802406310e-02 
 896.000  7.4651699000e-01  8.4820701600e-02 
 897.000  7.1392656000e-01  7.9666610720e-02 
 898.000  7.0787548000e-01  7.8258171080e-02 
 899.000  6.8647451000e-01  7.4039718630e-02 
 900.000  6.7228868000e-01  7.2708084110e-02 
 901.000  6.5270264000e-01  7.0161911010e-02 
 902.000  6.4152899000e-01  6.9066253660e-02 
 903.000  7.0695212000e-01  7.9255363460e-02 
 904.000  7.4114083000e-01  8.5138565060e-02 
 905.000  7.3835458000e-01  8.4883209230e-02 
 906.000  7.0604184000e-01  7.9936981200e-02 
 907.000  6.9494308000e-01  7.6537483220e-02 
 908.000  6.6309808000e-01  7.1690093990e-02 
 909.000  6.5062344000e-01  7.0376792910e-02 
 910.000  6.6054051000e-01  7.1638900760e-02 
 911.000  6.6859980000e-01  7.3456665040e-02 
 912.000  6.6524439000e-01  7.2565650940e-02 
 913.000  6.5949506000e-01  7.0171028140e-02 
 914.000  6.6567482000e-01  7.1699295040e-02 
 915.000  6.6287126000e-01  7.2199279790e-02 
 916.000  6.7230069000e-01  7.3392868040e-02 
 917.000  6.6606850000e-01  7.3102340700e-02 
 918.000  6.6821956000e-01  7.3855903630e-02 
 919.000  6.9608482000e-01  7.8923751830e-02 
 920.000  7.0359468000e-01  8.1084533690e-02 
 921.000  6.8509665000e-01  7.8632659910e-02 
 922.000  6.7867750000e-01  7.7904899600e-02 
 923.000  6.4653977000e-01  7.3679031370e-02 
 924.000  6.6464192000e-01  7.4965454100e-02 
 925.000  6.7272226000e-01  7.5732383730e-02 
 926.000  6.4858456000e-01  7.2853240970e-02 
 927.000  6.6188643000e-01  7.3359283450e-02 
 928.000  6.4903175000e-01  7.0245285030e-02 
 929.000  6.1562438000e-01  6.4392417910e-02 
 930.000  5.8262524000e-01  5.8132980350e-02 
 931.000  5.4640064000e-01  5.1238441470e-02 
 932.000  4.9354785000e-01  4.2310802460e-02 
 933.000  4.5777331000e-01  3.6794441220e-02 
 934.000  4.1457282000e-01  3.1128725050e-02 
 935.000  4.0436814000e-01  3.0096748350e-02 
 936.000  4.1703044000e-01  3.1862016680e-02 
 937.000  4.2215780000e-01  3.2072319030e-02 
 938.000  4.6030054000e-01  3.7724937440e-02 
 939.000  5.7019444000e-01  5.5985000610e-02 
 940.000  5.8213212000e-01  5.8417400360e-02 
 941.000  5.5615507000e-01  5.4832611080e-02 
 942.000  5.0451068000e-01  4.7192867280e-02 
 943.000  4.7659223000e-01  4.0479694370e-02 
 944.000  4.5976149000e-01  3.8763053890e-02 
 945.000  4.8400613000e-01  4.2194908140e-02 
 946.000  4.9156520000e-01  4.2956832890e-02 
 947.000  5.0585850000e-01  4.5641349790e-02 
 948.000  5.1899874000e-01  4.7706092830e-02 
 949.000  5.1918142000e-01  4.7633716580e-02 
 950.000  5.1828005000e-01  4.7780685420e-02 
 951.000  5.3738581000e-01  5.1564418790e-02 
 952.000  5.1335781000e-01  4.7247951510e-02 
 953.000  5.2848829000e-01  5.0161636350e-02 
 954.000  5.4070835000e-01  5.2944206240e-02 
 955.000  4.9166551000e-01  4.7018917080e-02 
 956.000  5.2106817000e-01  4.9609790800e-02 
 957.000  5.6422500000e-01  5.7705188750e-02 
 958.000  5.7399369000e-01  5.9215503690e-02 
 959.000  5.6889156000e-01  5.8153430940e-02 
 960.000  5.6134280000e-01  5.7244087220e-02 
 961.000  5.5168869000e-01  5.5992729190e-02 
 962.000  5.5760679000e-01  5.6896003720e-02 
 963.000  5.7958695000e-01  6.1108272550e-02 
 964.000  5.7615177000e-01  6.1043430330e-02 
 965.000  5.8092527000e-01  6.1400665280e-02 
 966.000  5.6528427000e-01  5.9879817960e-02 
 967.000  5.9830967000e-01  6.4809654240e-02 
 968.000  6.1813533000e-01  6.9440032960e-02 
 969.000  6.3373468000e-01  7.2367111210e-02 
 970.000  6.3606160000e-01  7.2711654660e-02 
 971.000  6.3012179000e-01  7.2016517640e-02 
 972.000  6.3128396000e-01  7.1823287960e-02 
 973.000  6.1760702000e-01  6.9537139890e-02 
 974.000  5.9879701000e-01  6.6570022580e-02 
 975.000  5.9572674000e-01  6.5690147400e-02 
 976.000  6.1043292000e-01  6.8003616330e-02 
 977.000  6.0690641000e-01  6.8748092650e-02 
 978.000  6.2087052000e-01  7.0256889340e-02 
 979.000  6.0583870000e-01  6.8873001100e-02 
 980.000  6.2661253000e-01  7.2470588680e-02 
 981.000  6.3359581000e-01  7.3571266170e-02 
 982.000  6.2947108000e-01  7.2828292850e-02 
 983.000  6.3398991000e-01  7.4017494200e-02 
 984.000  6.3612996000e-01  7.4974060060e-02 
 985.000  6.3944109000e-01  7.5781326290e-02 
 986.000  6.3887049000e-01  7.6264724730e-02 
 987.000  6.4816495000e-01  7.7630699160e-02 
 988.000  6.4059707000e-01  7.6779167180e-02 
 989.000  6.3272930000e-01  7.5874404910e-02 
 990.000  6.3858857000e-01  7.6638404850e-02 
 991.000  6.4551013000e-01  7.7694633480e-02 
 992.000  6.4000279000e-01  7.7102142330e-02 
 993.000  6.4013127000e-01  7.7149726870e-02 
 994.000  6.4484761000e-01  7.7919624330e-02 
 995.000  6.4112825000e-01  7.7618423460e-02 
 996.000  6.4098731000e-01  7.7609069820e-02 
 997.000  6.4100682000e-01  7.7530990600e-02 
 998.000  6.3789047000e-01  7.7067268370e-02 
 999.000  6.3602162000e-01  7.6813209530e-02 
1000.000  6.3116522000e-01  7.6264289860e-02 
1001.000  6.3317608000e-01  7.6311569210e-02 
1002.000  6.2983854000e-01  7.5598617550e-02 
1003.000  6.2302523000e-01  7.4863243100e-02 
1004.000  6.1913246000e-01  7.4584594730e-02 
1005.000  5.7900163000e-01  6.9834503170e-02 
1006.000  6.0941623000e-01  7.3540702820e-02 
1007.000  6.2008067000e-01  7.4775299070e-02 
1008.000  6.2082891000e-01  7.4619049070e-02 
1009.000  6.1455852000e-01  7.3541343690e-02 
1010.000  6.1794687000e-01  7.4104385380e-02 
1011.000  6.1723547000e-01  7.4386085510e-02 
1012.000  6.1840400000e-01  7.4674659730e-02 
1013.000  6.1469051000e-01  7.4345359800e-02 
1014.000  6.1892992000e-01  7.4931633000e-02 
1015.000  6.0754946000e-01  7.3590522770e-02 
1016.000  6.1176801000e-01  7.4179786680e-02 
1017.000  6.0584155000e-01  7.3512435910e-02 
1018.000  6.1339723000e-01  7.4398971560e-02 
1019.000  5.9860532000e-01  7.2506088260e-02 
1020.000  5.9760729000e-01  7.2421768190e-02 
1021.000  6.0409712000e-01  7.3276855470e-02 
1022.000  5.9411032000e-01  7.1892608640e-02 
1023.000  6.0473808000e-01  7.3030097960e-02 
1024.000  6.0120140000e-01  7.2506790160e-02 
1025.000  6.0234464000e-01  7.2852737430e-02 
1026.000  6.0362204000e-01  7.3115188600e-02 
1027.000  5.9972788000e-01  7.2635772710e-02 
1028.000  6.0133560000e-01  7.2903205870e-02 
1029.000  5.9270207000e-01  7.1989356990e-02 
1030.000  5.9915831000e-01  7.2909065250e-02 
1031.000  5.9751541000e-01  7.2797569270e-02 
1032.000  5.9560172000e-01  7.2632362370e-02 
1033.000  5.8467019000e-01  7.1311286930e-02 
1034.000  5.9038086000e-01  7.2033470150e-02 
1035.000  5.8266878000e-01  7.1087669370e-02 
1036.000  5.9229772000e-01  7.2281913760e-02 
1037.000  5.7982378000e-01  7.0768035890e-02 
1038.000  5.8555577000e-01  7.1473747250e-02 
1039.000  5.8794202000e-01  7.1753829960e-02 
1040.000  5.8097803000e-01  7.0896354680e-02 
1041.000  5.8400230000e-01  7.1254905700e-02 
1042.000  5.8572933000e-01  7.1460105900e-02 
1043.000  5.7561567000e-01  7.0224105830e-02 
1044.000  5.8133606000e-01  7.0914077760e-02 
1045.000  5.7878999000e-01  7.0614288330e-02 
1046.000  5.6194924000e-01  6.8581230160e-02 
1047.000  5.7225543000e-01  6.9859489440e-02 
1048.000  5.7792765000e-01  7.0578422550e-02 
1049.000  5.7420976000e-01  7.0157363890e-02 
1050.000  5.7179271000e-01  6.9873023990e-02 
1051.000  5.7076612000e-01  6.9715095520e-02 
1052.000  5.6809559000e-01  6.9362350460e-02 
1053.000  5.6666064000e-01  6.9174781800e-02 
1054.000  5.6243290000e-01  6.8626724240e-02 
1055.000  5.6652404000e-01  6.9079162600e-02 
1056.000  5.6499411000e-01  6.8862770080e-02 
1057.000  5.6392664000e-01  6.8666381840e-02 
1058.000  5.5786407000e-01  6.7805755620e-02 
1059.000  5.4032982000e-01  6.5704261780e-02 
1060.000  5.5987847000e-01  6.8177299500e-02 
1061.000  5.4023521000e-01  6.5787643430e-02 
1062.000  5.5512345000e-01  6.7535293580e-02 
1063.000  5.4572022000e-01  6.6375190730e-02 
1064.000  5.5245139000e-01  6.7116188050e-02 
1065.000  5.5161598000e-01  6.6904937740e-02 
1066.000  5.3471912000e-01  6.4848373410e-02 
1067.000  5.4733725000e-01  6.6324363710e-02 
1068.000  5.4459566000e-01  6.5798248290e-02 
1069.000  5.0330278000e-01  6.0701679230e-02 
1070.000  5.3323131000e-01  6.4337692260e-02 
1071.000  5.3370478000e-01  6.4292968750e-02 
1072.000  5.3509010000e-01  6.4361351010e-02 
1073.000  5.1740673000e-01  6.2223999020e-02 
1074.000  5.3559914000e-01  6.4438072200e-02 
1075.000  5.1955485000e-01  6.2669124600e-02 
1076.000  5.3058452000e-01  6.3901023860e-02 
1077.000  5.2889486000e-01  6.3568592070e-02 
1078.000  5.2965900000e-01  6.3510501860e-02 
1079.000  5.0918006000e-01  6.1036731720e-02 
1080.000  5.2261359000e-01  6.2256813050e-02 
1081.000  5.0329445000e-01  5.9930313110e-02 
1082.000  5.1043692000e-01  6.0924758910e-02 
1083.000  4.9579877000e-01  5.8958320620e-02 
1084.000  5.1370880000e-01  6.0846458440e-02 
1085.000  5.0448816000e-01  5.9234794620e-02 
1086.000  5.1167861000e-01  6.0174293520e-02 
1087.000  4.8293788000e-01  5.7307033540e-02 
1088.000  5.1229397000e-01  6.0837158200e-02 
1089.000  4.8947888000e-01  5.7498737340e-02 
1090.000  4.9946904000e-01  5.8569377900e-02 
1091.000  5.0337825000e-01  5.9169853210e-02 
1092.000  4.9002089000e-01  5.7297748570e-02 
1093.000  4.8014558000e-01  5.5477130890e-02 
1094.000  4.3534322100e-01  5.0019584660e-02 
1095.000  4.7150333000e-01  5.4195800780e-02 
1096.000  4.7282935000e-01  5.4385654450e-02 
1097.000  4.6276885300e-01  5.3044467930e-02 
1098.000  4.4545168100e-01  4.9563457490e-02 
1099.000  4.3514514900e-01  4.7182586670e-02 
1100.000  4.4343617100e-01  4.8158462520e-02 
1101.000  4.4409449200e-01  4.8391922000e-02 
1102.000  4.2493770600e-01  4.6211196900e-02 
1103.000  4.4288231200e-01  4.8261512760e-02 
1104.000  4.3768394800e-01  4.7479309080e-02 
1105.000  4.3193457800e-01  4.6339073180e-02 
1106.000  4.2311575300e-01  4.4901130680e-02 
1107.000  4.2395079300e-01  4.5084712980e-02 
1108.000  4.2361834300e-01  4.5098781590e-02 
1109.000  4.3011205000e-01  4.6158958440e-02 
1110.000  4.3187089900e-01  4.6219711300e-02 
1111.000  4.2390280100e-01  4.5091102600e-02 
1112.000  4.0754724100e-01  4.2300739290e-02 
1113.000  3.8884973300e-01  3.8836463930e-02 
1114.000  3.8864691600e-01  3.8271820070e-02 
1115.000  3.6305571300e-01  3.3740947720e-02 
1116.000  3.4489919100e-01  3.0869770050e-02 
1117.000  3.1592402200e-01  2.6023611070e-02 
1118.000  2.8198885900e-01  2.1423042300e-02 
1119.000  2.5815054500e-01  1.8657037730e-02 
1120.000  2.3799119700e-01  1.6125719070e-02 
1121.000  2.3490915900e-01  1.5656335830e-02 
1122.000  2.1114781600e-01  1.3037559510e-02 
1123.000  2.2499633300e-01  1.4441310880e-02 
1124.000  2.3394833400e-01  1.5379319190e-02 
1125.000  2.2479278400e-01  1.4575887680e-02 
1126.000  2.1874549000e-01  1.4111511230e-02 
1127.000  2.2791272400e-01  1.4812763210e-02 
1128.000  2.2712863300e-01  1.4969847680e-02 
1129.000  2.4993732000e-01  1.7570714950e-02 
1130.000  2.9872249000e-01  2.3752986910e-02 
1131.000  3.1565378500e-01  2.5957851410e-02 
1132.000  2.9769588800e-01  2.3335811610e-02 
1133.000  2.5549087700e-01  1.8355115890e-02 
1134.000  1.8686078400e-01  1.0819348340e-02 
1135.000  1.9450972000e-01  1.1511821750e-02 
1136.000  2.6164700900e-01  1.9097707750e-02 
1137.000  2.9989366800e-01  2.3876377110e-02 
1138.000  3.2038340300e-01  2.7736364360e-02 
1139.000  3.3640996500e-01  2.9975683210e-02 
1140.000  3.3139460600e-01  2.9059461590e-02 
1141.000  3.0984627900e-01  2.6358802800e-02 
1142.000  3.1398573900e-01  2.6396394730e-02 
1143.000  2.9508668700e-01  2.3946420670e-02 
1144.000  2.7781585200e-01  2.1680114750e-02 
1145.000  2.5695961500e-01  1.8889436720e-02 
1146.000  2.6496792600e-01  1.9755252840e-02 
1147.000  2.8406344300e-01  2.2163377760e-02 
1148.000  2.9667092600e-01  2.4063262940e-02 
1149.000  3.0359323700e-01  2.5018854140e-02 
1150.000  3.0234236200e-01  2.4993164060e-02 
1151.000  3.1019734900e-01  2.6303457260e-02 
1152.000  3.1383332200e-01  2.6938678740e-02 
1153.000  3.1951605800e-01  2.7911582950e-02 
1154.000  3.1976435600e-01  2.7840045930e-02 
1155.000  3.3258464800e-01  2.9954177860e-02 
1156.000  3.4102911600e-01  3.1843757630e-02 
1157.000  3.7041978700e-01  3.6931259160e-02 
1158.000  3.8078011600e-01  3.8889217380e-02 
1159.000  3.8399404000e-01  4.0002292630e-02 
1160.000  3.8258015200e-01  4.0183979030e-02 
1161.000  3.8310260800e-01  4.1002582550e-02 
1162.000  4.0340953900e-01  4.3810836790e-02 
1163.000  4.1296841300e-01  4.5613338470e-02 
1164.000  4.0640639700e-01  4.5050613400e-02 
1165.000  4.1475263900e-01  4.6081810000e-02 
1166.000  4.0555085700e-01  4.5242954250e-02 
1167.000  4.1309070400e-01  4.6199329380e-02 
1168.000  4.1630153200e-01  4.6523155210e-02 
1169.000  4.0297231800e-01  4.5147758480e-02 
1170.000  4.1481820600e-01  4.6578529360e-02 
1171.000  4.1948862900e-01  4.7365665440e-02 
1172.000  4.1654138600e-01  4.6884773250e-02 
1173.000  4.1204055500e-01  4.6238670350e-02 
1174.000  4.1234245200e-01  4.6283332820e-02 
1175.000  4.1179020100e-01  4.6617916110e-02 
1176.000  4.0567494100e-01  4.6289337160e-02 
1177.000  4.1634740600e-01  4.7330379490e-02 
1178.000  4.0557418100e-01  4.5756744380e-02 
1179.000  4.0376450800e-01  4.5555046080e-02 
1180.000  4.0807456800e-01  4.5916297910e-02 
1181.000  4.0246310800e-01  4.4965621950e-02 
1182.000  3.9945995900e-01  4.4317966460e-02 
1183.000  3.7667388100e-01  4.1824527740e-02 
1184.000  3.9563765800e-01  4.4105743410e-02 
1185.000  4.0578215500e-01  4.5684360500e-02 
1186.000  4.0192094300e-01  4.5116561890e-02 
1187.000  3.9706155400e-01  4.4127700810e-02 
1188.000  3.9387435600e-01  4.3670642850e-02 
1189.000  3.7375318500e-01  4.1692226410e-02 
1190.000  3.9986328600e-01  4.5305541990e-02 
1191.000  4.0841839200e-01  4.6485794070e-02 
1192.000  4.0949015000e-01  4.6918880460e-02 
1193.000  4.0893435300e-01  4.6774482730e-02 
1194.000  4.0765264500e-01  4.6584548950e-02 
1195.000  3.9985319600e-01  4.5394638060e-02 
1196.000  4.0004322100e-01  4.5464488980e-02 
1197.000  3.9836750700e-01  4.5132675170e-02 
1198.000  3.8464543300e-01  4.3551334380e-02 
1199.000  3.6851332900e-01  4.1560508730e-02 
1200.000  3.9285312300e-01  4.4412319180e-02 
1201.000  3.9610829700e-01  4.4835704800e-02 
1202.000  3.9701965100e-01  4.5021488190e-02 
1203.000  3.7659156800e-01  4.2654876710e-02 
1204.000  3.8344420700e-01  4.3527992250e-02 
1205.000  3.9762947700e-01  4.5649452210e-02 
1206.000  3.9767728500e-01  4.5887996670e-02 
1207.000  4.0135696600e-01  4.6408023830e-02 
1208.000  3.9478896300e-01  4.5569244380e-02 
1209.000  3.6899236200e-01  4.2473022460e-02 
1210.000  3.9281910200e-01  4.5000923160e-02 
1211.000  3.7941034300e-01  4.3437366490e-02 
1212.000  3.9184603300e-01  4.4918464660e-02 
1213.000  3.9544158000e-01  4.5538719180e-02 
1214.000  3.9337795500e-01  4.5277240750e-02 
1215.000  3.9545753200e-01  4.5601127620e-02 
1216.000  3.9722608800e-01  4.6141342160e-02 
1217.000  3.9883822300e-01  4.6623920440e-02 
1218.000  3.9841630900e-01  4.6721565250e-02 
1219.000  3.9518597100e-01  4.6434085850e-02 
1220.000  3.9792180300e-01  4.6757587430e-02 
1221.000  3.9744793400e-01  4.6728019710e-02 
1222.000  3.9543058900e-01  4.6499229430e-02 
1223.000  3.9376542700e-01  4.6345951080e-02 
1224.000  3.9829447600e-01  4.7062313080e-02 
1225.000  3.9641774800e-01  4.6890647890e-02 
1226.000  3.9822076100e-01  4.7172573090e-02 
1227.000  3.8539097400e-01  4.5753997800e-02 
1228.000  3.9825357300e-01  4.7410873410e-02 
1229.000  3.9840296400e-01  4.7530220030e-02 
1230.000  3.9770600700e-01  4.7562057500e-02 
1231.000  3.9807612900e-01  4.7674804690e-02 
1232.000  3.9372329200e-01  4.7185924530e-02 
1233.000  3.9690571100e-01  4.7591770170e-02 
1234.000  3.9657564300e-01  4.7695011140e-02 
1235.000  3.9412952800e-01  4.7455383300e-02 
1236.000  3.9662701100e-01  4.7795848850e-02 
1237.000  3.9687901400e-01  4.7878475190e-02 
1238.000  3.9672257400e-01  4.7884948730e-02 
1239.000  3.9224706900e-01  4.7363040920e-02 
1240.000  3.9047111800e-01  4.7176567080e-02 
1241.000  3.9388012900e-01  4.7607055660e-02 
1242.000  3.9148502800e-01  4.7331840520e-02 
1243.000  3.8703037400e-01  4.6809436800e-02 
1244.000  3.8339051000e-01  4.6370510100e-02 
1245.000  3.8986605800e-01  4.7160476680e-02 
1246.000  3.8670746600e-01  4.6754814150e-02 
1247.000  3.8462404500e-01  4.6476383210e-02 
1248.000  3.8743380600e-01  4.6791427610e-02 
1249.000  3.8592874800e-01  4.6598110200e-02 
1250.000  3.8424999200e-01  4.6372180940e-02 
1251.000  3.8142056600e-01  4.6012886050e-02 
1252.000  3.7998233800e-01  4.5805202480e-02 
1253.000  3.7652864200e-01  4.5350891110e-02 
1254.000  3.7688514300e-01  4.5312267300e-02 
1255.000  3.7579997200e-01  4.5132488250e-02 
1256.000  3.7460346100e-01  4.4952957150e-02 
1257.000  3.6975644300e-01  4.4305385590e-02 
1258.000  3.6983444100e-01  4.4179489140e-02 
1259.000  3.6460021700e-01  4.3447574620e-02 
1260.000  3.6373239800e-01  4.3221366880e-02 
1261.000  3.6151522600e-01  4.2827625270e-02 
1262.000  3.5048347200e-01  4.1308048250e-02 
1263.000  3.5346036900e-01  4.1606079100e-02 
1264.000  3.4712048200e-01  4.0835174560e-02 
1265.000  3.4744302800e-01  4.0866333010e-02 
1266.000  3.4830157200e-01  4.0892868040e-02 
1267.000  3.4022794200e-01  3.9872238160e-02 
1268.000  3.3514210800e-01  3.9209121700e-02 
1269.000  3.3749451800e-01  3.9454349520e-02 
1270.000  3.4567380000e-01  4.0590972900e-02 
1271.000  3.4959311100e-01  4.1119888310e-02 
1272.000  3.5017808600e-01  4.1268085480e-02 
1273.000  3.5133961900e-01  4.1506141660e-02 
1274.000  3.5104000300e-01  4.1596664430e-02 
1275.000  3.5398012400e-01  4.1983551030e-02 
1276.000  3.5506448700e-01  4.2114665990e-02 
1277.000  3.5510512400e-01  4.2091587070e-02 
1278.000  3.5441736600e-01  4.1968822480e-02 
1279.000  3.5239418000e-01  4.1731521610e-02 
1280.000  3.5129571200e-01  4.1699344640e-02 
1281.000  3.4222007100e-01  4.0711505890e-02 
1282.000  3.0466046900e-01  3.6323192600e-02 
1283.000  3.3487614800e-01  3.9960414890e-02 
1284.000  3.4875749400e-01  4.1616279600e-02 
1285.000  3.5159922200e-01  4.1967727660e-02 
1286.000  3.5105451300e-01  4.1830764770e-02 
1287.000  3.5232403200e-01  4.1862697600e-02 
1288.000  3.4683549400e-01  4.0826713560e-02 
1289.000  3.4788715700e-01  4.0824302670e-02 
1290.000  3.3976929500e-01  3.9842178340e-02 
1291.000  3.4500296500e-01  4.0474819180e-02 
1292.000  3.4787400400e-01  4.0917808530e-02 
1293.000  3.4831313800e-01  4.0942981720e-02 
1294.000  3.4137170200e-01  3.9927539830e-02 
1295.000  3.4271779800e-01  3.9803958890e-02 
1296.000  3.4052652000e-01  3.9270870210e-02 
1297.000  3.3642995100e-01  3.8583343510e-02 
1298.000  3.3324049500e-01  3.8179042820e-02 
1299.000  3.3646422100e-01  3.8510047910e-02 
1300.000  3.3477432200e-01  3.8273685460e-02 
1301.000  3.3379403700e-01  3.8083347320e-02 
1302.000  3.2811366000e-01  3.7260063170e-02 
1303.000  3.2214015700e-01  3.6149482730e-02 
1304.000  3.2077179600e-01  3.5801471710e-02 
1305.000  3.2202131300e-01  3.5846458440e-02 
1306.000  3.2180420200e-01  3.5725112920e-02 
1307.000  3.1979111800e-01  3.5389278410e-02 
1308.000  3.1681891000e-01  3.4789695740e-02 
1309.000  3.1288727300e-01  3.4010040280e-02 
1310.000  3.1116375200e-01  3.3776863100e-02 
1311.000  3.1031083800e-01  3.3668460850e-02 
1312.000  3.0488352300e-01  3.2702266690e-02 
1313.000  2.8878233300e-01  3.0563873290e-02 
1314.000  2.9330217200e-01  3.0668979640e-02 
1315.000  2.8552843900e-01  3.0003601070e-02 
1316.000  2.9550406100e-01  3.1285755160e-02 
1317.000  2.9850795600e-01  3.1577810290e-02 
1318.000  2.8911830900e-01  3.0146711350e-02 
1319.000  2.8547594500e-01  2.9174806590e-02 
1320.000  2.7476402800e-01  2.7382476810e-02 
1321.000  2.7023122400e-01  2.6629549030e-02 
1322.000  2.7530073300e-01  2.7554895400e-02 
1323.000  2.8218772800e-01  2.8675346370e-02 
1324.000  2.8545036900e-01  2.9223577500e-02 
1325.000  2.8306783800e-01  2.8801425930e-02 
1326.000  2.7598880400e-01  2.7630468370e-02 
1327.000  2.6146077500e-01  2.5144481660e-02 
1328.000  2.4833350000e-01  2.2680072780e-02 
1329.000  2.1425141600e-01  1.7779579160e-02 
1330.000  2.0820538800e-01  1.6668802260e-02 
1331.000  2.0271891100e-01  1.5846595760e-02 
1332.000  2.0052393900e-01  1.5761953350e-02 
1333.000  2.1153671200e-01  1.6946529390e-02 
1334.000  2.1995722900e-01  1.8075624470e-02 
1335.000  2.2590239300e-01  1.8909023280e-02 
1336.000  2.2579626900e-01  1.9014572140e-02 
1337.000  2.2835193200e-01  1.9270549770e-02 
1338.000  2.3210586800e-01  1.9854457860e-02 
1339.000  2.3261979900e-01  1.9991260530e-02 
1340.000  2.3424133200e-01  2.0366491320e-02 
1341.000  2.3819772000e-01  2.0503257750e-02 
1342.000  2.3810011400e-01  2.0489322660e-02 
1343.000  2.2906431900e-01  1.8718692780e-02 
1344.000  2.1520743500e-01  1.6551754000e-02 
1345.000  1.7805416700e-01  1.1808372500e-02 
1346.000  1.5187913700e-01  8.8222255710e-03 
1347.000  1.3471191900e-01  7.1711449620e-03 
1348.000  1.1167973400e-01  4.9836153980e-03 
1349.000  1.0157604890e-01  4.2133560180e-03 
1350.000  7.9122173400e-02  2.5915882590e-03 
1351.000  6.8306381300e-02  1.9980118270e-03 
1352.000  5.2245982800e-02  1.1822494270e-03 
1353.000  3.7031435100e-02  6.4743673800e-04 
1354.000  2.9610021800e-02  4.3232136960e-04 
1355.000  2.2989673900e-02  2.7707630400e-04 
1356.000  1.7384953700e-02  1.6860578950e-04 
1357.000  1.1883089730e-02  8.4971927110e-05 
1358.000  8.7943090700e-03  5.1895447080e-05 
1359.000  4.6371920100e-03  1.7626851800e-05 
1360.000  3.0667201700e-03  9.2694377530e-06 
1361.000  2.2822906300e-03  5.5173081350e-06 
1362.000  2.1000790200e-03  4.8521705900e-06 
1363.000  3.0298727400e-03  8.4660463040e-06 
1364.000  3.5132273300e-03  1.0598612020e-05 
1365.000  3.6785393000e-03  1.1180761270e-05 
1366.000  4.2481001000e-03  1.3962036000e-05 
1367.000  3.5684721900e-03  1.0937456970e-05 
1368.000  3.1641452900e-03  9.4529520720e-06 
1369.000  3.2446897600e-03  9.9434833970e-06 
1370.000  5.3662055500e-03  2.3062329740e-05 
1371.000  9.5567487900e-03  5.7742457840e-05 
1372.000  1.7696185600e-02  1.5954184530e-04 
1373.000  2.5103505700e-02  2.8150501850e-04 
1374.000  3.0483514900e-02  3.8934826850e-04 
1375.000  3.2500776100e-02  4.3698999290e-04 
1376.000  3.0145814800e-02  3.8736322520e-04 
1377.000  2.6837273000e-02  3.1634265180e-04 
1378.000  2.0455584800e-02  2.0162074270e-04 
1379.000  1.4046714170e-02  1.0882101210e-04 
1380.000  7.9668994300e-03  4.3462023140e-05 
1381.000  4.6085484500e-03  1.8122654410e-05 
1382.000  3.2226952600e-03  1.0226263660e-05 
1383.000  3.1180841000e-03  9.5489481460e-06 
1384.000  5.0718377600e-03  2.0577855410e-05 
1385.000  7.2001190800e-03  3.6037653680e-05 
1386.000  1.0997434200e-02  7.1002550420e-05 
1387.000  2.0206265900e-02  1.9513857360e-04 
1388.000  2.6781576000e-02  3.0618661640e-04 
1389.000  3.0763932100e-02  3.8993585110e-04 
1390.000  3.1403257400e-02  4.0731734040e-04 
1391.000  2.9315320300e-02  3.6192464830e-04 
1392.000  2.2163647100e-02  2.2871398930e-04 
1393.000  1.6942366300e-02  1.4901544150e-04 
1394.000  1.2979789210e-02  9.7195953130e-05 
1395.000  1.4631319600e-02  1.1768436430e-04 
1396.000  2.0077396600e-02  1.9428446890e-04 
1397.000  2.5909745700e-02  2.9525035620e-04 
1398.000  2.6682543700e-02  3.0830898880e-04 
1399.000  2.4913594000e-02  2.7928939460e-04 
1400.000  2.3296328400e-02  2.5353863840e-04 
1401.000  2.4765188500e-02  2.8375172620e-04 
1402.000  3.0702110400e-02  3.9499765630e-04 
1403.000  3.5348475100e-02  5.1078057290e-04 
1404.000  3.3248404000e-02  4.5858535170e-04 
1405.000  3.4826948200e-02  5.0547862050e-04 
1406.000  3.2294380500e-02  4.4146645070e-04 
1407.000  3.3492468800e-02  4.8058155180e-04 
1408.000  4.0143046300e-02  6.4250260590e-04 
1409.000  4.7056740500e-02  8.4779709580e-04 
1410.000  5.7714566400e-02  1.1855655910e-03 
1411.000  6.8649069300e-02  1.6247295140e-03 
1412.000  6.6322870800e-02  1.5653246640e-03 
1413.000  7.3147812800e-02  1.8672884700e-03 
1414.000  7.2118803500e-02  1.7909505370e-03 
1415.000  7.9726163300e-02  2.1740732190e-03 
1416.000  8.5659936500e-02  2.4537291530e-03 
1417.000  8.7865338000e-02  2.5804860590e-03 
1418.000  8.8648330100e-02  2.6016552450e-03 
1419.000  8.8463679700e-02  2.6362972260e-03 
1420.000  9.0564638600e-02  2.7324662210e-03 
1421.000  1.0185784960e-01  3.3431363110e-03 
1422.000  1.0428082070e-01  3.5274367330e-03 
1423.000  1.0544368140e-01  3.6293606760e-03 
1424.000  1.0508535750e-01  3.5932402610e-03 
1425.000  1.0389244360e-01  3.4836874010e-03 
1426.000  1.0016677120e-01  3.3590161800e-03 
1427.000  1.0609652350e-01  3.6706669330e-03 
1428.000  1.1205839170e-01  3.9603478910e-03 
1429.000  1.1365965830e-01  4.1296520230e-03 
1430.000  1.1089576460e-01  4.0257430080e-03 
1431.000  1.0331320850e-01  3.5957772730e-03 
1432.000  1.0101892880e-01  3.4220042230e-03 
1433.000  1.0073424110e-01  3.4022939210e-03 
1434.000  9.6082669900e-02  3.1738300320e-03 
1435.000  1.0315310840e-01  3.5538597110e-03 
1436.000  1.0572174890e-01  3.7050538060e-03 
1437.000  1.0740688070e-01  3.7967312340e-03 
1438.000  1.1386930720e-01  4.1970701220e-03 
1439.000  1.1597073090e-01  4.2890000340e-03 
1440.000  1.1119766990e-01  4.1638345720e-03 
1441.000  1.1810420340e-01  4.4535546300e-03 
1442.000  1.1328913210e-01  4.2153949740e-03 
1443.000  1.1532532080e-01  4.3009266850e-03 
1444.000  1.1792519920e-01  4.4499049190e-03 
1445.000  1.1816129440e-01  4.4748811720e-03 
1446.000  1.2367760160e-01  4.7967648510e-03 
1447.000  1.2705762600e-01  5.0335922240e-03 
1448.000  1.2850566400e-01  5.1117882730e-03 
1449.000  1.2598271680e-01  4.9461531640e-03 
1450.000  1.2047031050e-01  4.6300411220e-03 
1451.000  1.2181903630e-01  4.7396101950e-03 
1452.000  1.2715031600e-01  5.1580905910e-03 
1453.000  1.4168309700e-01  6.0923786160e-03 
1454.000  1.5417263700e-01  7.0167217250e-03 
1455.000  1.6014588300e-01  7.5422410960e-03 
1456.000  1.6724927400e-01  8.1421012880e-03 
1457.000  1.6993909200e-01  8.3178930280e-03 
1458.000  1.7326300600e-01  8.5423002240e-03 
1459.000  1.6839539500e-01  8.1296110150e-03 
1460.000  1.6071929900e-01  7.6183547970e-03 
1461.000  1.5763650200e-01  7.4115433690e-03 
1462.000  1.4914877900e-01  6.8216404910e-03 
1463.000  1.4815995600e-01  6.7981214520e-03 
1464.000  1.4624622900e-01  6.6676616670e-03 
1465.000  1.4300183900e-01  6.3884716030e-03 
1466.000  1.3327435800e-01  5.7971305850e-03 
1467.000  1.3230790000e-01  5.6470465660e-03 
1468.000  1.2416656100e-01  5.1850905420e-03 
1469.000  1.1778640140e-01  4.7285280230e-03 
1470.000  1.1437542810e-01  4.5339584350e-03 
1471.000  1.2137522250e-01  5.0885243420e-03 
1472.000  1.3365424600e-01  5.9722809790e-03 
1473.000  1.5020073100e-01  7.2365427020e-03 
1474.000  1.5743651200e-01  8.0131053920e-03 
1475.000  1.6023592100e-01  8.1945772170e-03 
1476.000  1.6049666500e-01  8.2480335240e-03 
1477.000  1.5705659400e-01  7.9921398160e-03 
1478.000  1.5091472400e-01  7.6071248050e-03 
1479.000  1.4792171200e-01  7.3381433490e-03 
1480.000  1.5100292400e-01  7.6354770660e-03 
1481.000  1.5382614000e-01  7.9910159110e-03 
1482.000  1.6077535800e-01  8.6033916470e-03 
1483.000  1.5899645600e-01  8.6055784230e-03 
1484.000  1.6002766400e-01  8.7171154020e-03 
1485.000  1.6232818400e-01  8.8566722870e-03 
1486.000  1.6370120700e-01  9.1694936750e-03 
1487.000  1.7372217300e-01  1.0201416020e-02 
1488.000  1.5224278900e-01  9.0202856060e-03 
1489.000  1.8682922900e-01  1.1749846460e-02 
1490.000  1.9766257000e-01  1.3071473120e-02 
1491.000  2.0472480200e-01  1.3926391600e-02 
1492.000  2.0101291000e-01  1.3807132720e-02 
1493.000  2.0844286300e-01  1.4589410780e-02 
1494.000  2.0813934800e-01  1.4678228380e-02 
1495.000  2.0986293000e-01  1.5080056190e-02 
1496.000  2.0949990200e-01  1.5440341950e-02 
1497.000  2.1460883100e-01  1.5929854390e-02 
1498.000  2.2168838800e-01  1.6821582790e-02 
1499.000  2.2267738000e-01  1.7253349300e-02 
1500.000  2.2954450400e-01  1.8084375380e-02 
1501.000  2.2823903900e-01  1.7995218280e-02 
1502.000  2.2455861800e-01  1.7681434630e-02 
1503.000  2.0060331300e-01  1.5799409870e-02 
1504.000  2.0993698500e-01  1.6668289180e-02 
1505.000  2.1255943400e-01  1.7146587370e-02 
1506.000  2.1549096800e-01  1.7473478320e-02 
1507.000  2.2830740700e-01  1.8782239910e-02 
1508.000  2.2629987400e-01  1.8801076890e-02 
1509.000  2.2882389200e-01  1.9206876750e-02 
1510.000  2.3292462900e-01  1.9678556440e-02 
1511.000  2.3507160500e-01  2.0012346270e-02 
1512.000  2.3138636000e-01  1.9818361280e-02 
1513.000  2.3129646600e-01  1.9910627370e-02 
1514.000  2.2813021000e-01  1.9709539410e-02 
1515.000  2.3343548100e-01  2.0292778020e-02 
1516.000  2.3152980300e-01  2.0205741880e-02 
1517.000  2.3090916300e-01  2.0261487960e-02 
1518.000  2.3663070300e-01  2.0932067870e-02 
1519.000  2.3484902400e-01  2.0959629060e-02 
1520.000  2.3844861500e-01  2.1516592030e-02 
1521.000  2.3505968300e-01  2.1361116410e-02 
1522.000  2.3370020000e-01  2.1300802230e-02 
1523.000  2.3972589300e-01  2.1942842480e-02 
1524.000  2.3764244100e-01  2.1787633900e-02 
1525.000  2.3190733800e-01  2.1289476390e-02 
1526.000  2.3854224700e-01  2.1953313830e-02 
1527.000  2.3642995100e-01  2.1845439910e-02 
1528.000  2.3853087400e-01  2.2143693920e-02 
1529.000  2.3778485700e-01  2.2118556980e-02 
1530.000  2.2293270100e-01  2.0828742980e-02 
1531.000  2.3857480300e-01  2.2377252580e-02 
1532.000  2.3743824400e-01  2.2362501140e-02 
1533.000  2.3647710900e-01  2.2343315120e-02 
1534.000  2.3299978800e-01  2.2081127170e-02 
1535.000  2.3398742600e-01  2.2242652890e-02 
1536.000  2.3711998700e-01  2.2607536320e-02 
1537.000  2.3805695100e-01  2.2788589480e-02 
1538.000  2.3173108100e-01  2.2277318950e-02 
1539.000  2.3674600800e-01  2.2851329800e-02 
1540.000  2.2819824100e-01  2.2101713180e-02 
1541.000  2.3301093200e-01  2.2623970030e-02 
1542.000  2.3439800300e-01  2.2806348800e-02 
1543.000  2.3376047500e-01  2.2802894590e-02 
1544.000  2.3676353800e-01  2.3162822720e-02 
1545.000  2.3767238200e-01  2.3333869930e-02 
1546.000  2.3789131000e-01  2.3438203810e-02 
1547.000  2.3558145900e-01  2.3287302020e-02 
1548.000  2.2862357800e-01  2.2667346950e-02 
1549.000  2.3448351100e-01  2.3304462430e-02 
1550.000  2.3316612700e-01  2.3225051880e-02 
1551.000  2.3193871700e-01  2.3137788770e-02 
1552.000  2.3589239800e-01  2.3566509250e-02 
1553.000  2.3465952300e-01  2.3485918050e-02 
1554.000  2.2606176100e-01  2.2657629010e-02 
1555.000  2.2983437000e-01  2.3082929610e-02 
1556.000  2.2544668100e-01  2.2695753100e-02 
1557.000  2.3282851600e-01  2.3501907350e-02 
1558.000  2.3098546500e-01  2.3365571980e-02 
1559.000  2.3100370900e-01  2.3414421080e-02 
1560.000  2.2701461900e-01  2.3065416340e-02 
1561.000  2.3231291200e-01  2.3636167530e-02 
1562.000  2.3220503300e-01  2.3639392850e-02 
1563.000  2.2873427900e-01  2.3308990480e-02 
1564.000  2.2407643000e-01  2.2847616200e-02 
1565.000  2.2732938800e-01  2.3185928340e-02 
1566.000  2.2302238500e-01  2.2783605580e-02 
1567.000  2.2266500500e-01  2.2755949020e-02 
1568.000  2.1751014200e-01  2.2221364970e-02 
1569.000  2.1769190300e-01  2.2225723270e-02 
1570.000  2.1163641800e-01  2.1608814240e-02 
1571.000  2.1730726300e-01  2.2222431180e-02 
1572.000  2.1714121500e-01  2.2226795200e-02 
1573.000  2.1384317600e-01  2.1935962680e-02 
1574.000  2.1468627600e-01  2.2080415730e-02 
1575.000  1.9946351100e-01  2.0558523180e-02 
1576.000  2.1428983600e-01  2.2112962720e-02 
1577.000  1.9357061800e-01  1.9992679600e-02 
1578.000  2.1191890000e-01  2.1907279970e-02 
1579.000  2.1324190000e-01  2.2072055820e-02 
1580.000  2.1779117500e-01  2.2585626600e-02 
1581.000  2.1634718200e-01  2.2460577010e-02 
1582.000  2.1219739300e-01  2.2097570420e-02 
1583.000  2.1500258400e-01  2.2455219270e-02 
1584.000  2.1327065400e-01  2.2341484070e-02 
1585.000  2.1971775800e-01  2.3076538090e-02 
1586.000  2.1695842600e-01  2.2826305390e-02 
1587.000  2.1469752300e-01  2.2646240230e-02 
1588.000  2.1154786800e-01  2.2368408200e-02 
1589.000  1.9354447000e-01  2.0497325900e-02 
1590.000  2.0851452700e-01  2.2113409040e-02 
1591.000  2.0384349800e-01  2.1643257140e-02 
1592.000  2.1451799200e-01  2.2788234710e-02 
1593.000  2.1913332800e-01  2.3284242630e-02 
1594.000  2.1725841200e-01  2.3092166900e-02 
1595.000  2.1823144200e-01  2.3205287930e-02 
1596.000  2.0442480800e-01  2.1763278960e-02 
1597.000  2.1201503500e-01  2.2572862630e-02 
1598.000  2.1492979100e-01  2.2875148770e-02 
1599.000  2.0649316200e-01  2.1961240770e-02 
1600.000  2.0894544200e-01  2.2213930130e-02 
1601.000  2.0014934400e-01  2.1303110120e-02 
1602.000  2.0501623300e-01  2.1851514820e-02 
1603.000  2.0378849300e-01  2.1773929600e-02 
1604.000  2.0683290800e-01  2.2159347530e-02 
1605.000  2.0377458700e-01  2.1864700320e-02 
1606.000  2.0313605000e-01  2.1835683820e-02 
1607.000  2.0382353200e-01  2.1908405300e-02 
1608.000  2.0601768800e-01  2.2144018170e-02 
1609.000  2.0522564400e-01  2.2069355010e-02 
1610.000  1.9256644100e-01  2.0721443180e-02 
1611.000  1.9871285300e-01  2.1420572280e-02 
1612.000  2.0118093400e-01  2.1727371220e-02 
1613.000  2.0620021600e-01  2.2309286120e-02 
1614.000  2.0417590700e-01  2.2098320010e-02 
1615.000  2.0794701500e-01  2.2539735790e-02 
1616.000  1.9522927300e-01  2.1185401920e-02 
1617.000  2.0133294400e-01  2.1902816770e-02 
1618.000  2.0760577500e-01  2.2613044740e-02 
1619.000  2.0732457200e-01  2.2638769150e-02 
1620.000  2.0243430400e-01  2.2158517840e-02 
1621.000  1.9970776500e-01  2.1901733400e-02 
1622.000  2.0473392400e-01  2.2468740460e-02 
1623.000  2.0901440900e-01  2.2965494160e-02 
1624.000  2.1054242700e-01  2.3154312130e-02 
1625.000  2.0552810400e-01  2.2648534770e-02 
1626.000  2.0782880700e-01  2.2893163680e-02 
1627.000  2.0759029400e-01  2.2891143800e-02 
1628.000  2.0916762400e-01  2.3075622560e-02 
1629.000  2.0903118600e-01  2.3068319320e-02 
1630.000  2.0316873500e-01  2.2418172840e-02 
1631.000  2.0634594100e-01  2.2781183240e-02 
1632.000  2.0617336200e-01  2.2731376650e-02 
1633.000  2.0345304700e-01  2.2423595430e-02 
1634.000  1.9849211500e-01  2.1860343930e-02 
1635.000  2.0381277500e-01  2.2441514970e-02 
1636.000  2.0304709100e-01  2.2344610210e-02 
1637.000  1.9373680200e-01  2.1307250980e-02 
1638.000  1.9232131600e-01  2.1148532870e-02 
1639.000  1.9003886700e-01  2.0873544690e-02 
1640.000  1.9098498700e-01  2.0968034740e-02 
1641.000  1.8962144600e-01  2.0812532420e-02 
1642.000  1.8938374500e-01  2.0823602680e-02 
1643.000  1.9418298100e-01  2.1379924770e-02 
1644.000  1.9111141900e-01  2.1066122060e-02 
1645.000  1.9141018700e-01  2.1117801670e-02 
1646.000  1.9371001000e-01  2.1405330660e-02 
1647.000  1.9551074700e-01  2.1616226200e-02 
1648.000  1.9462728400e-01  2.1518306730e-02 
1649.000  1.9015549700e-01  2.1032691960e-02 
1650.000  1.9497381600e-01  2.1579519270e-02 
1651.000  1.9062083300e-01  2.1101263050e-02 
1652.000  1.9441082200e-01  2.1514747620e-02 
1653.000  1.9240942700e-01  2.1307600020e-02 
1654.000  1.9456758700e-01  2.1554574970e-02 
1655.000  1.9088258000e-01  2.1165411000e-02 
1656.000  1.9470532000e-01  2.1603794100e-02 
1657.000  1.9329146200e-01  2.1454256060e-02 
1658.000  1.9451042700e-01  2.1608758930e-02 
1659.000  1.9097268900e-01  2.1223222730e-02 
1660.000  1.9317978200e-01  2.1464134220e-02 
1661.000  1.9393392200e-01  2.1542890550e-02 
1662.000  1.9247615500e-01  2.1356111530e-02 
1663.000  1.9120185900e-01  2.1203811650e-02 
1664.000  1.9031015200e-01  2.1092601780e-02 
1665.000  1.8836944400e-01  2.0859807970e-02 
1666.000  1.8759990200e-01  2.0787239070e-02 
1667.000  1.8951583500e-01  2.1043512340e-02 
1668.000  1.8630489400e-01  2.0701803210e-02 
1669.000  1.8682995700e-01  2.0784284590e-02 
1670.000  1.9103037800e-01  2.1278064730e-02 
1671.000  1.8963309900e-01  2.1135580060e-02 
1672.000  1.8065130200e-01  2.0152976990e-02 
1673.000  1.8581174900e-01  2.0730314250e-02 
1674.000  1.8656122900e-01  2.0821950910e-02 
1675.000  1.8482921200e-01  2.0647415160e-02 
1676.000  1.8184068400e-01  2.0315410610e-02 
1677.000  1.8277085700e-01  2.0422662730e-02 
1678.000  1.8378360000e-01  2.0547525410e-02 
1679.000  1.8134238600e-01  2.0273096080e-02 
1680.000  1.7512668300e-01  1.9589218140e-02 
1681.000  1.6905664000e-01  1.8914669040e-02 
1682.000  1.7393927100e-01  1.9458477020e-02 
1683.000  1.7822923100e-01  1.9930036540e-02 
1684.000  1.8152308700e-01  2.0290941240e-02 
1685.000  1.8204259300e-01  2.0323476790e-02 
1686.000  1.7984653300e-01  2.0072103500e-02 
1687.000  1.8054176700e-01  2.0105854030e-02 
1688.000  1.8063470500e-01  2.0079442980e-02 
1689.000  1.7845573700e-01  1.9829015730e-02 
1690.000  1.7831047600e-01  1.9771236420e-02 
1691.000  1.8061733400e-01  2.0023200990e-02 
1692.000  1.8094274900e-01  2.0061136250e-02 
1693.000  1.8030327500e-01  1.9998001100e-02 
1694.000  1.8003402800e-01  1.9970113750e-02 
1695.000  1.8008000100e-01  1.9956998830e-02 
1696.000  1.7902614400e-01  1.9824329380e-02 
1697.000  1.7789991200e-01  1.9669313430e-02 
1698.000  1.7895502300e-01  1.9761924740e-02 
1699.000  1.7779931600e-01  1.9616960530e-02 
1700.000  1.7554816600e-01  1.9352664950e-02 
