 lambda   Irr_dw            Rad_up 
 550.000  1.5274633000e+00  1.1046072390e-01 
 551.000  1.5173990000e+00  1.0965155790e-01 
 552.000  1.5822139000e+00  1.1434307860e-01 
 553.000  1.5197239000e+00  1.0972670750e-01 
 554.000  1.5688804000e+00  1.1326469420e-01 
 555.000  1.5728068000e+00  1.1342070010e-01 
 556.000  1.5290069000e+00  1.1014100650e-01 
 557.000  1.4832452000e+00  1.0684021760e-01 
 558.000  1.5391848000e+00  1.1074810030e-01 
 559.000  1.4545070000e+00  1.0458928680e-01 
 560.000  1.4605667000e+00  1.0501509860e-01 
 561.000  1.6048685000e+00  1.1526198580e-01 
 562.000  1.4728529000e+00  1.0574585720e-01 
 563.000  1.5406225000e+00  1.1049500270e-01 
 564.000  1.5186422000e+00  1.0875297550e-01 
 565.000  1.5364508000e+00  1.1000244900e-01 
 566.000  1.4163303000e+00  1.0129904170e-01 
 567.000  1.5189832000e+00  1.0841583250e-01 
 568.000  1.5147143000e+00  1.0757291410e-01 
 569.000  1.4836431000e+00  1.0421776580e-01 
 570.000  1.4912851000e+00  1.0485282140e-01 
 571.000  1.4386907000e+00  1.0184678650e-01 
 572.000  1.5200126000e+00  1.0685989380e-01 
 573.000  1.5360561000e+00  1.0815702060e-01 
 574.000  1.5275065000e+00  1.0753569030e-01 
 575.000  1.4899844000e+00  1.0476696010e-01 
 576.000  1.4628113000e+00  1.0277894590e-01 
 577.000  1.5235030000e+00  1.0714000700e-01 
 578.000  1.4790926000e+00  1.0430291750e-01 
 579.000  1.4677611000e+00  1.0355408480e-01 
 580.000  1.5182795000e+00  1.0728287510e-01 
 581.000  1.4908265000e+00  1.0548468020e-01 
 582.000  1.5130695000e+00  1.0698879240e-01 
 583.000  1.5234863000e+00  1.0776219180e-01 
 584.000  1.5185167000e+00  1.0727479550e-01 
 585.000  1.5083910000e+00  1.0644646450e-01 
 586.000  1.4434555000e+00  1.0183469390e-01 
 587.000  1.4997322000e+00  1.0527929690e-01 
 588.000  1.4839529000e+00  1.0270085140e-01 
 589.000  1.3152935000e+00  8.9204284670e-02 
 590.000  1.3732780000e+00  9.3023353580e-02 
 591.000  1.4591865000e+00  1.0006069180e-01 
 592.000  1.4311684000e+00  9.7339927670e-02 
 593.000  1.4461952000e+00  9.9758735660e-02 
 594.000  1.4593616000e+00  1.0030935670e-01 
 595.000  1.4314176000e+00  9.7304542540e-02 
 596.000  1.4668369000e+00  1.0119442750e-01 
 597.000  1.4712250000e+00  1.0104782100e-01 
 598.000  1.4410831000e+00  9.9597526550e-02 
 599.000  1.4414468000e+00  9.9858299260e-02 
 600.000  1.4417497000e+00  1.0045488740e-01 
 601.000  1.4336300000e+00  1.0032658390e-01 
 602.000  1.4179502000e+00  9.9305900570e-02 
 603.000  1.4265036000e+00  1.0006230930e-01 
 604.000  1.4716886000e+00  1.0339873500e-01 
 605.000  1.4679147000e+00  1.0306224820e-01 
 606.000  1.4508977000e+00  1.0192807010e-01 
 607.000  1.4427274000e+00  1.0130567170e-01 
 608.000  1.4374187000e+00  1.0085901640e-01 
 609.000  1.4226553000e+00  9.9822479250e-02 
 610.000  1.3998560000e+00  9.8152740480e-02 
 611.000  1.4225697000e+00  9.9729118350e-02 
 612.000  1.4040339000e+00  9.8421348570e-02 
 613.000  1.3835038000e+00  9.6920761110e-02 
 614.000  1.3330668000e+00  9.3394149780e-02 
 615.000  1.3974390000e+00  9.7810554500e-02 
 616.000  1.3286831000e+00  9.3013328550e-02 
 617.000  1.3361777000e+00  9.3521835330e-02 
 618.000  1.3992039000e+00  9.7818504330e-02 
 619.000  1.3863825000e+00  9.6957969670e-02 
 620.000  1.4068499000e+00  9.8273010250e-02 
 621.000  1.4310336000e+00  9.9932670590e-02 
 622.000  1.3555459000e+00  9.4585182190e-02 
 623.000  1.3660960000e+00  9.5164443970e-02 
 624.000  1.3675577000e+00  9.5299911500e-02 
 625.000  1.3305118000e+00  9.2691635130e-02 
 626.000  1.3372483000e+00  9.2959541320e-02 
 627.000  1.3596328000e+00  9.3971343990e-02 
 628.000  1.3414445000e+00  9.1726264950e-02 
 629.000  1.3751186000e+00  9.4302520750e-02 
 630.000  1.3294925000e+00  9.1627494810e-02 
 631.000  1.3782719000e+00  9.5069107060e-02 
 632.000  1.2838109600e+00  8.8182991030e-02 
 633.000  1.3780709000e+00  9.5101089480e-02 
 634.000  1.3366883000e+00  9.2407623290e-02 
 635.000  1.3611342000e+00  9.4100074770e-02 
 636.000  1.3131805300e+00  9.0869216920e-02 
 637.000  1.3565180000e+00  9.3928657530e-02 
 638.000  1.3776257000e+00  9.5585487370e-02 
 639.000  1.3662469000e+00  9.4680747990e-02 
 640.000  1.3233843800e+00  9.1938941960e-02 
 641.000  1.3425030000e+00  9.3226318360e-02 
 642.000  1.3263925100e+00  9.2155021670e-02 
 643.000  1.3496109000e+00  9.3575340270e-02 
 644.000  1.3341401900e+00  9.2408027650e-02 
 645.000  1.3457973500e+00  9.3002502440e-02 
 646.000  1.2945141800e+00  8.8370246890e-02 
 647.000  1.3120739500e+00  8.8822502140e-02 
 648.000  1.3097402900e+00  8.8017692570e-02 
 649.000  1.3357420100e+00  9.0247093200e-02 
 650.000  1.2378200600e+00  8.4775291440e-02 
 651.000  1.3333801800e+00  9.1305717470e-02 
 652.000  1.3076632900e+00  8.8475311280e-02 
 653.000  1.3340648300e+00  9.1484100340e-02 
 654.000  1.3166077100e+00  9.0036010740e-02 
 655.000  1.2819011500e+00  8.7199897770e-02 
 656.000  1.0883382200e+00  7.4131645200e-02 
 657.000  1.1615962500e+00  7.9335495000e-02 
 658.000  1.2938895900e+00  8.8851455690e-02 
 659.000  1.2970205000e+00  8.9272644040e-02 
 660.000  1.3072091800e+00  9.0090171810e-02 
 661.000  1.3129793500e+00  9.0849060060e-02 
 662.000  1.3318884200e+00  9.2294044490e-02 
 663.000  1.3171003400e+00  9.1179519650e-02 
 664.000  1.2961883800e+00  8.9763046260e-02 
 665.000  1.3018405100e+00  9.0166275020e-02 
 666.000  1.3175382500e+00  9.1375122070e-02 
 667.000  1.2913992800e+00  8.9514503480e-02 
 668.000  1.2987521500e+00  9.0140876770e-02 
 669.000  1.3172952100e+00  9.1479858400e-02 
 670.000  1.3018568500e+00  9.0302848820e-02 
 671.000  1.2877911700e+00  8.9358146670e-02 
 672.000  1.2837254000e+00  8.9057182310e-02 
 673.000  1.2929035200e+00  8.9662101750e-02 
 674.000  1.2954172500e+00  8.9842079160e-02 
 675.000  1.2756574400e+00  8.8424438480e-02 
 676.000  1.2997497100e+00  9.0099395750e-02 
 677.000  1.2739033900e+00  8.8319473270e-02 
 678.000  1.2949992400e+00  8.9747840880e-02 
 679.000  1.2767220900e+00  8.8416969300e-02 
 680.000  1.2669310500e+00  8.7703170780e-02 
 681.000  1.2682987900e+00  8.7724594120e-02 
 682.000  1.2656760500e+00  8.7458068850e-02 
 683.000  1.2739880500e+00  8.7941345210e-02 
 684.000  1.2509944000e+00  8.6307090760e-02 
 685.000  1.2651187100e+00  8.7272041320e-02 
 686.000  1.2094839600e+00  8.3144195560e-02 
 687.000  1.1189663900e+00  7.3922073360e-02 
 688.000  1.1486168300e+00  7.6800201420e-02 
 689.000  1.1432125800e+00  7.6208068850e-02 
 690.000  1.1636572100e+00  7.8063880920e-02 
 691.000  1.1871739700e+00  8.0133041380e-02 
 692.000  1.1901889500e+00  8.0364036560e-02 
 693.000  1.1892622900e+00  7.8912567140e-02 
 694.000  1.1914178600e+00  7.7937881470e-02 
 695.000  1.1785512300e+00  7.7616340640e-02 
 696.000  1.1968904800e+00  7.9168449400e-02 
 697.000  1.2195238500e+00  8.2713417050e-02 
 698.000  1.1925728100e+00  8.0377929690e-02 
 699.000  1.1961043200e+00  7.8868728640e-02 
 700.000  1.1850423900e+00  7.8379631040e-02 
 701.000  1.1544240000e+00  7.5940063480e-02 
 702.000  1.1515856400e+00  7.6016418460e-02 
 703.000  1.1828373200e+00  7.9461318970e-02 
 704.000  1.1867897800e+00  7.9803962710e-02 
 705.000  1.1895415000e+00  7.9371643070e-02 
 706.000  1.1780545900e+00  7.8719642640e-02 
 707.000  1.1624323000e+00  7.7891716000e-02 
 708.000  1.1985482700e+00  8.0548103330e-02 
 709.000  1.1606682200e+00  7.8456573490e-02 
 710.000  1.1819956600e+00  7.9325859070e-02 
 711.000  1.1753695200e+00  7.9382102970e-02 
 712.000  1.1633768700e+00  7.9045089720e-02 
 713.000  1.1547576300e+00  7.8063049320e-02 
 714.000  1.1730511800e+00  7.9105453490e-02 
 715.000  1.1260609000e+00  7.5317672730e-02 
 716.000  1.1493718500e+00  7.6221069340e-02 
 717.000  1.0775545500e+00  6.8186668400e-02 
 718.000  1.0452806200e+00  6.4181518550e-02 
 719.000  1.0236685700e+00  6.2089588170e-02 
 720.000  1.0168972300e+00  6.0740509030e-02 
 721.000  1.0775339100e+00  6.8987976070e-02 
 722.000  1.1148237900e+00  7.2994117740e-02 
 723.000  1.0997027800e+00  7.1020889280e-02 
 724.000  1.0699847000e+00  6.6471977230e-02 
 725.000  1.0635116600e+00  6.6439521790e-02 
 726.000  1.0597394000e+00  6.6089179990e-02 
 727.000  1.0804292500e+00  6.7708511350e-02 
 728.000  1.0562022600e+00  6.5832778930e-02 
 729.000  1.0272189500e+00  6.4957496640e-02 
 730.000  1.0626344200e+00  6.7037399290e-02 
 731.000  1.0421387900e+00  6.5613449100e-02 
 732.000  1.0844239300e+00  6.9924751280e-02 
 733.000  1.0889523500e+00  7.1939239500e-02 
 734.000  1.1217449000e+00  7.4934555050e-02 
 735.000  1.1089660800e+00  7.3749282840e-02 
 736.000  1.0816441300e+00  7.1409683230e-02 
 737.000  1.1007565000e+00  7.3043983460e-02 
 738.000  1.1044399500e+00  7.3865226750e-02 
 739.000  1.0714432700e+00  7.1934463500e-02 
 740.000  1.0877468900e+00  7.3593238830e-02 
 741.000  1.0825994300e+00  7.3646461490e-02 
 742.000  1.0661952200e+00  7.2687629700e-02 
 743.000  1.1007426700e+00  7.5394119260e-02 
 744.000  1.1125509900e+00  7.6380554200e-02 
 745.000  1.0846792900e+00  7.4609092710e-02 
 746.000  1.1005852100e+00  7.5763748170e-02 
 747.000  1.1171812700e+00  7.6884902950e-02 
 748.000  1.0978608800e+00  7.5588378910e-02 
 749.000  1.0983616800e+00  7.5650009160e-02 
 750.000  1.0819116100e+00  7.4440734860e-02 
 751.000  1.0791476800e+00  7.4250053410e-02 
 752.000  1.0961612200e+00  7.5486892700e-02 
 753.000  1.0859682400e+00  7.4802459720e-02 
 754.000  1.1030865600e+00  7.5991508480e-02 
 755.000  1.0967824800e+00  7.5557029720e-02 
 756.000  1.0753402000e+00  7.4081115720e-02 
 757.000  1.0832767100e+00  7.4627403260e-02 
 758.000  1.0810374100e+00  7.4428817750e-02 
 759.000  9.9940875000e-01  6.7311950680e-02 
 760.000  5.1115477000e-01  2.8028593060e-02 
 761.000  4.6180190000e-01  2.4603042600e-02 
 762.000  7.3685460000e-01  4.5216445920e-02 
 763.000  6.6875919000e-01  3.9472362520e-02 
 764.000  7.1476846000e-01  4.3000423430e-02 
 765.000  8.1599630000e-01  5.1317714690e-02 
 766.000  8.8228789000e-01  5.7993824010e-02 
 767.000  9.4553912000e-01  6.3312450410e-02 
 768.000  1.0160040100e+00  6.8889732360e-02 
 769.000  1.0333814700e+00  7.0673553470e-02 
 770.000  1.0383096600e+00  7.1302963260e-02 
 771.000  1.0438166100e+00  7.1850685120e-02 
 772.000  1.0408983400e+00  7.1693534850e-02 
 773.000  1.0370008400e+00  7.1445846560e-02 
 774.000  1.0484292500e+00  7.2252304080e-02 
 775.000  1.0091991700e+00  6.9564086910e-02 
 776.000  1.0508715200e+00  7.2481269840e-02 
 777.000  1.0435921400e+00  7.1970748900e-02 
 778.000  1.0379830700e+00  7.1556518550e-02 
 779.000  1.0413461400e+00  7.1751770020e-02 
 780.000  1.0284478500e+00  7.0885314940e-02 
 781.000  1.0268641200e+00  7.0781929020e-02 
 782.000  1.0392256800e+00  7.1571952820e-02 
 783.000  1.0149318900e+00  6.9963546750e-02 
 784.000  1.0204825300e+00  7.0299049380e-02 
 785.000  1.0223570300e+00  7.0231895450e-02 
 786.000  1.0034789000e+00  6.8753654480e-02 
 787.000  1.0153938800e+00  6.9052589420e-02 
 788.000  9.9862892000e-01  6.7702896120e-02 
 789.000  9.9881936000e-01  6.6935623170e-02 
 790.000  9.8823525000e-01  6.6127723690e-02 
 791.000  9.8421784000e-01  6.6016983030e-02 
 792.000  9.6958169000e-01  6.5127899170e-02 
 793.000  9.7085401000e-01  6.5514160160e-02 
 794.000  9.6561922000e-01  6.5848388670e-02 
 795.000  9.5749013000e-01  6.4805328370e-02 
 796.000  9.6592278000e-01  6.4439834590e-02 
 797.000  9.7426235000e-01  6.5304679870e-02 
 798.000  9.7977145000e-01  6.6320014950e-02 
 799.000  9.7783710000e-01  6.6003623960e-02 
 800.000  9.4874943000e-01  6.3571395870e-02 
 801.000  9.6689534000e-01  6.4846908570e-02 
 802.000  9.6457919000e-01  6.4618598940e-02 
 803.000  9.5135292000e-01  6.3820541380e-02 
 804.000  9.6163899000e-01  6.4777198790e-02 
 805.000  9.3849375000e-01  6.3663692470e-02 
 806.000  9.6584815000e-01  6.5753089900e-02 
 807.000  9.5996153000e-01  6.5397712710e-02 
 808.000  9.5319221000e-01  6.4758987430e-02 
 809.000  9.3563754000e-01  6.3375919340e-02 
 810.000  9.2988511000e-01  6.2772174840e-02 
 811.000  9.4149265000e-01  6.3176883700e-02 
 812.000  9.3379456000e-01  6.2176910400e-02 
 813.000  9.2406469000e-01  6.0895114900e-02 
 814.000  9.1509642000e-01  5.9620594020e-02 
 815.000  8.9549776000e-01  5.7505653380e-02 
 816.000  8.7464936000e-01  5.5152416230e-02 
 817.000  8.8067529000e-01  5.5574512480e-02 
 818.000  8.7637927000e-01  5.5328903200e-02 
 819.000  8.5690424000e-01  5.4486305240e-02 
 820.000  8.5435445000e-01  5.5435024260e-02 
 821.000  8.9921893000e-01  5.9680046080e-02 
 822.000  8.6162399000e-01  5.6121093750e-02 
 823.000  8.3789972000e-01  5.2044223790e-02 
 824.000  8.8085650000e-01  5.6969577790e-02 
 825.000  8.9839535000e-01  5.9799339290e-02 
 826.000  9.0075682000e-01  5.9636444090e-02 
 827.000  8.9543581000e-01  5.9053867340e-02 
 828.000  8.8124088000e-01  5.7077079770e-02 
 829.000  8.8524624000e-01  5.7674766540e-02 
 830.000  8.7604508000e-01  5.7490768430e-02 
 831.000  8.6173875000e-01  5.6640022280e-02 
 832.000  8.7979873000e-01  5.7852859500e-02 
 833.000  8.5507228000e-01  5.6535129550e-02 
 834.000  8.7076112000e-01  5.7870635990e-02 
 835.000  8.7803223000e-01  5.8850746150e-02 
 836.000  8.8645655000e-01  5.9329422000e-02 
 837.000  8.7890147000e-01  5.8774837490e-02 
 838.000  8.8464953000e-01  5.9470401760e-02 
 839.000  8.5849548000e-01  5.7863918300e-02 
 840.000  8.8198624000e-01  5.9467273710e-02 
 841.000  8.8280687000e-01  5.9316402440e-02 
 842.000  8.7855788000e-01  5.9185424800e-02 
 843.000  8.7547746000e-01  5.9482295990e-02 
 844.000  8.6222030000e-01  5.8790550230e-02 
 845.000  8.7586265000e-01  5.9817699430e-02 
 846.000  8.8422560000e-01  6.0537826540e-02 
 847.000  8.5432878000e-01  5.8649410250e-02 
 848.000  8.7850506000e-01  6.0093574520e-02 
 849.000  8.8023188000e-01  6.0301185610e-02 
 850.000  7.6063619000e-01  5.1971477510e-02 
 851.000  8.7088451000e-01  5.9364124300e-02 
 852.000  8.3790061000e-01  5.7175701140e-02 
 853.000  8.4836238000e-01  5.8002555850e-02 
 854.000  6.8200463000e-01  4.6652835850e-02 
 855.000  7.5106027000e-01  5.1491981510e-02 
 856.000  8.5285595000e-01  5.8589107510e-02 
 857.000  8.6669575000e-01  5.9688331600e-02 
 858.000  8.5291019000e-01  5.8760826110e-02 
 859.000  8.5298202000e-01  5.8848579410e-02 
 860.000  8.4545007000e-01  5.8413955690e-02 
 861.000  8.4534508000e-01  5.8400337220e-02 
 862.000  8.4258287000e-01  5.8181156160e-02 
 863.000  8.5869172000e-01  5.9373203280e-02 
 864.000  8.5697721000e-01  5.9161426540e-02 
 865.000  8.4101990000e-01  5.8165699010e-02 
 866.000  7.0544334000e-01  4.8826660160e-02 
 867.000  7.5121456000e-01  5.1850093840e-02 
 868.000  8.1472798000e-01  5.6303028110e-02 
 869.000  8.0329590000e-01  5.5512802120e-02 
 870.000  8.3642698000e-01  5.7888828280e-02 
 871.000  8.3524687000e-01  5.7769161220e-02 
 872.000  8.3188264000e-01  5.7388019560e-02 
 873.000  8.3521570000e-01  5.7714183810e-02 
 874.000  8.1690084000e-01  5.6396392820e-02 
 875.000  8.0939066000e-01  5.5991519930e-02 
 876.000  8.1610370000e-01  5.6397945400e-02 
 877.000  8.3236147000e-01  5.7421466830e-02 
 878.000  8.1802058000e-01  5.6469978330e-02 
 879.000  8.1991957000e-01  5.6649154660e-02 
 880.000  8.1512674000e-01  5.6172569270e-02 
 881.000  7.7274289000e-01  5.3276668550e-02 
 882.000  8.1538991000e-01  5.6071174620e-02 
 883.000  7.9679988000e-01  5.4940380100e-02 
 884.000  8.0357604000e-01  5.5569271090e-02 
 885.000  8.1176839000e-01  5.5764873500e-02 
 886.000  7.8508845000e-01  5.3899116520e-02 
 887.000  7.7709263000e-01  5.3391555790e-02 
 888.000  8.0034860000e-01  5.4859699250e-02 
 889.000  8.0577846000e-01  5.5451770780e-02 
 890.000  8.0314788000e-01  5.5169746400e-02 
 891.000  7.9838726000e-01  5.4614963530e-02 
 892.000  7.9411950000e-01  5.4013591770e-02 
 893.000  7.5830333000e-01  5.0560073850e-02 
 894.000  7.8043702000e-01  5.1635059360e-02 
 895.000  7.3076310000e-01  4.7294013980e-02 
 896.000  7.4485685000e-01  4.7057247160e-02 
 897.000  7.1239666000e-01  4.4096668240e-02 
 898.000  7.0638404000e-01  4.3197456360e-02 
 899.000  6.8508594000e-01  4.0600685120e-02 
 900.000  6.7092772000e-01  3.9860836030e-02 
 901.000  6.5139572000e-01  3.8416790010e-02 
 902.000  6.4024470000e-01  3.7831878660e-02 
 903.000  7.0544672000e-01  4.3810081480e-02 
 904.000  7.3949933000e-01  4.7265510560e-02 
 905.000  7.3672662000e-01  4.7247615810e-02 
 906.000  7.0453087000e-01  4.4373916630e-02 
 907.000  6.9352405000e-01  4.2210639950e-02 
 908.000  6.6178575000e-01  3.9332244870e-02 
 909.000  6.4934009000e-01  3.8612171170e-02 
 910.000  6.5923405000e-01  3.9330238340e-02 
 911.000  6.6725934000e-01  4.0530338290e-02 
 912.000  6.6392599000e-01  3.9879692080e-02 
 913.000  6.5824129000e-01  3.8350543980e-02 
 914.000  6.6438508000e-01  3.9287311550e-02 
 915.000  6.6157223000e-01  3.9753353120e-02 
 916.000  6.7098196000e-01  4.0410205840e-02 
 917.000  6.6475698000e-01  4.0297836300e-02 
 918.000  6.6689149000e-01  4.0787475590e-02 
 919.000  6.9465611000e-01  4.3988407140e-02 
 920.000  7.0210188000e-01  4.5224304200e-02 
 921.000  6.8365698000e-01  4.3826797490e-02 
 922.000  6.7725673000e-01  4.3475925450e-02 
 923.000  6.4520102000e-01  4.0925884250e-02 
 924.000  6.6330336000e-01  4.1686923980e-02 
 925.000  6.7137355000e-01  4.2080787660e-02 
 926.000  6.4729334000e-01  4.0417980190e-02 
 927.000  6.6060916000e-01  4.0696514130e-02 
 928.000  6.4783223000e-01  3.8708499910e-02 
 929.000  6.1455461000e-01  3.5162742610e-02 
 930.000  5.8171395000e-01  3.1444658280e-02 
 931.000  5.4566532000e-01  2.7568031310e-02 
 932.000  4.9301992000e-01  2.2614137650e-02 
 933.000  4.5736000000e-01  1.9572660450e-02 
 934.000  4.1425673000e-01  1.6481866840e-02 
 935.000  4.0406729000e-01  1.5927653310e-02 
 936.000  4.1670100000e-01  1.6888803480e-02 
 937.000  4.2182947000e-01  1.6994562150e-02 
 938.000  4.5987022000e-01  2.0098911290e-02 
 939.000  5.6936940000e-01  3.0166416170e-02 
 940.000  5.8125285000e-01  3.1571502690e-02 
 941.000  5.5534568000e-01  2.9571552280e-02 
 942.000  5.0386160000e-01  2.5358184810e-02 
 943.000  4.7610998000e-01  2.1636947630e-02 
 944.000  4.5930572000e-01  2.0709032060e-02 
 945.000  4.8348724000e-01  2.2590528490e-02 
 946.000  4.9103754000e-01  2.3007019040e-02 
 947.000  5.0526956000e-01  2.4495946880e-02 
 948.000  5.1837009000e-01  2.5634239200e-02 
 949.000  5.1855621000e-01  2.5601030350e-02 
 950.000  5.1765001000e-01  2.5691293720e-02 
 951.000  5.3666836000e-01  2.7793176650e-02 
 952.000  5.1274033000e-01  2.5417970660e-02 
 953.000  5.2780399000e-01  2.7038953780e-02 
 954.000  5.3995657000e-01  2.8611335750e-02 
 955.000  4.9102027000e-01  2.5376308440e-02 
 956.000  5.2039079000e-01  2.6783090590e-02 
 957.000  5.6336532000e-01  3.1386266710e-02 
 958.000  5.7310422000e-01  3.2265319820e-02 
 959.000  5.6802802000e-01  3.1643085480e-02 
 960.000  5.6049658000e-01  3.1143156050e-02 
 961.000  5.5086650000e-01  3.0444810870e-02 
 962.000  5.5676949000e-01  3.0963247300e-02 
 963.000  5.7866088000e-01  3.3467720030e-02 
 964.000  5.7522317000e-01  3.3471622470e-02 
 965.000  5.7999491000e-01  3.3649967190e-02 
 966.000  5.6437947000e-01  3.2835426330e-02 
 967.000  5.9731770000e-01  3.5737930300e-02 
 968.000  6.1705037000e-01  3.8592346190e-02 
 969.000  6.3258860000e-01  4.0328937530e-02 
 970.000  6.3491079000e-01  4.0530639650e-02 
 971.000  6.2899150000e-01  4.0139492030e-02 
 972.000  6.3016415000e-01  3.9999313350e-02 
 973.000  6.1653498000e-01  3.8657649990e-02 
 974.000  5.9778277000e-01  3.6921234130e-02 
 975.000  5.9473217000e-01  3.6368087770e-02 
 976.000  6.0939869000e-01  3.7725189210e-02 
 977.000  6.0585339000e-01  3.8244899750e-02 
 978.000  6.1980037000e-01  3.9078136440e-02 
 979.000  6.0478743000e-01  3.8336559300e-02 
 980.000  6.2548591000e-01  4.0446987150e-02 
 981.000  6.3244904000e-01  4.1089462280e-02 
 982.000  6.2834255000e-01  4.0652133940e-02 
 983.000  6.3283203000e-01  4.1381137850e-02 
 984.000  6.3493875000e-01  4.1990791320e-02 
 985.000  6.3822589000e-01  4.2491477970e-02 
 986.000  6.3762998000e-01  4.2831928250e-02 
 987.000  6.4693402000e-01  4.3633121490e-02 
 988.000  6.3934444000e-01  4.3161621090e-02 
 989.000  6.3149336000e-01  4.2657341000e-02 
 990.000  6.3734194000e-01  4.3094100950e-02 
 991.000  6.4423812000e-01  4.3714523320e-02 
 992.000  6.3874078000e-01  4.3385185240e-02 
 993.000  6.3886844000e-01  4.3409832000e-02 
 994.000  6.4357197000e-01  4.3865161900e-02 
 995.000  6.3984798000e-01  4.3713623050e-02 
 996.000  6.3971084000e-01  4.3702449800e-02 
 997.000  6.3974236000e-01  4.3638229370e-02 
 998.000  6.3663991000e-01  4.3358333590e-02 
 999.000  6.3478322000e-01  4.3204433440e-02 
1000.000  6.2993786000e-01  4.2894596100e-02 
1001.000  6.3196227000e-01  4.2887516020e-02 
1002.000  6.2865496000e-01  4.2437725070e-02 
1003.000  6.2185246000e-01  4.2032482150e-02 
1004.000  6.1795554000e-01  4.1898101810e-02 
1005.000  5.7790325000e-01  3.9238536830e-02 
1006.000  6.0826147000e-01  4.1321846010e-02 
1007.000  6.1891298000e-01  4.2003360750e-02 
1008.000  6.1968140000e-01  4.1876251220e-02 
1009.000  6.1344282000e-01  4.1224960330e-02 
1010.000  6.1681725000e-01  4.1556659700e-02 
1011.000  6.1609401000e-01  4.1759346010e-02 
1012.000  6.1724800000e-01  4.1936187740e-02 
1013.000  6.1354276000e-01  4.1763477330e-02 
1014.000  6.1776955000e-01  4.2112709050e-02 
1015.000  6.0641471000e-01  4.1375511170e-02 
1016.000  6.1062668000e-01  4.1729648590e-02 
1017.000  6.0471858000e-01  4.1371356960e-02 
1018.000  6.1226255000e-01  4.1877929690e-02 
1019.000  5.9750987000e-01  4.0807743070e-02 
1020.000  5.9651379000e-01  4.0746147160e-02 
1021.000  6.0299021000e-01  4.1202957150e-02 
1022.000  5.9303357000e-01  4.0364513400e-02 
1023.000  6.0365055000e-01  4.0946887970e-02 
1024.000  6.0013181000e-01  4.0606369020e-02 
1025.000  6.0125911000e-01  4.0794296260e-02 
1026.000  6.0252686000e-01  4.0945220950e-02 
1027.000  5.9864466000e-01  4.0691417690e-02 
1028.000  6.0024531000e-01  4.0867610930e-02 
1029.000  5.9161840000e-01  4.0389911650e-02 
1030.000  5.9807515000e-01  4.0943836210e-02 
1031.000  5.9643414000e-01  4.0913715360e-02 
1032.000  5.9452456000e-01  4.0841613770e-02 
1033.000  5.8361441000e-01  4.0087444310e-02 
1034.000  5.8931613000e-01  4.0485729220e-02 
1035.000  5.8161906000e-01  3.9934803010e-02 
1036.000  5.9123447000e-01  4.0600643160e-02 
1037.000  5.7878548000e-01  3.9738483430e-02 
1038.000  5.8450943000e-01  4.0122505190e-02 
1039.000  5.8689520000e-01  4.0265617370e-02 
1040.000  5.7994716000e-01  3.9771408080e-02 
1041.000  5.8297094000e-01  3.9959003450e-02 
1042.000  5.8469800000e-01  4.0061897280e-02 
1043.000  5.7460444000e-01  3.9357177730e-02 
1044.000  5.8031846000e-01  3.9730899810e-02 
1045.000  5.7778241000e-01  3.9583095550e-02 
1046.000  5.6097611000e-01  3.8466960910e-02 
1047.000  5.7126936000e-01  3.9207958220e-02 
1048.000  5.7693546000e-01  3.9636695860e-02 
1049.000  5.7322986000e-01  3.9426345830e-02 
1050.000  5.7082387000e-01  3.9292202000e-02 
1051.000  5.6981357000e-01  3.9190258030e-02 
1052.000  5.6714493000e-01  3.8975067140e-02 
1053.000  5.6570463000e-01  3.8854106900e-02 
1054.000  5.6149619000e-01  3.8532150270e-02 
1055.000  5.6558720000e-01  3.8764862060e-02 
1056.000  5.6406288000e-01  3.8626445770e-02 
1057.000  5.6300875000e-01  3.8504558560e-02 
1058.000  5.5696890000e-01  3.8008144380e-02 
1059.000  5.3946517000e-01  3.6840259550e-02 
1060.000  5.5898000000e-01  3.8247394560e-02 
1061.000  5.3937179000e-01  3.6914020540e-02 
1062.000  5.5424427000e-01  3.7891395570e-02 
1063.000  5.4485989000e-01  3.7232490540e-02 
1064.000  5.5158617000e-01  3.7616455080e-02 
1065.000  5.5076025000e-01  3.7462471010e-02 
1066.000  5.3389003000e-01  3.6291355130e-02 
1067.000  5.4649084000e-01  3.7092632290e-02 
1068.000  5.4376158000e-01  3.6752605440e-02 
1069.000  5.0253931000e-01  3.3887161250e-02 
1070.000  5.3242048000e-01  3.5936977390e-02 
1071.000  5.3290574000e-01  3.5915557860e-02 
1072.000  5.3429489000e-01  3.5958023070e-02 
1073.000  5.1663942000e-01  3.4778110500e-02 
1074.000  5.3480312000e-01  3.6035194400e-02 
1075.000  5.1877570000e-01  3.5079025270e-02 
1076.000  5.2980811000e-01  3.5763889310e-02 
1077.000  5.2812381000e-01  3.5568439480e-02 
1078.000  5.2889217000e-01  3.5524417880e-02 
1079.000  5.0844399000e-01  3.4145133970e-02 
1080.000  5.2187413000e-01  3.4791336060e-02 
1081.000  5.0257886000e-01  3.3489608760e-02 
1082.000  5.0970698000e-01  3.4044494630e-02 
1083.000  4.9510116000e-01  3.2906757350e-02 
1084.000  5.1298991000e-01  3.3920257570e-02 
1085.000  5.0380192000e-01  3.2959785460e-02 
1086.000  5.1098096000e-01  3.3474853520e-02 
1087.000  4.8226800000e-01  3.1918817520e-02 
1088.000  5.1158229000e-01  3.3915733340e-02 
1089.000  4.8882370000e-01  3.2021854400e-02 
1090.000  4.9880251000e-01  3.2632911680e-02 
1091.000  5.0270206000e-01  3.3005245210e-02 
1092.000  4.8937471000e-01  3.1959867480e-02 
1093.000  4.7953791000e-01  3.0908950810e-02 
1094.000  4.3479362200e-01  2.7832971570e-02 
1095.000  4.7090588500e-01  3.0144104000e-02 
1096.000  4.7223271000e-01  3.0240102770e-02 
1097.000  4.6218789500e-01  2.9461309430e-02 
1098.000  4.4491908500e-01  2.7377014160e-02 
1099.000  4.3464773500e-01  2.5902296070e-02 
1100.000  4.4293275800e-01  2.6451171880e-02 
1101.000  4.4358913200e-01  2.6602724080e-02 
1102.000  4.2446093200e-01  2.5394157410e-02 
1103.000  4.4238350900e-01  2.6535346980e-02 
1104.000  4.3719429800e-01  2.6080001830e-02 
1105.000  4.3146199300e-01  2.5392284390e-02 
1106.000  4.2266042000e-01  2.4551610950e-02 
1107.000  4.2349516700e-01  2.4663169860e-02 
1108.000  4.2316354900e-01  2.4676481250e-02 
1109.000  4.2964500800e-01  2.5299201970e-02 
1110.000  4.3140656900e-01  2.5316143040e-02 
1111.000  4.2345538600e-01  2.4668933870e-02 
1112.000  4.0713719400e-01  2.3038845060e-02 
1113.000  3.8849407300e-01  2.1048782350e-02 
1114.000  3.8830590400e-01  2.0706161500e-02 
1115.000  3.6277980600e-01  1.8188102720e-02 
1116.000  3.4466146500e-01  1.6611589430e-02 
1117.000  3.1574811900e-01  1.3946331020e-02 
1118.000  2.8186105200e-01  1.1429568290e-02 
1119.000  2.5804819700e-01  9.9355735780e-03 
1120.000  2.3791079900e-01  8.5763492580e-03 
1121.000  2.3483408500e-01  8.3271589280e-03 
1122.000  2.1109228800e-01  6.9361953740e-03 
1123.000  2.2493097500e-01  7.6833195690e-03 
1124.000  2.3387627000e-01  8.1851387020e-03 
1125.000  2.2472594900e-01  7.7587866780e-03 
1126.000  2.1868141200e-01  7.5131640430e-03 
1127.000  2.2784483300e-01  7.8884806630e-03 
1128.000  2.2705844800e-01  7.9744429590e-03 
1129.000  2.4984686700e-01  9.3722915650e-03 
1130.000  2.9857742900e-01  1.2730757710e-02 
1131.000  3.1548687700e-01  1.3932474140e-02 
1132.000  2.9755641000e-01  1.2508483890e-02 
1133.000  2.5539436700e-01  9.8092269900e-03 
1134.000  1.8682038600e-01  5.7797145840e-03 
1135.000  1.9446500800e-01  6.1489691730e-03 
1136.000  2.6154443500e-01  1.0221856120e-02 
1137.000  2.9974813500e-01  1.2832562450e-02 
1138.000  3.2019227000e-01  1.4960077290e-02 
1139.000  3.3619217100e-01  1.6200834270e-02 
1140.000  3.3118906500e-01  1.5704692840e-02 
1141.000  3.0966803000e-01  1.4242610930e-02 
1142.000  3.1381121600e-01  1.4262184140e-02 
1143.000  2.9493758100e-01  1.2921887400e-02 
1144.000  2.7768834700e-01  1.1679821970e-02 
1145.000  2.5685785000e-01  1.0149507520e-02 
1146.000  2.6485941200e-01  1.0627357480e-02 
1147.000  2.8393438400e-01  1.1957656860e-02 
1148.000  2.9652263700e-01  1.3017429350e-02 
1149.000  3.0343489900e-01  1.3553338050e-02 
1150.000  3.0218322200e-01  1.3552981380e-02 
1151.000  3.1002337300e-01  1.4292787550e-02 
1152.000  3.1365137200e-01  1.4655002590e-02 
1153.000  3.1932173200e-01  1.5205775260e-02 
1154.000  3.1957278500e-01  1.5178893090e-02 
1155.000  3.3236694000e-01  1.6371540070e-02 
1156.000  3.4078476900e-01  1.7444477080e-02 
1157.000  3.7011103600e-01  2.0339414600e-02 
1158.000  3.8044446600e-01  2.1509101870e-02 
1159.000  3.8364403300e-01  2.2223739620e-02 
1160.000  3.8222401300e-01  2.2376295090e-02 
1161.000  3.8273511800e-01  2.2936746600e-02 
1162.000  4.0301105900e-01  2.4598329540e-02 
1163.000  4.1255124000e-01  2.5707643510e-02 
1164.000  4.0599261300e-01  2.5410243990e-02 
1165.000  4.1432920100e-01  2.6016504290e-02 
1166.000  4.0513522100e-01  2.5571849820e-02 
1167.000  4.1266445500e-01  2.6132568360e-02 
1168.000  4.1587327500e-01  2.6317352290e-02 
1169.000  4.0255677500e-01  2.5557525630e-02 
1170.000  4.1438858500e-01  2.6383338930e-02 
1171.000  4.1905057300e-01  2.6856632230e-02 
1172.000  4.1611192100e-01  2.6574731830e-02 
1173.000  4.1161759400e-01  2.6200315480e-02 
1174.000  4.1192029200e-01  2.6230045320e-02 
1175.000  4.1136180800e-01  2.6456848140e-02 
1176.000  4.0524626800e-01  2.6303806300e-02 
1177.000  4.1591386500e-01  2.6883497240e-02 
1178.000  4.0515960000e-01  2.5963190080e-02 
1179.000  4.0335095600e-01  2.5851791380e-02 
1180.000  4.0766006200e-01  2.6048770900e-02 
1181.000  4.0206101300e-01  2.5482963560e-02 
1182.000  3.9906591800e-01  2.5086130140e-02 
1183.000  3.7630303800e-01  2.3677261350e-02 
1184.000  3.9524524400e-01  2.4984874730e-02 
1185.000  4.0537294900e-01  2.5918945310e-02 
1186.000  4.0152042900e-01  2.5584081650e-02 
1187.000  3.9667085300e-01  2.4981225970e-02 
1188.000  3.9348985100e-01  2.4705841060e-02 
1189.000  3.7338412700e-01  2.3600677490e-02 
1190.000  3.9945833600e-01  2.5694248200e-02 
1191.000  4.0799938400e-01  2.6368104930e-02 
1192.000  4.0906499200e-01  2.6626777650e-02 
1193.000  4.0851086500e-01  2.6524354930e-02 
1194.000  4.0723420500e-01  2.6413999560e-02 
1195.000  3.9944912900e-01  2.5720415120e-02 
1196.000  3.9963951300e-01  2.5768451690e-02 
1197.000  3.9796734400e-01  2.5573472980e-02 
1198.000  3.8426182800e-01  2.4679676060e-02 
1199.000  3.6814861700e-01  2.3542387010e-02 
1200.000  3.9246417200e-01  2.5169652940e-02 
1201.000  3.9571816400e-01  2.5415208820e-02 
1202.000  3.9662639500e-01  2.5529899600e-02 
1203.000  3.7621966400e-01  2.4185060500e-02 
1204.000  3.8306493200e-01  2.4690279010e-02 
1205.000  3.9722705400e-01  2.5939514160e-02 
1206.000  3.9727132100e-01  2.6095750810e-02 
1207.000  4.0094572500e-01  2.6400556560e-02 
1208.000  3.9438754700e-01  2.5916927340e-02 
1209.000  3.6862079100e-01  2.4145586010e-02 
1210.000  3.9242805400e-01  2.5564605710e-02 
1211.000  3.7903422100e-01  2.4678256990e-02 
1212.000  3.9145820400e-01  2.5531997680e-02 
1213.000  3.9504703100e-01  2.5909646990e-02 
1214.000  3.9298691700e-01  2.5767288210e-02 
1215.000  3.9506310600e-01  2.5966978070e-02 
1216.000  3.9682467600e-01  2.6314828870e-02 
1217.000  3.9842889600e-01  2.6621738430e-02 
1218.000  3.9800480600e-01  2.6691843030e-02 
1219.000  3.9477700500e-01  2.6535823820e-02 
1220.000  3.9751023100e-01  2.6717559810e-02 
1221.000  3.9703674000e-01  2.6698699950e-02 
1222.000  3.9502297600e-01  2.6564075470e-02 
1223.000  3.9335913000e-01  2.6487409590e-02 
1224.000  3.9788019800e-01  2.6923334120e-02 
1225.000  3.9600601800e-01  2.6837032320e-02 
1226.000  3.9780533600e-01  2.7012886050e-02 
1227.000  3.8498844000e-01  2.6218986510e-02 
1228.000  3.9783461200e-01  2.7189592360e-02 
1229.000  3.9798068000e-01  2.7271833420e-02 
1230.000  3.9728327300e-01  2.7306402210e-02 
1231.000  3.9765256200e-01  2.7381916050e-02 
1232.000  3.9330477800e-01  2.7107181550e-02 
1233.000  3.9648345200e-01  2.7344848630e-02 
1234.000  3.9614806600e-01  2.7424623490e-02 
1235.000  3.9370632300e-01  2.7293231960e-02 
1236.000  3.9620011300e-01  2.7491779330e-02 
1237.000  3.9644992900e-01  2.7545724870e-02 
1238.000  3.9629370200e-01  2.7551734920e-02 
1239.000  3.9182341600e-01  2.7252195360e-02 
1240.000  3.9005037700e-01  2.7164463040e-02 
1241.000  3.9345739000e-01  2.7431173320e-02 
1242.000  3.9106734300e-01  2.7290552140e-02 
1243.000  3.8661926600e-01  2.7007171630e-02 
1244.000  3.8298577300e-01  2.6769397740e-02 
1245.000  3.8945652300e-01  2.7236440660e-02 
1246.000  3.8630335400e-01  2.6985164640e-02 
1247.000  3.8422417400e-01  2.6807928090e-02 
1248.000  3.8703325300e-01  2.6972042080e-02 
1249.000  3.8553122200e-01  2.6845952990e-02 
1250.000  3.8385630800e-01  2.6699226380e-02 
1251.000  3.8103201100e-01  2.6481290820e-02 
1252.000  3.7959826900e-01  2.6350976940e-02 
1253.000  3.7615106500e-01  2.6078268050e-02 
1254.000  3.7651266200e-01  2.6038185120e-02 
1255.000  3.7543240200e-01  2.5922372820e-02 
1256.000  3.7424038100e-01  2.5808874130e-02 
1257.000  3.6940010100e-01  2.5407289510e-02 
1258.000  3.6948477500e-01  2.5293592450e-02 
1259.000  3.6426092300e-01  2.4837713240e-02 
1260.000  3.6339989300e-01  2.4670005800e-02 
1261.000  3.6118927100e-01  2.4410017010e-02 
1262.000  3.5017647700e-01  2.3510301590e-02 
1263.000  3.5315391800e-01  2.3688913350e-02 
1264.000  3.4682169300e-01  2.3261793140e-02 
1265.000  3.4714535400e-01  2.3292375560e-02 
1266.000  3.4800676200e-01  2.3313648220e-02 
1267.000  3.3994272700e-01  2.2738431930e-02 
1268.000  3.3486447700e-01  2.2363330840e-02 
1269.000  3.3721655100e-01  2.2505748750e-02 
1270.000  3.4538366800e-01  2.3172117230e-02 
1271.000  3.4929686900e-01  2.3484155650e-02 
1272.000  3.4987968000e-01  2.3581987380e-02 
1273.000  3.5103701000e-01  2.3734947200e-02 
1274.000  3.5073352500e-01  2.3800790790e-02 
1275.000  3.5366884800e-01  2.4025756840e-02 
1276.000  3.5475067800e-01  2.4099681850e-02 
1277.000  3.5479189300e-01  2.4081546780e-02 
1278.000  3.5410434100e-01  2.4004543300e-02 
1279.000  3.5208237200e-01  2.3876192090e-02 
1280.000  3.5098290600e-01  2.3890344620e-02 
1281.000  3.4191334200e-01  2.3356342320e-02 
1282.000  3.0438510600e-01  2.0867742540e-02 
1283.000  3.3457226100e-01  2.2981843950e-02 
1284.000  3.4844231800e-01  2.3955057140e-02 
1285.000  3.5127907100e-01  2.4165819170e-02 
1286.000  3.5073845400e-01  2.4080705640e-02 
1287.000  3.5201070200e-01  2.4087312700e-02 
1288.000  3.4653571100e-01  2.3449729920e-02 
1289.000  3.4758840000e-01  2.3438049320e-02 
1290.000  3.3947850400e-01  2.2870815280e-02 
1291.000  3.4470587300e-01  2.3223571780e-02 
1292.000  3.4757259300e-01  2.3476253510e-02 
1293.000  3.4801163300e-01  2.3476478580e-02 
1294.000  3.4107972700e-01  2.2860839840e-02 
1295.000  3.4243018100e-01  2.2752407070e-02 
1296.000  3.4024589800e-01  2.2426836010e-02 
1297.000  3.3615641300e-01  2.2028718950e-02 
1298.000  3.3297175700e-01  2.1806377410e-02 
1299.000  3.3619381800e-01  2.2002277370e-02 
1300.000  3.3450535500e-01  2.1876541140e-02 
1301.000  3.3352593700e-01  2.1771667480e-02 
1302.000  3.2785599800e-01  2.1283168790e-02 
1303.000  3.2189426000e-01  2.0611665730e-02 
1304.000  3.2052694400e-01  2.0391927720e-02 
1305.000  3.2177946900e-01  2.0407964710e-02 
1306.000  3.2156103100e-01  2.0325302120e-02 
1307.000  3.1955220100e-01  2.0132886890e-02 
1308.000  3.1658745300e-01  1.9778856280e-02 
1309.000  3.1266135500e-01  1.9311538700e-02 
1310.000  3.1094211200e-01  1.9187999730e-02 
1311.000  3.1008829700e-01  1.9133790970e-02 
1312.000  3.0466882900e-01  1.8550664900e-02 
1313.000  2.8858376300e-01  1.7294620510e-02 
1314.000  2.9310472900e-01  1.7312864300e-02 
1315.000  2.8533541700e-01  1.6963199620e-02 
1316.000  2.9530258000e-01  1.7725852970e-02 
1317.000  2.9830549700e-01  1.7897237780e-02 
1318.000  2.8892671300e-01  1.7037548070e-02 
1319.000  2.8529429600e-01  1.6429651260e-02 
1320.000  2.7459819600e-01  1.5368403430e-02 
1321.000  2.7007265500e-01  1.4935081480e-02 
1322.000  2.7513406200e-01  1.5487783430e-02 
1323.000  2.8201231500e-01  1.6160697940e-02 
1324.000  2.8526867300e-01  1.6501926420e-02 
1325.000  2.8289188800e-01  1.6251596450e-02 
1326.000  2.7582422800e-01  1.5558260920e-02 
1327.000  2.6131692500e-01  1.4101296420e-02 
1328.000  2.4821507600e-01  1.2686041830e-02 
1329.000  2.1416941600e-01  9.8912525180e-03 
1330.000  2.0813500600e-01  9.2514257430e-03 
1331.000  2.0265399700e-01  8.7867736820e-03 
1332.000  2.0045836400e-01  8.7502622600e-03 
1333.000  2.1146362500e-01  9.4292850490e-03 
1334.000  2.1987603000e-01  1.0082867620e-02 
1335.000  2.2581625800e-01  1.0568047520e-02 
1336.000  2.2570842500e-01  1.0637671470e-02 
1337.000  2.2826343700e-01  1.0785604480e-02 
1338.000  2.3201262200e-01  1.1128907200e-02 
1339.000  2.3252633200e-01  1.1205304150e-02 
1340.000  2.3414468400e-01  1.1429965020e-02 
1341.000  2.3810265400e-01  1.1496880530e-02 
1342.000  2.3800603100e-01  1.1504400250e-02 
1343.000  2.2898558800e-01  1.0484656330e-02 
1344.000  2.1514396700e-01  9.2610349660e-03 
1345.000  1.7801855100e-01  6.5842542650e-03 
1346.000  1.5185720700e-01  4.9168362620e-03 
1347.000  1.3469622100e-01  4.0017905240e-03 
1348.000  1.1167128100e-01  2.7903196810e-03 
1349.000  1.0156974700e-01  2.3647043700e-03 
1350.000  7.9119455900e-02  1.4615321160e-03 
1351.000  6.8304684200e-02  1.1292401550e-03 
1352.000  5.2245302000e-02  6.7039132120e-04 
1353.000  3.7031173300e-02  3.6803936960e-04 
1354.000  2.9609881200e-02  2.4609714750e-04 
1355.000  2.2989600500e-02  1.5790335830e-04 
1356.000  1.7384917200e-02  9.6171855930e-05 
1357.000  1.1883074770e-02  4.8495706170e-05 
1358.000  8.7943008300e-03  2.9624162240e-05 
1359.000  4.6371897900e-03  1.0057693350e-05 
1360.000  3.0667192400e-03  5.2874870600e-06 
1361.000  2.2822901500e-03  3.1469701790e-06 
1362.000  2.1000785500e-03  2.7686303950e-06 
1363.000  3.0298718100e-03  4.8357746560e-06 
1364.000  3.5132260700e-03  6.0584507880e-06 
1365.000  3.6785380500e-03  6.3947597520e-06 
1366.000  4.2480985300e-03  7.9917116090e-06 
1367.000  3.5684709500e-03  6.2623764390e-06 
1368.000  3.1641443500e-03  5.4148305210e-06 
1369.000  3.2446885400e-03  5.6993439790e-06 
1370.000  5.3662024900e-03  1.3241052630e-05 
1371.000  9.5567395900e-03  3.3215805890e-05 
1372.000  1.7696152000e-02  9.1928303240e-05 
1373.000  2.5103433800e-02  1.6239212450e-04 
1374.000  3.0483395500e-02  2.2484533490e-04 
1375.000  3.2500632100e-02  2.5264266130e-04 
1376.000  3.0145694200e-02  2.2422732410e-04 
1377.000  2.6837184800e-02  1.8333303930e-04 
1378.000  2.0455539800e-02  1.1695761980e-04 
1379.000  1.4046694450e-02  6.3157588240e-05 
1380.000  7.9668927200e-03  2.5216009470e-05 
1381.000  4.6085463100e-03  1.0511456990e-05 
1382.000  3.2226940600e-03  5.9319115240e-06 
1383.000  3.1180831900e-03  5.5448156780e-06 
1384.000  5.0718353300e-03  1.1984906160e-05 
1385.000  7.2001142700e-03  2.1044308320e-05 
1386.000  1.0997422030e-02  4.1583079840e-05 
1387.000  2.0206222700e-02  1.1469665910e-04 
1388.000  2.6781493800e-02  1.8038879330e-04 
1389.000  3.0763818100e-02  2.3020517830e-04 
1390.000  3.1403131300e-02  2.4089170990e-04 
1391.000  2.9315219000e-02  2.1457955240e-04 
1392.000  2.2163594200e-02  1.3582000140e-04 
1393.000  1.6942337500e-02  8.8618703190e-05 
1394.000  1.2979772590e-02  5.7869963350e-05 
1395.000  1.4631299500e-02  7.0284165440e-05 
1396.000  2.0077356000e-02  1.1651546510e-04 
1397.000  2.5909671700e-02  1.7779035870e-04 
1398.000  2.6682464900e-02  1.8617184460e-04 
1399.000  2.4913527400e-02  1.6904389860e-04 
1400.000  2.3296270500e-02  1.5381273630e-04 
1401.000  2.4765118800e-02  1.7312617600e-04 
1402.000  3.0701999600e-02  2.4261157210e-04 
1403.000  3.5348311300e-02  3.1590259080e-04 
1404.000  3.3248266600e-02  2.8494644170e-04 
1405.000  3.4826789800e-02  3.1602168080e-04 
1406.000  3.2294252000e-02  2.7718824150e-04 
1407.000  3.3492326100e-02  3.0362150070e-04 
1408.000  4.0142818400e-02  4.0902021530e-04 
1409.000  4.7056385300e-02  5.4410493370e-04 
1410.000  5.7713943700e-02  7.6781076190e-04 
1411.000  6.8647989700e-02  1.0600672960e-03 
1412.000  6.6321847200e-02  1.0249640940e-03 
1413.000  7.3146471200e-02  1.2299634220e-03 
1414.000  7.2117558100e-02  1.1829643250e-03 
1415.000  7.9724430600e-02  1.4458019730e-03 
1416.000  8.5657782700e-02  1.6410763260e-03 
1417.000  8.7863025800e-02  1.7338978050e-03 
1418.000  8.8645989500e-02  1.7548569440e-03 
1419.000  8.8461271900e-02  1.7860513930e-03 
1420.000  9.0562094400e-02  1.8594614270e-03 
1421.000  1.0185432430e-01  2.2882339950e-03 
1422.000  1.0427694750e-01  2.4227237700e-03 
1423.000  1.0543964350e-01  2.4999442100e-03 
1424.000  1.0508138760e-01  2.4793007370e-03 
1425.000  1.0388871360e-01  2.4062151910e-03 
1426.000  1.0016315640e-01  2.3248217110e-03 
1427.000  1.0609240170e-01  2.5498516560e-03 
1428.000  1.1205389060e-01  2.7597982880e-03 
1429.000  1.1365480620e-01  2.8880307670e-03 
1430.000  1.1089111830e-01  2.8208231930e-03 
1431.000  1.0330935450e-01  2.5143449310e-03 
1432.000  1.0101543320e-01  2.3900382520e-03 
1433.000  1.0073079130e-01  2.3768980500e-03 
1434.000  9.6079547100e-02  2.2155599590e-03 
1435.000  1.0314938470e-01  2.4878098960e-03 
1436.000  1.0571778500e-01  2.5972669120e-03 
1437.000  1.0740279010e-01  2.6639673710e-03 
1438.000  1.1386454400e-01  2.9532904620e-03 
1439.000  1.1596583370e-01  3.0200014110e-03 
1440.000  1.1119284270e-01  2.9353930950e-03 
1441.000  1.1809897080e-01  3.1409206390e-03 
1442.000  1.1328425530e-01  2.9704639910e-03 
1443.000  1.1532035430e-01  3.0310037140e-03 
1444.000  1.1792000420e-01  3.1381218430e-03 
1445.000  1.1815603350e-01  3.1563158040e-03 
1446.000  1.2367179450e-01  3.3882772920e-03 
1447.000  1.2705138000e-01  3.5603225230e-03 
1448.000  1.2849929900e-01  3.6166515350e-03 
1449.000  1.2597668920e-01  3.4962425230e-03 
1450.000  1.2046474030e-01  3.2684648040e-03 
1451.000  1.2181332700e-01  3.3469731810e-03 
1452.000  1.2714369800e-01  3.6516249180e-03 
1453.000  1.4167482000e-01  4.3305039410e-03 
1454.000  1.5416271900e-01  5.0126461980e-03 
1455.000  1.6013490100e-01  5.4050335880e-03 
1456.000  1.6723678200e-01  5.8553237920e-03 
1457.000  1.6992643000e-01  5.9823980330e-03 
1458.000  1.7324971400e-01  6.1474757190e-03 
1459.000  1.6838309000e-01  5.8329234120e-03 
1460.000  1.6070806300e-01  5.4519243240e-03 
1461.000  1.5762560900e-01  5.2895874980e-03 
1462.000  1.4913908900e-01  4.8452806470e-03 
1463.000  1.4815030800e-01  4.8217282300e-03 
1464.000  1.4623688100e-01  4.7176342010e-03 
1465.000  1.4299295900e-01  4.5035133360e-03 
1466.000  1.3326651900e-01  4.0706558230e-03 
1467.000  1.3230043400e-01  3.9527070520e-03 
1468.000  1.2415988170e-01  3.6178557870e-03 
1469.000  1.1778066100e-01  3.2856009010e-03 
1470.000  1.1437000090e-01  3.1429839130e-03 
1471.000  1.2136860910e-01  3.5310854910e-03 
1472.000  1.3364595100e-01  4.1527638440e-03 
1473.000  1.5018989600e-01  5.0522928240e-03 
1474.000  1.5742378600e-01  5.6108360290e-03 
1475.000  1.6022274600e-01  5.7262129780e-03 
1476.000  1.6048336600e-01  5.7505054470e-03 
1477.000  1.5704374600e-01  5.5516705510e-03 
1478.000  1.5090269300e-01  5.2651062010e-03 
1479.000  1.4791024900e-01  5.0565485950e-03 
1480.000  1.5099082200e-01  5.2583274840e-03 
1481.000  1.5381293300e-01  5.5039677620e-03 
1482.000  1.6076043200e-01  5.9306950570e-03 
1483.000  1.5898158800e-01  5.9231553080e-03 
1484.000  1.6001225200e-01  5.9892134670e-03 
1485.000  1.6231273300e-01  6.0686354640e-03 
1486.000  1.6368462500e-01  6.2875304220e-03 
1487.000  1.7370258100e-01  7.0158162120e-03 
1488.000  1.5222518000e-01  6.1941909790e-03 
1489.000  1.8680450200e-01  8.1063289640e-03 
1490.000  1.9763336600e-01  9.0498075490e-03 
1491.000  2.0469298100e-01  9.6565980910e-03 
1492.000  2.0098123100e-01  9.5538167950e-03 
1493.000  2.0840821300e-01  1.0097746850e-02 
1494.000  2.0810499300e-01  1.0132539750e-02 
1495.000  2.0982667500e-01  1.0406592370e-02 
1496.000  2.0946211100e-01  1.0667763710e-02 
1497.000  2.1456918600e-01  1.0970710750e-02 
1498.000  2.2164650800e-01  1.1594000820e-02 
1499.000  2.2263373700e-01  1.1894777300e-02 
1500.000  2.2949832200e-01  1.2459682460e-02 
1501.000  2.2819265500e-01  1.2353399280e-02 
1502.000  2.2451210400e-01  1.2090140340e-02 
1503.000  2.0056223700e-01  1.0762104030e-02 
1504.000  2.0989265900e-01  1.1335207940e-02 
1505.000  2.1251361100e-01  1.1672126770e-02 
1506.000  2.1544444600e-01  1.1879424100e-02 
1507.000  2.2825623800e-01  1.2777197840e-02 
1508.000  2.2624877600e-01  1.2783459660e-02 
1509.000  2.2877123200e-01  1.3055485730e-02 
1510.000  2.3287003900e-01  1.3359218600e-02 
1511.000  2.3501548700e-01  1.3584009170e-02 
1512.000  2.3133079800e-01  1.3443934440e-02 
1513.000  2.3124086200e-01  1.3498002050e-02 
1514.000  2.2807523700e-01  1.3347216610e-02 
1515.000  2.3337838200e-01  1.3721939090e-02 
1516.000  2.3147236600e-01  1.3625449180e-02 
1517.000  2.3085106900e-01  1.3628232000e-02 
1518.000  2.3657001000e-01  1.4051618580e-02 
1519.000  2.3478745900e-01  1.4043066980e-02 
1520.000  2.3838434400e-01  1.4409861560e-02 
1521.000  2.3499569400e-01  1.4323348050e-02 
1522.000  2.3363646100e-01  1.4287950520e-02 
1523.000  2.3966078200e-01  1.4728176120e-02 
1524.000  2.3757760100e-01  1.4623711590e-02 
1525.000  2.3184421000e-01  1.4282271390e-02 
1526.000  2.3847698600e-01  1.4701797490e-02 
1527.000  2.3636429800e-01  1.4609733580e-02 
1528.000  2.3846346300e-01  1.4791149140e-02 
1529.000  2.3771719100e-01  1.4746587750e-02 
1530.000  2.2286885000e-01  1.3868038180e-02 
1531.000  2.3850572700e-01  1.4864353180e-02 
1532.000  2.3736868200e-01  1.4821022990e-02 
1533.000  2.3640723900e-01  1.4770607950e-02 
1534.000  2.3293007600e-01  1.4559119220e-02 
1535.000  2.3391678600e-01  1.4626758580e-02 
1536.000  2.3704827700e-01  1.4861099240e-02 
1537.000  2.3798423000e-01  1.4978528980e-02 
1538.000  2.3165973000e-01  1.4641789440e-02 
1539.000  2.3667284800e-01  1.5017907140e-02 
1540.000  2.2812710000e-01  1.4521419530e-02 
1541.000  2.3293784900e-01  1.4846384050e-02 
1542.000  2.3432405300e-01  1.4943952560e-02 
1543.000  2.3368623500e-01  1.4921308520e-02 
1544.000  2.3668762200e-01  1.5137199400e-02 
1545.000  2.3759500100e-01  1.5231936450e-02 
1546.000  2.3781322700e-01  1.5290102960e-02 
1547.000  2.3550372400e-01  1.5182067870e-02 
1548.000  2.2854758500e-01  1.4768441200e-02 
1549.000  2.3440524500e-01  1.5171066280e-02 
1550.000  2.3308803000e-01  1.5105857850e-02 
1551.000  2.3186077600e-01  1.5029121400e-02 
1552.000  2.3581278700e-01  1.5281883240e-02 
1553.000  2.3457978400e-01  1.5205624580e-02 
1554.000  2.2598464900e-01  1.4644592290e-02 
1555.000  2.2975534400e-01  1.4896919250e-02 
1556.000  2.2536881400e-01  1.4641683580e-02 
1557.000  2.3274791700e-01  1.5169456480e-02 
1558.000  2.3090561400e-01  1.5086605070e-02 
1559.000  2.3092386600e-01  1.5122520450e-02 
1560.000  2.2693610900e-01  1.4903217320e-02 
1561.000  2.3223254500e-01  1.5262865070e-02 
1562.000  2.3212484500e-01  1.5238979340e-02 
1563.000  2.2865590700e-01  1.5003320690e-02 
1564.000  2.2399916100e-01  1.4682067870e-02 
1565.000  2.2725130000e-01  1.4874357220e-02 
1566.000  2.2294539100e-01  1.4603812220e-02 
1567.000  2.2258892700e-01  1.4581918720e-02 
1568.000  2.1743725800e-01  1.4233418460e-02 
1569.000  2.1761998400e-01  1.4229452130e-02 
1570.000  2.1156715000e-01  1.3829813960e-02 
1571.000  2.1723596300e-01  1.4224493030e-02 
1572.000  2.1707033500e-01  1.4224809650e-02 
1573.000  2.1377310500e-01  1.4039128300e-02 
1574.000  2.1461541000e-01  1.4133353230e-02 
1575.000  1.9939739200e-01  1.3159515380e-02 
1576.000  2.1421871400e-01  1.4145134930e-02 
1577.000  1.9350597300e-01  1.2762961390e-02 
1578.000  2.1184763500e-01  1.3956687930e-02 
1579.000  2.1316980900e-01  1.4033971790e-02 
1580.000  2.1771679900e-01  1.4333930020e-02 
1581.000  2.1627289300e-01  1.4225921630e-02 
1582.000  2.1212371900e-01  1.3989860530e-02 
1583.000  2.1492700900e-01  1.4209627150e-02 
1584.000  2.1319486300e-01  1.4131643300e-02 
1585.000  2.1963906500e-01  1.4589027400e-02 
1586.000  2.1688048400e-01  1.4421267510e-02 
1587.000  2.1461941700e-01  1.4301808360e-02 
1588.000  2.1147082400e-01  1.4120288850e-02 
1589.000  1.9347406000e-01  1.2930219650e-02 
1590.000  2.0843905700e-01  1.3940873150e-02 
1591.000  2.0376922000e-01  1.3641863820e-02 
1592.000  2.1443950400e-01  1.4359342580e-02 
1593.000  2.1905389400e-01  1.4666860580e-02 
1594.000  2.1717986300e-01  1.4541313170e-02 
1595.000  2.1815342400e-01  1.4608953480e-02 
1596.000  2.0435162500e-01  1.3699805260e-02 
1597.000  2.1193945300e-01  1.4205467220e-02 
1598.000  2.1485431200e-01  1.4390757560e-02 
1599.000  2.0642142200e-01  1.3810096740e-02 
1600.000  2.0887368800e-01  1.3963888170e-02 
1601.000  2.0008065200e-01  1.3391283990e-02 
1602.000  2.0494603500e-01  1.3746217730e-02 
1603.000  2.0371852900e-01  1.3710351940e-02 
1604.000  2.0676149400e-01  1.3966616630e-02 
1605.000  2.0370435600e-01  1.3790992740e-02 
1606.000  2.0306591300e-01  1.3781904220e-02 
1607.000  2.0375313000e-01  1.3806564330e-02 
1608.000  2.0594666600e-01  1.3933902740e-02 
1609.000  2.0515472100e-01  1.3867454530e-02 
1610.000  1.9249971800e-01  1.3002428050e-02 
1611.000  1.9864337800e-01  1.3426816940e-02 
1612.000  2.0110983900e-01  1.3603640560e-02 
1613.000  2.0612656300e-01  1.3952277180e-02 
1614.000  2.0410296700e-01  1.3800544740e-02 
1615.000  2.0787203400e-01  1.4059236530e-02 
1616.000  1.9515834000e-01  1.3198509220e-02 
1617.000  2.0125914800e-01  1.3654316900e-02 
1618.000  2.0752971900e-01  1.4102047920e-02 
1619.000  2.0724870800e-01  1.4127057080e-02 
1620.000  2.0235916400e-01  1.3836586000e-02 
1621.000  1.9963344500e-01  1.3685071950e-02 
1622.000  2.0465773300e-01  1.4036953930e-02 
1623.000  2.0893630400e-01  1.4347263340e-02 
1624.000  2.1046360900e-01  1.4463709830e-02 
1625.000  2.0545052100e-01  1.4151254650e-02 
1626.000  2.0775091600e-01  1.4296309470e-02 
1627.000  2.0751251700e-01  1.4298856740e-02 
1628.000  2.0908946300e-01  1.4414379120e-02 
1629.000  2.0895344000e-01  1.4409372330e-02 
1630.000  2.0309372000e-01  1.4003300670e-02 
1631.000  2.0626978100e-01  1.4231886860e-02 
1632.000  2.0609780900e-01  1.4182298660e-02 
1633.000  2.0337855100e-01  1.3965209960e-02 
1634.000  1.9841924000e-01  1.3596337320e-02 
1635.000  2.0373820400e-01  1.3939257620e-02 
1636.000  2.0297344400e-01  1.3860858920e-02 
1637.000  1.9366686100e-01  1.3199821470e-02 
1638.000  1.9225155500e-01  1.3086385730e-02 
1639.000  1.8997005300e-01  1.2898091320e-02 
1640.000  1.9091588600e-01  1.2939574240e-02 
1641.000  1.8955297200e-01  1.2830057140e-02 
1642.000  1.8931576300e-01  1.2861306190e-02 
1643.000  1.9411357300e-01  1.3227401730e-02 
1644.000  1.9104323200e-01  1.3054888730e-02 
1645.000  1.9134245800e-01  1.3107288360e-02 
1646.000  1.9364168700e-01  1.3304212570e-02 
1647.000  1.9544192900e-01  1.3428597450e-02 
1648.000  1.9455844100e-01  1.3359004970e-02 
1649.000  1.9008874200e-01  1.3050276760e-02 
1650.000  1.9490515200e-01  1.3382895470e-02 
1651.000  1.9055400800e-01  1.3082533840e-02 
1652.000  1.9434255800e-01  1.3334965710e-02 
1653.000  1.9234211900e-01  1.3205656050e-02 
1654.000  1.9449967600e-01  1.3357090000e-02 
1655.000  1.9081544600e-01  1.3115561490e-02 
1656.000  1.9463579700e-01  1.3387688640e-02 
1657.000  1.9322333300e-01  1.3290653230e-02 
1658.000  1.9444231300e-01  1.3386087420e-02 
1659.000  1.9090546200e-01  1.3144771580e-02 
1660.000  1.9311186800e-01  1.3289701460e-02 
1661.000  1.9386727500e-01  1.3330313680e-02 
1662.000  1.9240927100e-01  1.3189717290e-02 
1663.000  1.9113520700e-01  1.3072566990e-02 
1664.000  1.9024451900e-01  1.2981051450e-02 
1665.000  1.8830320900e-01  1.2813889500e-02 
1666.000  1.8753411800e-01  1.2764103890e-02 
1667.000  1.8944901700e-01  1.2942111020e-02 
1668.000  1.8623926600e-01  1.2748429300e-02 
1669.000  1.8676438400e-01  1.2816873550e-02 
1670.000  1.9096368500e-01  1.3141443250e-02 
1671.000  1.8956745300e-01  1.3072583200e-02 
1672.000  1.8058846000e-01  1.2489636420e-02 
1673.000  1.8574692200e-01  1.2869755740e-02 
1674.000  1.8649702900e-01  1.2950171470e-02 
1675.000  1.8476682800e-01  1.2866855620e-02 
1676.000  1.8177874000e-01  1.2668589590e-02 
1677.000  1.8270787000e-01  1.2733849530e-02 
1678.000  1.8372126300e-01  1.2811467170e-02 
1679.000  1.8127984600e-01  1.2637847900e-02 
1680.000  1.7506593700e-01  1.2211437230e-02 
1681.000  1.6899890600e-01  1.1791376110e-02 
1682.000  1.7387950800e-01  1.2130090710e-02 
1683.000  1.7816857000e-01  1.2422806740e-02 
1684.000  1.8146137100e-01  1.2646424290e-02 
1685.000  1.8198110900e-01  1.2662540440e-02 
1686.000  1.7978557900e-01  1.2500911710e-02 
1687.000  1.8048170800e-01  1.2508984570e-02 
1688.000  1.8057476600e-01  1.2481051450e-02 
1689.000  1.7839638700e-01  1.2318696020e-02 
1690.000  1.7825160300e-01  1.2270825390e-02 
1691.000  1.8055772100e-01  1.2432604790e-02 
1692.000  1.8088343800e-01  1.2465018270e-02 
1693.000  1.8024508800e-01  1.2435461040e-02 
1694.000  1.7997588800e-01  1.2426954270e-02 
1695.000  1.8002160200e-01  1.2423905370e-02 
1696.000  1.7896829000e-01  1.2327149390e-02 
1697.000  1.7784297700e-01  1.2212633130e-02 
1698.000  1.7889785400e-01  1.2252730370e-02 
1699.000  1.7774209800e-01  1.2146778110e-02 
1700.000  1.7549156300e-01  1.1967972760e-02 
