 lambda   Irr_dw            Rad_up 
 550.000  1.5487787000e+00  2.2029888920e-01 
 551.000  1.5384533000e+00  2.1879386900e-01 
 552.000  1.6040355000e+00  2.2813197330e-01 
 553.000  1.5405652000e+00  2.1905667110e-01 
 554.000  1.5902668000e+00  2.2612341310e-01 
 555.000  1.5941285000e+00  2.2660908510e-01 
 556.000  1.5496194000e+00  2.2022088620e-01 
 557.000  1.5031192000e+00  2.1361515810e-01 
 558.000  1.5596914000e+00  2.2159342960e-01 
 559.000  1.4737719000e+00  2.0935078430e-01 
 560.000  1.4797917000e+00  2.1020005800e-01 
 561.000  1.6258687000e+00  2.3088055420e-01 
 562.000  1.4919855000e+00  2.1182220460e-01 
 563.000  1.5605129000e+00  2.2148204040e-01 
 564.000  1.5381253000e+00  2.1819912720e-01 
 565.000  1.5560136000e+00  2.2069139100e-01 
 566.000  1.4342490000e+00  2.0336053470e-01 
 567.000  1.5380179000e+00  2.1785122680e-01 
 568.000  1.5333330000e+00  2.1648527530e-01 
 569.000  1.5013703000e+00  2.1047393800e-01 
 570.000  1.5090481000e+00  2.1175808720e-01 
 571.000  1.4559978000e+00  2.0533128360e-01 
 572.000  1.5378918000e+00  2.1586369320e-01 
 573.000  1.5540843000e+00  2.1841886900e-01 
 574.000  1.5453463000e+00  2.1724211120e-01 
 575.000  1.5072582000e+00  2.1178170780e-01 
 576.000  1.4796635000e+00  2.0785150150e-01 
 577.000  1.5410224000e+00  2.1669964600e-01 
 578.000  1.4961367000e+00  2.1078352360e-01 
 579.000  1.4846899000e+00  2.0935443120e-01 
 580.000  1.5357732000e+00  2.1673869320e-01 
 581.000  1.5080509000e+00  2.1308407590e-01 
 582.000  1.5305466000e+00  2.1631320190e-01 
 583.000  1.5410155000e+00  2.1782238770e-01 
 584.000  1.5359266000e+00  2.1704090880e-01 
 585.000  1.5256064000e+00  2.1551097110e-01 
 586.000  1.4598509000e+00  2.0620367430e-01 
 587.000  1.5165513000e+00  2.1360670470e-01 
 588.000  1.5000077000e+00  2.0920947270e-01 
 589.000  1.3289521000e+00  1.8272361760e-01 
 590.000  1.3874357000e+00  1.9059060670e-01 
 591.000  1.4745000000e+00  2.0441313170e-01 
 592.000  1.4459245000e+00  1.9937483220e-01 
 593.000  1.4614608000e+00  2.0365306090e-01 
 594.000  1.4745765000e+00  2.0496421810e-01 
 595.000  1.4459766000e+00  1.9943080140e-01 
 596.000  1.4821087000e+00  2.0663352970e-01 
 597.000  1.4863674000e+00  2.0668975830e-01 
 598.000  1.4560340000e+00  2.0340390010e-01 
 599.000  1.4564128000e+00  2.0384307860e-01 
 600.000  1.4568560000e+00  2.0477366640e-01 
 601.000  1.4487202000e+00  2.0425354000e-01 
 602.000  1.4328681000e+00  2.0220242310e-01 
 603.000  1.4414994000e+00  2.0364248660e-01 
 604.000  1.4871331000e+00  2.1028417970e-01 
 605.000  1.4832751000e+00  2.0975109860e-01 
 606.000  1.4660082000e+00  2.0735804750e-01 
 607.000  1.4576866000e+00  2.0617063900e-01 
 608.000  1.4522568000e+00  2.0536985780e-01 
 609.000  1.4372694000e+00  2.0325683590e-01 
 610.000  1.4141700000e+00  1.9995767210e-01 
 611.000  1.4370463000e+00  2.0319197080e-01 
 612.000  1.4182525000e+00  2.0053932190e-01 
 613.000  1.3974487000e+00  1.9757171630e-01 
 614.000  1.3464353000e+00  1.9037091060e-01 
 615.000  1.4113886000e+00  1.9950941470e-01 
 616.000  1.3418781000e+00  1.8969729610e-01 
 617.000  1.3493781000e+00  1.9075257870e-01 
 618.000  1.4129603000e+00  1.9967926030e-01 
 619.000  1.3999340000e+00  1.9785496520e-01 
 620.000  1.4205302000e+00  2.0069854740e-01 
 621.000  1.4448671000e+00  2.0411442570e-01 
 622.000  1.3685722000e+00  1.9328643800e-01 
 623.000  1.3791470000e+00  1.9467797850e-01 
 624.000  1.3805347000e+00  1.9487863160e-01 
 625.000  1.3430546000e+00  1.8955596920e-01 
 626.000  1.3497532000e+00  1.9031935120e-01 
 627.000  1.3720718000e+00  1.9272689820e-01 
 628.000  1.3530262000e+00  1.8867044070e-01 
 629.000  1.3872468000e+00  1.9392875670e-01 
 630.000  1.3412651000e+00  1.8812860110e-01 
 631.000  1.3905464000e+00  1.9524647520e-01 
 632.000  1.2951118000e+00  1.8127484130e-01 
 633.000  1.3903551000e+00  1.9532398990e-01 
 634.000  1.3486160000e+00  1.8968258670e-01 
 635.000  1.3732325000e+00  1.9312876890e-01 
 636.000  1.3248459000e+00  1.8644908140e-01 
 637.000  1.3685433000e+00  1.9267889400e-01 
 638.000  1.3898920000e+00  1.9601498410e-01 
 639.000  1.3783705000e+00  1.9433152770e-01 
 640.000  1.3351233000e+00  1.8846554570e-01 
 641.000  1.3543602000e+00  1.9115399170e-01 
 642.000  1.3380939000e+00  1.8896522520e-01 
 643.000  1.3613920000e+00  1.9198764040e-01 
 644.000  1.3457386000e+00  1.8973023990e-01 
 645.000  1.3573614000e+00  1.9102067570e-01 
 646.000  1.3052916000e+00  1.8218397520e-01 
 647.000  1.3227788000e+00  1.8358804320e-01 
 648.000  1.3202095000e+00  1.8219125370e-01 
 649.000  1.3465152000e+00  1.8667825320e-01 
 650.000  1.2480652500e+00  1.7474754330e-01 
 651.000  1.3443626000e+00  1.8821333310e-01 
 652.000  1.3180956000e+00  1.8292063900e-01 
 653.000  1.3449980000e+00  1.8851583860e-01 
 654.000  1.3273091000e+00  1.8576132200e-01 
 655.000  1.2921478000e+00  1.8015603640e-01 
 656.000  1.0970317700e+00  1.5312599180e-01 
 657.000  1.1708915500e+00  1.6375521850e-01 
 658.000  1.3043171000e+00  1.8307609560e-01 
 659.000  1.3075047000e+00  1.8386862180e-01 
 660.000  1.3177608000e+00  1.8547259520e-01 
 661.000  1.3236325000e+00  1.8680364990e-01 
 662.000  1.3427029000e+00  1.8970787050e-01 
 663.000  1.3277322000e+00  1.8751179500e-01 
 664.000  1.3066239000e+00  1.8459764100e-01 
 665.000  1.3122895000e+00  1.8544480900e-01 
 666.000  1.3280840000e+00  1.8779402160e-01 
 667.000  1.3017088900e+00  1.8407931520e-01 
 668.000  1.3090904700e+00  1.8523814390e-01 
 669.000  1.3277408000e+00  1.8792988590e-01 
 670.000  1.3121429800e+00  1.8568005370e-01 
 671.000  1.2979261400e+00  1.8370080570e-01 
 672.000  1.2937869200e+00  1.8311248780e-01 
 673.000  1.3029966900e+00  1.8440518190e-01 
 674.000  1.3054870100e+00  1.8476657100e-01 
 675.000  1.2855345600e+00  1.8192568970e-01 
 676.000  1.3097703100e+00  1.8536322020e-01 
 677.000  1.2836829800e+00  1.8168296810e-01 
 678.000  1.3048999300e+00  1.8467407230e-01 
 679.000  1.2864412000e+00  1.8202420040e-01 
 680.000  1.2765146400e+00  1.8055975340e-01 
 681.000  1.2778283000e+00  1.8066603090e-01 
 682.000  1.2751403600e+00  1.8023210140e-01 
 683.000  1.2834625900e+00  1.8133398440e-01 
 684.000  1.2602176100e+00  1.7794102480e-01 
 685.000  1.2744324100e+00  1.8000923160e-01 
 686.000  1.2182525600e+00  1.7178860470e-01 
 687.000  1.1258997000e+00  1.5394627380e-01 
 688.000  1.1559440800e+00  1.5964102170e-01 
 689.000  1.1503909100e+00  1.5838331600e-01 
 690.000  1.1710694400e+00  1.6208012390e-01 
 691.000  1.1949066800e+00  1.6620968630e-01 
 692.000  1.1980287800e+00  1.6669096370e-01 
 693.000  1.1969076600e+00  1.6447006230e-01 
 694.000  1.1988797000e+00  1.6289950560e-01 
 695.000  1.1860154700e+00  1.6205052190e-01 
 696.000  1.2045154800e+00  1.6515551760e-01 
 697.000  1.2276956300e+00  1.7148915100e-01 
 698.000  1.2004254000e+00  1.6694682310e-01 
 699.000  1.2035867600e+00  1.6459201050e-01 
 700.000  1.1924729400e+00  1.6347811890e-01 
 701.000  1.1615686600e+00  1.5861520390e-01 
 702.000  1.1587293600e+00  1.5863844300e-01 
 703.000  1.1904306700e+00  1.6522317500e-01 
 704.000  1.1943903700e+00  1.6586630250e-01 
 705.000  1.1969976000e+00  1.6525279240e-01 
 706.000  1.1854383300e+00  1.6382914730e-01 
 707.000  1.1697277400e+00  1.6198925780e-01 
 708.000  1.2060848200e+00  1.6738577270e-01 
 709.000  1.1680449000e+00  1.6283523560e-01 
 710.000  1.1893602700e+00  1.6495281980e-01 
 711.000  1.1827805300e+00  1.6484210210e-01 
 712.000  1.1707908000e+00  1.6387799070e-01 
 713.000  1.1619956000e+00  1.6205017090e-01 
 714.000  1.1803467900e+00  1.6436331180e-01 
 715.000  1.1330140400e+00  1.5682229610e-01 
 716.000  1.1562205700e+00  1.5905155940e-01 
 717.000  1.0834705300e+00  1.4379885860e-01 
 718.000  1.0507795900e+00  1.3638687130e-01 
 719.000  1.0289446200e+00  1.3242114260e-01 
 720.000  1.0220045800e+00  1.2999400330e-01 
 721.000  1.0834601200e+00  1.4513011170e-01 
 722.000  1.1211819000e+00  1.5290425110e-01 
 723.000  1.1058059200e+00  1.4923320010e-01 
 724.000  1.0755828900e+00  1.4094961550e-01 
 725.000  1.0690940000e+00  1.4068069460e-01 
 726.000  1.0652658400e+00  1.3999224850e-01 
 727.000  1.0860861800e+00  1.4330102540e-01 
 728.000  1.0616672200e+00  1.3947215270e-01 
 729.000  1.0326204900e+00  1.3717036440e-01 
 730.000  1.0681863000e+00  1.4163862610e-01 
 731.000  1.0475427400e+00  1.3862419130e-01 
 732.000  1.0902330100e+00  1.4697933960e-01 
 733.000  1.0950137700e+00  1.5036360170e-01 
 734.000  1.1281274600e+00  1.5628279110e-01 
 735.000  1.1151922200e+00  1.5398536680e-01 
 736.000  1.0875992700e+00  1.4930772400e-01 
 737.000  1.1068666400e+00  1.5259609990e-01 
 738.000  1.1106566300e+00  1.5404789730e-01 
 739.000  1.0775004300e+00  1.4985656740e-01 
 740.000  1.0939991200e+00  1.5305154420e-01 
 741.000  1.0888772700e+00  1.5290554810e-01 
 742.000  1.0723895000e+00  1.5082472230e-01 
 743.000  1.1072009800e+00  1.5624742130e-01 
 744.000  1.1190878600e+00  1.5817591860e-01 
 745.000  1.0910644700e+00  1.5441230770e-01 
 746.000  1.1070705000e+00  1.5680728150e-01 
 747.000  1.1237451300e+00  1.5917622380e-01 
 748.000  1.1043127900e+00  1.5652026370e-01 
 749.000  1.1048033600e+00  1.5664474490e-01 
 750.000  1.0882224800e+00  1.5422633360e-01 
 751.000  1.0854211200e+00  1.5383461000e-01 
 752.000  1.1025323600e+00  1.5636003110e-01 
 753.000  1.0922632200e+00  1.5493319700e-01 
 754.000  1.1094621600e+00  1.5739376830e-01 
 755.000  1.1030998800e+00  1.5649623110e-01 
 756.000  1.0815144500e+00  1.5344052120e-01 
 757.000  1.0894743700e+00  1.5457464600e-01 
 758.000  1.0871699000e+00  1.5418902590e-01 
 759.000  1.0044681300e+00  1.4011126710e-01 
 760.000  5.1239809000e-01  6.0393245700e-02 
 761.000  4.6282056000e-01  5.3256965640e-02 
 762.000  7.3956439000e-01  9.5870826720e-02 
 763.000  6.7082452000e-01  8.4161346440e-02 
 764.000  7.1715309000e-01  9.1439712520e-02 
 765.000  8.1928814000e-01  1.0832106780e-01 
 766.000  8.8634445000e-01  1.2125003050e-01 
 767.000  9.5010272000e-01  1.3194409180e-01 
 768.000  1.0211165500e+00  1.4321594240e-01 
 769.000  1.0387807700e+00  1.4665393070e-01 
 770.000  1.0438566100e+00  1.4782366940e-01 
 771.000  1.0494632900e+00  1.4888381960e-01 
 772.000  1.0465353900e+00  1.4854075620e-01 
 773.000  1.0426083900e+00  1.4802128600e-01 
 774.000  1.0540918100e+00  1.4968804930e-01 
 775.000  1.0146387000e+00  1.4411653140e-01 
 776.000  1.0565205800e+00  1.5010902400e-01 
 777.000  1.0491836900e+00  1.4907142640e-01 
 778.000  1.0435228700e+00  1.4825527950e-01 
 779.000  1.0468856200e+00  1.4871588130e-01 
 780.000  1.0338963300e+00  1.4688612370e-01 
 781.000  1.0322941600e+00  1.4668746950e-01 
 782.000  1.0447005300e+00  1.4840913390e-01 
 783.000  1.0202564100e+00  1.4496453860e-01 
 784.000  1.0258092600e+00  1.4570007320e-01 
 785.000  1.0276365500e+00  1.4572644040e-01 
 786.000  1.0085981300e+00  1.4273045350e-01 
 787.000  1.0204510400e+00  1.4369885250e-01 
 788.000  1.0035370300e+00  1.4098095700e-01 
 789.000  1.0035726000e+00  1.3979835510e-01 
 790.000  9.9291010000e-01  1.3819068910e-01 
 791.000  9.8887482000e-01  1.3785939030e-01 
 792.000  9.7418264000e-01  1.3599559020e-01 
 793.000  9.7550054000e-01  1.3665048220e-01 
 794.000  9.7035346000e-01  1.3695089720e-01 
 795.000  9.6208553000e-01  1.3513212590e-01 
 796.000  9.7036487000e-01  1.3476387020e-01 
 797.000  9.7876992000e-01  1.3639596560e-01 
 798.000  9.8440771000e-01  1.3819866940e-01 
 799.000  9.8242003000e-01  1.3767344670e-01 
 800.000  9.5310295000e-01  1.3285237120e-01 
 801.000  9.7132416000e-01  1.3548118590e-01 
 802.000  9.6897927000e-01  1.3506892400e-01 
 803.000  9.5568424000e-01  1.3333230590e-01 
 804.000  9.6604350000e-01  1.3514538570e-01 
 805.000  9.4285857000e-01  1.3256214900e-01 
 806.000  9.7036663000e-01  1.3681829830e-01 
 807.000  9.6444379000e-01  1.3602104190e-01 
 808.000  9.5759409000e-01  1.3481376650e-01 
 809.000  9.3991592000e-01  1.3204788210e-01 
 810.000  9.3408440000e-01  1.3092289730e-01 
 811.000  9.4565689000e-01  1.3196876530e-01 
 812.000  9.3784023000e-01  1.3007339480e-01 
 813.000  9.2798013000e-01  1.2774217220e-01 
 814.000  9.1886548000e-01  1.2531981660e-01 
 815.000  8.9908225000e-01  1.2121147920e-01 
 816.000  8.7803605000e-01  1.1667447660e-01 
 817.000  8.8407793000e-01  1.1755358890e-01 
 818.000  8.7976802000e-01  1.1708598330e-01 
 819.000  8.6023713000e-01  1.1506962590e-01 
 820.000  8.5777359000e-01  1.1659255220e-01 
 821.000  9.0298293000e-01  1.2499938200e-01 
 822.000  8.6508947000e-01  1.1803797910e-01 
 823.000  8.4101654000e-01  1.1046100620e-01 
 824.000  8.8433013000e-01  1.1993313600e-01 
 825.000  9.0211921000e-01  1.2503024290e-01 
 826.000  9.0444613000e-01  1.2487358860e-01 
 827.000  8.9905956000e-01  1.2376990510e-01 
 828.000  8.8467818000e-01  1.2007907870e-01 
 829.000  8.8872680000e-01  1.2121024320e-01 
 830.000  8.7952395000e-01  1.2063078310e-01 
 831.000  8.6516520000e-01  1.1882279970e-01 
 832.000  8.8329608000e-01  1.2138822940e-01 
 833.000  8.5848772000e-01  1.1841304020e-01 
 834.000  8.7427035000e-01  1.2107523350e-01 
 835.000  8.8165219000e-01  1.2301495360e-01 
 836.000  8.9006435000e-01  1.2394042970e-01 
 837.000  8.8246180000e-01  1.2284102630e-01 
 838.000  8.8826280000e-01  1.2413721470e-01 
 839.000  8.6202068000e-01  1.2074545290e-01 
 840.000  8.8561119000e-01  1.2413603210e-01 
 841.000  8.8638930000e-01  1.2392479710e-01 
 842.000  8.8214416000e-01  1.2360088350e-01 
 843.000  8.7910918000e-01  1.2389383700e-01 
 844.000  8.6582186000e-01  1.2233599090e-01 
 845.000  8.7953224000e-01  1.2442102810e-01 
 846.000  8.8793794000e-01  1.2579190060e-01 
 847.000  8.5792992000e-01  1.2173431400e-01 
 848.000  8.8215294000e-01  1.2486791990e-01 
 849.000  8.8387573000e-01  1.2518153380e-01 
 850.000  7.6376392000e-01  1.0801695250e-01 
 851.000  8.7443160000e-01  1.2348703000e-01 
 852.000  8.4130219000e-01  1.1885246280e-01 
 853.000  8.5182825000e-01  1.2057659910e-01 
 854.000  6.8478007000e-01  9.6938011170e-02 
 855.000  7.5412640000e-01  1.0689656070e-01 
 856.000  8.5635731000e-01  1.2163647460e-01 
 857.000  8.7026010000e-01  1.2377257540e-01 
 858.000  8.5641750000e-01  1.2185944370e-01 
 859.000  8.5650174000e-01  1.2200875090e-01 
 860.000  8.4893725000e-01  1.2101988980e-01 
 861.000  8.4882335000e-01  1.2101581570e-01 
 862.000  8.4604617000e-01  1.2063787080e-01 
 863.000  8.6220856000e-01  1.2299639890e-01 
 864.000  8.6048320000e-01  1.2272741700e-01 
 865.000  8.4445038000e-01  1.2051860810e-01 
 866.000  7.0831432000e-01  1.0111965940e-01 
 867.000  7.5426223000e-01  1.0760886380e-01 
 868.000  8.1801943000e-01  1.1675244140e-01 
 869.000  8.0653294000e-01  1.1512511440e-01 
 870.000  8.3978502000e-01  1.1992278290e-01 
 871.000  8.3859063000e-01  1.1973681640e-01 
 872.000  8.3521041000e-01  1.1918722530e-01 
 873.000  8.3854033000e-01  1.1970404820e-01 
 874.000  8.2014260000e-01  1.1704574580e-01 
 875.000  8.1258844000e-01  1.1602675630e-01 
 876.000  8.1931417000e-01  1.1693968960e-01 
 877.000  8.3562626000e-01  1.1921095280e-01 
 878.000  8.2120276000e-01  1.1711780550e-01 
 879.000  8.2309798000e-01  1.1741014100e-01 
 880.000  8.1826652000e-01  1.1659732060e-01 
 881.000  7.7570338000e-01  1.1052243800e-01 
 882.000  8.1849913000e-01  1.1652038570e-01 
 883.000  7.9983323000e-01  1.1396865080e-01 
 884.000  8.0662357000e-01  1.1503414150e-01 
 885.000  8.1482081000e-01  1.1591245270e-01 
 886.000  7.8800627000e-01  1.1195545960e-01 
 887.000  7.7998848000e-01  1.1093766780e-01 
 888.000  8.0332348000e-01  1.1418450160e-01 
 889.000  8.0876667000e-01  1.1510684970e-01 
 890.000  8.0610563000e-01  1.1459980770e-01 
 891.000  8.0129160000e-01  1.1363354490e-01 
 892.000  7.9695249000e-01  1.1251835630e-01 
 893.000  7.6087064000e-01  1.0593766780e-01 
 894.000  7.8301780000e-01  1.0832539370e-01 
 895.000  7.3305708000e-01  9.9533851620e-02 
 896.000  7.4710829000e-01  9.9650909420e-02 
 897.000  7.1446906000e-01  9.3642951970e-02 
 898.000  7.0840477000e-01  9.2035270690e-02 
 899.000  6.8696646000e-01  8.7181640620e-02 
 900.000  6.7277090000e-01  8.5615318300e-02 
 901.000  6.5316549000e-01  8.2638023380e-02 
 902.000  6.4198397000e-01  8.1341957090e-02 
 903.000  7.0748599000e-01  9.3181533810e-02 
 904.000  7.4172804000e-01  1.0001435090e-01 
 905.000  7.3893599000e-01  9.9672363280e-02 
 906.000  7.0657710000e-01  9.3914489750e-02 
 907.000  6.9544669000e-01  9.0033134460e-02 
 908.000  6.6356269000e-01  8.4413177490e-02 
 909.000  6.5107863000e-01  8.2866981510e-02 
 910.000  6.6100367000e-01  8.4343551640e-02 
 911.000  6.6907522000e-01  8.6406082150e-02 
 912.000  6.6571204000e-01  8.5414985660e-02 
 913.000  6.5993975000e-01  8.2681999210e-02 
 914.000  6.6613215000e-01  8.4439941410e-02 
 915.000  6.6333237000e-01  8.4956489560e-02 
 916.000  6.7276848000e-01  8.6358489990e-02 
 917.000  6.6653391000e-01  8.5995162960e-02 
 918.000  6.6869140000e-01  8.6851066590e-02 
 919.000  6.9659208000e-01  9.2656120300e-02 
 920.000  7.0412542000e-01  9.5171302800e-02 
 921.000  6.8561136000e-01  9.2311958310e-02 
 922.000  6.7918258000e-01  9.1445175170e-02 
 923.000  6.4701059000e-01  8.6560104370e-02 
 924.000  6.6511819000e-01  8.8068092350e-02 
 925.000  6.7320194000e-01  8.8988349910e-02 
 926.000  6.4904352000e-01  8.5634994510e-02 
 927.000  6.6234032000e-01  8.6246894840e-02 
 928.000  6.4945812000e-01  8.2696029660e-02 
 929.000  6.1600442000e-01  7.5937026980e-02 
 930.000  5.8294933000e-01  6.8675666810e-02 
 931.000  5.4666280000e-01  6.0590770720e-02 
 932.000  4.9373662000e-01  5.0098308560e-02 
 933.000  4.5792131000e-01  4.3603897090e-02 
 934.000  4.1468627000e-01  3.6919338230e-02 
 935.000  4.0447617000e-01  3.5696632390e-02 
 936.000  4.1714865000e-01  3.7777332310e-02 
 937.000  4.2227564000e-01  3.8027076720e-02 
 938.000  4.6045469000e-01  4.4681812290e-02 
 939.000  5.7048826000e-01  6.6155159000e-02 
 940.000  5.8244513000e-01  6.8989425660e-02 
 941.000  5.5644347000e-01  6.4780097960e-02 
 942.000  5.0474240000e-01  5.5794219970e-02 
 943.000  4.7676500000e-01  4.7910987850e-02 
 944.000  4.5992480000e-01  4.5883975980e-02 
 945.000  4.8419192000e-01  4.9924869540e-02 
 946.000  4.9175414000e-01  5.0823127750e-02 
 947.000  5.0606921000e-01  5.3976474760e-02 
 948.000  5.1922358000e-01  5.6404815670e-02 
 949.000  5.1940499000e-01  5.6317298890e-02 
 950.000  5.1850534000e-01  5.6486621860e-02 
 951.000  5.3764193000e-01  6.0929363250e-02 
 952.000  5.1357869000e-01  5.5853336330e-02 
 953.000  5.2873281000e-01  5.9273799900e-02 
 954.000  5.4097664000e-01  6.2531181340e-02 
 955.000  4.9189599000e-01  5.5548332210e-02 
 956.000  5.2131031000e-01  5.8607330320e-02 
 957.000  5.6453152000e-01  6.8076248170e-02 
 958.000  5.7431075000e-01  6.9836128230e-02 
 959.000  5.6919950000e-01  6.8600875850e-02 
 960.000  5.6164471000e-01  6.7530578610e-02 
 961.000  5.5198207000e-01  6.6061752320e-02 
 962.000  5.5790544000e-01  6.7117210390e-02 
 963.000  5.7991722000e-01  7.2004226680e-02 
 964.000  5.7648304000e-01  7.1912750240e-02 
 965.000  5.8125717000e-01  7.2340904240e-02 
 966.000  5.6560699000e-01  7.0541946410e-02 
 967.000  5.9866354000e-01  7.6271118160e-02 
 968.000  6.1852271000e-01  8.1597633360e-02 
 969.000  6.3414332000e-01  8.4992599490e-02 
 970.000  6.3647144000e-01  8.5393852230e-02 
 971.000  6.3052582000e-01  8.4576950070e-02 
 972.000  6.3168441000e-01  8.4362335210e-02 
 973.000  6.1799002000e-01  8.1704483030e-02 
 974.000  5.9915885000e-01  7.8253067020e-02 
 975.000  5.9608233000e-01  7.7244552610e-02 
 976.000  6.1080256000e-01  7.9932418820e-02 
 977.000  6.0728312000e-01  8.0761352540e-02 
 978.000  6.2125210000e-01  8.2534950260e-02 
 979.000  6.0621540000e-01  8.0896331790e-02 
 980.000  6.2701500000e-01  8.5076484680e-02 
 981.000  6.3400710000e-01  8.6362976070e-02 
 982.000  6.2987290000e-01  8.5504089360e-02 
 983.000  6.3440500000e-01  8.6879425050e-02 
 984.000  6.3655595000e-01  8.7977264400e-02 
 985.000  6.3987520000e-01  8.8910369870e-02 
 986.000  6.3931396000e-01  8.9453773500e-02 
 987.000  6.4865732000e-01  9.1047592160e-02 
 988.000  6.4104701000e-01  9.0050819400e-02 
 989.000  6.3317243000e-01  8.8993408200e-02 
 990.000  6.3903446000e-01  8.9891716000e-02 
 991.000  6.4596520000e-01  9.1117897030e-02 
 992.000  6.4045433000e-01  9.0420219420e-02 
 993.000  6.4058335000e-01  9.0475387570e-02 
 994.000  6.4530464000e-01  9.1367393490e-02 
 995.000  6.4158602000e-01  9.1005409240e-02 
 996.000  6.4144401000e-01  9.0994804380e-02 
 997.000  6.4145802000e-01  9.0910957340e-02 
 998.000  6.3833807000e-01  9.0373474120e-02 
 999.000  6.3646460000e-01  9.0078971860e-02 
1000.000  6.3160436000e-01  8.9434005740e-02 
1001.000  6.3361082000e-01  8.9504119870e-02 
1002.000  6.3026453000e-01  8.8687644960e-02 
1003.000  6.2344653000e-01  8.7822082520e-02 
1004.000  6.1955365000e-01  8.7485443120e-02 
1005.000  5.7939531000e-01  8.1909484860e-02 
1006.000  6.0982938000e-01  8.6255790710e-02 
1007.000  6.2049913000e-01  8.7709045410e-02 
1008.000  6.2125713000e-01  8.7541419980e-02 
1009.000  6.1495884000e-01  8.6296951290e-02 
1010.000  6.1835137000e-01  8.6950607300e-02 
1011.000  6.1764470000e-01  8.7262153630e-02 
1012.000  6.1881809000e-01  8.7594879150e-02 
1013.000  6.1510156000e-01  8.7203323360e-02 
1014.000  6.1934508000e-01  8.7883972170e-02 
1015.000  6.0795585000e-01  8.6305633540e-02 
1016.000  6.1217725000e-01  8.6988410950e-02 
1017.000  6.0624532000e-01  8.6201103210e-02 
1018.000  6.1380331000e-01  8.7238349910e-02 
1019.000  5.9899785000e-01  8.5022117610e-02 
1020.000  5.9799944000e-01  8.4928169250e-02 
1021.000  6.0449364000e-01  8.5938323970e-02 
1022.000  5.9449586000e-01  8.4337982180e-02 
1023.000  6.0512844000e-01  8.5693542480e-02 
1024.000  6.0158827000e-01  8.5097183230e-02 
1025.000  6.0273397000e-01  8.5502319340e-02 
1026.000  6.0401410000e-01  8.5808151250e-02 
1027.000  6.0011584000e-01  8.5240661620e-02 
1028.000  6.0172509000e-01  8.5545158390e-02 
1029.000  5.9307619000e-01  8.4458442690e-02 
1030.000  5.9954606000e-01  8.5524276730e-02 
1031.000  5.9790287000e-01  8.5382858280e-02 
1032.000  5.9598796000e-01  8.5182395940e-02 
1033.000  5.8504830000e-01  8.3637809750e-02 
1034.000  5.9076230000e-01  8.4488037110e-02 
1035.000  5.8304429000e-01  8.3389518740e-02 
1036.000  5.9267886000e-01  8.4791664120e-02 
1037.000  5.8019570000e-01  8.3020492550e-02 
1038.000  5.8593118000e-01  8.3853996280e-02 
1039.000  5.8831668000e-01  8.4188735960e-02 
1040.000  5.8134691000e-01  8.3188797000e-02 
1041.000  5.8437213000e-01  8.3617843630e-02 
1042.000  5.8609904000e-01  8.3866874690e-02 
1043.000  5.7597717000e-01  8.2423965450e-02 
1044.000  5.8170023000e-01  8.3241569520e-02 
1045.000  5.7915086000e-01  8.2886741640e-02 
1046.000  5.6229747000e-01  8.0495475770e-02 
1047.000  5.7260922000e-01  8.1990859990e-02 
1048.000  5.7828104000e-01  8.2829826350e-02 
1049.000  5.7456157000e-01  8.2330513000e-02 
1050.000  5.7214179000e-01  8.1990264890e-02 
1051.000  5.7111187000e-01  8.1811691280e-02 
1052.000  5.6845342000e-01  8.1404289250e-02 
1053.000  5.6699513000e-01  8.1189979550e-02 
1054.000  5.6276780000e-01  8.0545570370e-02 
1055.000  5.6685950000e-01  8.1093284610e-02 
1056.000  5.6532554000e-01  8.0846115110e-02 
1057.000  5.6425566000e-01  8.0621009830e-02 
1058.000  5.5818467000e-01  7.9617240910e-02 
1059.000  5.4063931000e-01  7.7146636960e-02 
1060.000  5.6019992000e-01  8.0043075560e-02 
1061.000  5.4054526000e-01  7.7233795170e-02 
1062.000  5.5543891000e-01  7.9286170960e-02 
1063.000  5.4602895000e-01  7.7925872800e-02 
1064.000  5.5276149000e-01  7.8806999210e-02 
1065.000  5.5192262000e-01  7.8571327210e-02 
1066.000  5.3501598000e-01  7.6161369320e-02 
1067.000  5.4764119000e-01  7.7902732850e-02 
1068.000  5.4489468000e-01  7.7301460270e-02 
1069.000  5.0357616000e-01  7.1320266720e-02 
1070.000  5.3352240000e-01  7.5584579470e-02 
1071.000  5.3399152000e-01  7.5532142640e-02 
1072.000  5.3537553000e-01  7.5612922670e-02 
1073.000  5.1768199000e-01  7.3097534180e-02 
1074.000  5.3588476000e-01  7.5692298890e-02 
1075.000  5.1983470000e-01  7.3602264400e-02 
1076.000  5.3086291000e-01  7.5051948550e-02 
1077.000  5.2917186000e-01  7.4666793820e-02 
1078.000  5.2993509000e-01  7.4604743960e-02 
1079.000  5.0944315000e-01  7.1697601320e-02 
1080.000  5.2287889000e-01  7.3147109990e-02 
1081.000  5.0355137000e-01  7.0414497380e-02 
1082.000  5.1069863000e-01  7.1582336430e-02 
1083.000  4.9604896000e-01  6.9286552430e-02 
1084.000  5.1396579000e-01  7.1521102910e-02 
1085.000  5.0473455000e-01  6.9650894170e-02 
1086.000  5.1192927000e-01  7.0757545470e-02 
1087.000  4.8317775000e-01  6.7369346620e-02 
1088.000  5.1254969000e-01  7.1508552550e-02 
1089.000  4.8971420000e-01  6.7599494930e-02 
1090.000  4.9970833000e-01  6.8854133610e-02 
1091.000  5.0362114000e-01  6.9547622680e-02 
1092.000  4.9025294000e-01  6.7350585940e-02 
1093.000  4.8036388000e-01  6.5227363590e-02 
1094.000  4.3554058200e-01  5.8825717930e-02 
1095.000  4.7171814000e-01  6.3742595670e-02 
1096.000  4.7304359000e-01  6.3969745640e-02 
1097.000  4.6297786000e-01  6.2406120300e-02 
1098.000  4.4564306000e-01  5.8374927520e-02 
1099.000  4.3532367700e-01  5.5636157990e-02 
1100.000  4.4361683700e-01  5.6782966610e-02 
1101.000  4.4427592900e-01  5.7048931120e-02 
1102.000  4.2510880500e-01  5.4481948850e-02 
1103.000  4.4306143100e-01  5.6893753050e-02 
1104.000  4.3785983900e-01  5.5982151030e-02 
1105.000  4.3210424600e-01  5.4662239070e-02 
1106.000  4.2327931500e-01  5.2987155910e-02 
1107.000  4.2411442400e-01  5.3199577330e-02 
1108.000  4.2378162500e-01  5.3214164730e-02 
1109.000  4.3027977100e-01  5.4448677060e-02 
1110.000  4.3203754700e-01  5.4527175900e-02 
1111.000  4.2406356500e-01  5.3208133700e-02 
1112.000  4.0769459000e-01  4.9956970210e-02 
1113.000  3.8897769400e-01  4.5907951350e-02 
1114.000  3.8876966500e-01  4.5256401060e-02 
1115.000  3.6315528600e-01  3.9930061340e-02 
1116.000  3.4498511200e-01  3.6547458650e-02 
1117.000  3.1598772300e-01  3.0838697430e-02 
1118.000  2.8203524000e-01  2.5410036090e-02 
1119.000  2.5818777900e-01  2.2138292310e-02 
1120.000  2.3802058300e-01  1.9141185760e-02 
1121.000  2.3493662100e-01  1.8585193630e-02 
1122.000  2.1116825900e-01  1.5479124070e-02 
1123.000  2.2502034200e-01  1.7144762040e-02 
1124.000  2.3397473500e-01  1.8257209780e-02 
1125.000  2.2481729100e-01  1.7304185870e-02 
1126.000  2.1876900400e-01  1.6753051760e-02 
1127.000  2.2793761200e-01  1.7585161210e-02 
1128.000  2.2715435400e-01  1.7770795820e-02 
1129.000  2.4997032300e-01  2.0851902010e-02 
1130.000  2.9877523500e-01  2.8160390850e-02 
1131.000  3.1571442200e-01  3.0764921190e-02 
1132.000  2.9774665100e-01  2.7668180470e-02 
1133.000  2.5552608300e-01  2.1778244020e-02 
1134.000  1.8687578200e-01  1.2845552440e-02 
1135.000  1.9452627900e-01  1.3667326930e-02 
1136.000  2.6168441500e-01  2.2655275340e-02 
1137.000  2.9994663300e-01  2.8300430300e-02 
1138.000  3.2045280800e-01  3.2848739620e-02 
1139.000  3.3648899200e-01  3.5486656190e-02 
1140.000  3.3146927600e-01  3.4405456540e-02 
1141.000  3.0991109100e-01  3.1211868290e-02 
1142.000  3.1404921700e-01  3.1257438660e-02 
1143.000  2.9514098800e-01  2.8364725110e-02 
1144.000  2.7786232600e-01  2.5689401630e-02 
1145.000  2.5699679500e-01  2.2395164490e-02 
1146.000  2.6500752900e-01  2.3415687560e-02 
1147.000  2.8411052400e-01  2.6254510880e-02 
1148.000  2.9672497400e-01  2.8489118580e-02 
1149.000  3.0365096900e-01  2.9612274170e-02 
1150.000  3.0240038500e-01  2.9575775150e-02 
1151.000  3.1026073800e-01  3.1114166260e-02 
1152.000  3.1389963200e-01  3.1859058380e-02 
1153.000  3.1958687000e-01  3.3000728610e-02 
1154.000  3.1983415900e-01  3.2912479400e-02 
1155.000  3.3266399100e-01  3.5394741060e-02 
1156.000  3.4111803500e-01  3.7608463290e-02 
1157.000  3.7053190900e-01  4.3569976810e-02 
1158.000  3.8090204600e-01  4.5844795230e-02 
1159.000  3.8412127400e-01  4.7119495390e-02 
1160.000  3.8270963300e-01  4.7314399720e-02 
1161.000  3.8323634000e-01  4.8237457280e-02 
1162.000  4.0355452800e-01  5.1505130770e-02 
1163.000  4.1312037600e-01  5.3584362030e-02 
1164.000  4.0655725900e-01  5.2915691380e-02 
1165.000  4.1490690000e-01  5.4117603300e-02 
1166.000  4.0570242200e-01  5.3120918270e-02 
1167.000  4.1324620800e-01  5.4236286160e-02 
1168.000  4.1645765700e-01  5.4616458890e-02 
1169.000  4.0312381800e-01  5.2994869230e-02 
1170.000  4.1497485300e-01  5.4668251040e-02 
1171.000  4.1964866600e-01  5.5581245420e-02 
1172.000  4.1669822100e-01  5.5021541600e-02 
1173.000  4.1219493900e-01  5.4267440800e-02 
1174.000  4.1249646900e-01  5.4318973540e-02 
1175.000  4.1194659300e-01  5.4696582790e-02 
1176.000  4.0583140000e-01  5.4297649380e-02 
1177.000  4.1650580900e-01  5.5524284360e-02 
1178.000  4.0572560000e-01  5.3690246580e-02 
1179.000  4.0391538700e-01  5.3452823640e-02 
1180.000  4.0822599400e-01  5.3881114960e-02 
1181.000  4.0261008200e-01  5.2778068540e-02 
1182.000  3.9960392100e-01  5.2031673430e-02 
1183.000  3.7680931300e-01  4.9104091640e-02 
1184.000  3.9578106600e-01  5.1776683810e-02 
1185.000  4.0593174400e-01  5.3613990780e-02 
1186.000  4.0206721700e-01  5.2953880310e-02 
1187.000  3.9720420100e-01  5.1812236790e-02 
1188.000  3.9401478600e-01  5.1282756810e-02 
1189.000  3.7388805000e-01  4.8953655240e-02 
1190.000  4.0001108100e-01  5.3175979610e-02 
1191.000  4.0857138100e-01  5.4559108730e-02 
1192.000  4.0964566300e-01  5.5061943050e-02 
1193.000  4.0908928700e-01  5.4900547030e-02 
1194.000  4.0780541100e-01  5.4679866790e-02 
1195.000  4.0000080200e-01  5.3292423250e-02 
1196.000  4.0019094800e-01  5.3372055050e-02 
1197.000  3.9851398000e-01  5.2986911770e-02 
1198.000  3.8478555800e-01  5.1130599980e-02 
1199.000  3.6864679400e-01  4.8798671720e-02 
1200.000  3.9299542100e-01  5.2143112180e-02 
1201.000  3.9625103800e-01  5.2637420650e-02 
1202.000  3.9716366600e-01  5.2851028440e-02 
1203.000  3.7672758700e-01  5.0073574070e-02 
1204.000  3.8358298800e-01  5.1093730930e-02 
1205.000  3.9777669000e-01  5.3563468930e-02 
1206.000  3.9782576700e-01  5.3834011080e-02 
1207.000  4.0150744600e-01  5.4439872740e-02 
1208.000  3.9493603800e-01  5.3457878110e-02 
1209.000  3.6912817000e-01  4.9829376220e-02 
1210.000  3.9296200200e-01  5.2801952360e-02 
1211.000  3.7954824700e-01  5.0968528750e-02 
1212.000  3.9198791000e-01  5.2703102110e-02 
1213.000  3.9558599300e-01  5.3422664640e-02 
1214.000  3.9352088900e-01  5.3115268710e-02 
1215.000  3.9560177700e-01  5.3491268160e-02 
1216.000  3.9737304800e-01  5.4110107420e-02 
1217.000  3.9898789100e-01  5.4664501190e-02 
1218.000  3.9856687200e-01  5.4774585720e-02 
1219.000  3.9533590200e-01  5.4435020450e-02 
1220.000  3.9807200300e-01  5.4817134860e-02 
1221.000  3.9759838600e-01  5.4783260350e-02 
1222.000  3.9558016600e-01  5.4516643520e-02 
1223.000  3.9391397600e-01  5.4333305360e-02 
1224.000  3.9844623600e-01  5.5162910460e-02 
1225.000  3.9656874000e-01  5.4957576750e-02 
1226.000  3.9837269800e-01  5.5282714840e-02 
1227.000  3.8553840800e-01  5.3613414760e-02 
1228.000  3.9840681900e-01  5.5546821590e-02 
1229.000  3.9855773700e-01  5.5681247710e-02 
1230.000  3.9786126300e-01  5.5712303160e-02 
1231.000  3.9823113500e-01  5.5840217590e-02 
1232.000  3.9387668600e-01  5.5266021730e-02 
1233.000  3.9706105200e-01  5.5739845280e-02 
1234.000  3.9673188800e-01  5.5852657320e-02 
1235.000  3.9428444800e-01  5.5569690700e-02 
1236.000  3.9678367900e-01  5.5967594150e-02 
1237.000  3.9703602000e-01  5.6061962130e-02 
1238.000  3.9688032900e-01  5.6069187160e-02 
1239.000  3.9240261400e-01  5.5457672120e-02 
1240.000  3.9062551100e-01  5.5233146670e-02 
1241.000  3.9403540100e-01  5.5728622440e-02 
1242.000  3.9163880200e-01  5.5398468020e-02 
1243.000  3.8718149200e-01  5.4778717040e-02 
1244.000  3.8353885000e-01  5.4258045200e-02 
1245.000  3.9001655300e-01  5.5176563260e-02 
1246.000  3.8685579100e-01  5.4705909730e-02 
1247.000  3.8477072300e-01  5.4383911130e-02 
1248.000  3.8758077200e-01  5.4757198330e-02 
1249.000  3.8607462700e-01  5.4534030910e-02 
1250.000  3.8439442000e-01  5.4273750310e-02 
1251.000  3.8156304300e-01  5.3856781010e-02 
1252.000  3.8012329100e-01  5.3617305760e-02 
1253.000  3.7666705100e-01  5.3089527130e-02 
1254.000  3.7702182500e-01  5.3051486970e-02 
1255.000  3.7593466300e-01  5.2845432280e-02 
1256.000  3.7473659100e-01  5.2638664250e-02 
1257.000  3.6988703400e-01  5.1890819550e-02 
1258.000  3.6996253100e-01  5.1758548740e-02 
1259.000  3.6472439100e-01  5.0914394380e-02 
1260.000  3.6385411900e-01  5.0663269040e-02 
1261.000  3.6163456500e-01  5.0215961460e-02 
1262.000  3.5059577100e-01  4.8448577880e-02 
1263.000  3.5357252300e-01  4.8796642300e-02 
1264.000  3.4722991000e-01  4.7889804840e-02 
1265.000  3.4755199200e-01  4.7923221590e-02 
1266.000  3.4840959000e-01  4.7954032900e-02 
1267.000  3.4033242900e-01  4.6756519320e-02 
1268.000  3.3524382300e-01  4.5979473110e-02 
1269.000  3.3759636700e-01  4.6267368320e-02 
1270.000  3.4578019500e-01  4.7594051360e-02 
1271.000  3.4970163600e-01  4.8210838320e-02 
1272.000  3.5028749900e-01  4.8379524230e-02 
1273.000  3.5145055700e-01  4.8652046200e-02 
1274.000  3.5115237400e-01  4.8752639770e-02 
1275.000  3.5409429200e-01  4.9204696660e-02 
1276.000  3.5517963900e-01  4.9358993530e-02 
1277.000  3.5521999900e-01  4.9334049220e-02 
1278.000  3.5453215600e-01  4.9193401340e-02 
1279.000  3.5250861200e-01  4.8912937160e-02 
1280.000  3.5141056000e-01  4.8863727570e-02 
1281.000  3.4233266500e-01  4.7694534300e-02 
1282.000  3.0476154000e-01  4.2542858120e-02 
1283.000  3.3498775100e-01  4.6794216160e-02 
1284.000  3.4887324800e-01  4.8726161960e-02 
1285.000  3.5171687800e-01  4.9134742740e-02 
1286.000  3.5117063800e-01  4.8977119450e-02 
1287.000  3.5243910800e-01  4.9019668580e-02 
1288.000  3.4694565600e-01  4.7823802950e-02 
1289.000  3.4799694100e-01  4.7825607300e-02 
1290.000  3.3987614900e-01  4.6676139830e-02 
1291.000  3.4511218100e-01  4.7420688630e-02 
1292.000  3.4798486400e-01  4.7939563750e-02 
1293.000  3.4842409100e-01  4.7973812100e-02 
1294.000  3.4147909100e-01  4.6797012330e-02 
1295.000  3.4282358300e-01  4.6666702270e-02 
1296.000  3.4062978100e-01  4.6050868990e-02 
1297.000  3.3653071500e-01  4.5247901920e-02 
1298.000  3.3333942900e-01  4.4771266940e-02 
1299.000  3.3656391400e-01  4.5157657620e-02 
1300.000  3.3487347900e-01  4.4877700810e-02 
1301.000  3.3389293300e-01  4.4654159550e-02 
1302.000  3.2820861600e-01  4.3696220400e-02 
1303.000  3.2223080600e-01  4.2409385680e-02 
1304.000  3.2086206200e-01  4.2010238650e-02 
1305.000  3.2211048800e-01  4.2067024230e-02 
1306.000  3.2189386500e-01  4.1930423740e-02 
1307.000  3.1987919800e-01  4.1537467960e-02 
1308.000  3.1690425800e-01  4.0840835570e-02 
1309.000  3.1297054800e-01  3.9937026980e-02 
1310.000  3.1124552400e-01  3.9660778050e-02 
1311.000  3.1039298600e-01  3.9531635280e-02 
1312.000  3.0496275500e-01  3.8411960600e-02 
1313.000  2.8885557000e-01  3.5916625980e-02 
1314.000  2.9337502300e-01  3.6058460240e-02 
1315.000  2.8559965800e-01  3.5266620640e-02 
1316.000  2.9557844300e-01  3.6759803770e-02 
1317.000  2.9858271900e-01  3.7101539610e-02 
1318.000  2.8918904800e-01  3.5439441680e-02 
1319.000  2.8554303300e-01  3.4320072170e-02 
1320.000  2.7482527700e-01  3.2232955930e-02 
1321.000  2.7028983100e-01  3.1351566310e-02 
1322.000  2.7536230700e-01  3.2427536010e-02 
1323.000  2.8225258900e-01  3.3729648590e-02 
1324.000  2.8551754900e-01  3.4362514500e-02 
1325.000  2.8313292600e-01  3.3871257780e-02 
1326.000  2.7604970300e-01  3.2507072450e-02 
1327.000  2.6151403300e-01  2.9606760030e-02 
1328.000  2.4837745300e-01  2.6723110200e-02 
1329.000  2.1428187300e-01  2.0977218630e-02 
1330.000  2.0823152000e-01  1.9676851270e-02 
1331.000  2.0274302100e-01  1.8710552220e-02 
1332.000  2.0054831700e-01  1.8606557850e-02 
1333.000  2.1156391300e-01  1.9996086120e-02 
1334.000  2.1998745300e-01  2.1317346570e-02 
1335.000  2.2593447300e-01  2.2291168210e-02 
1336.000  2.2582901600e-01  2.2411146160e-02 
1337.000  2.2838494100e-01  2.2710851670e-02 
1338.000  2.3214067700e-01  2.3391424180e-02 
1339.000  2.3265468400e-01  2.3551639560e-02 
1340.000  2.3427739600e-01  2.3987030030e-02 
1341.000  2.3823324300e-01  2.4152336120e-02 
1342.000  2.3813531100e-01  2.4130500790e-02 
1343.000  2.2909383000e-01  2.2059162140e-02 
1344.000  2.1523131100e-01  1.9514759060e-02 
1345.000  1.7806760200e-01  1.3938103680e-02 
1346.000  1.5188748400e-01  1.0419827460e-02 
1347.000  1.3471794000e-01  8.4710283280e-03 
1348.000  1.1168303500e-01  5.8897137640e-03 
1349.000  1.0157851890e-01  4.9800252910e-03 
1350.000  7.9123264500e-02  3.0658845900e-03 
1351.000  6.8307064500e-02  2.3649461270e-03 
1352.000  5.2246266500e-02  1.4010924100e-03 
1353.000  3.7031545500e-02  7.6825976370e-04 
1354.000  2.9610080600e-02  5.1345396040e-04 
1355.000  2.2989706800e-02  3.2938596610e-04 
1356.000  1.7384970100e-02  2.0065356790e-04 
1357.000  1.1883095970e-02  1.0127516090e-04 
1358.000  8.7943122300e-03  6.1909478160e-05 
1359.000  4.6371929600e-03  2.1070433780e-05 
1360.000  3.0667207900e-03  1.1091121470e-05 
1361.000  2.2822909500e-03  6.6072018820e-06 
1362.000  2.1000793400e-03  5.8115138670e-06 
1363.000  3.0298730500e-03  1.0132176800e-05 
1364.000  3.5132279600e-03  1.2680097480e-05 
1365.000  3.6785396100e-03  1.3375767510e-05 
1366.000  4.2481007200e-03  1.6697030510e-05 
1367.000  3.5684728100e-03  1.3083419760e-05 
1368.000  3.1641456000e-03  1.1308612300e-05 
1369.000  3.2446900700e-03  1.1893751100e-05 
1370.000  5.3662067800e-03  2.7542766180e-05 
1371.000  9.5567530800e-03  6.8835213780e-05 
1372.000  1.7696200500e-02  1.8975900110e-04 
1373.000  2.5103537900e-02  3.3435800670e-04 
1374.000  3.0483567100e-02  4.6201837060e-04 
1375.000  3.2500839600e-02  5.1829671860e-04 
1376.000  3.0145867900e-02  4.5948311690e-04 
1377.000  2.6837309700e-02  3.7537372110e-04 
1378.000  2.0455605500e-02  2.3945958910e-04 
1379.000  1.4046722810e-02  1.2940412760e-04 
1380.000  7.9669018700e-03  5.1776122300e-05 
1381.000  4.6085493700e-03  2.1623939280e-05 
1382.000  3.2226955600e-03  1.2213741430e-05 
1383.000  3.1180844000e-03  1.1405773460e-05 
1384.000  5.0718389800e-03  2.4542560800e-05 
1385.000  7.2001214900e-03  4.2927868660e-05 
1386.000  1.0997439070e-02  8.4443524480e-05 
1387.000  2.0206285100e-02  2.3146539930e-04 
1388.000  2.6781612300e-02  3.6271789670e-04 
1389.000  3.0763983000e-02  4.6152025460e-04 
1390.000  3.1403314500e-02  4.8192709680e-04 
1391.000  2.9315366100e-02  4.2823526260e-04 
1392.000  2.2163671200e-02  2.7088168260e-04 
1393.000  1.6942379500e-02  1.7663557830e-04 
1394.000  1.2979796330e-02  1.1530814320e-04 
1395.000  1.4631329100e-02  1.3950835170e-04 
1396.000  2.0077415700e-02  2.2994124890e-04 
1397.000  2.5909779100e-02  3.4889653330e-04 
1398.000  2.6682579400e-02  3.6417675020e-04 
1399.000  2.4913625000e-02  3.2988163830e-04 
1400.000  2.3296356200e-02  2.9945024850e-04 
1401.000  2.4765218800e-02  3.3479177950e-04 
1402.000  3.0702162300e-02  4.6529123190e-04 
1403.000  3.5348550000e-02  6.0065472130e-04 
1404.000  3.3248466900e-02  5.3917920590e-04 
1405.000  3.4827022800e-02  5.9365761280e-04 
1406.000  3.2294438800e-02  5.1847708230e-04 
1407.000  3.3492536700e-02  5.6380802390e-04 
1408.000  4.0143153300e-02  7.5241547820e-04 
1409.000  4.7056908800e-02  9.9086332320e-04 
1410.000  5.7714864100e-02  1.3823162320e-03 
1411.000  6.8649585600e-02  1.8898403640e-03 
1412.000  6.6323366800e-02  1.8199843170e-03 
1413.000  7.3148458600e-02  2.1677415370e-03 
1414.000  7.2119407900e-02  2.0790944100e-03 
1415.000  7.9727013400e-02  2.5191864970e-03 
1416.000  8.5660997000e-02  2.8394842150e-03 
1417.000  8.7866481100e-02  2.9838063720e-03 
1418.000  8.8649510000e-02  3.0068719390e-03 
1419.000  8.8464896700e-02  3.0448975560e-03 
1420.000  9.0565943600e-02  3.1537604330e-03 
1421.000  1.0185967680e-01  3.8523676400e-03 
1422.000  1.0428284760e-01  4.0619997980e-03 
1423.000  1.0544580320e-01  4.1775431630e-03 
1424.000  1.0508745510e-01  4.1358671190e-03 
1425.000  1.0389441920e-01  4.0106921200e-03 
1426.000  1.0016869080e-01  3.8666076660e-03 
1427.000  1.0609874050e-01  4.2223930360e-03 
1428.000  1.1206084150e-01  4.5532693860e-03 
1429.000  1.1366232730e-01  4.7450089450e-03 
1430.000  1.1089833710e-01  4.6252126690e-03 
1431.000  1.0331531720e-01  4.1344661710e-03 
1432.000  1.0102082550e-01  3.9366941450e-03 
1433.000  1.0073611950e-01  3.9140729900e-03 
1434.000  9.6084355100e-02  3.6526460650e-03 
1435.000  1.0315513970e-01  4.0864086150e-03 
1436.000  1.0572392240e-01  4.2586951260e-03 
1437.000  1.0740913620e-01  4.3632020950e-03 
1438.000  1.1387196980e-01  4.8193292620e-03 
1439.000  1.1597347290e-01  4.9243502620e-03 
1440.000  1.1120039600e-01  4.7793469430e-03 
1441.000  1.1810715530e-01  5.1118144990e-03 
1442.000  1.1329187650e-01  4.8401193620e-03 
1443.000  1.1532811060e-01  4.9386973380e-03 
1444.000  1.1792813870e-01  5.1092801090e-03 
1445.000  1.1816427140e-01  5.1382069590e-03 
1446.000  1.2368091270e-01  5.5061540600e-03 
1447.000  1.2706121400e-01  5.7765269280e-03 
1448.000  1.2850931600e-01  5.8664450650e-03 
1449.000  1.2598617700e-01  5.6782655720e-03 
1450.000  1.2047346940e-01  5.3178000450e-03 
1451.000  1.2182228740e-01  5.4427709580e-03 
1452.000  1.2715412700e-01  5.9190783500e-03 
1453.000  1.4168798000e-01  6.9843606950e-03 
1454.000  1.5417862700e-01  8.0351209640e-03 
1455.000  1.6015261700e-01  8.6309642790e-03 
1456.000  1.6725700800e-01  9.3103399280e-03 
1457.000  1.6994696400e-01  9.5106801990e-03 
1458.000  1.7327126500e-01  9.7657461170e-03 
1459.000  1.6840295600e-01  9.2993278500e-03 
1460.000  1.6072613800e-01  8.7187805180e-03 
1461.000  1.5764304700e-01  8.4854812620e-03 
1462.000  1.4915450900e-01  7.8165926930e-03 
1463.000  1.4816563000e-01  7.7907347680e-03 
1464.000  1.4625167600e-01  7.6439504620e-03 
1465.000  1.4300693800e-01  7.3284568790e-03 
1466.000  1.3327878500e-01  6.6547245980e-03 
1467.000  1.3231206600e-01  6.4860382080e-03 
1468.000  1.2417023910e-01  5.9588890080e-03 
1469.000  1.1778951380e-01  5.4390091900e-03 
1470.000  1.1437834350e-01  5.2174425130e-03 
1471.000  1.2137879720e-01  5.8516240120e-03 
1472.000  1.3365879000e-01  6.8624014850e-03 
1473.000  1.5020676100e-01  8.3057355880e-03 
1474.000  1.5744366300e-01  9.1890954970e-03 
1475.000  1.6024329100e-01  9.3990335460e-03 
1476.000  1.6050403700e-01  9.4625787730e-03 
1477.000  1.5706364100e-01  9.1739339830e-03 
1478.000  1.5092125300e-01  8.7365255360e-03 
1479.000  1.4792783500e-01  8.4334020610e-03 
1480.000  1.5100938600e-01  8.7740983960e-03 
1481.000  1.5383319900e-01  9.1803913120e-03 
1482.000  1.6078333800e-01  9.8800287250e-03 
1483.000  1.5900438400e-01  9.8834276200e-03 
1484.000  1.6003582900e-01  1.0013044360e-02 
1485.000  1.6233631300e-01  1.0176765440e-02 
1486.000  1.6370995700e-01  1.0532472610e-02 
1487.000  1.7373255700e-01  1.1707568170e-02 
1488.000  1.5225207500e-01  1.0353125570e-02 
1489.000  1.8684242700e-01  1.3467891690e-02 
1490.000  1.9767826900e-01  1.4965987210e-02 
1491.000  2.0474195200e-01  1.5935974120e-02 
1492.000  2.0102988600e-01  1.5802372930e-02 
1493.000  2.0846139200e-01  1.6693407060e-02 
1494.000  2.0815764400e-01  1.6799814220e-02 
1495.000  2.0988220300e-01  1.7257011410e-02 
1496.000  2.0951996700e-01  1.7662069320e-02 
1497.000  2.1462967000e-01  1.8228788380e-02 
1498.000  2.2171044700e-01  1.9242731090e-02 
1499.000  2.2270029200e-01  1.9731599810e-02 
1500.000  2.2956868500e-01  2.0679920200e-02 
1501.000  2.2826309900e-01  2.0588611600e-02 
1502.000  2.2458250700e-01  2.0241363530e-02 
1503.000  2.0062424800e-01  1.8096853260e-02 
1504.000  2.0995945000e-01  1.9095077510e-02 
1505.000  2.1258266800e-01  1.9636955260e-02 
1506.000  2.1551445000e-01  2.0013929370e-02 
1507.000  2.2833314100e-01  2.1507709500e-02 
1508.000  2.2632547600e-01  2.1528850560e-02 
1509.000  2.2885017500e-01  2.1992055890e-02 
1510.000  2.3295171800e-01  2.2534936900e-02 
1511.000  2.3509937500e-01  2.2914154050e-02 
1512.000  2.3141377900e-01  2.2691179280e-02 
1513.000  2.3132386100e-01  2.2796180730e-02 
1514.000  2.2815712400e-01  2.2567293170e-02 
1515.000  2.3346341000e-01  2.3237201690e-02 
1516.000  2.3155764500e-01  2.3144828800e-02 
1517.000  2.3093719900e-01  2.3214912410e-02 
1518.000  2.3665986900e-01  2.3986928940e-02 
1519.000  2.3487847500e-01  2.4021930690e-02 
1520.000  2.3847928700e-01  2.4657558440e-02 
1521.000  2.3509020400e-01  2.4473722460e-02 
1522.000  2.3373052400e-01  2.4403276440e-02 
1523.000  2.3975684100e-01  2.5135898590e-02 
1524.000  2.3767317400e-01  2.4958568570e-02 
1525.000  2.3193725200e-01  2.4390157700e-02 
1526.000  2.3857299300e-01  2.5157690050e-02 
1527.000  2.3646085900e-01  2.5039024350e-02 
1528.000  2.3856247000e-01  2.5385164260e-02 
1529.000  2.3781638400e-01  2.5364070890e-02 
1530.000  2.2296245300e-01  2.3889520650e-02 
1531.000  2.3860691800e-01  2.5673913960e-02 
1532.000  2.3747036100e-01  2.5664905550e-02 
1533.000  2.3650928100e-01  2.5652376170e-02 
1534.000  2.3303177400e-01  2.5361011510e-02 
1535.000  2.3401968000e-01  2.5556415560e-02 
1536.000  2.3715265600e-01  2.5976531980e-02 
1537.000  2.3808998600e-01  2.6184219360e-02 
1538.000  2.3176345600e-01  2.5595933910e-02 
1539.000  2.3677919500e-01  2.6254882810e-02 
1540.000  2.2823056500e-01  2.5393873210e-02 
1541.000  2.3304379500e-01  2.5998607640e-02 
1542.000  2.3443125100e-01  2.6214031220e-02 
1543.000  2.3379380400e-01  2.6215316770e-02 
1544.000  2.3679756700e-01  2.6634090420e-02 
1545.000  2.3770694900e-01  2.6834659580e-02 
1546.000  2.3792613800e-01  2.6956737520e-02 
1547.000  2.3561600400e-01  2.6785316470e-02 
1548.000  2.2865738400e-01  2.6074249270e-02 
1549.000  2.3451824800e-01  2.6810438160e-02 
1550.000  2.3320063500e-01  2.6722660060e-02 
1551.000  2.3197307500e-01  2.6627771380e-02 
1552.000  2.3592742300e-01  2.7128267290e-02 
1553.000  2.3469453900e-01  2.7041936870e-02 
1554.000  2.2609553300e-01  2.6095232010e-02 
1555.000  2.2986885500e-01  2.6590898510e-02 
1556.000  2.2548067800e-01  2.6145944600e-02 
1557.000  2.3286367800e-01  2.7071929930e-02 
1558.000  2.3102033200e-01  2.6913169860e-02 
1559.000  2.3103846500e-01  2.6967878340e-02 
1560.000  2.2704877500e-01  2.6563823700e-02 
1561.000  2.3234775300e-01  2.7223854060e-02 
1562.000  2.3223970200e-01  2.7235349660e-02 
1563.000  2.2876817900e-01  2.6861219410e-02 
1564.000  2.2410966300e-01  2.6336868290e-02 
1565.000  2.2736310900e-01  2.6734445570e-02 
1566.000  2.2305542800e-01  2.6274229050e-02 
1567.000  2.2269753000e-01  2.6243848800e-02 
1568.000  2.1754137100e-01  2.5629699710e-02 
1569.000  2.1772265200e-01  2.5637277600e-02 
1570.000  2.1166597400e-01  2.4927556990e-02 
1571.000  2.1733762700e-01  2.5634574890e-02 
1572.000  2.1717142100e-01  2.5640510560e-02 
1573.000  2.1387304700e-01  2.5304492950e-02 
1574.000  2.1471643200e-01  2.5470277790e-02 
1575.000  1.9949164100e-01  2.3714427950e-02 
1576.000  2.1432005900e-01  2.5510173800e-02 
1577.000  1.9359798900e-01  2.3071743010e-02 
1578.000  2.1194904700e-01  2.5289638520e-02 
1579.000  2.1327233200e-01  2.5487934110e-02 
1580.000  2.1782256400e-01  2.6088577270e-02 
1581.000  2.1637838100e-01  2.5952617650e-02 
1582.000  2.1222834900e-01  2.5534769060e-02 
1583.000  2.1503426000e-01  2.5949651720e-02 
1584.000  2.1330234500e-01  2.5819639210e-02 
1585.000  2.1975071900e-01  2.6671077730e-02 
1586.000  2.1699103100e-01  2.6384761810e-02 
1587.000  2.1473012800e-01  2.6178092960e-02 
1588.000  2.1157999300e-01  2.5858549120e-02 
1589.000  1.9357382400e-01  2.3698434830e-02 
1590.000  2.0854595900e-01  2.5569564820e-02 
1591.000  2.0387441900e-01  2.5026733400e-02 
1592.000  2.1455057500e-01  2.6352380750e-02 
1593.000  2.1916637700e-01  2.6927761080e-02 
1594.000  2.1729097500e-01  2.6707397460e-02 
1595.000  2.1826380300e-01  2.6839460370e-02 
1596.000  2.0445508200e-01  2.5172000890e-02 
1597.000  2.1204631900e-01  2.6110046390e-02 
1598.000  2.1496103000e-01  2.6461616520e-02 
1599.000  2.0652282300e-01  2.5406658170e-02 
1600.000  2.0897513300e-01  2.5700910570e-02 
1601.000  2.0017768400e-01  2.4647363660e-02 
1602.000  2.0504518100e-01  2.5278701780e-02 
1603.000  2.0381736400e-01  2.5184854510e-02 
1604.000  2.0686236900e-01  2.5626148220e-02 
1605.000  2.0380355400e-01  2.5282455440e-02 
1606.000  2.0316497700e-01  2.5246002200e-02 
1607.000  2.0385249700e-01  2.5336902620e-02 
1608.000  2.0604692600e-01  2.5616344450e-02 
1609.000  2.0525479800e-01  2.5536169050e-02 
1610.000  1.9259384700e-01  2.3982210160e-02 
1611.000  1.9874132500e-01  2.4795349120e-02 
1612.000  2.0121008500e-01  2.5154703140e-02 
1613.000  2.0623035000e-01  2.5832815170e-02 
1614.000  2.0420573000e-01  2.5594577790e-02 
1615.000  2.0797768400e-01  2.6110689160e-02 
1616.000  1.9525822400e-01  2.4546522140e-02 
1617.000  2.0136309600e-01  2.5374448780e-02 
1618.000  2.0763678700e-01  2.6195526120e-02 
1619.000  2.0735552000e-01  2.6221853260e-02 
1620.000  2.0246491700e-01  2.5662185670e-02 
1621.000  1.9973806700e-01  2.5362119670e-02 
1622.000  2.0476496000e-01  2.6019699100e-02 
1623.000  2.0904631500e-01  2.6595077510e-02 
1624.000  2.1057460500e-01  2.6814622880e-02 
1625.000  2.0555976900e-01  2.6227466580e-02 
1626.000  2.0786053100e-01  2.6513557430e-02 
1627.000  2.0762206400e-01  2.6510314940e-02 
1628.000  2.0919950700e-01  2.6724174500e-02 
1629.000  2.0906284700e-01  2.6716083530e-02 
1630.000  2.0319933900e-01  2.5964479450e-02 
1631.000  2.0637689500e-01  2.6383852010e-02 
1632.000  2.0620411100e-01  2.6334220890e-02 
1633.000  2.0348332000e-01  2.5983749390e-02 
1634.000  1.9852171400e-01  2.5337236400e-02 
1635.000  2.0384308200e-01  2.6016801830e-02 
1636.000  2.0307698800e-01  2.5910509110e-02 
1637.000  1.9376516100e-01  2.4712978360e-02 
1638.000  1.9234953400e-01  2.4533933640e-02 
1639.000  1.9006671100e-01  2.4221012120e-02 
1640.000  1.9101286100e-01  2.4335798260e-02 
1641.000  1.8964908400e-01  2.4160123830e-02 
1642.000  1.8941121400e-01  2.4165672300e-02 
1643.000  1.9421105500e-01  2.4804422380e-02 
1644.000  1.9113899700e-01  2.4433860780e-02 
1645.000  1.9143760500e-01  2.4487682340e-02 
1646.000  1.9373765800e-01  2.4815433500e-02 
1647.000  1.9553858300e-01  2.5062360760e-02 
1648.000  1.9465510200e-01  2.4952030180e-02 
1649.000  1.9018250800e-01  2.4391418460e-02 
1650.000  1.9500151500e-01  2.5027795790e-02 
1651.000  1.9064780800e-01  2.4474544530e-02 
1652.000  1.9443836500e-01  2.4955799100e-02 
1653.000  1.9243659500e-01  2.4715963360e-02 
1654.000  1.9459497800e-01  2.5002983090e-02 
1655.000  1.9090962700e-01  2.4551698680e-02 
1656.000  1.9473337000e-01  2.5060623170e-02 
1657.000  1.9331892700e-01  2.4887968060e-02 
1658.000  1.9453788800e-01  2.5067438130e-02 
1659.000  1.9099976600e-01  2.4621091840e-02 
1660.000  1.9320719700e-01  2.4902339940e-02 
1661.000  1.9396080200e-01  2.4996204380e-02 
1662.000  1.9250306600e-01  2.4787744520e-02 
1663.000  1.9122865000e-01  2.4618175510e-02 
1664.000  1.9033651500e-01  2.4496433260e-02 
1665.000  1.8839608200e-01  2.4233844760e-02 
1666.000  1.8762630900e-01  2.4151006700e-02 
1667.000  1.8954269800e-01  2.4441793440e-02 
1668.000  1.8633130900e-01  2.4039716720e-02 
1669.000  1.8685640500e-01  2.4129814150e-02 
1670.000  1.9105725600e-01  2.4695562360e-02 
1671.000  1.8965957100e-01  2.4525470730e-02 
1672.000  1.8067662900e-01  2.3377813340e-02 
1673.000  1.8583793900e-01  2.4040966030e-02 
1674.000  1.8658717900e-01  2.4140163420e-02 
1675.000  1.8485443000e-01  2.3930177690e-02 
1676.000  1.8186577100e-01  2.3543087010e-02 
1677.000  1.8279635400e-01  2.3668287280e-02 
1678.000  1.8380891900e-01  2.3813495640e-02 
1679.000  1.8136771300e-01  2.3496393200e-02 
1680.000  1.7515128900e-01  2.2704010010e-02 
1681.000  1.6908002900e-01  2.1922039030e-02 
1682.000  1.7396345000e-01  2.2552484510e-02 
1683.000  1.7825381500e-01  2.3099569320e-02 
1684.000  1.8154808400e-01  2.3518310550e-02 
1685.000  1.8206748400e-01  2.3557929990e-02 
1686.000  1.7987121100e-01  2.3268093110e-02 
1687.000  1.8056606500e-01  2.3312007900e-02 
1688.000  1.8065895700e-01  2.3285455700e-02 
1689.000  1.7847975200e-01  2.2997274400e-02 
1690.000  1.7833427900e-01  2.2934635160e-02 
1691.000  1.8064147700e-01  2.3224403380e-02 
1692.000  1.8096676600e-01  2.3264839170e-02 
1693.000  1.8032684100e-01  2.3187635420e-02 
1694.000  1.8005756100e-01  2.3151723860e-02 
1695.000  1.8010369200e-01  2.3134386060e-02 
1696.000  1.7904959000e-01  2.2984210970e-02 
1697.000  1.7792294800e-01  2.2809574130e-02 
1698.000  1.7897818100e-01  2.2921846390e-02 
1699.000  1.7782247000e-01  2.2758171080e-02 
1700.000  1.7557109500e-01  2.2455606460e-02 
