 lambda   Irr_dw            Rad_up 
 550.000  1.5483066000e+00  2.1693904110e-01 
 551.000  1.5379867000e+00  2.1545591740e-01 
 552.000  1.6035533000e+00  2.2465525820e-01 
 553.000  1.5401061000e+00  2.1571832280e-01 
 554.000  1.5897960000e+00  2.2267836000e-01 
 555.000  1.5936599000e+00  2.2315539550e-01 
 556.000  1.5491673000e+00  2.1686387630e-01 
 557.000  1.5026846000e+00  2.1036106870e-01 
 558.000  1.5592435000e+00  2.1821430970e-01 
 559.000  1.4733515000e+00  2.0616213990e-01 
 560.000  1.4793722000e+00  2.0699908450e-01 
 561.000  1.6254117000e+00  2.2736618040e-01 
 562.000  1.4915708000e+00  2.0860173030e-01 
 563.000  1.5600819000e+00  2.1811570740e-01 
 564.000  1.5377049000e+00  2.1488688660e-01 
 565.000  1.5555923000e+00  2.1734558110e-01 
 566.000  1.4338639000e+00  2.0028016660e-01 
 567.000  1.5376112000e+00  2.1455284120e-01 
 568.000  1.5329347000e+00  2.1320579530e-01 
 569.000  1.5009919000e+00  2.0728042600e-01 
 570.000  1.5086693000e+00  2.0854803470e-01 
 571.000  1.4556299000e+00  2.0222705080e-01 
 572.000  1.5375123000e+00  2.1259686280e-01 
 573.000  1.5537023000e+00  2.1511849980e-01 
 574.000  1.5449696000e+00  2.1396096800e-01 
 575.000  1.5068943000e+00  2.0858386230e-01 
 576.000  1.4793086000e+00  2.0471440120e-01 
 577.000  1.5406535000e+00  2.1343220520e-01 
 578.000  1.4957797000e+00  2.0760992430e-01 
 579.000  1.4843353000e+00  2.0620545960e-01 
 580.000  1.5354096000e+00  2.1348388670e-01 
 581.000  1.5076923000e+00  2.0988508610e-01 
 582.000  1.5301833000e+00  2.1306488040e-01 
 583.000  1.5406518000e+00  2.1455216980e-01 
 584.000  1.5355654000e+00  2.1378126530e-01 
 585.000  1.5252499000e+00  2.1227182010e-01 
 586.000  1.4595128000e+00  2.0310485840e-01 
 587.000  1.5162038000e+00  2.1039042660e-01 
 588.000  1.4996765000e+00  2.0604788210e-01 
 589.000  1.3286686000e+00  1.7994879150e-01 
 590.000  1.3871428000e+00  1.8769638060e-01 
 591.000  1.4741856000e+00  2.0132176210e-01 
 592.000  1.4456208000e+00  1.9635554500e-01 
 593.000  1.4611488000e+00  2.0058233640e-01 
 594.000  1.4742673000e+00  2.0187393190e-01 
 595.000  1.4456808000e+00  1.9641917420e-01 
 596.000  1.4818013000e+00  2.0352835080e-01 
 597.000  1.4860616000e+00  2.0358190920e-01 
 598.000  1.4557325000e+00  2.0035311890e-01 
 599.000  1.4561129000e+00  2.0079107670e-01 
 600.000  1.4565545000e+00  2.0171687320e-01 
 601.000  1.4484194000e+00  2.0121124270e-01 
 602.000  1.4325728000e+00  1.9919749450e-01 
 603.000  1.4412029000e+00  2.0062307740e-01 
 604.000  1.4868288000e+00  2.0717210390e-01 
 605.000  1.4829734000e+00  2.0665145870e-01 
 606.000  1.4657122000e+00  2.0430024720e-01 
 607.000  1.4573948000e+00  2.0313322450e-01 
 608.000  1.4519676000e+00  2.0234910580e-01 
 609.000  1.4369857000e+00  2.0027076720e-01 
 610.000  1.4138924000e+00  1.9702467350e-01 
 611.000  1.4367666000e+00  2.0021495060e-01 
 612.000  1.4179780000e+00  1.9760174560e-01 
 613.000  1.3971797000e+00  1.9467729190e-01 
 614.000  1.3461780000e+00  1.8758378600e-01 
 615.000  1.4111202000e+00  1.9658850100e-01 
 616.000  1.3416246000e+00  1.8692294310e-01 
 617.000  1.3491253000e+00  1.8796307370e-01 
 618.000  1.4126974000e+00  1.9675985720e-01 
 619.000  1.3996755000e+00  1.9496437070e-01 
 620.000  1.4202688000e+00  1.9776580810e-01 
 621.000  1.4446042000e+00  2.0112496950e-01 
 622.000  1.3683250000e+00  1.9044587710e-01 
 623.000  1.3788993000e+00  1.9181004330e-01 
 624.000  1.3802897000e+00  1.9200090030e-01 
 625.000  1.3428187000e+00  1.8675065610e-01 
 626.000  1.3495185000e+00  1.8749258420e-01 
 627.000  1.3718388000e+00  1.8985331730e-01 
 628.000  1.3528092000e+00  1.8584112550e-01 
 629.000  1.3870204000e+00  1.9101538090e-01 
 630.000  1.3410465000e+00  1.8529998780e-01 
 631.000  1.3903190000e+00  1.9231532290e-01 
 632.000  1.2949024000e+00  1.7855526730e-01 
 633.000  1.3901283000e+00  1.9240277100e-01 
 634.000  1.3483963000e+00  1.8685247800e-01 
 635.000  1.3730103000e+00  1.9025122070e-01 
 636.000  1.3246321000e+00  1.8367555240e-01 
 637.000  1.3683235000e+00  1.8981970210e-01 
 638.000  1.3896682000e+00  1.9311296080e-01 
 639.000  1.3781504000e+00  1.9145661930e-01 
 640.000  1.3349106000e+00  1.8568473820e-01 
 641.000  1.3541465000e+00  1.8833563230e-01 
 642.000  1.3378824000e+00  1.8618031310e-01 
 643.000  1.3611799000e+00  1.8915980530e-01 
 644.000  1.3455304000e+00  1.8693533330e-01 
 645.000  1.3571540000e+00  1.8820738220e-01 
 646.000  1.3050985000e+00  1.7949414060e-01 
 647.000  1.3225872000e+00  1.8087292480e-01 
 648.000  1.3200214000e+00  1.7949444580e-01 
 649.000  1.3463247000e+00  1.8391940310e-01 
 650.000  1.2478836100e+00  1.7217620850e-01 
 651.000  1.3441685000e+00  1.8544683840e-01 
 652.000  1.3179104000e+00  1.8022830200e-01 
 653.000  1.3448055000e+00  1.8575424190e-01 
 654.000  1.3271211000e+00  1.8304083250e-01 
 655.000  1.2919679000e+00  1.7751847840e-01 
 656.000  1.0968799600e+00  1.5088766480e-01 
 657.000  1.1707300000e+00  1.6136656190e-01 
 658.000  1.3041357000e+00  1.8041349790e-01 
 659.000  1.3073228000e+00  1.8119955440e-01 
 660.000  1.3175783000e+00  1.8278533940e-01 
 661.000  1.3234490000e+00  1.8410404970e-01 
 662.000  1.3425176000e+00  1.8697058110e-01 
 663.000  1.3275502000e+00  1.8480746460e-01 
 664.000  1.3064460300e+00  1.8193878170e-01 
 665.000  1.3121118000e+00  1.8277682500e-01 
 666.000  1.3279055000e+00  1.8509675600e-01 
 667.000  1.3015345100e+00  1.8143778990e-01 
 668.000  1.3089162600e+00  1.8258389280e-01 
 669.000  1.3275651100e+00  1.8524114990e-01 
 670.000  1.3119711600e+00  1.8302258300e-01 
 671.000  1.2977568600e+00  1.8107530210e-01 
 672.000  1.2936199000e+00  1.8049591060e-01 
 673.000  1.3028285400e+00  1.8177200320e-01 
 674.000  1.3053200800e+00  1.8212953190e-01 
 675.000  1.2853711600e+00  1.7932763670e-01 
 676.000  1.3096047200e+00  1.8271896360e-01 
 677.000  1.2835208300e+00  1.7909283450e-01 
 678.000  1.3047365300e+00  1.8204193120e-01 
 679.000  1.2862805200e+00  1.7942922970e-01 
 680.000  1.2763569000e+00  1.7798742680e-01 
 681.000  1.2776721500e+00  1.7809494020e-01 
 682.000  1.2749859100e+00  1.7767120360e-01 
 683.000  1.2833079300e+00  1.7875975040e-01 
 684.000  1.2600676100e+00  1.7541984560e-01 
 685.000  1.2742813700e+00  1.7746177670e-01 
 686.000  1.2181109200e+00  1.6935850520e-01 
 687.000  1.1257867100e+00  1.5175300600e-01 
 688.000  1.1558257400e+00  1.5737571720e-01 
 689.000  1.1502759800e+00  1.5613830570e-01 
 690.000  1.1709513500e+00  1.5978898620e-01 
 691.000  1.1947826400e+00  1.6386653140e-01 
 692.000  1.1979035000e+00  1.6434455870e-01 
 693.000  1.1967849300e+00  1.6214837650e-01 
 694.000  1.1987609800e+00  1.6059687810e-01 
 695.000  1.1858961000e+00  1.5976553340e-01 
 696.000  1.2043945800e+00  1.6283232120e-01 
 697.000  1.2275675200e+00  1.6909422300e-01 
 698.000  1.2003013000e+00  1.6461511230e-01 
 699.000  1.2034696200e+00  1.6228619380e-01 
 700.000  1.1923565300e+00  1.6119244380e-01 
 701.000  1.1614573700e+00  1.5639781190e-01 
 702.000  1.1586175200e+00  1.5642424010e-01 
 703.000  1.1903127800e+00  1.6292729190e-01 
 704.000  1.1942722600e+00  1.6356483460e-01 
 705.000  1.1968817600e+00  1.6295809940e-01 
 706.000  1.1853217900e+00  1.6155783080e-01 
 707.000  1.1696171900e+00  1.5974375920e-01 
 708.000  1.2059693300e+00  1.6507275390e-01 
 709.000  1.1679316400e+00  1.6058975220e-01 
 710.000  1.1892489500e+00  1.6267642210e-01 
 711.000  1.1826680200e+00  1.6257550050e-01 
 712.000  1.1706780300e+00  1.6163325500e-01 
 713.000  1.1618862900e+00  1.5983209230e-01 
 714.000  1.1802369800e+00  1.6211640930e-01 
 715.000  1.1329048500e+00  1.5467961120e-01 
 716.000  1.1561177200e+00  1.5687875370e-01 
 717.000  1.0833799200e+00  1.4182061770e-01 
 718.000  1.0506943200e+00  1.3450263980e-01 
 719.000  1.0288642900e+00  1.3058996580e-01 
 720.000  1.0219269900e+00  1.2819578550e-01 
 721.000  1.0833713100e+00  1.4314997860e-01 
 722.000  1.1210878600e+00  1.5082444760e-01 
 723.000  1.1057153000e+00  1.4719598390e-01 
 724.000  1.0754987400e+00  1.3900808720e-01 
 725.000  1.0690089100e+00  1.3874533080e-01 
 726.000  1.0651845400e+00  1.3806347660e-01 
 727.000  1.0860028200e+00  1.4132302860e-01 
 728.000  1.0615881000e+00  1.3754614260e-01 
 729.000  1.0325427000e+00  1.3528079220e-01 
 730.000  1.0681067000e+00  1.3968527220e-01 
 731.000  1.0474638000e+00  1.3671270750e-01 
 732.000  1.0901494800e+00  1.4496357730e-01 
 733.000  1.0949281000e+00  1.4831356810e-01 
 734.000  1.1280359600e+00  1.5415849300e-01 
 735.000  1.1151044000e+00  1.5189076230e-01 
 736.000  1.0875149000e+00  1.4727554320e-01 
 737.000  1.1067790200e+00  1.5052212520e-01 
 738.000  1.1105664200e+00  1.5195936580e-01 
 739.000  1.0774155000e+00  1.4782810970e-01 
 740.000  1.0939120500e+00  1.5098449710e-01 
 741.000  1.0887901800e+00  1.5084133910e-01 
 742.000  1.0723040500e+00  1.4878897090e-01 
 743.000  1.1071123700e+00  1.5413948060e-01 
 744.000  1.1189989200e+00  1.5604107670e-01 
 745.000  1.0909777900e+00  1.5232716370e-01 
 746.000  1.1069825400e+00  1.5468806460e-01 
 747.000  1.1236564300e+00  1.5702294920e-01 
 748.000  1.1042259100e+00  1.5440043640e-01 
 749.000  1.1047168500e+00  1.5452197270e-01 
 750.000  1.0881379900e+00  1.5213301090e-01 
 751.000  1.0853372300e+00  1.5175039670e-01 
 752.000  1.1024472900e+00  1.5424650570e-01 
 753.000  1.0921793400e+00  1.5284297180e-01 
 754.000  1.1093775100e+00  1.5527330020e-01 
 755.000  1.1030165000e+00  1.5439187620e-01 
 756.000  1.0814327000e+00  1.5138198850e-01 
 757.000  1.0893933100e+00  1.5250375370e-01 
 758.000  1.0870895600e+00  1.5212590030e-01 
 759.000  1.0043960100e+00  1.3823011780e-01 
 760.000  5.1238039000e-01  5.9553611760e-02 
 761.000  4.6280597000e-01  5.2514850620e-02 
 762.000  7.3952726000e-01  9.4566726680e-02 
 763.000  6.7079594000e-01  8.3011619570e-02 
 764.000  7.1712039000e-01  9.0196533200e-02 
 765.000  8.1924418000e-01  1.0686338040e-01 
 766.000  8.8629137000e-01  1.1963762660e-01 
 767.000  9.5004331000e-01  1.3019844060e-01 
 768.000  1.0210508300e+00  1.4132980350e-01 
 769.000  1.0387119700e+00  1.4473043820e-01 
 770.000  1.0437862700e+00  1.4589074710e-01 
 771.000  1.0493920300e+00  1.4693946840e-01 
 772.000  1.0464645000e+00  1.4660227970e-01 
 773.000  1.0425378100e+00  1.4609144590e-01 
 774.000  1.0540212400e+00  1.4773890690e-01 
 775.000  1.0145708600e+00  1.4224031070e-01 
 776.000  1.0564504700e+00  1.4815808110e-01 
 777.000  1.0491146500e+00  1.4713372800e-01 
 778.000  1.0434542700e+00  1.4632937620e-01 
 779.000  1.0468173000e+00  1.4678544620e-01 
 780.000  1.0338298400e+00  1.4498091130e-01 
 781.000  1.0322277200e+00  1.4479098510e-01 
 782.000  1.0446341600e+00  1.4649690250e-01 
 783.000  1.0201922900e+00  1.4310278320e-01 
 784.000  1.0257449800e+00  1.4383529660e-01 
 785.000  1.0275717600e+00  1.4386553960e-01 
 786.000  1.0085361000e+00  1.4091293330e-01 
 787.000  1.0203897400e+00  1.4187135310e-01 
 788.000  1.0034774600e+00  1.3919316100e-01 
 789.000  1.0035150500e+00  1.3802616880e-01 
 790.000  9.9285435000e-01  1.3644479370e-01 
 791.000  9.8882123000e-01  1.3611889650e-01 
 792.000  9.7412773000e-01  1.3428025820e-01 
 793.000  9.7544453000e-01  1.3492874150e-01 
 794.000  9.7029718000e-01  1.3523045350e-01 
 795.000  9.6203088000e-01  1.3343241880e-01 
 796.000  9.7031195000e-01  1.3306452940e-01 
 797.000  9.7871880000e-01  1.3467869570e-01 
 798.000  9.8435289000e-01  1.3646272280e-01 
 799.000  9.8236638000e-01  1.3594482420e-01 
 800.000  9.5305324000e-01  1.3118225100e-01 
 801.000  9.7127242000e-01  1.3378070070e-01 
 802.000  9.6892543000e-01  1.3337622070e-01 
 803.000  9.5563357000e-01  1.3166455080e-01 
 804.000  9.6599287000e-01  1.3345915220e-01 
 805.000  9.4280886000e-01  1.3091394040e-01 
 806.000  9.7031496000e-01  1.3512109380e-01 
 807.000  9.6439257000e-01  1.3433741760e-01 
 808.000  9.5754411000e-01  1.3314605710e-01 
 809.000  9.3986702000e-01  1.3041609190e-01 
 810.000  9.3403636000e-01  1.2930667110e-01 
 811.000  9.4561592000e-01  1.3033644100e-01 
 812.000  9.3779553000e-01  1.2847262570e-01 
 813.000  9.2793612000e-01  1.2617262270e-01 
 814.000  9.1882272000e-01  1.2378195190e-01 
 815.000  8.9904202000e-01  1.1972504430e-01 
 816.000  8.7799707000e-01  1.1524303440e-01 
 817.000  8.8403840000e-01  1.1611667630e-01 
 818.000  8.7973071000e-01  1.1565805050e-01 
 819.000  8.6019865000e-01  1.1367484280e-01 
 820.000  8.5773565000e-01  1.1518914030e-01 
 821.000  9.0294175000e-01  1.2351348880e-01 
 822.000  8.6505150000e-01  1.1664185330e-01 
 823.000  8.4097739000e-01  1.0915557100e-01 
 824.000  8.8429276000e-01  1.1853787230e-01 
 825.000  9.0207936000e-01  1.2359688570e-01 
 826.000  9.0440667000e-01  1.2345300290e-01 
 827.000  8.9902105000e-01  1.2237380220e-01 
 828.000  8.8464142000e-01  1.1873254390e-01 
 829.000  8.8868971000e-01  1.1986454770e-01 
 830.000  8.7948764000e-01  1.1930585480e-01 
 831.000  8.6512926000e-01  1.1751432040e-01 
 832.000  8.8325975000e-01  1.2004697420e-01 
 833.000  8.5845205000e-01  1.1710282140e-01 
 834.000  8.7423410000e-01  1.1973265080e-01 
 835.000  8.8160606000e-01  1.2164815520e-01 
 836.000  8.9002741000e-01  1.2255976870e-01 
 837.000  8.8242535000e-01  1.2146833040e-01 
 838.000  8.8823266000e-01  1.2274920650e-01 
 839.000  8.6198590000e-01  1.1939015960e-01 
 840.000  8.8557471000e-01  1.2273867800e-01 
 841.000  8.8635439000e-01  1.2253186800e-01 
 842.000  8.8210828000e-01  1.2221659850e-01 
 843.000  8.7907318000e-01  1.2251336670e-01 
 844.000  8.6578646000e-01  1.2097789760e-01 
 845.000  8.7949662000e-01  1.2304480740e-01 
 846.000  8.8790184000e-01  1.2440513610e-01 
 847.000  8.5789531000e-01  1.2039711760e-01 
 848.000  8.8211812000e-01  1.2349939730e-01 
 849.000  8.8384081000e-01  1.2381439210e-01 
 850.000  7.6373393000e-01  1.0683971410e-01 
 851.000  8.7439791000e-01  1.2214302060e-01 
 852.000  8.4127017000e-01  1.1756172940e-01 
 853.000  8.5179564000e-01  1.1927040100e-01 
 854.000  6.8475395000e-01  9.5889671330e-02 
 855.000  7.5409772000e-01  1.0574378200e-01 
 856.000  8.5632492000e-01  1.2032724760e-01 
 857.000  8.7022698000e-01  1.2244519040e-01 
 858.000  8.5638570000e-01  1.2055498500e-01 
 859.000  8.5646927000e-01  1.2070547490e-01 
 860.000  8.4890566000e-01  1.1973035430e-01 
 861.000  8.4879188000e-01  1.1972350310e-01 
 862.000  8.4601470000e-01  1.1934673310e-01 
 863.000  8.6217702000e-01  1.2167836760e-01 
 864.000  8.6045192000e-01  1.2140757750e-01 
 865.000  8.4441968000e-01  1.1922044370e-01 
 866.000  7.0828901000e-01  1.0002934270e-01 
 867.000  7.5423528000e-01  1.0644356540e-01 
 868.000  8.1799042000e-01  1.1548536680e-01 
 869.000  8.0650473000e-01  1.1387345890e-01 
 870.000  8.3975577000e-01  1.1861734010e-01 
 871.000  8.3856170000e-01  1.1843647770e-01 
 872.000  8.3518189000e-01  1.1789479060e-01 
 873.000  8.3851186000e-01  1.1841121670e-01 
 874.000  8.2011470000e-01  1.1578344730e-01 
 875.000  8.1256113000e-01  1.1478093720e-01 
 876.000  8.1928691000e-01  1.1568696590e-01 
 877.000  8.3559857000e-01  1.1793627170e-01 
 878.000  8.2117581000e-01  1.1586945340e-01 
 879.000  8.2307153000e-01  1.1616277310e-01 
 880.000  8.1824043000e-01  1.1536079410e-01 
 881.000  7.7567880000e-01  1.0935243990e-01 
 882.000  8.1847340000e-01  1.1528749080e-01 
 883.000  7.9980788000e-01  1.1276598360e-01 
 884.000  8.0659874000e-01  1.1382401280e-01 
 885.000  8.1479580000e-01  1.1469110110e-01 
 886.000  7.8798257000e-01  1.1077812960e-01 
 887.000  7.7996566000e-01  1.0977314000e-01 
 888.000  8.0329970000e-01  1.1298619080e-01 
 889.000  8.0874240000e-01  1.1390378570e-01 
 890.000  8.0608186000e-01  1.1340343480e-01 
 891.000  8.0126835000e-01  1.1244892880e-01 
 892.000  7.9692983000e-01  1.1134674070e-01 
 893.000  7.6084975000e-01  1.0483277890e-01 
 894.000  7.8299686000e-01  1.0719717410e-01 
 895.000  7.3303897000e-01  9.8496742250e-02 
 896.000  7.4708735000e-01  9.8610176090e-02 
 897.000  7.1445208000e-01  9.2665451050e-02 
 898.000  7.0838814000e-01  9.1074722290e-02 
 899.000  6.8695099000e-01  8.6268547060e-02 
 900.000  6.7275587000e-01  8.4721115110e-02 
 901.000  6.5315099000e-01  8.1776985170e-02 
 902.000  6.4196966000e-01  8.0497718810e-02 
 903.000  7.0746960000e-01  9.2224937440e-02 
 904.000  7.4171235000e-01  9.8997161870e-02 
 905.000  7.3891902000e-01  9.8664558410e-02 
 906.000  7.0656169000e-01  9.2965393070e-02 
 907.000  6.9543162000e-01  8.9121070860e-02 
 908.000  6.6354925000e-01  8.3557380680e-02 
 909.000  6.5106533000e-01  8.2029724120e-02 
 910.000  6.6099009000e-01  8.3495025630e-02 
 911.000  6.6906176000e-01  8.5544830320e-02 
 912.000  6.6569861000e-01  8.4565490720e-02 
 913.000  6.5992679000e-01  8.1859436040e-02 
 914.000  6.6611880000e-01  8.3606933590e-02 
 915.000  6.6331931000e-01  8.4126083370e-02 
 916.000  6.7275555000e-01  8.5519042970e-02 
 917.000  6.6652114000e-01  8.5164833070e-02 
 918.000  6.6867824000e-01  8.6018341060e-02 
 919.000  6.9657891000e-01  9.1779975890e-02 
 920.000  7.0411181000e-01  9.4277458190e-02 
 921.000  6.8559605000e-01  9.1451187130e-02 
 922.000  6.7916743000e-01  9.0599273680e-02 
 923.000  6.4700049000e-01  8.5762168880e-02 
 924.000  6.6510679000e-01  8.7262702940e-02 
 925.000  6.7319080000e-01  8.8179748540e-02 
 926.000  6.4903302000e-01  8.4862007140e-02 
 927.000  6.6232964000e-01  8.5473144530e-02 
 928.000  6.4944802000e-01  8.1954948430e-02 
 929.000  6.1599528000e-01  7.5255760190e-02 
 930.000  5.8294137000e-01  6.8058586120e-02 
 931.000  5.4665619000e-01  6.0046375270e-02 
 932.000  4.9373171000e-01  4.9647121430e-02 
 933.000  4.5791738000e-01  4.3211498260e-02 
 934.000  4.1468321000e-01  3.6587352750e-02 
 935.000  4.0447326000e-01  3.5377525330e-02 
 936.000  4.1714557000e-01  3.7442520140e-02 
 937.000  4.2227263000e-01  3.7691974640e-02 
 938.000  4.6045103000e-01  4.4293533330e-02 
 939.000  5.7048216000e-01  6.5593605040e-02 
 940.000  5.8243898000e-01  6.8410186770e-02 
 941.000  5.5643781000e-01  6.4237228390e-02 
 942.000  5.0473776000e-01  5.5325698850e-02 
 943.000  4.7676129000e-01  4.7506404880e-02 
 944.000  4.5992138000e-01  4.5497615810e-02 
 945.000  4.8418824000e-01  4.9507446290e-02 
 946.000  4.9175044000e-01  5.0400222780e-02 
 947.000  5.0606529000e-01  5.3530529020e-02 
 948.000  5.1921960000e-01  5.5941745760e-02 
 949.000  5.1940113000e-01  5.5856948850e-02 
 950.000  5.1850159000e-01  5.6027034760e-02 
 951.000  5.3763793000e-01  6.0438247680e-02 
 952.000  5.1357515000e-01  5.5402412410e-02 
 953.000  5.2872911000e-01  5.8799194340e-02 
 954.000  5.4097283000e-01  6.2034885410e-02 
 955.000  4.9189270000e-01  5.5108005520e-02 
 956.000  5.2130696000e-01  5.8144229890e-02 
 957.000  5.6452787000e-01  6.7547363280e-02 
 958.000  5.7430719000e-01  6.9297042850e-02 
 959.000  5.6919608000e-01  6.8072631840e-02 
 960.000  5.6164141000e-01  6.7012557980e-02 
 961.000  5.5197891000e-01  6.5555999760e-02 
 962.000  5.5790243000e-01  6.6605682370e-02 
 963.000  5.7991420000e-01  7.1461883540e-02 
 964.000  5.7648014000e-01  7.1373397830e-02 
 965.000  5.8125428000e-01  7.1799850460e-02 
 966.000  5.6560438000e-01  7.0016662600e-02 
 967.000  5.9866086000e-01  7.5709205630e-02 
 968.000  6.1852061000e-01  8.1004936220e-02 
 969.000  6.3414156000e-01  8.4379707340e-02 
 970.000  6.3646861000e-01  8.4780372620e-02 
 971.000  6.3052532000e-01  8.3970237730e-02 
 972.000  6.3168193000e-01  8.3756759640e-02 
 973.000  6.1798794000e-01  8.1116935730e-02 
 974.000  5.9915664000e-01  7.7689056400e-02 
 975.000  5.9607996000e-01  7.6686828610e-02 
 976.000  6.1080043000e-01  7.9357444760e-02 
 977.000  6.0728088000e-01  8.0183494570e-02 
 978.000  6.2125028000e-01  8.1945014950e-02 
 979.000  6.0621344000e-01  8.0319290160e-02 
 980.000  6.2701391000e-01  8.4473068240e-02 
 981.000  6.3400583000e-01  8.5751243590e-02 
 982.000  6.2987179000e-01  8.4899368290e-02 
 983.000  6.3440265000e-01  8.6266975400e-02 
 984.000  6.3655464000e-01  8.7359375000e-02 
 985.000  6.3987375000e-01  8.8287651060e-02 
 986.000  6.3931200000e-01  8.8829620360e-02 
 987.000  6.4866215000e-01  9.0414009090e-02 
 988.000  6.4104513000e-01  8.9425048830e-02 
 989.000  6.3317163000e-01  8.8375457760e-02 
 990.000  6.3903379000e-01  8.9268692020e-02 
 991.000  6.4596376000e-01  9.0486602780e-02 
 992.000  6.4045291000e-01  8.9792785640e-02 
 993.000  6.4058174000e-01  8.9847419740e-02 
 994.000  6.4530460000e-01  9.0732536320e-02 
 995.000  6.4158522000e-01  9.0372787480e-02 
 996.000  6.4144232000e-01  9.0362228390e-02 
 997.000  6.4145740000e-01  9.0277374270e-02 
 998.000  6.3833690000e-01  8.9742912290e-02 
 999.000  6.3646333000e-01  8.9449447630e-02 
1000.000  6.3160289000e-01  8.8808631900e-02 
1001.000  6.3360959000e-01  8.8881408690e-02 
1002.000  6.3026119000e-01  8.8073936460e-02 
1003.000  6.2344569000e-01  8.7218742370e-02 
1004.000  6.1955182000e-01  8.6888946530e-02 
1005.000  5.7939412000e-01  8.1355293270e-02 
1006.000  6.0982791000e-01  8.5675941470e-02 
1007.000  6.2049693000e-01  8.7123252870e-02 
1008.000  6.2124982000e-01  8.6960266110e-02 
1009.000  6.1495686000e-01  8.5727081300e-02 
1010.000  6.1834981000e-01  8.6380722050e-02 
1011.000  6.1764317000e-01  8.6690963750e-02 
1012.000  6.1881674000e-01  8.7021102910e-02 
1013.000  6.1509981000e-01  8.6632255550e-02 
1014.000  6.1934371000e-01  8.7308280940e-02 
1015.000  6.0795450000e-01  8.5740509030e-02 
1016.000  6.1217550000e-01  8.6418678280e-02 
1017.000  6.0624754000e-01  8.5636268620e-02 
1018.000  6.1380201000e-01  8.6666465760e-02 
1019.000  5.9899619000e-01  8.4464591980e-02 
1020.000  5.9799774000e-01  8.4370780940e-02 
1021.000  6.0449165000e-01  8.5373123170e-02 
1022.000  5.9449460000e-01  8.3781440730e-02 
1023.000  6.0512618000e-01  8.5126693730e-02 
1024.000  6.0158966000e-01  8.4532783510e-02 
1025.000  6.0273191000e-01  8.4934326170e-02 
1026.000  6.0401233000e-01  8.5237442020e-02 
1027.000  6.0011428000e-01  8.4673629760e-02 
1028.000  6.0172345000e-01  8.4975296020e-02 
1029.000  5.9307714000e-01  8.3896865840e-02 
1030.000  5.9954249000e-01  8.4954208370e-02 
1031.000  5.9790105000e-01  8.4814956670e-02 
1032.000  5.9598573000e-01  8.4617691040e-02 
1033.000  5.8504616000e-01  8.3083816530e-02 
1034.000  5.9076026000e-01  8.3929336550e-02 
1035.000  5.8304235000e-01  8.2839370730e-02 
1036.000  5.9267734000e-01  8.4232254030e-02 
1037.000  5.8019430000e-01  8.2474090580e-02 
1038.000  5.8592888000e-01  8.3302864070e-02 
1039.000  5.8831460000e-01  8.3635734560e-02 
1040.000  5.8134494000e-01  8.2643814090e-02 
1041.000  5.8436938000e-01  8.3069862370e-02 
1042.000  5.8609718000e-01  8.3317466740e-02 
1043.000  5.7597542000e-01  8.1884445190e-02 
1044.000  5.8169834000e-01  8.2696800230e-02 
1045.000  5.7914873000e-01  8.2344947810e-02 
1046.000  5.6229572000e-01  7.9970092770e-02 
1047.000  5.7260656000e-01  8.1456550600e-02 
1048.000  5.7827992000e-01  8.2290283200e-02 
1049.000  5.7455918000e-01  8.1794769290e-02 
1050.000  5.7213902000e-01  8.1458274840e-02 
1051.000  5.7111013000e-01  8.1281402590e-02 
1052.000  5.6845488000e-01  8.0877456670e-02 
1053.000  5.6699947000e-01  8.0665016170e-02 
1054.000  5.6276475000e-01  8.0025505070e-02 
1055.000  5.6685812000e-01  8.0570411680e-02 
1056.000  5.6532479000e-01  8.0325942990e-02 
1057.000  5.6425366000e-01  8.0102684020e-02 
1058.000  5.5818288000e-01  7.9106552120e-02 
1059.000  5.4063742000e-01  7.6652809140e-02 
1060.000  5.6019836000e-01  7.9531486510e-02 
1061.000  5.4054300000e-01  7.6743148800e-02 
1062.000  5.5543720000e-01  7.8785285950e-02 
1063.000  5.4602731000e-01  7.7436187740e-02 
1064.000  5.5275960000e-01  7.8314231870e-02 
1065.000  5.5192081000e-01  7.8082183840e-02 
1066.000  5.3501418000e-01  7.5690261840e-02 
1067.000  5.4763934000e-01  7.7423706050e-02 
1068.000  5.4489278000e-01  7.6828102110e-02 
1069.000  5.0357467000e-01  7.0885803220e-02 
1070.000  5.3352114000e-01  7.5126914980e-02 
1071.000  5.3398956000e-01  7.5074615480e-02 
1072.000  5.3537393000e-01  7.5155006410e-02 
1073.000  5.1768079000e-01  7.2654449460e-02 
1074.000  5.3588355000e-01  7.5233543400e-02 
1075.000  5.1983353000e-01  7.3156105040e-02 
1076.000  5.3086193000e-01  7.4596557620e-02 
1077.000  5.2917011000e-01  7.4213439940e-02 
1078.000  5.2993379000e-01  7.4150993350e-02 
1079.000  5.0944230000e-01  7.1261695860e-02 
1080.000  5.2287817000e-01  7.2701759340e-02 
1081.000  5.0355037000e-01  6.9987129210e-02 
1082.000  5.1069730000e-01  7.1149604800e-02 
1083.000  4.9604814000e-01  6.8869003300e-02 
1084.000  5.1396476000e-01  7.1091049190e-02 
1085.000  5.0473354000e-01  6.9233390810e-02 
1086.000  5.1192869000e-01  7.0334709170e-02 
1087.000  4.8317681000e-01  6.6968811040e-02 
1088.000  5.1254850000e-01  7.1085311890e-02 
1089.000  4.8971366000e-01  6.7200737000e-02 
1090.000  4.9970799000e-01  6.8449508670e-02 
1091.000  5.0362058000e-01  6.9142326350e-02 
1092.000  4.9025232000e-01  6.6960792540e-02 
1093.000  4.8036375000e-01  6.4852348330e-02 
1094.000  4.3554038900e-01  5.8489513400e-02 
1095.000  4.7171770000e-01  6.3380744930e-02 
1096.000  4.7304332000e-01  6.3609176640e-02 
1097.000  4.6297736000e-01  6.2056629180e-02 
1098.000  4.4564258100e-01  5.8048622130e-02 
1099.000  4.3532325700e-01  5.5325862880e-02 
1100.000  4.4361651000e-01  5.6468807220e-02 
1101.000  4.4427562200e-01  5.6734863280e-02 
1102.000  4.2510858600e-01  5.4183223720e-02 
1103.000  4.4306120800e-01  5.6582958220e-02 
1104.000  4.3785954700e-01  5.5677196500e-02 
1105.000  4.3210405000e-01  5.4365448000e-02 
1106.000  4.2327906700e-01  5.2700092320e-02 
1107.000  4.2411421600e-01  5.2912475590e-02 
1108.000  4.2378147900e-01  5.2928329470e-02 
1109.000  4.3027967500e-01  5.4157749180e-02 
1110.000  4.3203743100e-01  5.4236991880e-02 
1111.000  4.2406345600e-01  5.2927402500e-02 
1112.000  4.0769448000e-01  4.9694889070e-02 
1113.000  3.8897746000e-01  4.5668594360e-02 
1114.000  3.8876947000e-01  4.5022335050e-02 
1115.000  3.6315500500e-01  3.9725227360e-02 
1116.000  3.4498487000e-01  3.6361713410e-02 
1117.000  3.1598748600e-01  3.0683048250e-02 
1118.000  2.8203502600e-01  2.5282707210e-02 
1119.000  2.5818758800e-01  2.2028318410e-02 
1120.000  2.3802040600e-01  1.9046976090e-02 
1121.000  2.3493646400e-01  1.8495225910e-02 
1122.000  2.1116813300e-01  1.5405393600e-02 
1123.000  2.2502021400e-01  1.7064445500e-02 
1124.000  2.3397462500e-01  1.8173128130e-02 
1125.000  2.2481719200e-01  1.7225784300e-02 
1126.000  2.1876892300e-01  1.6678466800e-02 
1127.000  2.2793753400e-01  1.7508268360e-02 
1128.000  2.2715429300e-01  1.7694494250e-02 
1129.000  2.4997030200e-01  2.0764167790e-02 
1130.000  2.9877532100e-01  2.8044872280e-02 
1131.000  3.1571461400e-01  3.0642137530e-02 
1132.000  2.9774680900e-01  2.7560302730e-02 
1133.000  2.5552616200e-01  2.1695093150e-02 
1134.000  1.8687578200e-01  1.2797360420e-02 
1135.000  1.9452629500e-01  1.3617433550e-02 
1136.000  2.6168461300e-01  2.2575862880e-02 
1137.000  2.9994704600e-01  2.8204965590e-02 
1138.000  3.2045353500e-01  3.2742446900e-02 
1139.000  3.3648993300e-01  3.5376251220e-02 
1140.000  3.3147021000e-01  3.4301807400e-02 
1141.000  3.0991193300e-01  3.1122375490e-02 
1142.000  3.1405013900e-01  3.1172468190e-02 
1143.000  2.9514178400e-01  2.8291488650e-02 
1144.000  2.7786301800e-01  2.5626415250e-02 
1145.000  2.5699735400e-01  2.2343130110e-02 
1146.000  2.6500817400e-01  2.3364877700e-02 
1147.000  2.8411139400e-01  2.6202142720e-02 
1148.000  2.9672611100e-01  2.8437631610e-02 
1149.000  3.0365228000e-01  2.9563751220e-02 
1150.000  3.0240178000e-01  2.9531906130e-02 
1151.000  3.1026236900e-01  3.1071355820e-02 
1152.000  3.1390141100e-01  3.1818277360e-02 
1153.000  3.1958884100e-01  3.2961830140e-02 
1154.000  3.1983618900e-01  3.2876075740e-02 
1155.000  3.3266640400e-01  3.5360225680e-02 
1156.000  3.4112093500e-01  3.7576560970e-02 
1157.000  3.7053597100e-01  4.3540370940e-02 
1158.000  3.8090667300e-01  4.5819549560e-02 
1159.000  3.8412634200e-01  4.7099399570e-02 
1160.000  3.8271499000e-01  4.7299259190e-02 
1161.000  3.8324207000e-01  4.8225555420e-02 
1162.000  4.0356094300e-01  5.1496253970e-02 
1163.000  4.1312728000e-01  5.3579059600e-02 
1164.000  4.0656410900e-01  5.2913154600e-02 
1165.000  4.1491405300e-01  5.4117660520e-02 
1166.000  4.0570956300e-01  5.3123703000e-02 
1167.000  4.1325371800e-01  5.4241592410e-02 
1168.000  4.1646514300e-01  5.4624271390e-02 
1169.000  4.0313118200e-01  5.3005027770e-02 
1170.000  4.1498240100e-01  5.4681083680e-02 
1171.000  4.1965645300e-01  5.5596786500e-02 
1172.000  4.1670596900e-01  5.5038688660e-02 
1173.000  4.1220238900e-01  5.4285961150e-02 
1174.000  4.1250419800e-01  5.4339206700e-02 
1175.000  4.1195432900e-01  5.4719623570e-02 
1176.000  4.0583921100e-01  5.4323116300e-02 
1177.000  4.1651381200e-01  5.5552013400e-02 
1178.000  4.0573326900e-01  5.3718101500e-02 
1179.000  4.0392322600e-01  5.3482551570e-02 
1180.000  4.0823358500e-01  5.3912361150e-02 
1181.000  4.0261750100e-01  5.2808856960e-02 
1182.000  3.9961121800e-01  5.2061851500e-02 
1183.000  3.7681616800e-01  4.9133235930e-02 
1184.000  3.9578842900e-01  5.1808063510e-02 
1185.000  4.0593943700e-01  5.3647735600e-02 
1186.000  4.0207479400e-01  5.2987419130e-02 
1187.000  3.9721151600e-01  5.1844615940e-02 
1188.000  3.9402199500e-01  5.1315185550e-02 
1189.000  3.7389495700e-01  4.8985389710e-02 
1190.000  4.0001887400e-01  5.3211864470e-02 
1191.000  4.0857935300e-01  5.4598354340e-02 
1192.000  4.0965386700e-01  5.5103771210e-02 
1193.000  4.0909749000e-01  5.4944423680e-02 
1194.000  4.0781365100e-01  5.4725383760e-02 
1195.000  4.0000870100e-01  5.3338264470e-02 
1196.000  4.0019867900e-01  5.3420337680e-02 
1197.000  3.9852190600e-01  5.3036273960e-02 
1198.000  3.8479319300e-01  5.1180274960e-02 
1199.000  3.6865395600e-01  4.8847621920e-02 
1200.000  3.9300310100e-01  5.2197467800e-02 
1201.000  3.9625863600e-01  5.2692531590e-02 
1202.000  3.9717138700e-01  5.2906936650e-02 
1203.000  3.7673493500e-01  5.0126785280e-02 
1204.000  3.8359055300e-01  5.1148445130e-02 
1205.000  3.9778480600e-01  5.3622573850e-02 
1206.000  3.9783403200e-01  5.3894195560e-02 
1207.000  4.0151581200e-01  5.4501129150e-02 
1208.000  3.9494420700e-01  5.3518119810e-02 
1209.000  3.6913580600e-01  4.9885707860e-02 
1210.000  3.9297008900e-01  5.2861640930e-02 
1211.000  3.7955586900e-01  5.1026653290e-02 
1212.000  3.9199570700e-01  5.2764202120e-02 
1213.000  3.9559431800e-01  5.3485713960e-02 
1214.000  3.9352872100e-01  5.3178993230e-02 
1215.000  3.9560964900e-01  5.3556232450e-02 
1216.000  3.9738118800e-01  5.4177478790e-02 
1217.000  3.9899628600e-01  5.4733871460e-02 
1218.000  3.9857518900e-01  5.4844928740e-02 
1219.000  3.9534450700e-01  5.4505886080e-02 
1220.000  3.9808071300e-01  5.4889354710e-02 
1221.000  3.9760643800e-01  5.4854827880e-02 
1222.000  3.9558814500e-01  5.4587036130e-02 
1223.000  3.9392226900e-01  5.4402698520e-02 
1224.000  3.9845454800e-01  5.5233108520e-02 
1225.000  3.9657710400e-01  5.5026954650e-02 
1226.000  3.9838105600e-01  5.5351867680e-02 
1227.000  3.8554664100e-01  5.3680034640e-02 
1228.000  3.9841516400e-01  5.5615360260e-02 
1229.000  3.9856706200e-01  5.5749622340e-02 
1230.000  3.9787037400e-01  5.5780231480e-02 
1231.000  3.9823982700e-01  5.5909210210e-02 
1232.000  3.9388504900e-01  5.5334915160e-02 
1233.000  3.9706954500e-01  5.5810230260e-02 
1234.000  3.9674091600e-01  5.5924278260e-02 
1235.000  3.9429326900e-01  5.5641761780e-02 
1236.000  3.9679239000e-01  5.6041023250e-02 
1237.000  3.9704508600e-01  5.6136291500e-02 
1238.000  3.9688883600e-01  5.6143997190e-02 
1239.000  3.9241138000e-01  5.5532672880e-02 
1240.000  3.9063445600e-01  5.5308601380e-02 
1241.000  3.9404423600e-01  5.5807510380e-02 
1242.000  3.9164731600e-01  5.5480030060e-02 
1243.000  3.8719005000e-01  5.4862487790e-02 
1244.000  3.8354754900e-01  5.4343425750e-02 
1245.000  3.9002496900e-01  5.5266357420e-02 
1246.000  3.8686422700e-01  5.4797657010e-02 
1247.000  3.8477887900e-01  5.4477691650e-02 
1248.000  3.8758897100e-01  5.4853908540e-02 
1249.000  3.8608274600e-01  5.4633060460e-02 
1250.000  3.8440248600e-01  5.4374805450e-02 
1251.000  3.8157103200e-01  5.3956592560e-02 
1252.000  3.8013094200e-01  5.3716472630e-02 
1253.000  3.7667459100e-01  5.3187286380e-02 
1254.000  3.7702920900e-01  5.3148250580e-02 
1255.000  3.7594199100e-01  5.2941558840e-02 
1256.000  3.7474372500e-01  5.2734012600e-02 
1257.000  3.6989400800e-01  5.1984409330e-02 
1258.000  3.6996931600e-01  5.1851146700e-02 
1259.000  3.6473092200e-01  5.1004665370e-02 
1260.000  3.6386047300e-01  5.0752552030e-02 
1261.000  3.6164078500e-01  5.0305839540e-02 
1262.000  3.5060161800e-01  4.8536571500e-02 
1263.000  3.5357832200e-01  4.8887008670e-02 
1264.000  3.4723564700e-01  4.7980331420e-02 
1265.000  3.4755769600e-01  4.8015621190e-02 
1266.000  3.4841521400e-01  4.8048103330e-02 
1267.000  3.4033789900e-01  4.6849952700e-02 
1268.000  3.3524914700e-01  4.6072799680e-02 
1269.000  3.3760171200e-01  4.6362934110e-02 
1270.000  3.4578579700e-01  4.7694435120e-02 
1271.000  3.4970742400e-01  4.8313888550e-02 
1272.000  3.5029338000e-01  4.8484600070e-02 
1273.000  3.5145660400e-01  4.8759529110e-02 
1274.000  3.5115855300e-01  4.8862045290e-02 
1275.000  3.5410063200e-01  4.9316688540e-02 
1276.000  3.5518599400e-01  4.9472850800e-02 
1277.000  3.5522645500e-01  4.9449420930e-02 
1278.000  3.5453866100e-01  4.9309787750e-02 
1279.000  3.5251509800e-01  4.9030208590e-02 
1280.000  3.5141709900e-01  4.8982612610e-02 
1281.000  3.4233921000e-01  4.7813678740e-02 
1282.000  3.0476744900e-01  4.2651878360e-02 
1283.000  3.3499430000e-01  4.6916927340e-02 
1284.000  3.4888013900e-01  4.8856925960e-02 
1285.000  3.5172383900e-01  4.9269321440e-02 
1286.000  3.5117758000e-01  4.9114017490e-02 
1287.000  3.5244601600e-01  4.9159461980e-02 
1288.000  3.4695221600e-01  4.7962486270e-02 
1289.000  3.4800347100e-01  4.7966678620e-02 
1290.000  3.3988253700e-01  4.6816738130e-02 
1291.000  3.4511882100e-01  4.7567375180e-02 
1292.000  3.4799168800e-01  4.8091518400e-02 
1293.000  3.4843102600e-01  4.8129966740e-02 
1294.000  3.4148593200e-01  4.6952617650e-02 
1295.000  3.4283035000e-01  4.6825279240e-02 
1296.000  3.4063642800e-01  4.6210723880e-02 
1297.000  3.3653726000e-01  4.5408626560e-02 
1298.000  3.3334599600e-01  4.4933769230e-02 
1299.000  3.3657057800e-01  4.5325061800e-02 
1300.000  3.3488022400e-01  4.5047794340e-02 
1301.000  3.3389975200e-01  4.4828865050e-02 
1302.000  3.2821525700e-01  4.3872005460e-02 
1303.000  3.2223729900e-01  4.2584690090e-02 
1304.000  3.2086852100e-01  4.2188636780e-02 
1305.000  3.2211696200e-01  4.2250453950e-02 
1306.000  3.2190041900e-01  4.2118152620e-02 
1307.000  3.1988577000e-01  4.1728176120e-02 
1308.000  3.1691067400e-01  4.1033077240e-02 
1309.000  3.1297681800e-01  4.0129199980e-02 
1310.000  3.1125178800e-01  3.9856216430e-02 
1311.000  3.1039931500e-01  3.9730705260e-02 
1312.000  3.0496890300e-01  3.8608993530e-02 
1313.000  2.8886127500e-01  3.6103530880e-02 
1314.000  2.9338066000e-01  3.6249839780e-02 
1315.000  2.8560528600e-01  3.5457809450e-02 
1316.000  2.9558441800e-01  3.6963336940e-02 
1317.000  2.9858880500e-01  3.7311035160e-02 
1318.000  2.8919478600e-01  3.5642604830e-02 
1319.000  2.8554844400e-01  3.4519557950e-02 
1320.000  2.7483015300e-01  3.2422397610e-02 
1321.000  2.7029456800e-01  3.1540025710e-02 
1322.000  2.7536741200e-01  3.2628154750e-02 
1323.000  2.8225809700e-01  3.3944118500e-02 
1324.000  2.8552339900e-01  3.4586536410e-02 
1325.000  2.8313863000e-01  3.4096794130e-02 
1326.000  2.7605508000e-01  3.2727680210e-02 
1327.000  2.6151866800e-01  2.9809955600e-02 
1328.000  2.4838116900e-01  2.6908170700e-02 
1329.000  2.1428434900e-01  2.1122930530e-02 
1330.000  2.0823364100e-01  1.9815565110e-02 
1331.000  2.0274500900e-01  1.8846654890e-02 
1332.000  2.0055038900e-01  1.8746568680e-02 
1333.000  2.1156628800e-01  2.0151880260e-02 
1334.000  2.1999021300e-01  2.1489442830e-02 
1335.000  2.2593748800e-01  2.2477207180e-02 
1336.000  2.2583216200e-01  2.2603895190e-02 
1337.000  2.2838820100e-01  2.2911830900e-02 
1338.000  2.3214420200e-01  2.3604957580e-02 
1339.000  2.3265828600e-01  2.3772577290e-02 
1340.000  2.3428121800e-01  2.4218702320e-02 
1341.000  2.3823711200e-01  2.4395458220e-02 
1342.000  2.3813928500e-01  2.4384059910e-02 
1343.000  2.2909716300e-01  2.2297815320e-02 
1344.000  2.1523399500e-01  1.9731521610e-02 
1345.000  1.7806907200e-01  1.4095188140e-02 
1346.000  1.5188835100e-01  1.0538983350e-02 
1347.000  1.3471855500e-01  8.5699453350e-03 
1348.000  1.1168335500e-01  5.9585623740e-03 
1349.000  1.0157875620e-01  5.0392508510e-03 
1350.000  7.9123361400e-02  3.1019752030e-03 
1351.000  6.8307125700e-02  2.3925480840e-03 
1352.000  5.2246287100e-02  1.4170625210e-03 
1353.000  3.7031553200e-02  7.7685749530e-04 
1354.000  2.9610085700e-02  5.1915800570e-04 
1355.000  2.2989709400e-02  3.3302050830e-04 
1356.000  1.7384971400e-02  2.0285162330e-04 
1357.000  1.1883097220e-02  1.0237195340e-04 
1358.000  8.7943128700e-03  6.2578402460e-05 
1359.000  4.6371929600e-03  2.1294955160e-05 
1360.000  3.0667207900e-03  1.1209115390e-05 
1361.000  2.2822909500e-03  6.6782641220e-06 
1362.000  2.1000793400e-03  5.8751069010e-06 
1363.000  3.0298730500e-03  1.0246132500e-05 
1364.000  3.5132279600e-03  1.2825999410e-05 
1365.000  3.6785396100e-03  1.3532682320e-05 
1366.000  4.2481010300e-03  1.6897326340e-05 
1367.000  3.5684728100e-03  1.3242671270e-05 
1368.000  3.1641459100e-03  1.1448488570e-05 
1369.000  3.2446903800e-03  1.2043702420e-05 
1370.000  5.3662074000e-03  2.7903499080e-05 
1371.000  9.5567530800e-03  6.9785699250e-05 
1372.000  1.7696201700e-02  1.9254706800e-04 
1373.000  2.5103542800e-02  3.3951988820e-04 
1374.000  3.0483572000e-02  4.6945622560e-04 
1375.000  3.2500844400e-02  5.2692109350e-04 
1376.000  3.0145872700e-02  4.6728840470e-04 
1377.000  2.6837314600e-02  3.8184693460e-04 
1378.000  2.0455608000e-02  2.4360829590e-04 
1379.000  1.4046724040e-02  1.3164368270e-04 
1380.000  7.9669024800e-03  5.2663140000e-05 
1381.000  4.6085496800e-03  2.1995095540e-05 
1382.000  3.2226955600e-03  1.2425733730e-05 
1383.000  3.1180844000e-03  1.1608658360e-05 
1384.000  5.0718389800e-03  2.5001596660e-05 
1385.000  7.2001214900e-03  4.3768253180e-05 
1386.000  1.0997439070e-02  8.6184136570e-05 
1387.000  2.0206287500e-02  2.3658852280e-04 
1388.000  2.6781617100e-02  3.7113320830e-04 
1389.000  3.0763990300e-02  4.7265446190e-04 
1390.000  3.1403321600e-02  4.9388217930e-04 
1391.000  2.9315373300e-02  4.3920326230e-04 
1392.000  2.2163673600e-02  2.7790936830e-04 
1393.000  1.6942381900e-02  1.8128749730e-04 
1394.000  1.2979797520e-02  1.1838793010e-04 
1395.000  1.4631331500e-02  1.4339403810e-04 
1396.000  2.0077418100e-02  2.3671507840e-04 
1397.000  2.5909786300e-02  3.5974544290e-04 
1398.000  2.6682586600e-02  3.7587538360e-04 
1399.000  2.4913632100e-02  3.4074503180e-04 
1400.000  2.3296363100e-02  3.0955255030e-04 
1401.000  2.4765228100e-02  3.4678167100e-04 
1402.000  3.0702174000e-02  4.8312050100e-04 
1403.000  3.5348571000e-02  6.2524378300e-04 
1404.000  3.3248485500e-02  5.6209325790e-04 
1405.000  3.4827046100e-02  6.2021380660e-04 
1406.000  3.2294457500e-02  5.4240506890e-04 
1407.000  3.3492557700e-02  5.9108835460e-04 
1408.000  4.0143190500e-02  7.9095613960e-04 
1409.000  4.7056974200e-02  1.0446463820e-03 
1410.000  5.7714994200e-02  1.4621762040e-03 
1411.000  6.8649827400e-02  2.0046989920e-03 
1412.000  6.6323599100e-02  1.9327862260e-03 
1413.000  7.3148785800e-02  2.3070340160e-03 
1414.000  7.2119716900e-02  2.2144021990e-03 
1415.000  7.9727472700e-02  2.6897304060e-03 
1416.000  8.5661600800e-02  3.0377841000e-03 
1417.000  8.7867153000e-02  3.1969592570e-03 
1418.000  8.8650209600e-02  3.2255289550e-03 
1419.000  8.8465641900e-02  3.2708156110e-03 
1420.000  9.0566766600e-02  3.3926014900e-03 
1421.000  1.0186090540e-01  4.1525211330e-03 
1422.000  1.0428424410e-01  4.3833885190e-03 
1423.000  1.0544729730e-01  4.5120210650e-03 
1424.000  1.0508894030e-01  4.4691843990e-03 
1425.000  1.0389580890e-01  4.3348832130e-03 
1426.000  1.0017005190e-01  4.1816620830e-03 
1427.000  1.0610035940e-01  4.5716519360e-03 
1428.000  1.1206266920e-01  4.9346032140e-03 
1429.000  1.1366436780e-01  5.1477365490e-03 
1430.000  1.1090032250e-01  5.0204858780e-03 
1431.000  1.0331689140e-01  4.4847869870e-03 
1432.000  1.0102222260e-01  4.2685089110e-03 
1433.000  1.0073749730e-01  4.2442836760e-03 
1434.000  9.6085587300e-02  3.9596989150e-03 
1435.000  1.0315666820e-01  4.4340424540e-03 
1436.000  1.0572558290e-01  4.6229920390e-03 
1437.000  1.0741085880e-01  4.7377142910e-03 
1438.000  1.1387407950e-01  5.2374334340e-03 
1439.000  1.1597564650e-01  5.3525900840e-03 
1440.000  1.1120257810e-01  5.1967120170e-03 
1441.000  1.1810953650e-01  5.5582785610e-03 
1442.000  1.1329407610e-01  5.2611899380e-03 
1443.000  1.1533034520e-01  5.3679432870e-03 
1444.000  1.1793051140e-01  5.5537939070e-03 
1445.000  1.1816666870e-01  5.5849556920e-03 
1446.000  1.2368362270e-01  5.9863891600e-03 
1447.000  1.2706419200e-01  6.2815856930e-03 
1448.000  1.2851236400e-01  6.3791384700e-03 
1449.000  1.2598902900e-01  6.1727175710e-03 
1450.000  1.2047603890e-01  5.7785396580e-03 
1451.000  1.2182495930e-01  5.9147286420e-03 
1452.000  1.2715734100e-01  6.4356489180e-03 
1453.000  1.4169221400e-01  7.5986194610e-03 
1454.000  1.5418397500e-01  8.7471666340e-03 
1455.000  1.6015868600e-01  9.3987121580e-03 
1456.000  1.6726408300e-01  1.0142146110e-02 
1457.000  1.6995414400e-01  1.0359930990e-02 
1458.000  1.7327884700e-01  1.0637778280e-02 
1459.000  1.6840981900e-01  1.0125444410e-02 
1460.000  1.6073229800e-01  9.4899120330e-03 
1461.000  1.5764887800e-01  9.2309341430e-03 
1462.000  1.4915949500e-01  8.4965124130e-03 
1463.000  1.4817054700e-01  8.4649982450e-03 
1464.000  1.4625635500e-01  8.3010654450e-03 
1465.000  1.4301121600e-01  7.9528970720e-03 
1466.000  1.3328242900e-01  7.2162942890e-03 
1467.000  1.3231543000e-01  7.0284657480e-03 
1468.000  1.2417314510e-01  6.4525589940e-03 
1469.000  1.1779188940e-01  5.8836693760e-03 
1470.000  1.1438053000e-01  5.6403589250e-03 
1471.000  1.2138154870e-01  6.3267288210e-03 
1472.000  1.3366238400e-01  7.4203433990e-03 
1473.000  1.5021166200e-01  8.9825448990e-03 
1474.000  1.5744954700e-01  9.9374847410e-03 
1475.000  1.6024929800e-01  1.0158198360e-02 
1476.000  1.6050999200e-01  1.0220273020e-02 
1477.000  1.5706924400e-01  9.9004364010e-03 
1478.000  1.5092637600e-01  9.4209251400e-03 
1479.000  1.4793255900e-01  9.0859632490e-03 
1480.000  1.5101436100e-01  9.4487409590e-03 
1481.000  1.5383862000e-01  9.8822784420e-03 
1482.000  1.6078948600e-01  1.0631886480e-02 
1483.000  1.5901046200e-01  1.0629306790e-02 
1484.000  1.6004202900e-01  1.0762157440e-02 
1485.000  1.6234242400e-01  1.0930427550e-02 
1486.000  1.6371653100e-01  1.1308201790e-02 
1487.000  1.7374044700e-01  1.2568375590e-02 
1488.000  1.5225905900e-01  1.1107494350e-02 
1489.000  1.8685249800e-01  1.4452122690e-02 
1490.000  1.9769042800e-01  1.6061834340e-02 
1491.000  2.0475533400e-01  1.7096067430e-02 
1492.000  2.0104297100e-01  1.6940176010e-02 
1493.000  2.0847565000e-01  1.7884719850e-02 
1494.000  2.0817152200e-01  1.7984336850e-02 
1495.000  2.0989679300e-01  1.8462047580e-02 
1496.000  2.0953518100e-01  1.8884012220e-02 
1497.000  2.1464526500e-01  1.9473964690e-02 
1498.000  2.2172690300e-01  2.0543434140e-02 
1499.000  2.2271726400e-01  2.1050724030e-02 
1500.000  2.2958645800e-01  2.2046424870e-02 
1501.000  2.2828056300e-01  2.1934684750e-02 
1502.000  2.2459957000e-01  2.1550226210e-02 
1503.000  2.0063904500e-01  1.9254163740e-02 
1504.000  2.0997513800e-01  2.0304563520e-02 
1505.000  2.1259879600e-01  2.0870409010e-02 
1506.000  2.1553058600e-01  2.1258079530e-02 
1507.000  2.2835071300e-01  2.2833177570e-02 
1508.000  2.2634282200e-01  2.2842596050e-02 
1509.000  2.2886787800e-01  2.3321014400e-02 
1510.000  2.3296972700e-01  2.3882120130e-02 
1511.000  2.3511770200e-01  2.4275091170e-02 
1512.000  2.3143172300e-01  2.4029497150e-02 
1513.000  2.3134165900e-01  2.4130960460e-02 
1514.000  2.2817448400e-01  2.3878555300e-02 
1515.000  2.3348119700e-01  2.4577476500e-02 
1516.000  2.3157522600e-01  2.4469030380e-02 
1517.000  2.3095472000e-01  2.4532640460e-02 
1518.000  2.3667792000e-01  2.5338541030e-02 
1519.000  2.3489653200e-01  2.5365598680e-02 
1520.000  2.3849787500e-01  2.6027620320e-02 
1521.000  2.3510868300e-01  2.5828233720e-02 
1522.000  2.3374880600e-01  2.5747341160e-02 
1523.000  2.3977543700e-01  2.6513889310e-02 
1524.000  2.3769152700e-01  2.6319427490e-02 
1525.000  2.3195492500e-01  2.5712795260e-02 
1526.000  2.3859110900e-01  2.6514507290e-02 
1527.000  2.3647885700e-01  2.6382556920e-02 
1528.000  2.3858078500e-01  2.6740417480e-02 
1529.000  2.3783452500e-01  2.6710384370e-02 
1530.000  2.2297941600e-01  2.5151103970e-02 
1531.000  2.3862507200e-01  2.7019704820e-02 
1532.000  2.3748837800e-01  2.7000158310e-02 
1533.000  2.3652717900e-01  2.6976663590e-02 
1534.000  2.3304934300e-01  2.6659845350e-02 
1535.000  2.3403724000e-01  2.6854860310e-02 
1536.000  2.3717028700e-01  2.7286090850e-02 
1537.000  2.3810768900e-01  2.7494075780e-02 
1538.000  2.3178070500e-01  2.6866701130e-02 
1539.000  2.3679671900e-01  2.7548192980e-02 
1540.000  2.2824749500e-01  2.6634758000e-02 
1541.000  2.3306096700e-01  2.7259881970e-02 
1542.000  2.3444849500e-01  2.7476461410e-02 
1543.000  2.3381090200e-01  2.7468580250e-02 
1544.000  2.3681476300e-01  2.7898065570e-02 
1545.000  2.3772444800e-01  2.8099052430e-02 
1546.000  2.3794360900e-01  2.8217624660e-02 
1547.000  2.3563316200e-01  2.8029008870e-02 
1548.000  2.2867403300e-01  2.7275964740e-02 
1549.000  2.3453522600e-01  2.8036470410e-02 
1550.000  2.3321740300e-01  2.7935047150e-02 
1551.000  2.3198967400e-01  2.7828107830e-02 
1552.000  2.3594414100e-01  2.8343282700e-02 
1553.000  2.3471113500e-01  2.8245414730e-02 
1554.000  2.2611142200e-01  2.7248764040e-02 
1555.000  2.2988503000e-01  2.7758808140e-02 
1556.000  2.2549639500e-01  2.7287076950e-02 
1557.000  2.3287996900e-01  2.8246124270e-02 
1558.000  2.3103629300e-01  2.8072811130e-02 
1559.000  2.3105432100e-01  2.8122438430e-02 
1560.000  2.2706426300e-01  2.7693664550e-02 
1561.000  2.3236346500e-01  2.8374851230e-02 
1562.000  2.3225523000e-01  2.8379310610e-02 
1563.000  2.2878333000e-01  2.7982309340e-02 
1564.000  2.2412438300e-01  2.7428995130e-02 
1565.000  2.2737768000e-01  2.7835720060e-02 
1566.000  2.2306981000e-01  2.7349697110e-02 
1567.000  2.2271156800e-01  2.7311101910e-02 
1568.000  2.1755464400e-01  2.6664918900e-02 
1569.000  2.1773564900e-01  2.6665676120e-02 
1570.000  2.1167839200e-01  2.5920619960e-02 
1571.000  2.1735033500e-01  2.6651313780e-02 
1572.000  2.1718397800e-01  2.6652482990e-02 
1573.000  2.1388540300e-01  2.6298862460e-02 
1574.000  2.1472890000e-01  2.6466613770e-02 
1575.000  1.9950316600e-01  2.4637830730e-02 
1576.000  2.1433238300e-01  2.6498655320e-02 
1577.000  1.9360911200e-01  2.3961204530e-02 
1578.000  2.1196115900e-01  2.6259462360e-02 
1579.000  2.1328449100e-01  2.6460433960e-02 
1580.000  2.1783506300e-01  2.7079133990e-02 
1581.000  2.1639070200e-01  2.6930816650e-02 
1582.000  2.1224050300e-01  2.6490758900e-02 
1583.000  2.1504658100e-01  2.6914670940e-02 
1584.000  2.1331472100e-01  2.6773204800e-02 
1585.000  2.1976336000e-01  2.7649299620e-02 
1586.000  2.1700352100e-01  2.7345451350e-02 
1587.000  2.1474247400e-01  2.7124349590e-02 
1588.000  2.1159216100e-01  2.6786487580e-02 
1589.000  1.9358477400e-01  2.4542362210e-02 
1590.000  2.0855750200e-01  2.6473327640e-02 
1591.000  2.0388574300e-01  2.5907323840e-02 
1592.000  2.1456248700e-01  2.7275541310e-02 
1593.000  2.1917835200e-01  2.7866683960e-02 
1594.000  2.1730288700e-01  2.7634075160e-02 
1595.000  2.1827548800e-01  2.7766418460e-02 
1596.000  2.0446600400e-01  2.6037479400e-02 
1597.000  2.1205749800e-01  2.7003362660e-02 
1598.000  2.1497209800e-01  2.7362459180e-02 
1599.000  2.0653327700e-01  2.6267282490e-02 
1600.000  2.0898549200e-01  2.6567186360e-02 
1601.000  2.0018758200e-01  2.5474823000e-02 
1602.000  2.0505525800e-01  2.6124242780e-02 
1603.000  2.0382740100e-01  2.6024040220e-02 
1604.000  2.0687256100e-01  2.6477031710e-02 
1605.000  2.0381358100e-01  2.6118610380e-02 
1606.000  2.0317490300e-01  2.6077651980e-02 
1607.000  2.0386244200e-01  2.6167974470e-02 
1608.000  2.0605686100e-01  2.6452625270e-02 
1609.000  2.0526468900e-01  2.6366304400e-02 
1610.000  1.9260307100e-01  2.4758470540e-02 
1611.000  1.9875090100e-01  2.5594799040e-02 
1612.000  2.0121982900e-01  2.5962491990e-02 
1613.000  2.0624037400e-01  2.6659112930e-02 
1614.000  2.0421561300e-01  2.6409603120e-02 
1615.000  2.0798774300e-01  2.6938808440e-02 
1616.000  1.9526771500e-01  2.5321834560e-02 
1617.000  2.0137293300e-01  2.6172826770e-02 
1618.000  2.0764686000e-01  2.7016208650e-02 
1619.000  2.0736559500e-01  2.7040235520e-02 
1620.000  2.0247488300e-01  2.6460161210e-02 
1621.000  1.9974795500e-01  2.6148803710e-02 
1622.000  2.0477494100e-01  2.6824308400e-02 
1623.000  2.0905650600e-01  2.7415523530e-02 
1624.000  2.1058487800e-01  2.7639160160e-02 
1625.000  2.0556988300e-01  2.7031845090e-02 
1626.000  2.0787061100e-01  2.7324018480e-02 
1627.000  2.0763213200e-01  2.7318693160e-02 
1628.000  2.0920954000e-01  2.7536420820e-02 
1629.000  2.0907283500e-01  2.7525775910e-02 
1630.000  2.0320888700e-01  2.6749090190e-02 
1631.000  2.0638663500e-01  2.7179983140e-02 
1632.000  2.0621369700e-01  2.7127449040e-02 
1633.000  2.0349270000e-01  2.6765028000e-02 
1634.000  1.9853090300e-01  2.6098014830e-02 
1635.000  2.0385245700e-01  2.6796678540e-02 
1636.000  2.0308620200e-01  2.6686178210e-02 
1637.000  1.9377389300e-01  2.5451652530e-02 
1638.000  1.9235818900e-01  2.5266101840e-02 
1639.000  1.9007524100e-01  2.4942478180e-02 
1640.000  1.9102138900e-01  2.5059906010e-02 
1641.000  1.8965746300e-01  2.4876184460e-02 
1642.000  1.8941955100e-01  2.4879632950e-02 
1643.000  1.9421952600e-01  2.5534471510e-02 
1644.000  1.9114729700e-01  2.5149986270e-02 
1645.000  1.9144582500e-01  2.5203130720e-02 
1646.000  1.9374591500e-01  2.5537994380e-02 
1647.000  1.9554689600e-01  2.5788450240e-02 
1648.000  1.9466331400e-01  2.5672550200e-02 
1649.000  1.9019045600e-01  2.5093124390e-02 
1650.000  1.9500967500e-01  2.5745128630e-02 
1651.000  1.9065574200e-01  2.5175069810e-02 
1652.000  1.9444642400e-01  2.5668352130e-02 
1653.000  1.9244454000e-01  2.5420530320e-02 
1654.000  1.9460297700e-01  2.5714895250e-02 
1655.000  1.9091756700e-01  2.5250267030e-02 
1656.000  1.9474142300e-01  2.5767015460e-02 
1657.000  1.9332692500e-01  2.5594335560e-02 
1658.000  1.9454586200e-01  2.5779081340e-02 
1659.000  1.9100765900e-01  2.5319215770e-02 
1660.000  1.9321512200e-01  2.5606214520e-02 
1661.000  1.9396861800e-01  2.5703777310e-02 
1662.000  1.9251088000e-01  2.5489242550e-02 
1663.000  1.9123639500e-01  2.5315267560e-02 
1664.000  1.9034416100e-01  2.5189712520e-02 
1665.000  1.8840370200e-01  2.4919584270e-02 
1666.000  1.8763393200e-01  2.4835649490e-02 
1667.000  1.8955043500e-01  2.5134284970e-02 
1668.000  1.8633897100e-01  2.4721014020e-02 
1669.000  1.8686402100e-01  2.4813432690e-02 
1670.000  1.9106505400e-01  2.5394876480e-02 
1671.000  1.8966727900e-01  2.5221513750e-02 
1672.000  1.8068402200e-01  2.4042097090e-02 
1673.000  1.8584557200e-01  2.4724973680e-02 
1674.000  1.8659478600e-01  2.4827640530e-02 
1675.000  1.8486187900e-01  2.4612491610e-02 
1676.000  1.8187312800e-01  2.4214704510e-02 
1677.000  1.8280382200e-01  2.4344341280e-02 
1678.000  1.8381635200e-01  2.4494743350e-02 
1679.000  1.8137515400e-01  2.4168918610e-02 
1680.000  1.7515854300e-01  2.3354427340e-02 
1681.000  1.6908691800e-01  2.2550859450e-02 
1682.000  1.7397058700e-01  2.3200246810e-02 
1683.000  1.7826109900e-01  2.3763746260e-02 
1684.000  1.8155548700e-01  2.4195316310e-02 
1685.000  1.8207486000e-01  2.4236885070e-02 
1686.000  1.7987853000e-01  2.3939531330e-02 
1687.000  1.8057327200e-01  2.3985204700e-02 
1688.000  1.8066613000e-01  2.3958557130e-02 
1689.000  1.7848686500e-01  2.3662769320e-02 
1690.000  1.7834132700e-01  2.3598909380e-02 
1691.000  1.8064863800e-01  2.3898513790e-02 
1692.000  1.8097388100e-01  2.3941621780e-02 
1693.000  1.8033387100e-01  2.3863803860e-02 
1694.000  1.8006460000e-01  2.3828496930e-02 
1695.000  1.8011076400e-01  2.3812089920e-02 
1696.000  1.7905661700e-01  2.3658933640e-02 
1697.000  1.7792986200e-01  2.3480503080e-02 
1698.000  1.7898514300e-01  2.3597280500e-02 
1699.000  1.7782941100e-01  2.3430074690e-02 
1700.000  1.7557792300e-01  2.3119998930e-02 
