 lambda   Irr_dw            Rad_up 
 550.000  1.5526483000e+00  2.4306578060e-01 
 551.000  1.5422739000e+00  2.4141690060e-01 
 552.000  1.6079940000e+00  2.5172201540e-01 
 553.000  1.5443455000e+00  2.4172349550e-01 
 554.000  1.5941442000e+00  2.4952380370e-01 
 555.000  1.5979925000e+00  2.5007893370e-01 
 556.000  1.5533534000e+00  2.4304692080e-01 
 557.000  1.5067187000e+00  2.3575669860e-01 
 558.000  1.5634040000e+00  2.4457827760e-01 
 559.000  1.4772577000e+00  2.3107926940e-01 
 560.000  1.4832694000e+00  2.3201934810e-01 
 561.000  1.6296664000e+00  2.5485192870e-01 
 562.000  1.4954440000e+00  2.3380874630e-01 
 563.000  1.5641065000e+00  2.4447509770e-01 
 564.000  1.5416447000e+00  2.4086518860e-01 
 565.000  1.5595456000e+00  2.4360849000e-01 
 566.000  1.4374838000e+00  2.2448191830e-01 
 567.000  1.5414533000e+00  2.4049050900e-01 
 568.000  1.5366918000e+00  2.3901016240e-01 
 569.000  1.5045677000e+00  2.3244250490e-01 
 570.000  1.5122505000e+00  2.3385134890e-01 
 571.000  1.4591166000e+00  2.2671038820e-01 
 572.000  1.5411138000e+00  2.3837867740e-01 
 573.000  1.5573313000e+00  2.4118952940e-01 
 574.000  1.5485575000e+00  2.3989100650e-01 
 575.000  1.5103674000e+00  2.3386878970e-01 
 576.000  1.4826947000e+00  2.2953169250e-01 
 577.000  1.5441745000e+00  2.3929966740e-01 
 578.000  1.4992020000e+00  2.3274203490e-01 
 579.000  1.4877319000e+00  2.3116532900e-01 
 580.000  1.5389162000e+00  2.3930010990e-01 
 581.000  1.5111453000e+00  2.3525715640e-01 
 582.000  1.5336841000e+00  2.3883325200e-01 
 583.000  1.5441626000e+00  2.4049130250e-01 
 584.000  1.5390511000e+00  2.3964208980e-01 
 585.000  1.5286956000e+00  2.3796142580e-01 
 586.000  1.4627921000e+00  2.2768408200e-01 
 587.000  1.5195665000e+00  2.3589245610e-01 
 588.000  1.5028869000e+00  2.3111906430e-01 
 589.000  1.3313987000e+00  2.0195462040e-01 
 590.000  1.3899713000e+00  2.1065060420e-01 
 591.000  1.4772432000e+00  2.2586621090e-01 
 592.000  1.4485677000e+00  2.2034570310e-01 
 593.000  1.4641931000e+00  2.2500276180e-01 
 594.000  1.4773003000e+00  2.2646745300e-01 
 595.000  1.4485793000e+00  2.2041079710e-01 
 596.000  1.4848404000e+00  2.2829165650e-01 
 597.000  1.4890739000e+00  2.2838375850e-01 
 598.000  1.4587050000e+00  2.2471701050e-01 
 599.000  1.4590857000e+00  2.2518948360e-01 
 600.000  1.4595526000e+00  2.2618521120e-01 
 601.000  1.4514129000e+00  2.2557531740e-01 
 602.000  1.4355286000e+00  2.2330520630e-01 
 603.000  1.4441724000e+00  2.2487751770e-01 
 604.000  1.4898855000e+00  2.3218710330e-01 
 605.000  1.4860118000e+00  2.3160542300e-01 
 606.000  1.4686988000e+00  2.2895025630e-01 
 607.000  1.4603497000e+00  2.2763507080e-01 
 608.000  1.4548970000e+00  2.2675584410e-01 
 609.000  1.4398683000e+00  2.2441314700e-01 
 610.000  1.4167146000e+00  2.2077377320e-01 
 611.000  1.4396192000e+00  2.2434324650e-01 
 612.000  1.4207790000e+00  2.2141075130e-01 
 613.000  1.3999255000e+00  2.1813812260e-01 
 614.000  1.3488097000e+00  2.1018222050e-01 
 615.000  1.4138650000e+00  2.2027847290e-01 
 616.000  1.3442201000e+00  2.0943952940e-01 
 617.000  1.3517212000e+00  2.1060134890e-01 
 618.000  1.4154007000e+00  2.2046781920e-01 
 619.000  1.4023378000e+00  2.1844352720e-01 
 620.000  1.4229555000e+00  2.2159280400e-01 
 621.000  1.4473194000e+00  2.2535966490e-01 
 622.000  1.3708805000e+00  2.1340556340e-01 
 623.000  1.3814583000e+00  2.1495622250e-01 
 624.000  1.3828335000e+00  2.1516331480e-01 
 625.000  1.3452760000e+00  2.0928231810e-01 
 626.000  1.3519664000e+00  2.1013897710e-01 
 627.000  1.3742737000e+00  2.1282565310e-01 
 628.000  1.3550766000e+00  2.0839152530e-01 
 629.000  1.3893928000e+00  2.1418901060e-01 
 630.000  1.3433481000e+00  2.0774664310e-01 
 631.000  1.3927170000e+00  2.1560864260e-01 
 632.000  1.2971091000e+00  2.0019731140e-01 
 633.000  1.3925253000e+00  2.1569374080e-01 
 634.000  1.3507222000e+00  2.0945281980e-01 
 635.000  1.3753694000e+00  2.1325479130e-01 
 636.000  1.3269059000e+00  2.0587225340e-01 
 637.000  1.3706665000e+00  2.1274566650e-01 
 638.000  1.3920560000e+00  2.1641931150e-01 
 639.000  1.3805087000e+00  2.1457435610e-01 
 640.000  1.3371926000e+00  2.0807402040e-01 
 641.000  1.3564504000e+00  2.1104867550e-01 
 642.000  1.3401557000e+00  2.0863452150e-01 
 643.000  1.3634673000e+00  2.1198643490e-01 
 644.000  1.3477814000e+00  2.0950750730e-01 
 645.000  1.3593975000e+00  2.1094375610e-01 
 646.000  1.3071893000e+00  2.0125549320e-01 
 647.000  1.3246639000e+00  2.0285459900e-01 
 648.000  1.3220516000e+00  2.0134114070e-01 
 649.000  1.3484106000e+00  2.0628724670e-01 
 650.000  1.2498671000e+00  1.9304547120e-01 
 651.000  1.3462936000e+00  2.0791595460e-01 
 652.000  1.3199310000e+00  2.0211962890e-01 
 653.000  1.3469190000e+00  2.0823513790e-01 
 654.000  1.3291889000e+00  2.0520710750e-01 
 655.000  1.2939469000e+00  1.9903536990e-01 
 656.000  1.0985583900e+00  1.6916444400e-01 
 657.000  1.1725234400e+00  1.8089099120e-01 
 658.000  1.3061462000e+00  2.0219837950e-01 
 659.000  1.3093432000e+00  2.0305993650e-01 
 660.000  1.3196109000e+00  2.0481881710e-01 
 661.000  1.3254993000e+00  2.0625953670e-01 
 662.000  1.3445974000e+00  2.0945013430e-01 
 663.000  1.3295939000e+00  2.0702651980e-01 
 664.000  1.3084508000e+00  2.0380120850e-01 
 665.000  1.3141180000e+00  2.0473091130e-01 
 666.000  1.3299286000e+00  2.0730450440e-01 
 667.000  1.3035109000e+00  2.0320341490e-01 
 668.000  1.3108976000e+00  2.0446566770e-01 
 669.000  1.3295659000e+00  2.0742541500e-01 
 670.000  1.3139398000e+00  2.0494715880e-01 
 671.000  1.2996958600e+00  2.0275869750e-01 
 672.000  1.2955443500e+00  2.0210978700e-01 
 673.000  1.3047584900e+00  2.0353932190e-01 
 674.000  1.3072450300e+00  2.0393696590e-01 
 675.000  1.2872587400e+00  2.0080499270e-01 
 676.000  1.3115189400e+00  2.0459767150e-01 
 677.000  1.2853887300e+00  2.0053366090e-01 
 678.000  1.3066269300e+00  2.0383558650e-01 
 679.000  1.2881357100e+00  2.0091770940e-01 
 680.000  1.2781861800e+00  1.9930166630e-01 
 681.000  1.2794901400e+00  1.9941867070e-01 
 682.000  1.2767897900e+00  1.9894499210e-01 
 683.000  1.2851133600e+00  2.0016525270e-01 
 684.000  1.2618235900e+00  1.9641426090e-01 
 685.000  1.2760529800e+00  1.9869850160e-01 
 686.000  1.2197779400e+00  1.8964663700e-01 
 687.000  1.1271074800e+00  1.7006407170e-01 
 688.000  1.1572197000e+00  1.7632121280e-01 
 689.000  1.1516397300e+00  1.7492550660e-01 
 690.000  1.1723592600e+00  1.7898776250e-01 
 691.000  1.1962509800e+00  1.8352940370e-01 
 692.000  1.1993910600e+00  1.8405899050e-01 
 693.000  1.1982351700e+00  1.8167836000e-01 
 694.000  1.2001762400e+00  1.7998626710e-01 
 695.000  1.1873118500e+00  1.7902700810e-01 
 696.000  1.2058382600e+00  1.8243998720e-01 
 697.000  1.2291136900e+00  1.8933151250e-01 
 698.000  1.2017860200e+00  1.8434167480e-01 
 699.000  1.2048853000e+00  1.8181500240e-01 
 700.000  1.1937613100e+00  1.8057176210e-01 
 701.000  1.1628079100e+00  1.7522276310e-01 
 702.000  1.1599668000e+00  1.7523554990e-01 
 703.000  1.1917469600e+00  1.8244946290e-01 
 704.000  1.1957066300e+00  1.8315417480e-01 
 705.000  1.1982884600e+00  1.8250466920e-01 
 706.000  1.1867049500e+00  1.8092686460e-01 
 707.000  1.1709926900e+00  1.7888507080e-01 
 708.000  1.2073905800e+00  1.8483190920e-01 
 709.000  1.1693209400e+00  1.7978659060e-01 
 710.000  1.1906345400e+00  1.8215530400e-01 
 711.000  1.1840622000e+00  1.8200688170e-01 
 712.000  1.1720717100e+00  1.8091380310e-01 
 713.000  1.1632468000e+00  1.7891267400e-01 
 714.000  1.1816075400e+00  1.8147619630e-01 
 715.000  1.1341869800e+00  1.7317953490e-01 
 716.000  1.1574036100e+00  1.7567138670e-01 
 717.000  1.0844916300e+00  1.5896997070e-01 
 718.000  1.0517245100e+00  1.5087355040e-01 
 719.000  1.0298551200e+00  1.4652760310e-01 
 720.000  1.0228856400e+00  1.4388244630e-01 
 721.000  1.0844820900e+00  1.6039183040e-01 
 722.000  1.1222773300e+00  1.6891258240e-01 
 723.000  1.1068574500e+00  1.6489544680e-01 
 724.000  1.0765457300e+00  1.5586151120e-01 
 725.000  1.0700503500e+00  1.5553981020e-01 
 726.000  1.0662187400e+00  1.5477806090e-01 
 727.000  1.0870586100e+00  1.5841680910e-01 
 728.000  1.0626058500e+00  1.5419444270e-01 
 729.000  1.0335511200e+00  1.5160061650e-01 
 730.000  1.0691403300e+00  1.5654061890e-01 
 731.000  1.0484717600e+00  1.5320860290e-01 
 732.000  1.0912308000e+00  1.6236538700e-01 
 733.000  1.0960542800e+00  1.6602204900e-01 
 734.000  1.1292278300e+00  1.7252072140e-01 
 735.000  1.1162600100e+00  1.6999784850e-01 
 736.000  1.0886212900e+00  1.6485234070e-01 
 737.000  1.1079145200e+00  1.6846826170e-01 
 738.000  1.1117126100e+00  1.7004264830e-01 
 739.000  1.0785381000e+00  1.6539874270e-01 
 740.000  1.0950694500e+00  1.6889619450e-01 
 741.000  1.0899516400e+00  1.6870953370e-01 
 742.000  1.0734492800e+00  1.6640386960e-01 
 743.000  1.1083056100e+00  1.7236573790e-01 
 744.000  1.1202058000e+00  1.7447979740e-01 
 745.000  1.0921562400e+00  1.7031750490e-01 
 746.000  1.1081783600e+00  1.7295574950e-01 
 747.000  1.1248662600e+00  1.7557138060e-01 
 748.000  1.1054142200e+00  1.7264286800e-01 
 749.000  1.1059026300e+00  1.7277790830e-01 
 750.000  1.0892993900e+00  1.7011538700e-01 
 751.000  1.0864911800e+00  1.6968360900e-01 
 752.000  1.1036187400e+00  1.7246473690e-01 
 753.000  1.0933362200e+00  1.7089064030e-01 
 754.000  1.1105488300e+00  1.7360275270e-01 
 755.000  1.1041767800e+00  1.7261416630e-01 
 756.000  1.0825664100e+00  1.6924490360e-01 
 757.000  1.0905300400e+00  1.7049511720e-01 
 758.000  1.0882145600e+00  1.7007035830e-01 
 759.000  1.0053357700e+00  1.5461103820e-01 
 760.000  5.1261229000e-01  6.6851211550e-02 
 761.000  4.6299629000e-01  5.8975566860e-02 
 762.000  7.4002820000e-01  1.0596682740e-01 
 763.000  6.7117874000e-01  9.3069801330e-02 
 764.000  7.1756173000e-01  1.0109335330e-01 
 765.000  8.1985091000e-01  1.1967565920e-01 
 766.000  8.8703587000e-01  1.3384143070e-01 
 767.000  9.5087965000e-01  1.4560183720e-01 
 768.000  1.0219859300e+00  1.5800343320e-01 
 769.000  1.0396984900e+00  1.6176692200e-01 
 770.000  1.0447984300e+00  1.6304058840e-01 
 771.000  1.0504216900e+00  1.6419837950e-01 
 772.000  1.0474923800e+00  1.6381414790e-01 
 773.000  1.0435595400e+00  1.6323614500e-01 
 774.000  1.0550519000e+00  1.6506953430e-01 
 775.000  1.0155610200e+00  1.5892141720e-01 
 776.000  1.0574784700e+00  1.6552220150e-01 
 777.000  1.0501315100e+00  1.6437460330e-01 
 778.000  1.0444612600e+00  1.6347361760e-01 
 779.000  1.0478237200e+00  1.6398292540e-01 
 780.000  1.0348194600e+00  1.6195700070e-01 
 781.000  1.0332135400e+00  1.6173919680e-01 
 782.000  1.0456276000e+00  1.6364556880e-01 
 783.000  1.0211580100e+00  1.5983840940e-01 
 784.000  1.0267111200e+00  1.6065293880e-01 
 785.000  1.0285299700e+00  1.6069793700e-01 
 786.000  1.0094643300e+00  1.5740303040e-01 
 787.000  1.0213067800e+00  1.5850436400e-01 
 788.000  1.0043674500e+00  1.5551635740e-01 
 789.000  1.0043752900e+00  1.5425109860e-01 
 790.000  9.9369891000e-01  1.5248432920e-01 
 791.000  9.8966434000e-01  1.5210749820e-01 
 792.000  9.7496157000e-01  1.5004718020e-01 
 793.000  9.7628620000e-01  1.5075201420e-01 
 794.000  9.7115333000e-01  1.5104100040e-01 
 795.000  9.6286163000e-01  1.4906617740e-01 
 796.000  9.7111449000e-01  1.4869697570e-01 
 797.000  9.7953196000e-01  1.5047871400e-01 
 798.000  9.8519029000e-01  1.5243342590e-01 
 799.000  9.8319431000e-01  1.5186448670e-01 
 800.000  9.5384087000e-01  1.4656707760e-01 
 801.000  9.7207245000e-01  1.4946104430e-01 
 802.000  9.6972346000e-01  1.4900872800e-01 
 803.000  9.5641405000e-01  1.4708360290e-01 
 804.000  9.6678646000e-01  1.4906315610e-01 
 805.000  9.4359456000e-01  1.4618672180e-01 
 806.000  9.7112780000e-01  1.5086593630e-01 
 807.000  9.6519844000e-01  1.4997929380e-01 
 808.000  9.5833506000e-01  1.4865533450e-01 
 809.000  9.4063561000e-01  1.4561300660e-01 
 810.000  9.3478993000e-01  1.4438182070e-01 
 811.000  9.4636835000e-01  1.4554489140e-01 
 812.000  9.3852179000e-01  1.4347978210e-01 
 813.000  9.2863896000e-01  1.4093986510e-01 
 814.000  9.1949965000e-01  1.3828994750e-01 
 815.000  8.9968508000e-01  1.3378828430e-01 
 816.000  8.7860781000e-01  1.2882044980e-01 
 817.000  8.8464977000e-01  1.2978892520e-01 
 818.000  8.8033577000e-01  1.2927236940e-01 
 819.000  8.6079668000e-01  1.2702445220e-01 
 820.000  8.5834779000e-01  1.2865858460e-01 
 821.000  9.0361431000e-01  1.3789178470e-01 
 822.000  8.6567154000e-01  1.3026560970e-01 
 823.000  8.4154259000e-01  1.2200955200e-01 
 824.000  8.8491299000e-01  1.3238301090e-01 
 825.000  9.0274342000e-01  1.3793797300e-01 
 826.000  9.0506422000e-01  1.3778820800e-01 
 827.000  8.9966702000e-01  1.3658840940e-01 
 828.000  8.8525423000e-01  1.3256552120e-01 
 829.000  8.8930938000e-01  1.3380976870e-01 
 830.000  8.8010629000e-01  1.3315858460e-01 
 831.000  8.6573923000e-01  1.3116152950e-01 
 832.000  8.8388190000e-01  1.3399566650e-01 
 833.000  8.5905874000e-01  1.3069332890e-01 
 834.000  8.7485738000e-01  1.3362019350e-01 
 835.000  8.8225141000e-01  1.3574786380e-01 
 836.000  8.9066759000e-01  1.3676602170e-01 
 837.000  8.8305558000e-01  1.3555833440e-01 
 838.000  8.8887531000e-01  1.3697502140e-01 
 839.000  8.6260894000e-01  1.3322831730e-01 
 840.000  8.8621579000e-01  1.3697309880e-01 
 841.000  8.8698749000e-01  1.3674714660e-01 
 842.000  8.8274266000e-01  1.3638285830e-01 
 843.000  8.7971461000e-01  1.3667391970e-01 
 844.000  8.6642150000e-01  1.3494113160e-01 
 845.000  8.8014323000e-01  1.3723388670e-01 
 846.000  8.8855539000e-01  1.3873213200e-01 
 847.000  8.5852905000e-01  1.3424275210e-01 
 848.000  8.8275980000e-01  1.3770986940e-01 
 849.000  8.8448160000e-01  1.3804364010e-01 
 850.000  7.6428385000e-01  1.1912482450e-01 
 851.000  8.7502128000e-01  1.3619320680e-01 
 852.000  8.4186757000e-01  1.3107197570e-01 
 853.000  8.5240374000e-01  1.3296960450e-01 
 854.000  6.8524088000e-01  1.0689530940e-01 
 855.000  7.5463525000e-01  1.1786557770e-01 
 856.000  8.5693792000e-01  1.3411383060e-01 
 857.000  8.7085122000e-01  1.3645401000e-01 
 858.000  8.5699904000e-01  1.3434173580e-01 
 859.000  8.5708437000e-01  1.3449946590e-01 
 860.000  8.4951498000e-01  1.3339860530e-01 
 861.000  8.4939910000e-01  1.3338804630e-01 
 862.000  8.4661922000e-01  1.3296763610e-01 
 863.000  8.6279029000e-01  1.3554905700e-01 
 864.000  8.6106313000e-01  1.3525761410e-01 
 865.000  8.4501779000e-01  1.3280299380e-01 
 866.000  7.0878918000e-01  1.1141554260e-01 
 867.000  7.5476564000e-01  1.1857522580e-01 
 868.000  8.1856307000e-01  1.2863293460e-01 
 869.000  8.0706783000e-01  1.2683347320e-01 
 870.000  8.4033935000e-01  1.3210009770e-01 
 871.000  8.3914271000e-01  1.3189935300e-01 
 872.000  8.3575958000e-01  1.3131117250e-01 
 873.000  8.3908877000e-01  1.3186613460e-01 
 874.000  8.2067693000e-01  1.2894229130e-01 
 875.000  8.1311568000e-01  1.2780438230e-01 
 876.000  8.1984333000e-01  1.2881462100e-01 
 877.000  8.3616426000e-01  1.3132693480e-01 
 878.000  8.2172739000e-01  1.2901120000e-01 
 879.000  8.2362162000e-01  1.2932620240e-01 
 880.000  8.1878363000e-01  1.2844363400e-01 
 881.000  7.7619058000e-01  1.2174475860e-01 
 882.000  8.1901138000e-01  1.2836518860e-01 
 883.000  8.0033164000e-01  1.2553500370e-01 
 884.000  8.0712521000e-01  1.2668705750e-01 
 885.000  8.1532195000e-01  1.2769116210e-01 
 886.000  7.8848615000e-01  1.2332454680e-01 
 887.000  7.8046446000e-01  1.2220271300e-01 
 888.000  8.0381236000e-01  1.2579250340e-01 
 889.000  8.0925702000e-01  1.2678163910e-01 
 890.000  8.0659149000e-01  1.2622799680e-01 
 891.000  8.0176869000e-01  1.2517941280e-01 
 892.000  7.9741800000e-01  1.2396401980e-01 
 893.000  7.6129200000e-01  1.1676994320e-01 
 894.000  7.8344184000e-01  1.1941494750e-01 
 895.000  7.3343478000e-01  1.0975550080e-01 
 896.000  7.4747590000e-01  1.0993859860e-01 
 897.000  7.1480948000e-01  1.0333959960e-01 
 898.000  7.0873676000e-01  1.0159191890e-01 
 899.000  6.8727576000e-01  9.6296127320e-02 
 900.000  6.7307392000e-01  9.4565193180e-02 
 901.000  6.5345627000e-01  9.1286293030e-02 
 902.000  6.4226969000e-01  8.9848838810e-02 
 903.000  7.0782054000e-01  1.0283074190e-01 
 904.000  7.4209300000e-01  1.1031568150e-01 
 905.000  7.3929400000e-01  1.0991301730e-01 
 906.000  7.0691218000e-01  1.0359061430e-01 
 907.000  6.9576155000e-01  9.9373764040e-02 
 908.000  6.6385427000e-01  9.3214996340e-02 
 909.000  6.5136324000e-01  9.1506095890e-02 
 910.000  6.6129354000e-01  9.3128677370e-02 
 911.000  6.6937271000e-01  9.5360694890e-02 
 912.000  6.6600387000e-01  9.4297332760e-02 
 913.000  6.6021750000e-01  9.1329154970e-02 
 914.000  6.6641743000e-01  9.3246032710e-02 
 915.000  6.6361972000e-01  9.3773002620e-02 
 916.000  6.7306008000e-01  9.5318237300e-02 
 917.000  6.6682362000e-01  9.4904006960e-02 
 918.000  6.6898417000e-01  9.5828819270e-02 
 919.000  6.9690717000e-01  1.0214421080e-01 
 920.000  7.0445621000e-01  1.0490026090e-01 
 921.000  6.8592741000e-01  1.0174947360e-01 
 922.000  6.7949147000e-01  1.0077686310e-01 
 923.000  6.4730971000e-01  9.5425384520e-02 
 924.000  6.6541146000e-01  9.7079101560e-02 
 925.000  6.7349784000e-01  9.8094032290e-02 
 926.000  6.4932688000e-01  9.4405120850e-02 
 927.000  6.6261972000e-01  9.5082382200e-02 
 928.000  6.4972051000e-01  9.1223175050e-02 
 929.000  6.1623850000e-01  8.3835090640e-02 
 930.000  5.8314928000e-01  7.5881980900e-02 
 931.000  5.4682493000e-01  6.6987281800e-02 
 932.000  4.9385369000e-01  5.5431430820e-02 
 933.000  4.5801321000e-01  4.8270542140e-02 
 934.000  4.1475683000e-01  4.0890293120e-02 
 935.000  4.0454328000e-01  3.9535881040e-02 
 936.000  4.1722193000e-01  4.1829563140e-02 
 937.000  4.2234861000e-01  4.2104629520e-02 
 938.000  4.6054970000e-01  4.9437175750e-02 
 939.000  5.7066745000e-01  7.3073829650e-02 
 940.000  5.8263538000e-01  7.6175445560e-02 
 941.000  5.5661875000e-01  7.1536834720e-02 
 942.000  5.0488362000e-01  6.1638088230e-02 
 943.000  4.7687054000e-01  5.2968044280e-02 
 944.000  4.6002450000e-01  5.0726032260e-02 
 945.000  4.8430516000e-01  5.5171821590e-02 
 946.000  4.9186906000e-01  5.6157169340e-02 
 947.000  5.0619702000e-01  5.9617858890e-02 
 948.000  5.1935959000e-01  6.2283092500e-02 
 949.000  5.1954014000e-01  6.2180408480e-02 
 950.000  5.1864134000e-01  6.2358161930e-02 
 951.000  5.3779609000e-01  6.7232437130e-02 
 952.000  5.1371179000e-01  6.1647296910e-02 
 953.000  5.2887970000e-01  6.5397651670e-02 
 954.000  5.4113729000e-01  6.8962944030e-02 
 955.000  4.9203412000e-01  6.1269603730e-02 
 956.000  5.2145526000e-01  6.4637962340e-02 
 957.000  5.6471376000e-01  7.5009315490e-02 
 958.000  5.7449915000e-01  7.6928924560e-02 
 959.000  5.6938234000e-01  7.5572296140e-02 
 960.000  5.6182375000e-01  7.4388664250e-02 
 961.000  5.5215606000e-01  7.2772689820e-02 
 962.000  5.5808250000e-01  7.3926033020e-02 
 963.000  5.8011224000e-01  7.9256057740e-02 
 964.000  5.7667849000e-01  7.9143310550e-02 
 965.000  5.8145295000e-01  7.9616111760e-02 
 966.000  5.6579731000e-01  7.7629142760e-02 
 967.000  5.9887178000e-01  8.3884338380e-02 
 968.000  6.1875047000e-01  8.9664482120e-02 
 969.000  6.3438304000e-01  9.3362350460e-02 
 970.000  6.3671173000e-01  9.3798049930e-02 
 971.000  6.3076377000e-01  9.2899360660e-02 
 972.000  6.3191928000e-01  9.2669769290e-02 
 973.000  6.1821463000e-01  8.9766136170e-02 
 974.000  5.9937108000e-01  8.5994766240e-02 
 975.000  5.9629082000e-01  8.4900848390e-02 
 976.000  6.1101887000e-01  8.7833412170e-02 
 977.000  6.0750305000e-01  8.8714385990e-02 
 978.000  6.2147597000e-01  9.0662017820e-02 
 979.000  6.0643534000e-01  8.8852577210e-02 
 980.000  6.2725090000e-01  9.3413825990e-02 
 981.000  6.3424705000e-01  9.4815322880e-02 
 982.000  6.3010806000e-01  9.3874389650e-02 
 983.000  6.3464687000e-01  9.5364471440e-02 
 984.000  6.3680491000e-01  9.6546607970e-02 
 985.000  6.4012921000e-01  9.7554344180e-02 
 986.000  6.3957281000e-01  9.8129470830e-02 
 987.000  6.4897024000e-01  9.9865844730e-02 
 988.000  6.4130858000e-01  9.8766380310e-02 
 989.000  6.3342820000e-01  9.7602043150e-02 
 990.000  6.3929537000e-01  9.8581756590e-02 
 991.000  6.4623091000e-01  9.9922592160e-02 
 992.000  6.4071779000e-01  9.9158958440e-02 
 993.000  6.4084712000e-01  9.9222709660e-02 
 994.000  6.4557191000e-01  1.0019801330e-01 
 995.000  6.4185372000e-01  9.9798950200e-02 
 996.000  6.4170926000e-01  9.9792099000e-02 
 997.000  6.4172167000e-01  9.9707511900e-02 
 998.000  6.3859959000e-01  9.9125823970e-02 
 999.000  6.3672378000e-01  9.8808074950e-02 
1000.000  6.3186136000e-01  9.8103286740e-02 
1001.000  6.3386456000e-01  9.8193809510e-02 
1002.000  6.3051616000e-01  9.7315139770e-02 
1003.000  6.2369301000e-01  9.6368629460e-02 
1004.000  6.1980036000e-01  9.5999137880e-02 
1005.000  5.7962531000e-01  8.9882781980e-02 
1006.000  6.1007145000e-01  9.4657150270e-02 
1007.000  6.2074339000e-01  9.6259742740e-02 
1008.000  6.2149723000e-01  9.6091232300e-02 
1009.000  6.1519394000e-01  9.4741767880e-02 
1010.000  6.1858853000e-01  9.5459678650e-02 
1011.000  6.1788480000e-01  9.5791152950e-02 
1012.000  6.1906045000e-01  9.6153541560e-02 
1013.000  6.1534248000e-01  9.5721382140e-02 
1014.000  6.1958903000e-01  9.6465072630e-02 
1015.000  6.0819409000e-01  9.4730575560e-02 
1016.000  6.1241701000e-01  9.5476173400e-02 
1017.000  6.0649399000e-01  9.4609687810e-02 
1018.000  6.1404227000e-01  9.5747886660e-02 
1019.000  5.9922791000e-01  9.3318840030e-02 
1020.000  5.9822943000e-01  9.3219039920e-02 
1021.000  6.0472660000e-01  9.4333686830e-02 
1022.000  5.9472251000e-01  9.2592483520e-02 
1023.000  6.0535767000e-01  9.4095375060e-02 
1024.000  6.0180341000e-01  9.3452537540e-02 
1025.000  6.0296247000e-01  9.3899200440e-02 
1026.000  6.0424555000e-01  9.4235900880e-02 
1027.000  6.0034460000e-01  9.3613632200e-02 
1028.000  6.0195546000e-01  9.3945449830e-02 
1029.000  5.9329721000e-01  9.2747978210e-02 
1030.000  5.9977512000e-01  9.3911941530e-02 
1031.000  5.9813115000e-01  9.3752380370e-02 
1032.000  5.9621486000e-01  9.3530326840e-02 
1033.000  5.8527167000e-01  9.1838401790e-02 
1034.000  5.9098751000e-01  9.2775726320e-02 
1035.000  5.8326654000e-01  9.1576286320e-02 
1036.000  5.9290410000e-01  9.3117294310e-02 
1037.000  5.8041520000e-01  9.1177253720e-02 
1038.000  5.8615207000e-01  9.2096511840e-02 
1039.000  5.8853818000e-01  9.2469329830e-02 
1040.000  5.8156467000e-01  9.1375823970e-02 
1041.000  5.8459054000e-01  9.1850082400e-02 
1042.000  5.8631790000e-01  9.2126808170e-02 
1043.000  5.7619150000e-01  9.0544097900e-02 
1044.000  5.8191643000e-01  9.1446128850e-02 
1045.000  5.7936429000e-01  9.1053329470e-02 
1046.000  5.6250428000e-01  8.8422874450e-02 
1047.000  5.7281981000e-01  9.0062316890e-02 
1048.000  5.7849074000e-01  9.0979362490e-02 
1049.000  5.7476978000e-01  9.0426712040e-02 
1050.000  5.7234563000e-01  9.0048515320e-02 
1051.000  5.7131940000e-01  8.9855590820e-02 
1052.000  5.6861405000e-01  8.9412208560e-02 
1053.000  5.6719697000e-01  8.9179779050e-02 
1054.000  5.6296670000e-01  8.8466560360e-02 
1055.000  5.6705882000e-01  8.9080375670e-02 
1056.000  5.6552439000e-01  8.8811592100e-02 
1057.000  5.6445038000e-01  8.8567619320e-02 
1058.000  5.5837468000e-01  8.7468894960e-02 
1059.000  5.4082308000e-01  8.4752479550e-02 
1060.000  5.6039140000e-01  8.7929313660e-02 
1061.000  5.4072963000e-01  8.4842605590e-02 
1062.000  5.5562569000e-01  8.7099250790e-02 
1063.000  5.4621210000e-01  8.5607025150e-02 
1064.000  5.5294528000e-01  8.6581954960e-02 
1065.000  5.5210458000e-01  8.6330657960e-02 
1066.000  5.3519219000e-01  8.3686866760e-02 
1067.000  5.4782062000e-01  8.5605552670e-02 
1068.000  5.4507191000e-01  8.4955535890e-02 
1069.000  5.0373843000e-01  7.8386756900e-02 
1070.000  5.3369457000e-01  8.3070411680e-02 
1071.000  5.3416079000e-01  8.3007537840e-02 
1072.000  5.3554389000e-01  8.3090942380e-02 
1073.000  5.1784503000e-01  8.0318893430e-02 
1074.000  5.3605337000e-01  8.3161064150e-02 
1075.000  5.2000032000e-01  8.0852027890e-02 
1076.000  5.3102749000e-01  8.2440498350e-02 
1077.000  5.2933634000e-01  8.2014739990e-02 
1078.000  5.3009757000e-01  8.1944595340e-02 
1079.000  5.0959926000e-01  7.8745307920e-02 
1080.000  5.2303615000e-01  8.0341644290e-02 
1081.000  5.0370369000e-01  7.7340538020e-02 
1082.000  5.1085328000e-01  7.8622207640e-02 
1083.000  4.9619659000e-01  7.6108673100e-02 
1084.000  5.1411831000e-01  7.8572013850e-02 
1085.000  5.0487984000e-01  7.6531448360e-02 
1086.000  5.1207670000e-01  7.7748161320e-02 
1087.000  4.8331862000e-01  7.4015075680e-02 
1088.000  5.1270000000e-01  7.8556488040e-02 
1089.000  4.8985245000e-01  7.4271949770e-02 
1090.000  4.9984919000e-01  7.5648483280e-02 
1091.000  5.0376394000e-01  7.6397987370e-02 
1092.000  4.9038905000e-01  7.3981552120e-02 
1093.000  4.8049222000e-01  7.1654792790e-02 
1094.000  4.3565668000e-01  6.4626144410e-02 
1095.000  4.7184414000e-01  7.0025207520e-02 
1096.000  4.7316945000e-01  7.0270271300e-02 
1097.000  4.6310018000e-01  6.8556831360e-02 
1098.000  4.4575535800e-01  6.4160209660e-02 
1099.000  4.3542861500e-01  6.1182388310e-02 
1100.000  4.4372294500e-01  6.2436416630e-02 
1101.000  4.4438232800e-01  6.2720466610e-02 
1102.000  4.2520911300e-01  5.9897270200e-02 
1103.000  4.4316634900e-01  6.2541957860e-02 
1104.000  4.3796265800e-01  6.1542446140e-02 
1105.000  4.3220359800e-01  6.0102287290e-02 
1106.000  4.2337501200e-01  5.8269042970e-02 
1107.000  4.2421015800e-01  5.8496910100e-02 
1108.000  4.2387713200e-01  5.8508949280e-02 
1109.000  4.3037773100e-01  5.9853801730e-02 
1110.000  4.3213491900e-01  5.9940849300e-02 
1111.000  4.2415730500e-01  5.8493671420e-02 
1112.000  4.0778060300e-01  5.4939571380e-02 
1113.000  3.8905251100e-01  5.0508319850e-02 
1114.000  3.8884148800e-01  4.9797340390e-02 
1115.000  3.6321366500e-01  4.3955863950e-02 
1116.000  3.4503557500e-01  4.0241176610e-02 
1117.000  3.1602529400e-01  3.3974166870e-02 
1118.000  2.8206268100e-01  2.8008012770e-02 
1119.000  2.5820985400e-01  2.4407003400e-02 
1120.000  2.3803805500e-01  2.1107301710e-02 
1121.000  2.3495295000e-01  2.0493087770e-02 
1122.000  2.1118044500e-01  1.7070186610e-02 
1123.000  2.2503458300e-01  1.8902910230e-02 
1124.000  2.3399037400e-01  2.0125501630e-02 
1125.000  2.2483179600e-01  1.9073625560e-02 
1126.000  2.1878291300e-01  1.8464273450e-02 
1127.000  2.2795231700e-01  1.9378646850e-02 
1128.000  2.2716950100e-01  1.9579904560e-02 
1129.000  2.4998963600e-01  2.2965944290e-02 
1130.000  2.9880582200e-01  3.0989406590e-02 
1131.000  3.1574946700e-01  3.3840614320e-02 
1132.000  2.9777596800e-01  3.0436311720e-02 
1133.000  2.5554646000e-01  2.3964002610e-02 
1134.000  1.8688458800e-01  1.4143023490e-02 
1135.000  1.9453596700e-01  1.5043348310e-02 
1136.000  2.6170587300e-01  2.4909320830e-02 
1137.000  2.9997675800e-01  3.1091026310e-02 
1138.000  3.2049200400e-01  3.6057556150e-02 
1139.000  3.3653338300e-01  3.8933872220e-02 
1140.000  3.3151111400e-01  3.7742649080e-02 
1141.000  3.0994731100e-01  3.4236553190e-02 
1142.000  3.1408460100e-01  3.4280143740e-02 
1143.000  2.9517117000e-01  3.1108041760e-02 
1144.000  2.7788813600e-01  2.8175079350e-02 
1145.000  2.5701746000e-01  2.4566167830e-02 
1146.000  2.6502945300e-01  2.5676462170e-02 
1147.000  2.8413635200e-01  2.8771522520e-02 
1148.000  2.9675444500e-01  3.1202011110e-02 
1149.000  3.0368225000e-01  3.2418785100e-02 
1150.000  3.0243168000e-01  3.2367935180e-02 
1151.000  3.1029476300e-01  3.4035877230e-02 
1152.000  3.1393508300e-01  3.4839527130e-02 
1153.000  3.1962457700e-01  3.6074287410e-02 
1154.000  3.1987124200e-01  3.5969898220e-02 
1155.000  3.3270582900e-01  3.8661254880e-02 
1156.000  3.4116470100e-01  4.1055557250e-02 
1157.000  3.7059004700e-01  4.7517337800e-02 
1158.000  3.8096473200e-01  4.9966804500e-02 
1159.000  3.8418624800e-01  5.1323810580e-02 
1160.000  3.8277552300e-01  5.1515369420e-02 
1161.000  3.8330407900e-01  5.2492691040e-02 
1162.000  4.0362782100e-01  5.6023780820e-02 
1163.000  4.1319686300e-01  5.8257984160e-02 
1164.000  4.0663305300e-01  5.7522460940e-02 
1165.000  4.1498431600e-01  5.8819694520e-02 
1166.000  4.0577825400e-01  5.7726051330e-02 
1167.000  4.1332409300e-01  5.8929748540e-02 
1168.000  4.1653569200e-01  5.9339199070e-02 
1169.000  4.0319952200e-01  5.7569705960e-02 
1170.000  4.1505292500e-01  5.9380172730e-02 
1171.000  4.1972831000e-01  6.0363082890e-02 
1172.000  4.1677608400e-01  5.9756256100e-02 
1173.000  4.1227142500e-01  5.8938484190e-02 
1174.000  4.1257299500e-01  5.8991764070e-02 
1175.000  4.1202410800e-01  5.9390270230e-02 
1176.000  4.0590886500e-01  5.8946929930e-02 
1177.000  4.1658412600e-01  6.0280639650e-02 
1178.000  4.0580059600e-01  5.8295276640e-02 
1179.000  4.0399036300e-01  5.8035324100e-02 
1180.000  4.0830085600e-01  5.8500942230e-02 
1181.000  4.0268282400e-01  5.7309707640e-02 
1182.000  3.9967516800e-01  5.6505847930e-02 
1183.000  3.7687628900e-01  5.3324401860e-02 
1184.000  3.9585188100e-01  5.6221328740e-02 
1185.000  4.0600559000e-01  5.8204250340e-02 
1186.000  4.0213942000e-01  5.7489822390e-02 
1187.000  3.9727476800e-01  5.6260082240e-02 
1188.000  3.9408421200e-01  5.5687812810e-02 
1189.000  3.7395457200e-01  5.3152507780e-02 
1190.000  4.0008406100e-01  5.7721244810e-02 
1191.000  4.0864674600e-01  5.9218223570e-02 
1192.000  4.0972218800e-01  5.9756923680e-02 
1193.000  4.0916537200e-01  5.9584255220e-02 
1194.000  4.0788032800e-01  5.9343318940e-02 
1195.000  4.0007335200e-01  5.7841728210e-02 
1196.000  4.0026330000e-01  5.7924354550e-02 
1197.000  3.9858595700e-01  5.7506805420e-02 
1198.000  3.8485438600e-01  5.5490276340e-02 
1199.000  3.6871222100e-01  5.2960735320e-02 
1200.000  3.9306518500e-01  5.6585720060e-02 
1201.000  3.9632083500e-01  5.7120922090e-02 
1202.000  3.9723389300e-01  5.7351024630e-02 
1203.000  3.7679409900e-01  5.4338539120e-02 
1204.000  3.8365083600e-01  5.5443298340e-02 
1205.000  3.9784863800e-01  5.8111839290e-02 
1206.000  3.9789838000e-01  5.8400047300e-02 
1207.000  4.0158092700e-01  5.9055328370e-02 
1208.000  3.9500775800e-01  5.7992366790e-02 
1209.000  3.6919467600e-01  5.4059719090e-02 
1210.000  3.9303200900e-01  5.7289947510e-02 
1211.000  3.7961521500e-01  5.5300914760e-02 
1212.000  3.9205726700e-01  5.7180431370e-02 
1213.000  3.9565673200e-01  5.7955074310e-02 
1214.000  3.9359088600e-01  5.7621028900e-02 
1215.000  3.9567243200e-01  5.8025531770e-02 
1216.000  3.9744489500e-01  5.8687244420e-02 
1217.000  3.9906127000e-01  5.9280460360e-02 
1218.000  3.9864047600e-01  5.9395729060e-02 
1219.000  3.9540928500e-01  5.9025485990e-02 
1220.000  3.9814627700e-01  5.9440452580e-02 
1221.000  3.9767198600e-01  5.9404148100e-02 
1222.000  3.9565322800e-01  5.9115623470e-02 
1223.000  3.9398667700e-01  5.8914688110e-02 
1224.000  3.9852029200e-01  5.9808193210e-02 
1225.000  3.9664275800e-01  5.9583198550e-02 
1226.000  3.9844709900e-01  5.9932819370e-02 
1227.000  3.8561064800e-01  5.8119251250e-02 
1228.000  3.9848127000e-01  6.0210060120e-02 
1229.000  3.9863388300e-01  6.0352550510e-02 
1230.000  3.9793742800e-01  6.0382156370e-02 
1231.000  3.9830721500e-01  6.0519916530e-02 
1232.000  3.9395161100e-01  5.9897575380e-02 
1233.000  3.9713614200e-01  6.0411575320e-02 
1234.000  3.9680854700e-01  6.0530124660e-02 
1235.000  3.9435996600e-01  6.0223003390e-02 
1236.000  3.9685991200e-01  6.0655136110e-02 
1237.000  3.9711280900e-01  6.0757129670e-02 
1238.000  3.9695701000e-01  6.0765712740e-02 
1239.000  3.9247839300e-01  6.0104072570e-02 
1240.000  3.9070122600e-01  5.9858547210e-02 
1241.000  3.9411088300e-01  6.0394107820e-02 
1242.000  3.9171365600e-01  6.0035160060e-02 
1243.000  3.8725513500e-01  5.9362529750e-02 
1244.000  3.8361173600e-01  5.8797409060e-02 
1245.000  3.9009001600e-01  5.9793212890e-02 
1246.000  3.8692850600e-01  5.9288238530e-02 
1247.000  3.8484259400e-01  5.8944355010e-02 
1248.000  3.8765274800e-01  5.9354095460e-02 
1249.000  3.8614615900e-01  5.9116943360e-02 
1250.000  3.8446525800e-01  5.8839439390e-02 
1251.000  3.8163304800e-01  5.8392059330e-02 
1252.000  3.8019241700e-01  5.8137290950e-02 
1253.000  3.7673510000e-01  5.7569671630e-02 
1254.000  3.7708887200e-01  5.7535018920e-02 
1255.000  3.7600114300e-01  5.7316967010e-02 
1256.000  3.7480215700e-01  5.7096996310e-02 
1257.000  3.6995151600e-01  5.6294048310e-02 
1258.000  3.7002581400e-01  5.6161441800e-02 
1259.000  3.6478586800e-01  5.5255046840e-02 
1260.000  3.6391442900e-01  5.4992607120e-02 
1261.000  3.6169370900e-01  5.4512199400e-02 
1262.000  3.5065154300e-01  5.2599197390e-02 
1263.000  3.5362813200e-01  5.2973876950e-02 
1264.000  3.4728419900e-01  5.1985588070e-02 
1265.000  3.4760605600e-01  5.2017669680e-02 
1266.000  3.4846313400e-01  5.2048736570e-02 
1267.000  3.4038425000e-01  5.0746452330e-02 
1268.000  3.3529425200e-01  4.9900878910e-02 
1269.000  3.3764687900e-01  5.0210979460e-02 
1270.000  3.4583282300e-01  5.1644142150e-02 
1271.000  3.4975533300e-01  5.2307334900e-02 
1272.000  3.5034154800e-01  5.2483837130e-02 
1273.000  3.5150528600e-01  5.2772140500e-02 
1274.000  3.5120770000e-01  5.2873813630e-02 
1275.000  3.5415039200e-01  5.3359424590e-02 
1276.000  3.5523605800e-01  5.3523235320e-02 
1277.000  3.5527638600e-01  5.3493812560e-02 
1278.000  3.5458838800e-01  5.3339477540e-02 
1279.000  3.5256456500e-01  5.3030391690e-02 
1280.000  3.5146659400e-01  5.2967117310e-02 
1281.000  3.4238761400e-01  5.1690601350e-02 
1282.000  3.0481078300e-01  4.6099304200e-02 
1283.000  3.3504204300e-01  5.0699115750e-02 
1284.000  3.4892952900e-01  5.2786235810e-02 
1285.000  3.5177393200e-01  5.3224750520e-02 
1286.000  3.5122697100e-01  5.3053318020e-02 
1287.000  3.5249487800e-01  5.3099842070e-02 
1288.000  3.4699907500e-01  5.1812625890e-02 
1289.000  3.4805017700e-01  5.1814975740e-02 
1290.000  3.3992791600e-01  5.0567932130e-02 
1291.000  3.4516485900e-01  5.1367660520e-02 
1292.000  3.4803815900e-01  5.1920249940e-02 
1293.000  3.4847724600e-01  5.1951541900e-02 
1294.000  3.4153041700e-01  5.0676090240e-02 
1295.000  3.4287407400e-01  5.0535335540e-02 
1296.000  3.4067894100e-01  4.9866153720e-02 
1297.000  3.3657844700e-01  4.8991424560e-02 
1298.000  3.3338622300e-01  4.8466362000e-02 
1299.000  3.3661082900e-01  4.8875782010e-02 
1300.000  3.3492006600e-01  4.8563716890e-02 
1301.000  3.3393919900e-01  4.8312320710e-02 
1302.000  3.2825290900e-01  4.7270637510e-02 
1303.000  3.2227295400e-01  4.5879146580e-02 
1304.000  3.2090391600e-01  4.5443496700e-02 
1305.000  3.2215163000e-01  4.5498054500e-02 
1306.000  3.2193515000e-01  4.5344272610e-02 
1307.000  3.1991960100e-01  4.4911468510e-02 
1308.000  3.1694326000e-01  4.4154174800e-02 
1309.000  3.1300854000e-01  4.3175773620e-02 
1310.000  3.1128266900e-01  4.2867389680e-02 
1311.000  3.1043019400e-01  4.2719589230e-02 
1312.000  3.0499854300e-01  4.1511718750e-02 
1313.000  2.8888866300e-01  3.8818618770e-02 
1314.000  2.9340790300e-01  3.8975715640e-02 
1315.000  2.8563166100e-01  3.8108062740e-02 
1316.000  2.9561168500e-01  3.9706897740e-02 
1317.000  2.9861603000e-01  4.0068511960e-02 
1318.000  2.8922055200e-01  3.8278854370e-02 
1319.000  2.8557292300e-01  3.7077915190e-02 
1320.000  2.7485265300e-01  3.4831436160e-02 
1321.000  2.7031599000e-01  3.3875381470e-02 
1322.000  2.7538952500e-01  3.5019878390e-02 
1323.000  2.8228098200e-01  3.6406696320e-02 
1324.000  2.8554678800e-01  3.7073669430e-02 
1325.000  2.8316115100e-01  3.6538414000e-02 
1326.000  2.7607608200e-01  3.5067211150e-02 
1327.000  2.6153726800e-01  3.1949945450e-02 
1328.000  2.4839671400e-01  2.8850082400e-02 
1329.000  2.1429541900e-01  2.2668212890e-02 
1330.000  2.0824313600e-01  2.1266756060e-02 
1331.000  2.0275370900e-01  2.0217880250e-02 
1332.000  2.0055902200e-01  2.0094579700e-02 
1333.000  2.1157571300e-01  2.1579872130e-02 
1334.000  2.2000041300e-01  2.2987720490e-02 
1335.000  2.2594805400e-01  2.4020660400e-02 
1336.000  2.2584274000e-01  2.4136459350e-02 
1337.000  2.2839866600e-01  2.4447357180e-02 
1338.000  2.3215497200e-01  2.5163152690e-02 
1339.000  2.3266889900e-01  2.5323268890e-02 
1340.000  2.3429191000e-01  2.5774559020e-02 
1341.000  2.3824738500e-01  2.5936187740e-02 
1342.000  2.3814906400e-01  2.5890211110e-02 
1343.000  2.2910539900e-01  2.3666984560e-02 
1344.000  2.1524064700e-01  2.0936325070e-02 
1345.000  1.7807294800e-01  1.4964632990e-02 
1346.000  1.5189088100e-01  1.1192492490e-02 
1347.000  1.3472042000e-01  9.0989370350e-03 
1348.000  1.1168444700e-01  6.3327784540e-03 
1349.000  1.0157958360e-01  5.3552808760e-03 
1350.000  7.9123753800e-02  3.3032162190e-03 
1351.000  6.8307380600e-02  2.5508265500e-03 
1352.000  5.2246400600e-02  1.5148079400e-03 
1353.000  3.7031599400e-02  8.3245313170e-04 
1354.000  2.9610111300e-02  5.5712252860e-04 
1355.000  2.2989722000e-02  3.5790905360e-04 
1356.000  1.7384978900e-02  2.1837107840e-04 
1357.000  1.1883099710e-02  1.1045307670e-04 
1358.000  8.7943141400e-03  6.7602306600e-05 
1359.000  4.6371935900e-03  2.3071469740e-05 
1360.000  3.0667207900e-03  1.2159582230e-05 
1361.000  2.2822911100e-03  7.2503839620e-06 
1362.000  2.1000793400e-03  6.3766431990e-06 
1363.000  3.0298733600e-03  1.1101556940e-05 
1364.000  3.5132279600e-03  1.3881919910e-05 
1365.000  3.6785399200e-03  1.4637641610e-05 
1366.000  4.2481013400e-03  1.8256613980e-05 
1367.000  3.5684728100e-03  1.4306770640e-05 
1368.000  3.1641459100e-03  1.2363546530e-05 
1369.000  3.2446903800e-03  1.2996584180e-05 
1370.000  5.3662080100e-03  3.0016120520e-05 
1371.000  9.5567549200e-03  7.4775345620e-05 
1372.000  1.7696207900e-02  2.0529335740e-04 
1373.000  2.5103552800e-02  3.6072441940e-04 
1374.000  3.0483589400e-02  4.9741339680e-04 
1375.000  3.2500866400e-02  5.5726343390e-04 
1376.000  3.0145889600e-02  4.9389302730e-04 
1377.000  2.6837326800e-02  4.0355673430e-04 
1378.000  2.0455614100e-02  2.5772899390e-04 
1379.000  1.4046726510e-02  1.3951148090e-04 
1380.000  7.9669030900e-03  5.5964510890e-05 
1381.000  4.6085499800e-03  2.3418746890e-05 
1382.000  3.2226958600e-03  1.3239584860e-05 
1383.000  3.1180847100e-03  1.2357447300e-05 
1384.000  5.0718395900e-03  2.6506524530e-05 
1385.000  7.2001226900e-03  4.6235322950e-05 
1386.000  1.0997441500e-02  9.0641096230e-05 
1387.000  2.0206292300e-02  2.4711497130e-04 
1388.000  2.6781624400e-02  3.8604962830e-04 
1389.000  3.0764002400e-02  4.9004158380e-04 
1390.000  3.1403333500e-02  5.1101887230e-04 
1391.000  2.9315380600e-02  4.5362976190e-04 
1392.000  2.2163678400e-02  2.8717625140e-04 
1393.000  1.6942384300e-02  1.8735733630e-04 
1394.000  1.2979799890e-02  1.2237226220e-04 
1395.000  1.4631332700e-02  1.4769245680e-04 
1396.000  2.0077420500e-02  2.4243070190e-04 
1397.000  2.5909788700e-02  3.6636006830e-04 
1398.000  2.6682589000e-02  3.8170000910e-04 
1399.000  2.4913634500e-02  3.4536787870e-04 
1400.000  2.3296363100e-02  3.1315726040e-04 
1401.000  2.4765228100e-02  3.4875068070e-04 
1402.000  3.0702171700e-02  4.8219296340e-04 
1403.000  3.5348561700e-02  6.1914187670e-04 
1404.000  3.3248476200e-02  5.5457025770e-04 
1405.000  3.4827032100e-02  6.0808742050e-04 
1406.000  3.2294445800e-02  5.3013736010e-04 
1407.000  3.3492541300e-02  5.7414799930e-04 
1408.000  4.0143157900e-02  7.6191467050e-04 
1409.000  4.7056908800e-02  9.9729222060e-04 
1410.000  5.7714845500e-02  1.3815182450e-03 
1411.000  6.8649520400e-02  1.8767267470e-03 
1412.000  6.6323295300e-02  1.8039524560e-03 
1413.000  7.3148340400e-02  2.1390976910e-03 
1414.000  7.2119297200e-02  2.0496547220e-03 
1415.000  7.9726811400e-02  2.4706435200e-03 
1416.000  8.5660701000e-02  2.7736909390e-03 
1417.000  8.7866140500e-02  2.9067206380e-03 
1418.000  8.8649132700e-02  2.9233770370e-03 
1419.000  8.8464480200e-02  2.9531753060e-03 
1420.000  9.0565464200e-02  3.0510375500e-03 
1421.000  1.0185890770e-01  3.7107865810e-03 
1422.000  1.0428193840e-01  3.9042055610e-03 
1423.000  1.0544480960e-01  4.0088858600e-03 
1424.000  1.0508646920e-01  3.9662237170e-03 
1425.000  1.0389350280e-01  3.8458962440e-03 
1426.000  1.0016777870e-01  3.7042508130e-03 
1427.000  1.0609762830e-01  4.0362043380e-03 
1428.000  1.1205955130e-01  4.3448204990e-03 
1429.000  1.1366085190e-01  4.5189695360e-03 
1430.000  1.1089689710e-01  4.4013557430e-03 
1431.000  1.0331420520e-01  3.9408526420e-03 
1432.000  1.0101986660e-01  3.7563142780e-03 
1433.000  1.0073516890e-01  3.7345058920e-03 
1434.000  9.6083523000e-02  3.4877021310e-03 
1435.000  1.0315406950e-01  3.8939111230e-03 
1436.000  1.0572274640e-01  4.0544061660e-03 
1437.000  1.0740790170e-01  4.1516909600e-03 
1438.000  1.1387043070e-01  4.5772871970e-03 
1439.000  1.1597186450e-01  4.6754541400e-03 
1440.000  1.1119876670e-01  4.5347294810e-03 
1441.000  1.1810538050e-01  4.8484997750e-03 
1442.000  1.1329024910e-01  4.5926332470e-03 
1443.000  1.1532645630e-01  4.6854615210e-03 
1444.000  1.1792636800e-01  4.8448247910e-03 
1445.000  1.1816246610e-01  4.8712358470e-03 
1446.000  1.2367885490e-01  5.2153506280e-03 
1447.000  1.2705892600e-01  5.4671983720e-03 
1448.000  1.2850697100e-01  5.5509676930e-03 
1449.000  1.2598399070e-01  5.3748331070e-03 
1450.000  1.2047152760e-01  5.0366506580e-03 
1451.000  1.2182027400e-01  5.1536307330e-03 
1452.000  1.2715165500e-01  5.5974025730e-03 
1453.000  1.4168463800e-01  6.5942258830e-03 
1454.000  1.5417432000e-01  7.5738091470e-03 
1455.000  1.6014767700e-01  8.1279840470e-03 
1456.000  1.6725122000e-01  8.7586946490e-03 
1457.000  1.6994106500e-01  8.9470119480e-03 
1458.000  1.7326505600e-01  9.1856250760e-03 
1459.000  1.6839736000e-01  8.7550687790e-03 
1460.000  1.6072115200e-01  8.2148904800e-03 
1461.000  1.5763835400e-01  8.0031175610e-03 
1462.000  1.4915053700e-01  7.3843617440e-03 
1463.000  1.4816171400e-01  7.3646526340e-03 
1464.000  1.4624798500e-01  7.2329459190e-03 
1465.000  1.4300359000e-01  6.9439964290e-03 
1466.000  1.3327599200e-01  6.3152155880e-03 
1467.000  1.3230952300e-01  6.1634721760e-03 
1468.000  1.2416807890e-01  5.6705951690e-03 
1469.000  1.1778779920e-01  5.1865606310e-03 
1470.000  1.1437678700e-01  4.9813075070e-03 
1471.000  1.2137678700e-01  5.5826759340e-03 
1472.000  1.3365610800e-01  6.5420274730e-03 
1473.000  1.5020300500e-01  7.9098749160e-03 
1474.000  1.5743912900e-01  8.7464714050e-03 
1475.000  1.6023867800e-01  8.9551296230e-03 
1476.000  1.6049948300e-01  9.0251789090e-03 
1477.000  1.5705939000e-01  8.7628202440e-03 
1478.000  1.5091740900e-01  8.3570146560e-03 
1479.000  1.4792435600e-01  8.0806455610e-03 
1480.000  1.5100571200e-01  8.4116916660e-03 
1481.000  1.5382918100e-01  8.8046722410e-03 
1482.000  1.6077877400e-01  9.4776744840e-03 
1483.000  1.5899990500e-01  9.4891891480e-03 
1484.000  1.6003127900e-01  9.6228322980e-03 
1485.000  1.6233185300e-01  9.7919416430e-03 
1486.000  1.6370514500e-01  1.0137256620e-02 
1487.000  1.7372677400e-01  1.1263626100e-02 
1488.000  1.5224697300e-01  9.9698390960e-03 
1489.000  1.8683494300e-01  1.2953361510e-02 
1490.000  1.9766909200e-01  1.4379906650e-02 
1491.000  2.0473180500e-01  1.5315503120e-02 
1492.000  2.0101998700e-01  1.5205011370e-02 
1493.000  2.0845065400e-01  1.6074092860e-02 
1494.000  2.0814722700e-01  1.6197816850e-02 
1495.000  2.0987127600e-01  1.6652458190e-02 
1496.000  2.0950859300e-01  1.7054992680e-02 
1497.000  2.1461812900e-01  1.7626665120e-02 
1498.000  2.2169828400e-01  1.8622385030e-02 
1499.000  2.2268780000e-01  1.9112600330e-02 
1500.000  2.2955567100e-01  2.0051717760e-02 
1501.000  2.2825046900e-01  1.9988004680e-02 
1502.000  2.2457033700e-01  1.9676282880e-02 
1503.000  2.0061379900e-01  1.7614046100e-02 
1504.000  2.0994845200e-01  1.8603096010e-02 
1505.000  2.1257140000e-01  1.9142423630e-02 
1506.000  2.1550325500e-01  1.9529356000e-02 
1507.000  2.2832108400e-01  2.1000688550e-02 
1508.000  2.2631362700e-01  2.1039247510e-02 
1509.000  2.2883825800e-01  2.1509592060e-02 
1510.000  2.3293968600e-01  2.2062610630e-02 
1511.000  2.3508724500e-01  2.2449615480e-02 
1512.000  2.3140198700e-01  2.2248735430e-02 
1513.000  2.3131226700e-01  2.2369791030e-02 
1514.000  2.2814594300e-01  2.2164905550e-02 
1515.000  2.3345204000e-01  2.2842470170e-02 
1516.000  2.3154657800e-01  2.2774646760e-02 
1517.000  2.3092632900e-01  2.2865617750e-02 
1518.000  2.3664877100e-01  2.3646162030e-02 
1519.000  2.3486752900e-01  2.3700420380e-02 
1520.000  2.3846801700e-01  2.4343677520e-02 
1521.000  2.3507913400e-01  2.4169229510e-02 
1522.000  2.3371964700e-01  2.4111217500e-02 
1523.000  2.3974584500e-01  2.4845554350e-02 
1524.000  2.3766244500e-01  2.4683834080e-02 
1525.000  2.3192700100e-01  2.4135969160e-02 
1526.000  2.3856264100e-01  2.4911745070e-02 
1527.000  2.3645064700e-01  2.4808740620e-02 
1528.000  2.3855219600e-01  2.5165592190e-02 
1529.000  2.3780638900e-01  2.5161890030e-02 
1530.000  2.2295311500e-01  2.3712772370e-02 
1531.000  2.3859711700e-01  2.5502117160e-02 
1532.000  2.3746073800e-01  2.5511173250e-02 
1533.000  2.3649986500e-01  2.5517972950e-02 
1534.000  2.3302270100e-01  2.5247550960e-02 
1535.000  2.3401071600e-01  2.5461807250e-02 
1536.000  2.3714376400e-01  2.5896383290e-02 
1537.000  2.3808123300e-01  2.6118179320e-02 
1538.000  2.3175509400e-01  2.5545825960e-02 
1539.000  2.3677073400e-01  2.6218460080e-02 
1540.000  2.2822257000e-01  2.5374048230e-02 
1541.000  2.3303582700e-01  2.5994308470e-02 
1542.000  2.3442345600e-01  2.6226684570e-02 
1543.000  2.3378614600e-01  2.6244451520e-02 
1544.000  2.3678990800e-01  2.6679956440e-02 
1545.000  2.3769940200e-01  2.6896715160e-02 
1546.000  2.3791877500e-01  2.7033910750e-02 
1547.000  2.3560876800e-01  2.6877283100e-02 
1548.000  2.2865055900e-01  2.6178777690e-02 
1549.000  2.3451141100e-01  2.6934295650e-02 
1550.000  2.3319409600e-01  2.6862697600e-02 
1551.000  2.3196671500e-01  2.6781860350e-02 
1552.000  2.3592116800e-01  2.7300870900e-02 
1553.000  2.3468843200e-01  2.7229068760e-02 
1554.000  2.2608980700e-01  2.6290843960e-02 
1555.000  2.2986319800e-01  2.6804897310e-02 
1556.000  2.2547525700e-01  2.6368429180e-02 
1557.000  2.3285816200e-01  2.7312755580e-02 
1558.000  2.3101506500e-01  2.7163919450e-02 
1559.000  2.3103333900e-01  2.7230731960e-02 
1560.000  2.2704391100e-01  2.6833587650e-02 
1561.000  2.3234293400e-01  2.7512870790e-02 
1562.000  2.3223510600e-01  2.7539861680e-02 
1563.000  2.2876387100e-01  2.7175905230e-02 
1564.000  2.2410562900e-01  2.6660209660e-02 
1565.000  2.2735918300e-01  2.7077987670e-02 
1566.000  2.2305173800e-01  2.6624235150e-02 
1567.000  2.2269404800e-01  2.6605901720e-02 
1568.000  2.1753813300e-01  2.5996055600e-02 
1569.000  2.1771966300e-01  2.6016832350e-02 
1570.000  2.1166328300e-01  2.5308549880e-02 
1571.000  2.1733494900e-01  2.6033731460e-02 
1572.000  2.1716882700e-01  2.6047971730e-02 
1573.000  2.1387052200e-01  2.5713724140e-02 
1574.000  2.1471400100e-01  2.5888713840e-02 
1575.000  1.9948942700e-01  2.4110746380e-02 
1576.000  2.1431782500e-01  2.5945604320e-02 
1577.000  1.9359606100e-01  2.3476341250e-02 
1578.000  2.1194704900e-01  2.5744955060e-02 
1579.000  2.1327041700e-01  2.5958421710e-02 
1580.000  2.1782070400e-01  2.6581386570e-02 
1581.000  2.1637674100e-01  2.6458362580e-02 
1582.000  2.1222682500e-01  2.6043512340e-02 
1583.000  2.1503283700e-01  2.6478200910e-02 
1584.000  2.1330104500e-01  2.6356853490e-02 
1585.000  2.1974951500e-01  2.7238330840e-02 
1586.000  2.1698999200e-01  2.6958917620e-02 
1587.000  2.1472919300e-01  2.6759643550e-02 
1588.000  2.1157924200e-01  2.6444829940e-02 
1589.000  1.9357324500e-01  2.4247793200e-02 
1590.000  2.0854542100e-01  2.6175268170e-02 
1591.000  2.0387406400e-01  2.5626201630e-02 
1592.000  2.1455031900e-01  2.6991230010e-02 
1593.000  2.1916619400e-01  2.7588848110e-02 
1594.000  2.1729098900e-01  2.7370901110e-02 
1595.000  2.1826379800e-01  2.7514080050e-02 
1596.000  2.0445516900e-01  2.5811420440e-02 
1597.000  2.1204651000e-01  2.6781059270e-02 
1598.000  2.1496130900e-01  2.7150056840e-02 
1599.000  2.0652323600e-01  2.6076082230e-02 
1600.000  2.0897556500e-01  2.6386135100e-02 
1601.000  2.0017822600e-01  2.5310356140e-02 
1602.000  2.0504574600e-01  2.5963134770e-02 
1603.000  2.0381797900e-01  2.5870254520e-02 
1604.000  2.0686304100e-01  2.6326894760e-02 
1605.000  2.0380427100e-01  2.5978145600e-02 
1606.000  2.0316575000e-01  2.5945117950e-02 
1607.000  2.0385337000e-01  2.6048284530e-02 
1608.000  2.0604789200e-01  2.6345195770e-02 
1609.000  2.0525582700e-01  2.6271926880e-02 
1610.000  1.9259491300e-01  2.4681776050e-02 
1611.000  1.9874255300e-01  2.5526062010e-02 
1612.000  2.0121137200e-01  2.5903476720e-02 
1613.000  2.0623175500e-01  2.6609651570e-02 
1614.000  2.0420723200e-01  2.6373271940e-02 
1615.000  2.0797924700e-01  2.6913225170e-02 
1616.000  1.9525984700e-01  2.5308937070e-02 
1617.000  2.0136477800e-01  2.6166393280e-02 
1618.000  2.0763862600e-01  2.7018428800e-02 
1619.000  2.0735738900e-01  2.7049577710e-02 
1620.000  2.0246680700e-01  2.6476274490e-02 
1621.000  1.9973999400e-01  2.6168674470e-02 
1622.000  2.0476695100e-01  2.6851472850e-02 
1623.000  2.0904837300e-01  2.7449140550e-02 
1624.000  2.1057670600e-01  2.7679840090e-02 
1625.000  2.0556187400e-01  2.7076566700e-02 
1626.000  2.0786272000e-01  2.7377693180e-02 
1627.000  2.0762429300e-01  2.7377845760e-02 
1628.000  2.0920176900e-01  2.7602947240e-02 
1629.000  2.0906519500e-01  2.7599010470e-02 
1630.000  2.0320166600e-01  2.6827425000e-02 
1631.000  2.0637933000e-01  2.7262748720e-02 
1632.000  2.0620656100e-01  2.7218406680e-02 
1633.000  2.0348573900e-01  2.6861579900e-02 
1634.000  1.9852414700e-01  2.6198888780e-02 
1635.000  2.0384557600e-01  2.6906894680e-02 
1636.000  2.0307953800e-01  2.6802600860e-02 
1637.000  1.9376761500e-01  2.5569023130e-02 
1638.000  1.9235199900e-01  2.5388460160e-02 
1639.000  1.9006922200e-01  2.5070270540e-02 
1640.000  1.9101541800e-01  2.5194103240e-02 
1641.000  1.8965169200e-01  2.5018968580e-02 
1642.000  1.8941385100e-01  2.5024974820e-02 
1643.000  1.9421377300e-01  2.5687282560e-02 
1644.000  1.9114168400e-01  2.5304527280e-02 
1645.000  1.9144029200e-01  2.5361593250e-02 
1646.000  1.9374040900e-01  2.5702360150e-02 
1647.000  1.9554141100e-01  2.5963563920e-02 
1648.000  1.9465799200e-01  2.5855354310e-02 
1649.000  1.9018535300e-01  2.5279975890e-02 
1650.000  1.9500454200e-01  2.5944932940e-02 
1651.000  1.9065075000e-01  2.5374534610e-02 
1652.000  1.9444141900e-01  2.5876998900e-02 
1653.000  1.9243961100e-01  2.5630762100e-02 
1654.000  1.9459806400e-01  2.5931188580e-02 
1655.000  1.9091271500e-01  2.5465379710e-02 
1656.000  1.9473654500e-01  2.5995840070e-02 
1657.000  1.9332208200e-01  2.5819507600e-02 
1658.000  1.9454105000e-01  2.6008119580e-02 
1659.000  1.9100293000e-01  2.5547939300e-02 
1660.000  1.9321038800e-01  2.5843050000e-02 
1661.000  1.9396394300e-01  2.5941860200e-02 
1662.000  1.9250624800e-01  2.5729711530e-02 
1663.000  1.9123185600e-01  2.5557214740e-02 
1664.000  1.9033964700e-01  2.5434247970e-02 
1665.000  1.8839926800e-01  2.5165472030e-02 
1666.000  1.8762950700e-01  2.5079935070e-02 
1667.000  1.8954592100e-01  2.5378065110e-02 
1668.000  1.8633449300e-01  2.4957895280e-02 
1669.000  1.8685949900e-01  2.5048311230e-02 
1670.000  1.9106041600e-01  2.5632240300e-02 
1671.000  1.8966266200e-01  2.5451433180e-02 
1672.000  1.8067956500e-01  2.4255321500e-02 
1673.000  1.8584097000e-01  2.4939052580e-02 
1674.000  1.8659017300e-01  2.5037242890e-02 
1675.000  1.8485728300e-01  2.4814203260e-02 
1676.000  1.8186859300e-01  2.4410356520e-02 
1677.000  1.8279921000e-01  2.4539016720e-02 
1678.000  1.8381169400e-01  2.4688072200e-02 
1679.000  1.8137050200e-01  2.4358547210e-02 
1680.000  1.7515401900e-01  2.3535654070e-02 
1681.000  1.6908258700e-01  2.2724262240e-02 
1682.000  1.7396612100e-01  2.3377210620e-02 
1683.000  1.7825651200e-01  2.3944015500e-02 
1684.000  1.8155084200e-01  2.4377819060e-02 
1685.000  1.8207024100e-01  2.4419389720e-02 
1686.000  1.7987392200e-01  2.4119106290e-02 
1687.000  1.8056875300e-01  2.4166807170e-02 
1688.000  1.8066166000e-01  2.4141111370e-02 
1689.000  1.7848242100e-01  2.3842859270e-02 
1690.000  1.7833694700e-01  2.3779935840e-02 
1691.000  1.8064414300e-01  2.4077121730e-02 
1692.000  1.8096938800e-01  2.4115156170e-02 
1693.000  1.8032939100e-01  2.4030931470e-02 
1694.000  1.8006007800e-01  2.3989917760e-02 
1695.000  1.8010618200e-01  2.3969003680e-02 
1696.000  1.7905210700e-01  2.3813377380e-02 
1697.000  1.7792538100e-01  2.3633150100e-02 
1698.000  1.7898063200e-01  2.3749889370e-02 
1699.000  1.7782490700e-01  2.3580324170e-02 
1700.000  1.7557350400e-01  2.3266885760e-02 
