 lambda   Irr_dw            Rad_up 
 550.000  1.5501253000e+00  2.2465632630e-01 
 551.000  1.5397846000e+00  2.2313406370e-01 
 552.000  1.6054174000e+00  2.3266543580e-01 
 553.000  1.5418865000e+00  2.2342240910e-01 
 554.000  1.5916248000e+00  2.3064157100e-01 
 555.000  1.5954839000e+00  2.3115321350e-01 
 556.000  1.5509314000e+00  2.2465016170e-01 
 557.000  1.5043866000e+00  2.1791888430e-01 
 558.000  1.5609998000e+00  2.2607026670e-01 
 559.000  1.4750031000e+00  2.1359501650e-01 
 560.000  1.4810215000e+00  2.1447085570e-01 
 561.000  1.6272182000e+00  2.3561105350e-01 
 562.000  1.4932204000e+00  2.1619293210e-01 
 563.000  1.5618019000e+00  2.2608943180e-01 
 564.000  1.5393942000e+00  2.2277784730e-01 
 565.000  1.5572930000e+00  2.2535598750e-01 
 566.000  1.4354260000e+00  2.0769273380e-01 
 567.000  1.5392733000e+00  2.2252978520e-01 
 568.000  1.5345635000e+00  2.2117456050e-01 
 569.000  1.5025463000e+00  2.1508309940e-01 
 570.000  1.5102313000e+00  2.1642732240e-01 
 571.000  1.4571541000e+00  2.0986491390e-01 
 572.000  1.5390868000e+00  2.2065376280e-01 
 573.000  1.5552919000e+00  2.2327877810e-01 
 574.000  1.5465434000e+00  2.2209239200e-01 
 575.000  1.5084203000e+00  2.1652738950e-01 
 576.000  1.4807985000e+00  2.1252523800e-01 
 577.000  1.5422048000e+00  2.2158709720e-01 
 578.000  1.4972904000e+00  2.1554743960e-01 
 579.000  1.4858385000e+00  2.1410403440e-01 
 580.000  1.5369636000e+00  2.2166770940e-01 
 581.000  1.5092246000e+00  2.1794497680e-01 
 582.000  1.5317404000e+00  2.2126989750e-01 
 583.000  1.5422154000e+00  2.2282931520e-01 
 584.000  1.5371207000e+00  2.2205091860e-01 
 585.000  1.5267902000e+00  2.2050694270e-01 
 586.000  1.4609802000e+00  2.1100022890e-01 
 587.000  1.5177112000e+00  2.1860092160e-01 
 588.000  1.5011148000e+00  2.1413786320e-01 
 589.000  1.3298912000e+00  1.8706600950e-01 
 590.000  1.3884116000e+00  1.9513613890e-01 
 591.000  1.4755612000e+00  2.0929820250e-01 
 592.000  1.4469483000e+00  2.0417784120e-01 
 593.000  1.4625270000e+00  2.0856719970e-01 
 594.000  1.4756432000e+00  2.0993948360e-01 
 595.000  1.4469965000e+00  2.0431182860e-01 
 596.000  1.4831869000e+00  2.1169628910e-01 
 597.000  1.4874383000e+00  2.1178761290e-01 
 598.000  1.4570950000e+00  2.0843705750e-01 
 599.000  1.4574796000e+00  2.0890965270e-01 
 600.000  1.4579372000e+00  2.0988133240e-01 
 601.000  1.4498033000e+00  2.0936721800e-01 
 602.000  1.4339437000e+00  2.0729443360e-01 
 603.000  1.4425840000e+00  2.0879496770e-01 
 604.000  1.4882544000e+00  2.1562686160e-01 
 605.000  1.4843943000e+00  2.1511288450e-01 
 606.000  1.4671121000e+00  2.1268527220e-01 
 607.000  1.4587832000e+00  2.1149519350e-01 
 608.000  1.4533472000e+00  2.1070454410e-01 
 609.000  1.4383468000e+00  2.0856207280e-01 
 610.000  1.4152280000e+00  2.0520671080e-01 
 611.000  1.4381192000e+00  2.0854942320e-01 
 612.000  1.4193088000e+00  2.0584899900e-01 
 613.000  1.3984874000e+00  2.0282836910e-01 
 614.000  1.3474342000e+00  1.9545542910e-01 
 615.000  1.4124334000e+00  2.0486592100e-01 
 616.000  1.3428684000e+00  1.9480923460e-01 
 617.000  1.3503721000e+00  1.9591444400e-01 
 618.000  1.4139984000e+00  2.0510993960e-01 
 619.000  1.4009596000e+00  2.0325671390e-01 
 620.000  1.4215673000e+00  2.0620376590e-01 
 621.000  1.4459189000e+00  2.0973646550e-01 
 622.000  1.3695652000e+00  1.9863415530e-01 
 623.000  1.3801435000e+00  2.0009271240e-01 
 624.000  1.3815294000e+00  2.0031668090e-01 
 625.000  1.3440179000e+00  1.9486700440e-01 
 626.000  1.3507149000e+00  1.9567767330e-01 
 627.000  1.3730302000e+00  1.9818519590e-01 
 628.000  1.3539174000e+00  1.9404504390e-01 
 629.000  1.3881839000e+00  1.9947666930e-01 
 630.000  1.3421780000e+00  1.9352169800e-01 
 631.000  1.3915006000e+00  2.0086296080e-01 
 632.000  1.2959910000e+00  1.8651014710e-01 
 633.000  1.3913141000e+00  2.0097924800e-01 
 634.000  1.3495487000e+00  1.9518730160e-01 
 635.000  1.3741806000e+00  1.9874853520e-01 
 636.000  1.3257622000e+00  1.9188960270e-01 
 637.000  1.3694905000e+00  1.9831709290e-01 
 638.000  1.3908604000e+00  2.0176542660e-01 
 639.000  1.3793294000e+00  2.0005413820e-01 
 640.000  1.3360538000e+00  1.9402488710e-01 
 641.000  1.3553032000e+00  1.9681611630e-01 
 642.000  1.3390265000e+00  1.9458270260e-01 
 643.000  1.3623322000e+00  1.9772140500e-01 
 644.000  1.3466673000e+00  1.9542187500e-01 
 645.000  1.3582888000e+00  1.9677540590e-01 
 646.000  1.3061566000e+00  1.8771545410e-01 
 647.000  1.3236375000e+00  1.8919779970e-01 
 648.000  1.3210511000e+00  1.8778871150e-01 
 649.000  1.3473873000e+00  1.9243016050e-01 
 650.000  1.2488964000e+00  1.8013154600e-01 
 651.000  1.3452556000e+00  1.9403138730e-01 
 652.000  1.3189449000e+00  1.8861283870e-01 
 653.000  1.3458906000e+00  1.9438081360e-01 
 654.000  1.3281846000e+00  1.9156698610e-01 
 655.000  1.2929875000e+00  1.8581320190e-01 
 656.000  1.0977460000e+00  1.5794897460e-01 
 657.000  1.1716571600e+00  1.6892697140e-01 
 658.000  1.3051778000e+00  1.8886558530e-01 
 659.000  1.3083729000e+00  1.8969996640e-01 
 660.000  1.3186371000e+00  1.9137126160e-01 
 661.000  1.3245205000e+00  1.9275798030e-01 
 662.000  1.3436066000e+00  1.9577249150e-01 
 663.000  1.3286227000e+00  1.9352879330e-01 
 664.000  1.3074997000e+00  1.9054129030e-01 
 665.000  1.3131690000e+00  1.9143655400e-01 
 666.000  1.3289743000e+00  1.9387718200e-01 
 667.000  1.3025811900e+00  1.9006521610e-01 
 668.000  1.3099676000e+00  1.9127799990e-01 
 669.000  1.3286288000e+00  1.9407537840e-01 
 670.000  1.3130199700e+00  1.9177751160e-01 
 671.000  1.2987920100e+00  1.8975178530e-01 
 672.000  1.2946491300e+00  1.8916741940e-01 
 673.000  1.3038623900e+00  1.9052453610e-01 
 674.000  1.3063539100e+00  1.9091836550e-01 
 675.000  1.2863864900e+00  1.8800544740e-01 
 676.000  1.3106361200e+00  1.9157887270e-01 
 677.000  1.2845296300e+00  1.8779592900e-01 
 678.000  1.3057589900e+00  1.9090830990e-01 
 679.000  1.2872866000e+00  1.8819381710e-01 
 680.000  1.2773500100e+00  1.8669908140e-01 
 681.000  1.2786600800e+00  1.8682748410e-01 
 682.000  1.2759680200e+00  1.8640034480e-01 
 683.000  1.2842922500e+00  1.8756062320e-01 
 684.000  1.2610267000e+00  1.8406668090e-01 
 685.000  1.2752506400e+00  1.8622502140e-01 
 686.000  1.2190231400e+00  1.7774624630e-01 
 687.000  1.1265049200e+00  1.5934095760e-01 
 688.000  1.1565861800e+00  1.6523860170e-01 
 689.000  1.1510209400e+00  1.6395159910e-01 
 690.000  1.1717228300e+00  1.6778683470e-01 
 691.000  1.1955895900e+00  1.7207592770e-01 
 692.000  1.1987225000e+00  1.7259568790e-01 
 693.000  1.1975837300e+00  1.7034684750e-01 
 694.000  1.1995410600e+00  1.6875878910e-01 
 695.000  1.1866785800e+00  1.6789018250e-01 
 696.000  1.2051943600e+00  1.7112088010e-01 
 697.000  1.2284281600e+00  1.7766238400e-01 
 698.000  1.2011290900e+00  1.7298667910e-01 
 699.000  1.2042580600e+00  1.7059828190e-01 
 700.000  1.1931406600e+00  1.6945889280e-01 
 701.000  1.1622111900e+00  1.6444219970e-01 
 702.000  1.1593729500e+00  1.6447532650e-01 
 703.000  1.1911186100e+00  1.7129191590e-01 
 704.000  1.1950791200e+00  1.7197166440e-01 
 705.000  1.1976745400e+00  1.7136247250e-01 
 706.000  1.1861046800e+00  1.6989903260e-01 
 707.000  1.1703933300e+00  1.6800537110e-01 
 708.000  1.2067725600e+00  1.7360856630e-01 
 709.000  1.1687195900e+00  1.6889477540e-01 
 710.000  1.1900337400e+00  1.7111897280e-01 
 711.000  1.1834602400e+00  1.7101367190e-01 
 712.000  1.1714729600e+00  1.7002264400e-01 
 713.000  1.1626634000e+00  1.6815322880e-01 
 714.000  1.1810201600e+00  1.7057878110e-01 
 715.000  1.1336724000e+00  1.6278521730e-01 
 716.000  1.1568522400e+00  1.6513252260e-01 
 717.000  1.0840135500e+00  1.4937994380e-01 
 718.000  1.0512822500e+00  1.4174096680e-01 
 719.000  1.0294269200e+00  1.3765480040e-01 
 720.000  1.0224730400e+00  1.3516694640e-01 
 721.000  1.0840099500e+00  1.5081455990e-01 
 722.000  1.1217753900e+00  1.5887911990e-01 
 723.000  1.1063760100e+00  1.5510134890e-01 
 724.000  1.0761037900e+00  1.4656375120e-01 
 725.000  1.0696103300e+00  1.4629171750e-01 
 726.000  1.0657842400e+00  1.4559216310e-01 
 727.000  1.0866159100e+00  1.4904196170e-01 
 728.000  1.0621806800e+00  1.4508328250e-01 
 729.000  1.0331314300e+00  1.4268345640e-01 
 730.000  1.0687100200e+00  1.4735023500e-01 
 731.000  1.0480533500e+00  1.4423081970e-01 
 732.000  1.0907851700e+00  1.5290542600e-01 
 733.000  1.0955937300e+00  1.5640650940e-01 
 734.000  1.1287426600e+00  1.6256637570e-01 
 735.000  1.1157897100e+00  1.6020018010e-01 
 736.000  1.0881717700e+00  1.5536103820e-01 
 737.000  1.1074558700e+00  1.5879411320e-01 
 738.000  1.1112504500e+00  1.6031077580e-01 
 739.000  1.0780875500e+00  1.5595889280e-01 
 740.000  1.0946071700e+00  1.5928935240e-01 
 741.000  1.0894888200e+00  1.5913728330e-01 
 742.000  1.0729943400e+00  1.5697970580e-01 
 743.000  1.1078332500e+00  1.6262681580e-01 
 744.000  1.1197292300e+00  1.6464024350e-01 
 745.000  1.0916921500e+00  1.6073077390e-01 
 746.000  1.1077085000e+00  1.6323335270e-01 
 747.000  1.1243916200e+00  1.6571560670e-01 
 748.000  1.1049491300e+00  1.6296138000e-01 
 749.000  1.1054395800e+00  1.6310130310e-01 
 750.000  1.0888464400e+00  1.6059780880e-01 
 751.000  1.0860426000e+00  1.6020957950e-01 
 752.000  1.1031648600e+00  1.6285758970e-01 
 753.000  1.0928893600e+00  1.6139025880e-01 
 754.000  1.1100977100e+00  1.6397203060e-01 
 755.000  1.1037310400e+00  1.6305766300e-01 
 756.000  1.0821321400e+00  1.5989280700e-01 
 757.000  1.0900958600e+00  1.6109350590e-01 
 758.000  1.0877854200e+00  1.6070932010e-01 
 759.000  1.0049658400e+00  1.4608341980e-01 
 760.000  5.1251747000e-01  6.3080795290e-02 
 761.000  4.6291809000e-01  5.5646034240e-02 
 762.000  7.3983034000e-01  1.0007727810e-01 
 763.000  6.7102619000e-01  8.7888046260e-02 
 764.000  7.1738711000e-01  9.5486137390e-02 
 765.000  8.1961480000e-01  1.1308510590e-01 
 766.000  8.8675186000e-01  1.2653890230e-01 
 767.000  9.5056379000e-01  1.3769184880e-01 
 768.000  1.0216349300e+00  1.4945262150e-01 
 769.000  1.0393303300e+00  1.5304359440e-01 
 770.000  1.0444228200e+00  1.5427325440e-01 
 771.000  1.0500415000e+00  1.5538864140e-01 
 772.000  1.0471139800e+00  1.5504278560e-01 
 773.000  1.0431844300e+00  1.5451370240e-01 
 774.000  1.0546745500e+00  1.5626615910e-01 
 775.000  1.0151992700e+00  1.5046083070e-01 
 776.000  1.0571038500e+00  1.5672988890e-01 
 777.000  1.0497618200e+00  1.5565797420e-01 
 778.000  1.0440959800e+00  1.5482063290e-01 
 779.000  1.0474595500e+00  1.5531631470e-01 
 780.000  1.0344618400e+00  1.5341520690e-01 
 781.000  1.0328587000e+00  1.5322998050e-01 
 782.000  1.0452709100e+00  1.5505404660e-01 
 783.000  1.0208122400e+00  1.5147143550e-01 
 784.000  1.0263666000e+00  1.5226416020e-01 
 785.000  1.0281882900e+00  1.5231933590e-01 
 786.000  1.0091340700e+00  1.4921498110e-01 
 787.000  1.0209802200e+00  1.5026489260e-01 
 788.000  1.0040511800e+00  1.4744880680e-01 
 789.000  1.0040708600e+00  1.4625344850e-01 
 790.000  9.9339894000e-01  1.4459591670e-01 
 791.000  9.8936510000e-01  1.4425521850e-01 
 792.000  9.7466752000e-01  1.4231513980e-01 
 793.000  9.7599056000e-01  1.4300309750e-01 
 794.000  9.7085448000e-01  1.4330747990e-01 
 795.000  9.6257167000e-01  1.4143287660e-01 
 796.000  9.7083371000e-01  1.4108135990e-01 
 797.000  9.7924547000e-01  1.4279031370e-01 
 798.000  9.8489954000e-01  1.4467189030e-01 
 799.000  9.8290782000e-01  1.4414030460e-01 
 800.000  9.5356900000e-01  1.3911763000e-01 
 801.000  9.7179603000e-01  1.4188053890e-01 
 802.000  9.6944693000e-01  1.4146449280e-01 
 803.000  9.5614546000e-01  1.3965655520e-01 
 804.000  9.6651437000e-01  1.4155903630e-01 
 805.000  9.4332685000e-01  1.3885273740e-01 
 806.000  9.7085212000e-01  1.4331887820e-01 
 807.000  9.6492611000e-01  1.4249395750e-01 
 808.000  9.5806829000e-01  1.4124829100e-01 
 809.000  9.4037671000e-01  1.3836961360e-01 
 810.000  9.3453700000e-01  1.3721008300e-01 
 811.000  9.4610711000e-01  1.3832231140e-01 
 812.000  9.3827654000e-01  1.3637243650e-01 
 813.000  9.2840305000e-01  1.3396264650e-01 
 814.000  9.1927207000e-01  1.3145225520e-01 
 815.000  8.9946925000e-01  1.2717720790e-01 
 816.000  8.7840181000e-01  1.2245538330e-01 
 817.000  8.8444546000e-01  1.2339154050e-01 
 818.000  8.8013242000e-01  1.2291465000e-01 
 819.000  8.6059802000e-01  1.2080069730e-01 
 820.000  8.5814664000e-01  1.2238582610e-01 
 821.000  9.0339434000e-01  1.3120190430e-01 
 822.000  8.6546869000e-01  1.2394469450e-01 
 823.000  8.4135983000e-01  1.1606951140e-01 
 824.000  8.8471096000e-01  1.2598672490e-01 
 825.000  9.0252962000e-01  1.3131619260e-01 
 826.000  9.0485250000e-01  1.3118382260e-01 
 827.000  8.9945925000e-01  1.3005389400e-01 
 828.000  8.8505766000e-01  1.2622391510e-01 
 829.000  8.8911138000e-01  1.2742726140e-01 
 830.000  8.7990938000e-01  1.2682897190e-01 
 831.000  8.6554611000e-01  1.2493694310e-01 
 832.000  8.8368516000e-01  1.2764508060e-01 
 833.000  8.5886807000e-01  1.2451590730e-01 
 834.000  8.7466227000e-01  1.2731761930e-01 
 835.000  8.8205128000e-01  1.2935881040e-01 
 836.000  8.9047000000e-01  1.3034008790e-01 
 837.000  8.8286049000e-01  1.2919712830e-01 
 838.000  8.8867418000e-01  1.3056312560e-01 
 839.000  8.6241868000e-01  1.2700205230e-01 
 840.000  8.8602078000e-01  1.3058007810e-01 
 841.000  8.8679399000e-01  1.3037930300e-01 
 842.000  8.8255092000e-01  1.3004893490e-01 
 843.000  8.7952206000e-01  1.3035385130e-01 
 844.000  8.6623229000e-01  1.2872232060e-01 
 845.000  8.7995168000e-01  1.3092799380e-01 
 846.000  8.8836261000e-01  1.3237866210e-01 
 847.000  8.5834309000e-01  1.2811590580e-01 
 848.000  8.8257216000e-01  1.3143629460e-01 
 849.000  8.8429493000e-01  1.3177607730e-01 
 850.000  7.6412408000e-01  1.1372585300e-01 
 851.000  8.7484022000e-01  1.3002929690e-01 
 852.000  8.4169458000e-01  1.2515435790e-01 
 853.000  8.5222908000e-01  1.2697842410e-01 
 854.000  6.8510133000e-01  1.0209001160e-01 
 855.000  7.5448186000e-01  1.1258141330e-01 
 856.000  8.5676396000e-01  1.2811251830e-01 
 857.000  8.7067425000e-01  1.3036639400e-01 
 858.000  8.5682658000e-01  1.2836022950e-01 
 859.000  8.5691198000e-01  1.2852362060e-01 
 860.000  8.4934514000e-01  1.2748731990e-01 
 861.000  8.4923064000e-01  1.2749021910e-01 
 862.000  8.4645201000e-01  1.2710095210e-01 
 863.000  8.6262161000e-01  1.2958805850e-01 
 864.000  8.6089559000e-01  1.2931825260e-01 
 865.000  8.4485438000e-01  1.2698994450e-01 
 866.000  7.0865285000e-01  1.0655326840e-01 
 867.000  7.5462191000e-01  1.1340578460e-01 
 868.000  8.1840855000e-01  1.2304425810e-01 
 869.000  8.0691626000e-01  1.2133535000e-01 
 870.000  8.4018308000e-01  1.2639241030e-01 
 871.000  8.3898753000e-01  1.2621131900e-01 
 872.000  8.3560574000e-01  1.2565412140e-01 
 873.000  8.3893596000e-01  1.2620277400e-01 
 874.000  8.2052847000e-01  1.2341457370e-01 
 875.000  8.1296954000e-01  1.2234330750e-01 
 876.000  8.1969713000e-01  1.2332136540e-01 
 877.000  8.3601599000e-01  1.2573387910e-01 
 878.000  8.2158302000e-01  1.2353328700e-01 
 879.000  8.2347846000e-01  1.2384902950e-01 
 880.000  8.1864233000e-01  1.2301140590e-01 
 881.000  7.7605791000e-01  1.1661384580e-01 
 882.000  8.1887218000e-01  1.2296591190e-01 
 883.000  8.0019711000e-01  1.2027809140e-01 
 884.000  8.0699055000e-01  1.2140569310e-01 
 885.000  8.1518765000e-01  1.2236970520e-01 
 886.000  7.8835819000e-01  1.1820382690e-01 
 887.000  7.8033799000e-01  1.1714408870e-01 
 888.000  8.0368304000e-01  1.2059533690e-01 
 889.000  8.0912761000e-01  1.2156945040e-01 
 890.000  8.0646428000e-01  1.2105298610e-01 
 891.000  8.0164384000e-01  1.2005578610e-01 
 892.000  7.9729588000e-01  1.1889952850e-01 
 893.000  7.6118105000e-01  1.1199487300e-01 
 894.000  7.8332978000e-01  1.1454142760e-01 
 895.000  7.3333429000e-01  1.0528160100e-01 
 896.000  7.4737945000e-01  1.0545389560e-01 
 897.000  7.1471812000e-01  9.9128517150e-02 
 898.000  7.0864744000e-01  9.7455604550e-02 
 899.000  6.8719205000e-01  9.2367378230e-02 
 900.000  6.7299241000e-01  9.0717552190e-02 
 901.000  6.5337822000e-01  8.7579605100e-02 
 902.000  6.4219343000e-01  8.6211959840e-02 
 903.000  7.0773316000e-01  9.8706604000e-02 
 904.000  7.4200033000e-01  1.0591721340e-01 
 905.000  7.3920926000e-01  1.0555186460e-01 
 906.000  7.0682724000e-01  9.9485305790e-02 
 907.000  6.9568111000e-01  9.5428840640e-02 
 908.000  6.6377921000e-01  8.9510879520e-02 
 909.000  6.5129058000e-01  8.7881141660e-02 
 910.000  6.6121981000e-01  8.9452102660e-02 
 911.000  6.6929792000e-01  9.1625381470e-02 
 912.000  6.6593108000e-01  9.0608810420e-02 
 913.000  6.6014781000e-01  8.7757339480e-02 
 914.000  6.6634655000e-01  8.9621109010e-02 
 915.000  6.6354955000e-01  9.0156440730e-02 
 916.000  6.7298975000e-01  9.1657150270e-02 
 917.000  6.6675463000e-01  9.1277481080e-02 
 918.000  6.6891536000e-01  9.2187782290e-02 
 919.000  6.9683456000e-01  9.8306198120e-02 
 920.000  7.0438163000e-01  1.0097689820e-01 
 921.000  6.8585701000e-01  9.7968879700e-02 
 922.000  6.7942635000e-01  9.7062728880e-02 
 923.000  6.4724412000e-01  9.1921386720e-02 
 924.000  6.6534997000e-01  9.3543136600e-02 
 925.000  6.7343557000e-01  9.4544830320e-02 
 926.000  6.4926742000e-01  9.1009735110e-02 
 927.000  6.6256225000e-01  9.1687179570e-02 
 928.000  6.4966587000e-01  8.7971778870e-02 
 929.000  6.1618902000e-01  8.0847793580e-02 
 930.000  5.8310581000e-01  7.3181053160e-02 
 931.000  5.4678883000e-01  6.4622756960e-02 
 932.000  4.9382663000e-01  5.3491630550e-02 
 933.000  4.5799161000e-01  4.6595462800e-02 
 934.000  4.1473992000e-01  3.9483306880e-02 
 935.000  4.0452734000e-01  3.8188182830e-02 
 936.000  4.1720501000e-01  4.0417865750e-02 
 937.000  4.2233197000e-01  4.0697082520e-02 
 938.000  4.6052932000e-01  4.7803035740e-02 
 939.000  5.7063380000e-01  7.0682838440e-02 
 940.000  5.8260121000e-01  7.3712768550e-02 
 941.000  5.5658730000e-01  6.9240562440e-02 
 942.000  5.0485767000e-01  5.9675079350e-02 
 943.000  4.7685025000e-01  5.1295902250e-02 
 944.000  4.6000556000e-01  4.9137725830e-02 
 945.000  4.8428447000e-01  5.3459819790e-02 
 946.000  4.9184856000e-01  5.4429916380e-02 
 947.000  5.0617521000e-01  5.7800949100e-02 
 948.000  5.1933731000e-01  6.0402080540e-02 
 949.000  5.1951846000e-01  6.0319782260e-02 
 950.000  5.1862008000e-01  6.0509223940e-02 
 951.000  5.3777337000e-01  6.5253967290e-02 
 952.000  5.1369168000e-01  5.9845363620e-02 
 953.000  5.2885865000e-01  6.3500850680e-02 
 954.000  5.4111565000e-01  6.6979232790e-02 
 955.000  4.9201533000e-01  5.9519001010e-02 
 956.000  5.2143592000e-01  6.2805042270e-02 
 957.000  5.6469274000e-01  7.2909812930e-02 
 958.000  5.7447828000e-01  7.4794792180e-02 
 959.000  5.6936234000e-01  7.3488662720e-02 
 960.000  5.6180452000e-01  7.2352653500e-02 
 961.000  5.5213754000e-01  7.0788482670e-02 
 962.000  5.5806416000e-01  7.1920555110e-02 
 963.000  5.8009414000e-01  7.7130371090e-02 
 964.000  5.7666073000e-01  7.7033035280e-02 
 965.000  5.8143533000e-01  7.7501205440e-02 
 966.000  5.6578070000e-01  7.5577575680e-02 
 967.000  5.9885523000e-01  8.1691551210e-02 
 968.000  6.1873405000e-01  8.7352493290e-02 
 969.000  6.3436751000e-01  9.0974205020e-02 
 970.000  6.3669672000e-01  9.1409759520e-02 
 971.000  6.3074954000e-01  9.0547912600e-02 
 972.000  6.3190403000e-01  9.0335746770e-02 
 973.000  6.1820033000e-01  8.7513786320e-02 
 974.000  5.9935734000e-01  8.3843826290e-02 
 975.000  5.9627703000e-01  8.2785568240e-02 
 976.000  6.1100565000e-01  8.5663558960e-02 
 977.000  6.0749082000e-01  8.6542633060e-02 
 978.000  6.2146300000e-01  8.8455558780e-02 
 979.000  6.0642350000e-01  8.6705039980e-02 
 980.000  6.2724041000e-01  9.1175605770e-02 
 981.000  6.3423536000e-01  9.2549949650e-02 
 982.000  6.3009563000e-01  9.1635849000e-02 
 983.000  6.3463501000e-01  9.3098403930e-02 
 984.000  6.3679344000e-01  9.4262039180e-02 
 985.000  6.4011786000e-01  9.5254524230e-02 
 986.000  6.3956281000e-01  9.5825576780e-02 
 987.000  6.4889212000e-01  9.7528068540e-02 
 988.000  6.4129722000e-01  9.6460952760e-02 
 989.000  6.3341908000e-01  9.5328689580e-02 
 990.000  6.3928562000e-01  9.6290809630e-02 
 991.000  6.4622130000e-01  9.7600601200e-02 
 992.000  6.4070814000e-01  9.6852287290e-02 
 993.000  6.4083725000e-01  9.6912292480e-02 
 994.000  6.4556395000e-01  9.7864067080e-02 
 995.000  6.4184360000e-01  9.7473289490e-02 
 996.000  6.4170131000e-01  9.7463363650e-02 
 997.000  6.4171274000e-01  9.7376487730e-02 
 998.000  6.3858944000e-01  9.6804992680e-02 
 999.000  6.3671335000e-01  9.6491806030e-02 
1000.000  6.3185107000e-01  9.5801246640e-02 
1001.000  6.3385447000e-01  9.5888496400e-02 
1002.000  6.3050462000e-01  9.5029785160e-02 
1003.000  6.2368181000e-01  9.4107582090e-02 
1004.000  6.1978969000e-01  9.3749618530e-02 
1005.000  5.7961572000e-01  8.7779251100e-02 
1006.000  6.1006127000e-01  9.2443557740e-02 
1007.000  6.2073316000e-01  9.4009582520e-02 
1008.000  6.2147430000e-01  9.3844894410e-02 
1009.000  6.1518123000e-01  9.2525253300e-02 
1010.000  6.1857761000e-01  9.3229629520e-02 
1011.000  6.1787279000e-01  9.3556320190e-02 
1012.000  6.1904998000e-01  9.3911270140e-02 
1013.000  6.1533135000e-01  9.3490226750e-02 
1014.000  6.1957799000e-01  9.4218757630e-02 
1015.000  6.0818345000e-01  9.2525749210e-02 
1016.000  6.1240640000e-01  9.3256134030e-02 
1017.000  6.0646268000e-01  9.2410041810e-02 
1018.000  6.1403106000e-01  9.3523796080e-02 
1019.000  5.9921720000e-01  9.1150955200e-02 
1020.000  5.9821840000e-01  9.1052703860e-02 
1021.000  6.0471557000e-01  9.2138694760e-02 
1022.000  5.9471137000e-01  9.0432968140e-02 
1023.000  6.0534548000e-01  9.1895111080e-02 
1024.000  6.0179617000e-01  9.1263992310e-02 
1025.000  6.0295122000e-01  9.1696586610e-02 
1026.000  6.0423313000e-01  9.2023567200e-02 
1027.000  6.0033259000e-01  9.1415344240e-02 
1028.000  6.0194304000e-01  9.1738594060e-02 
1029.000  5.9329006000e-01  9.0567802430e-02 
1030.000  5.9976288000e-01  9.1706008910e-02 
1031.000  5.9811911000e-01  9.1552238460e-02 
1032.000  5.9620452000e-01  9.1339538570e-02 
1033.000  5.8525966000e-01  8.9687400820e-02 
1034.000  5.9097538000e-01  9.0601387020e-02 
1035.000  5.8325401000e-01  8.9437881470e-02 
1036.000  5.9289202000e-01  9.0938827510e-02 
1037.000  5.8040345000e-01  8.9044166560e-02 
1038.000  5.8613997000e-01  8.9942955020e-02 
1039.000  5.8852574000e-01  9.0308441160e-02 
1040.000  5.8155301000e-01  8.9240531920e-02 
1041.000  5.8457818000e-01  8.9706405640e-02 
1042.000  5.8630570000e-01  8.9974342350e-02 
1043.000  5.7617967000e-01  8.8427619930e-02 
1044.000  5.8190432000e-01  8.9307724000e-02 
1045.000  5.7935163000e-01  8.8924087520e-02 
1046.000  5.6249187000e-01  8.6357513430e-02 
1047.000  5.7280736000e-01  8.7965209960e-02 
1048.000  5.7847860000e-01  8.8861106870e-02 
1049.000  5.7475660000e-01  8.8323753360e-02 
1050.000  5.7233799000e-01  8.7955390930e-02 
1051.000  5.7130363000e-01  8.7746528630e-02 
1052.000  5.6860849000e-01  8.7323806760e-02 
1053.000  5.6719216000e-01  8.7139366150e-02 
1054.000  5.6295384000e-01  8.6445411680e-02 
1055.000  5.6704613000e-01  8.7051597600e-02 
1056.000  5.6551189000e-01  8.6807914730e-02 
1057.000  5.6443954000e-01  8.6578788760e-02 
1058.000  5.5836339000e-01  8.5511947630e-02 
1059.000  5.4081214000e-01  8.2868347170e-02 
1060.000  5.6038015000e-01  8.5984855650e-02 
1061.000  5.4071870000e-01  8.2974571230e-02 
1062.000  5.5561487000e-01  8.5186248780e-02 
1063.000  5.4620191000e-01  8.3736030580e-02 
1064.000  5.5293492000e-01  8.4695487980e-02 
1065.000  5.5209426000e-01  8.4455833440e-02 
1066.000  5.3518241000e-01  8.1876701350e-02 
1067.000  5.4781161000e-01  8.3759979250e-02 
1068.000  5.4506219000e-01  8.3130714420e-02 
1069.000  5.0372994000e-01  7.6709663390e-02 
1070.000  5.3368570000e-01  8.1301658630e-02 
1071.000  5.3415229000e-01  8.1249664310e-02 
1072.000  5.3553552000e-01  8.1342460630e-02 
1073.000  5.1783687000e-01  7.8638961790e-02 
1074.000  5.3604595000e-01  8.1432739260e-02 
1075.000  5.1999260000e-01  7.9181938170e-02 
1076.000  5.3102064000e-01  8.0747230530e-02 
1077.000  5.2932773000e-01  8.0339851380e-02 
1078.000  5.3009031000e-01  8.0282043460e-02 
1079.000  5.0959239000e-01  7.7156845090e-02 
1080.000  5.2302896000e-01  7.8730033870e-02 
1081.000  5.0369681000e-01  7.5796356200e-02 
1082.000  5.1084604000e-01  7.7058700560e-02 
1083.000  4.9619118000e-01  7.4601890560e-02 
1084.000  5.1411217000e-01  7.7022628780e-02 
1085.000  5.0487439000e-01  7.5029869080e-02 
1086.000  5.1207177000e-01  7.6226844790e-02 
1087.000  4.8331496000e-01  7.2574844360e-02 
1088.000  5.1269575000e-01  7.7037239070e-02 
1089.000  4.8984829000e-01  7.2842460630e-02 
1090.000  4.9984522000e-01  7.4200180050e-02 
1091.000  5.0376039000e-01  7.4952362060e-02 
1092.000  4.9038570000e-01  7.2597084050e-02 
1093.000  4.8048910000e-01  7.0328758240e-02 
1094.000  4.3565384800e-01  6.3442188260e-02 
1095.000  4.7184135000e-01  6.8755012510e-02 
1096.000  4.7316703000e-01  6.9004570010e-02 
1097.000  4.6309793000e-01  6.7338317870e-02 
1098.000  4.4575276200e-01  6.3031650540e-02 
1099.000  4.3542578300e-01  6.0114463810e-02 
1100.000  4.4372049900e-01  6.1358901980e-02 
1101.000  4.4438026400e-01  6.1647556300e-02 
1102.000  4.2520734600e-01  5.8880924220e-02 
1103.000  4.4316465000e-01  6.1489597320e-02 
1104.000  4.3796104200e-01  6.0515220640e-02 
1105.000  4.3220194400e-01  5.9106147770e-02 
1106.000  4.2337326700e-01  5.7310546880e-02 
1107.000  4.2420861200e-01  5.7543151860e-02 
1108.000  4.2387579200e-01  5.7563331600e-02 
1109.000  4.3037663800e-01  5.8895664220e-02 
1110.000  4.3213393000e-01  5.8989330290e-02 
1111.000  4.2415651300e-01  5.7578922270e-02 
1112.000  4.0777961700e-01  5.4092723850e-02 
1113.000  3.8905119300e-01  4.9744972230e-02 
1114.000  3.8884016100e-01  4.9057704930e-02 
1115.000  3.6321211600e-01  4.3322086330e-02 
1116.000  3.4503409000e-01  3.9676677700e-02 
1117.000  3.1602382500e-01  3.3514930730e-02 
1118.000  2.8206135800e-01  2.7642198560e-02 
1119.000  2.5820868500e-01  2.4097318650e-02 
1120.000  2.3803700800e-01  2.0849153520e-02 
1121.000  2.3495203300e-01  2.0250951770e-02 
1122.000  2.1117969900e-01  1.6880077360e-02 
1123.000  2.2503384600e-01  1.8696516040e-02 
1124.000  2.3398967500e-01  1.9911201480e-02 
1125.000  2.2483119400e-01  1.8877887730e-02 
1126.000  2.1878238800e-01  1.8282407760e-02 
1127.000  2.2795184600e-01  1.9194181440e-02 
1128.000  2.2716911600e-01  1.9399049760e-02 
1129.000  2.4998944100e-01  2.2758832930e-02 
1130.000  2.9880624100e-01  3.0712171550e-02 
1131.000  3.1575037000e-01  3.3551868440e-02 
1132.000  2.9777673000e-01  3.0196819310e-02 
1133.000  2.5554685800e-01  2.3792446140e-02 
1134.000  1.8688451000e-01  1.4058529850e-02 
1135.000  1.9453598200e-01  1.4959491730e-02 
1136.000  2.6170682700e-01  2.4768966670e-02 
1137.000  2.9997879400e-01  3.0927112580e-02 
1138.000  3.2049555900e-01  3.5879459380e-02 
1139.000  3.3653805900e-01  3.8759960170e-02 
1140.000  3.3151576100e-01  3.7596080780e-02 
1141.000  3.0995161400e-01  3.4130447390e-02 
1142.000  3.1408911800e-01  3.4198833470e-02 
1143.000  2.9517518700e-01  3.1057552340e-02 
1144.000  2.7789165200e-01  2.8150018690e-02 
1145.000  2.5702021300e-01  2.4563650130e-02 
1146.000  2.6503269600e-01  2.5689891820e-02 
1147.000  2.8414082300e-01  2.8805963520e-02 
1148.000  2.9676019000e-01  3.1260450360e-02 
1149.000  3.0368887400e-01  3.2502750400e-02 
1150.000  3.0243877500e-01  3.2474033360e-02 
1151.000  3.1030302100e-01  3.4164520260e-02 
1152.000  3.1394413000e-01  3.4988380430e-02 
1153.000  3.1963467500e-01  3.6246730800e-02 
1154.000  3.1988155700e-01  3.6157283780e-02 
1155.000  3.3271827700e-01  3.8885467530e-02 
1156.000  3.4117953400e-01  4.1315498350e-02 
1157.000  3.7061078600e-01  4.7848201750e-02 
1158.000  3.8098866500e-01  5.0345375060e-02 
1159.000  3.8421262400e-01  5.1743988040e-02 
1160.000  3.8280320900e-01  5.1965438840e-02 
1161.000  3.8333363200e-01  5.2966461180e-02 
1162.000  4.0366068500e-01  5.6544673920e-02 
1163.000  4.1323235000e-01  5.8815586090e-02 
1164.000  4.0666848600e-01  5.8084800720e-02 
1165.000  4.1502106300e-01  5.9407211300e-02 
1166.000  4.0581503300e-01  5.8314815520e-02 
1167.000  4.1336198800e-01  5.9542705540e-02 
1168.000  4.1657415600e-01  5.9967517850e-02 
1169.000  4.0323699300e-01  5.8190776820e-02 
1170.000  4.1509212100e-01  6.0032676700e-02 
1171.000  4.1976856800e-01  6.1036926270e-02 
1172.000  4.1681593400e-01  6.0431552890e-02 
1173.000  4.1231065300e-01  5.9612358090e-02 
1174.000  4.1261235800e-01  5.9674953460e-02 
1175.000  4.1206458600e-01  6.0088867190e-02 
1176.000  4.0594981000e-01  5.9650711060e-02 
1177.000  4.1662575600e-01  6.1008514400e-02 
1178.000  4.0584012100e-01  5.9006107330e-02 
1179.000  4.0402995500e-01  5.8751483920e-02 
1180.000  4.0834073200e-01  5.9230533600e-02 
1181.000  4.0272138600e-01  5.8030014040e-02 
1182.000  3.9971284400e-01  5.7221588130e-02 
1183.000  3.7691196900e-01  5.4006664280e-02 
1184.000  3.9588984600e-01  5.6948257450e-02 
1185.000  4.0604566100e-01  5.8966079710e-02 
1186.000  4.0217880200e-01  5.8248424530e-02 
1187.000  3.9731282500e-01  5.7007274630e-02 
1188.000  3.9412172700e-01  5.6433628080e-02 
1189.000  3.7399101200e-01  5.3871864320e-02 
1190.000  4.0012462400e-01  5.8512248990e-02 
1191.000  4.0868888800e-01  6.0035606380e-02 
1192.000  4.0976512700e-01  6.0588333130e-02 
1193.000  4.0920853600e-01  6.0417819980e-02 
1194.000  4.0792287300e-01  6.0179088590e-02 
1195.000  4.0011428500e-01  5.8660247800e-02 
1196.000  4.0030446200e-01  5.8750160220e-02 
1197.000  3.9862653700e-01  5.8331268310e-02 
1198.000  3.8489361000e-01  5.6290931700e-02 
1199.000  3.6874934600e-01  5.3729187010e-02 
1200.000  3.9310493600e-01  5.7412887570e-02 
1201.000  3.9636113000e-01  5.7962089540e-02 
1202.000  3.9727463700e-01  5.8201744080e-02 
1203.000  3.7683255100e-01  5.5150321960e-02 
1204.000  3.8369029200e-01  5.6277820590e-02 
1205.000  3.9789086000e-01  5.8994819640e-02 
1206.000  3.9794134900e-01  5.9294532780e-02 
1207.000  4.0162428800e-01  5.9966426850e-02 
1208.000  3.9505054300e-01  5.8892879490e-02 
1209.000  3.6923433900e-01  5.4903770450e-02 
1210.000  3.9307362400e-01  5.8189289090e-02 
1211.000  3.7965545100e-01  5.6168598180e-02 
1212.000  3.9209830900e-01  5.8077644350e-02 
1213.000  3.9569882400e-01  5.8865200040e-02 
1214.000  3.9363245800e-01  5.8525653840e-02 
1215.000  3.9571443800e-01  5.8936660770e-02 
1216.000  3.9748731400e-01  5.9610260010e-02 
1217.000  3.9910518900e-01  6.0214214320e-02 
1218.000  3.9868498700e-01  6.0331436160e-02 
1219.000  3.9545336800e-01  5.9955448150e-02 
1220.000  3.9819026300e-01  6.0376419070e-02 
1221.000  3.9771625100e-01  6.0342582700e-02 
1222.000  3.9569704200e-01  6.0052612300e-02 
1223.000  3.9403025200e-01  5.9852031710e-02 
1224.000  3.9856522400e-01  6.0764129640e-02 
1225.000  3.9668708100e-01  6.0539192200e-02 
1226.000  3.9849189300e-01  6.0898235320e-02 
1227.000  3.8565421800e-01  5.9059368130e-02 
1228.000  3.9852745100e-01  6.1188331600e-02 
1229.000  3.9867947100e-01  6.1336894990e-02 
1230.000  3.9798329500e-01  6.1371204380e-02 
1231.000  3.9835402400e-01  6.1514003750e-02 
1232.000  3.9399798600e-01  6.0883789060e-02 
1233.000  3.9718263700e-01  6.1408977510e-02 
1234.000  3.9685608200e-01  6.1533088680e-02 
1235.000  3.9440735200e-01  6.1223579410e-02 
1236.000  3.9690769300e-01  6.1665496830e-02 
1237.000  3.9716087800e-01  6.1771705630e-02 
1238.000  3.9700471500e-01  6.1782932280e-02 
1239.000  3.9252593600e-01  6.1112514500e-02 
1240.000  3.9074820500e-01  6.0866004940e-02 
1241.000  3.9415873500e-01  6.1411445620e-02 
1242.000  3.9176051100e-01  6.1047328950e-02 
1243.000  3.8730143100e-01  6.0364830020e-02 
1244.000  3.8365659600e-01  5.9790622710e-02 
1245.000  3.9013542200e-01  6.0804092410e-02 
1246.000  3.8697323300e-01  6.0290817260e-02 
1247.000  3.8488652500e-01  5.9940654750e-02 
1248.000  3.8769659600e-01  6.0357246400e-02 
1249.000  3.8618954300e-01  6.0115882870e-02 
1250.000  3.8450801500e-01  5.9833778380e-02 
1251.000  3.8167522200e-01  5.9377784730e-02 
1252.000  3.8023393500e-01  5.9117347720e-02 
1253.000  3.7677585600e-01  5.8539276120e-02 
1254.000  3.7712894100e-01  5.8502017970e-02 
1255.000  3.7604031100e-01  5.8279056550e-02 
1256.000  3.7484083700e-01  5.8054325100e-02 
1257.000  3.6998932800e-01  5.7236354830e-02 
1258.000  3.7006264900e-01  5.7099334720e-02 
1259.000  3.6482141200e-01  5.6175937650e-02 
1260.000  3.6394905200e-01  5.5907058720e-02 
1261.000  3.6172753000e-01  5.5425354000e-02 
1262.000  3.5068328700e-01  5.3486793520e-02 
1263.000  3.5365986900e-01  5.3875602720e-02 
1264.000  3.4731519600e-01  5.2878273010e-02 
1265.000  3.4763699700e-01  5.2918708800e-02 
1266.000  3.4849379200e-01  5.2957775120e-02 
1267.000  3.4041392100e-01  5.1640197750e-02 
1268.000  3.3532321600e-01  5.0787197110e-02 
1269.000  3.3767595000e-01  5.1110179900e-02 
1270.000  3.4586338100e-01  5.2576896670e-02 
1271.000  3.4978679300e-01  5.3263179780e-02 
1272.000  3.5037351600e-01  5.3453804020e-02 
1273.000  3.5153806800e-01  5.3758571620e-02 
1274.000  3.5124124600e-01  5.3873649600e-02 
1275.000  3.5418475900e-01  5.4379577640e-02 
1276.000  3.5527100300e-01  5.4557350160e-02 
1277.000  3.5531142500e-01  5.4538230900e-02 
1278.000  3.5462367000e-01  5.4391517640e-02 
1279.000  3.5259999400e-01  5.4087390900e-02 
1280.000  3.5150246800e-01  5.4034282680e-02 
1281.000  3.4242312900e-01  5.2744586940e-02 
1282.000  3.0484299700e-01  4.7050308230e-02 
1283.000  3.3507788200e-01  5.1756710050e-02 
1284.000  3.4896698300e-01  5.3899734500e-02 
1285.000  3.5181219600e-01  5.4359340670e-02 
1286.000  3.5126501200e-01  5.4195636750e-02 
1287.000  3.5253273900e-01  5.4254634860e-02 
1288.000  3.4703519800e-01  5.2949680330e-02 
1289.000  3.4808631400e-01  5.2962802890e-02 
1290.000  3.3996325000e-01  5.1699424740e-02 
1291.000  3.4520153600e-01  5.2541305540e-02 
1292.000  3.4807592200e-01  5.3131084440e-02 
1293.000  3.4851556100e-01  5.3187152860e-02 
1294.000  3.4156790100e-01  5.1904548650e-02 
1295.000  3.4291127400e-01  5.1783458710e-02 
1296.000  3.4071558400e-01  5.1120555880e-02 
1297.000  3.3661455000e-01  5.0246795650e-02 
1298.000  3.3342220000e-01  4.9731273650e-02 
1299.000  3.3664743600e-01  5.0174568180e-02 
1300.000  3.3495689100e-01  4.9877380370e-02 
1301.000  3.3397634500e-01  4.9649112700e-02 
1302.000  3.2828923800e-01  4.8607398990e-02 
1303.000  3.2230803500e-01  4.7203685760e-02 
1304.000  3.2093908900e-01  4.6782798770e-02 
1305.000  3.2218702300e-01  4.6867095950e-02 
1306.000  3.2197101500e-01  4.6736373900e-02 
1307.000  3.1995534200e-01  4.6317142490e-02 
1308.000  3.1697830200e-01  4.5563335420e-02 
1309.000  3.1304293700e-01  4.4578971860e-02 
1310.000  3.1131693800e-01  4.4287227630e-02 
1311.000  3.1046485700e-01  4.4156024930e-02 
1312.000  3.0503212000e-01  4.2926876070e-02 
1313.000  2.8891971500e-01  4.0155410770e-02 
1314.000  2.9343881900e-01  4.0340061190e-02 
1315.000  2.8566236900e-01  3.9461723330e-02 
1316.000  2.9564430700e-01  4.1138442990e-02 
1317.000  2.9864916900e-01  4.1533340450e-02 
1318.000  2.8925184500e-01  3.9695068360e-02 
1319.000  2.8560240400e-01  3.8464962010e-02 
1320.000  2.7487932200e-01  3.6147663120e-02 
1321.000  2.7034169700e-01  3.5180854800e-02 
1322.000  2.7541735100e-01  3.6400684360e-02 
1323.000  2.8231109600e-01  3.7874580380e-02 
1324.000  2.8557859000e-01  3.8600044250e-02 
1325.000  2.8319227900e-01  3.8070972440e-02 
1326.000  2.7610535300e-01  3.6563610080e-02 
1327.000  2.6156241800e-01  3.3331302640e-02 
1328.000  2.4841716600e-01  3.0112779620e-02 
1329.000  2.1430905900e-01  2.3671041490e-02 
1330.000  2.0825485400e-01  2.2222011570e-02 
1331.000  2.0276464000e-01  2.1150518420e-02 
1332.000  2.0057037000e-01  2.1047214510e-02 
1333.000  2.1158880600e-01  2.2631361010e-02 
1334.000  2.2001546000e-01  2.4138900760e-02 
1335.000  2.2596455500e-01  2.5255971910e-02 
1336.000  2.2585998500e-01  2.5409265520e-02 
1337.000  2.2841640000e-01  2.5767719270e-02 
1338.000  2.3217419300e-01  2.6556610110e-02 
1339.000  2.3268851400e-01  2.6758344650e-02 
1340.000  2.3431275900e-01  2.7270929340e-02 
1341.000  2.3826833300e-01  2.7496591570e-02 
1342.000  2.3817057000e-01  2.7505561830e-02 
1343.000  2.2912336600e-01  2.5183750150e-02 
1344.000  2.1525520000e-01  2.2312786100e-02 
1345.000  1.7808090800e-01  1.5966460230e-02 
1346.000  1.5189563100e-01  1.1954929350e-02 
1347.000  1.3472378700e-01  9.7316617970e-03 
1348.000  1.1168617900e-01  6.7768211360e-03 
1349.000  1.0158087530e-01  5.7377014160e-03 
1350.000  7.9124289000e-02  3.5401077270e-03 
1351.000  6.8307706700e-02  2.7339472770e-03 
1352.000  5.2246524400e-02  1.6228634120e-03 
1353.000  3.7031645600e-02  8.9182978870e-04 
1354.000  2.9610134300e-02  5.9702664610e-04 
1355.000  2.2989734700e-02  3.8367438320e-04 
1356.000  1.7384985200e-02  2.3419031500e-04 
1357.000  1.1883102210e-02  1.1851968620e-04 
1358.000  8.7943160400e-03  7.2580099110e-05 
1359.000  4.6371939100e-03  2.4792712180e-05 
1360.000  3.0667211000e-03  1.3076064180e-05 
1361.000  2.2822912700e-03  7.8076771460e-06 
1362.000  2.1000794900e-03  6.8742730650e-06 
1363.000  3.0298736700e-03  1.1977315880e-05 
1364.000  3.5132282700e-03  1.4991540460e-05 
1365.000  3.6785402400e-03  1.5824303030e-05 
1366.000  4.2481016600e-03  1.9756557420e-05 
1367.000  3.5684731100e-03  1.5499244440e-05 
1368.000  3.1641462300e-03  1.3408466240e-05 
1369.000  3.2446906800e-03  1.4109740970e-05 
1370.000  5.3662086200e-03  3.2622180880e-05 
1371.000  9.5567567600e-03  8.1431999800e-05 
1372.000  1.7696215400e-02  2.2416141630e-04 
1373.000  2.5103572600e-02  3.9493408800e-04 
1374.000  3.0483619200e-02  5.4601353410e-04 
1375.000  3.2500903000e-02  6.1314737800e-04 
1376.000  3.0145923300e-02  5.4440605640e-04 
1377.000  2.6837351400e-02  4.4551661610e-04 
1378.000  2.0455626300e-02  2.8482115270e-04 
1379.000  1.4046732660e-02  1.5429782870e-04 
1380.000  7.9669049200e-03  6.1923820530e-05 
1381.000  4.6085506000e-03  2.5946401060e-05 
1382.000  3.2226961600e-03  1.4692869040e-05 
1383.000  3.1180850100e-03  1.3742922810e-05 
1384.000  5.0718401900e-03  2.9574470590e-05 
1385.000  7.2001239000e-03  5.1757011560e-05 
1386.000  1.0997445160e-02  1.0186063500e-04 
1387.000  2.0206309100e-02  2.7926909920e-04 
1388.000  2.6781655800e-02  4.3817973140e-04 
1389.000  3.0764046100e-02  5.5839198830e-04 
1390.000  3.1403383400e-02  5.8407998090e-04 
1391.000  2.9315424000e-02  5.2050733570e-04 
1392.000  2.2163700100e-02  3.3021929860e-04 
1393.000  1.6942396300e-02  2.1594345570e-04 
1394.000  1.2979807010e-02  1.4136403800e-04 
1395.000  1.4631342200e-02  1.7146781090e-04 
1396.000  2.0077439600e-02  2.8336527940e-04 
1397.000  2.5909826900e-02  4.3120521310e-04 
1398.000  2.6682629600e-02  4.5135053990e-04 
1399.000  2.4913670200e-02  4.0994110700e-04 
1400.000  2.3296395500e-02  3.7311014530e-04 
1401.000  2.4765267600e-02  4.1941815610e-04 
1402.000  3.0702242400e-02  5.8634305000e-04 
1403.000  3.5348676300e-02  7.6161235570e-04 
1404.000  3.3248574000e-02  6.8713462350e-04 
1405.000  3.4827153200e-02  7.6100134850e-04 
1406.000  3.2294548600e-02  6.6784030200e-04 
1407.000  3.3492663000e-02  7.3050779100e-04 
1408.000  4.0143362500e-02  9.8151898380e-04 
1409.000  4.7057259300e-02  1.3020123240e-03 
1410.000  5.7715524000e-02  1.8312630650e-03 
1411.000  6.8650790700e-02  2.5201938150e-03 
1412.000  6.6324533400e-02  2.4353909490e-03 
1413.000  7.3150058800e-02  2.9165430070e-03 
1414.000  7.2120916100e-02  2.8049414160e-03 
1415.000  7.9729232500e-02  3.4196813110e-03 
1416.000  8.5663881600e-02  3.8750264640e-03 
1417.000  8.7869686900e-02  4.0892553330e-03 
1418.000  8.8652835600e-02  4.1359100340e-03 
1419.000  8.8468420900e-02  4.2050161360e-03 
1420.000  9.0569799100e-02  4.3734374050e-03 
1421.000  1.0186535360e-01  5.3690271380e-03 
1422.000  1.0428929610e-01  5.6782569890e-03 
1423.000  1.0545266270e-01  5.8539357190e-03 
1424.000  1.0509427650e-01  5.8044786450e-03 
1425.000  1.0390079820e-01  5.6339507100e-03 
1426.000  1.0017496180e-01  5.4413743020e-03 
1427.000  1.0610614780e-01  5.9603028300e-03 
1428.000  1.1206918950e-01  6.4444036480e-03 
1429.000  1.1367162120e-01  6.7348771100e-03 
1430.000  1.1090733830e-01  6.5757474900e-03 
1431.000  1.0332251750e-01  5.8692340850e-03 
1432.000  1.0102721950e-01  5.5836601260e-03 
1433.000  1.0074244920e-01  5.5531291960e-03 
1434.000  9.6090000800e-02  5.1794581410e-03 
1435.000  1.0316212030e-01  5.8078603740e-03 
1436.000  1.0573148010e-01  6.0596752170e-03 
1437.000  1.0741700510e-01  6.2131004330e-03 
1438.000  1.1388150110e-01  6.8772172930e-03 
1439.000  1.1598332620e-01  7.0310792920e-03 
1440.000  1.1121026500e-01  6.8302960400e-03 
1441.000  1.1811791890e-01  7.3068284990e-03 
1442.000  1.1330180790e-01  6.9144868850e-03 
1443.000  1.1533823300e-01  7.0551524160e-03 
1444.000  1.1793884230e-01  7.3014225960e-03 
1445.000  1.1817513500e-01  7.3430719380e-03 
1446.000  1.2369315140e-01  7.8748402600e-03 
1447.000  1.2707461900e-01  8.2666091920e-03 
1448.000  1.2852302100e-01  8.3958826070e-03 
1449.000  1.2599902700e-01  8.1223421100e-03 
1450.000  1.2048508800e-01  7.6007313730e-03 
1451.000  1.2183432650e-01  7.7801985740e-03 
1452.000  1.2716853300e-01  8.4706659320e-03 
1453.000  1.4170689500e-01  1.0008478160e-02 
1454.000  1.5420241800e-01  1.1528220180e-02 
1455.000  1.6017960200e-01  1.2389718060e-02 
1456.000  1.6728837700e-01  1.3373595240e-02 
1457.000  1.6997884400e-01  1.3658912660e-02 
1458.000  1.7330486800e-01  1.4024193760e-02 
1459.000  1.6843343800e-01  1.3341912270e-02 
1460.000  1.6075349400e-01  1.2498916630e-02 
1461.000  1.5766901600e-01  1.2146186830e-02 
1462.000  1.4917680100e-01  1.1166186330e-02 
1463.000  1.4818761700e-01  1.1115623470e-02 
1464.000  1.4627259800e-01  1.0889832500e-02 
1465.000  1.4302617200e-01  1.0421228410e-02 
1466.000  1.3329520100e-01  9.4445295330e-03 
1467.000  1.3232726300e-01  9.1879768370e-03 
1468.000  1.2418342540e-01  8.4248151780e-03 
1469.000  1.1780035220e-01  7.6697688100e-03 
1470.000  1.1438834780e-01  7.3442440030e-03 
1471.000  1.2139132230e-01  8.2355737690e-03 
1472.000  1.3367506600e-01  9.6552381520e-03 
1473.000  1.5022883600e-01  1.1682629590e-02 
1474.000  1.5747009400e-01  1.2914943700e-02 
1475.000  1.6027030800e-01  1.3184983250e-02 
1476.000  1.6053086300e-01  1.3248064040e-02 
1477.000  1.5708894600e-01  1.2814905170e-02 
1478.000  1.5094443500e-01  1.2176905630e-02 
1479.000  1.4794924400e-01  1.1726115230e-02 
1480.000  1.5103194300e-01  1.2180569650e-02 
1481.000  1.5385779700e-01  1.2725140570e-02 
1482.000  1.6081120200e-01  1.3676077840e-02 
1483.000  1.5903191400e-01  1.3655239110e-02 
1484.000  1.6006396700e-01  1.3808237080e-02 
1485.000  1.6236408600e-01  1.4004856110e-02 
1486.000  1.6373981200e-01  1.4472571370e-02 
1487.000  1.7376824800e-01  1.6070402150e-02 
1488.000  1.5228375300e-01  1.4183663370e-02 
1489.000  1.8688797400e-01  1.8443775180e-02 
1490.000  1.9773305700e-01  2.0486875530e-02 
1491.000  2.0480214700e-01  2.1778530120e-02 
1492.000  2.0108893000e-01  2.1546136860e-02 
1493.000  2.0852567700e-01  2.2713712690e-02 
1494.000  2.0822036800e-01  2.2803115840e-02 
1495.000  2.0994809500e-01  2.3373167040e-02 
1496.000  2.0958861400e-01  2.3869346620e-02 
1497.000  2.1470019400e-01  2.4575006480e-02 
1498.000  2.2178485300e-01  2.5880870820e-02 
1499.000  2.2277715200e-01  2.6474536900e-02 
1500.000  2.2964924300e-01  2.7679910660e-02 
1501.000  2.2834233400e-01  2.7507078170e-02 
1502.000  2.2466022400e-01  2.6993642810e-02 
1503.000  2.0069170000e-01  2.4089195250e-02 
1504.000  2.1003118200e-01  2.5372804640e-02 
1505.000  2.1265646600e-01  2.6046224590e-02 
1506.000  2.1558844300e-01  2.6496402740e-02 
1507.000  2.2841382300e-01  2.8422975540e-02 
1508.000  2.2640520800e-01  2.8398269650e-02 
1509.000  2.2893150100e-01  2.8955760960e-02 
1510.000  2.3303474200e-01  2.9614297870e-02 
1511.000  2.3518397600e-01  3.0072311400e-02 
1512.000  2.3149679800e-01  2.9739181520e-02 
1513.000  2.3140623100e-01  2.9835208890e-02 
1514.000  2.2823767500e-01  2.9493984220e-02 
1515.000  2.3354618200e-01  3.0328948970e-02 
1516.000  2.3163956600e-01  3.0168127060e-02 
1517.000  2.3101900400e-01  3.0219707490e-02 
1518.000  2.3674429100e-01  3.1184539790e-02 
1519.000  2.3496314300e-01  3.1190126420e-02 
1520.000  2.3856682100e-01  3.1973894120e-02 
1521.000  2.3517717800e-01  3.1705280300e-02 
1522.000  2.3381664100e-01  3.1582080840e-02 
1523.000  2.3984446600e-01  3.2497913360e-02 
1524.000  2.3775972400e-01  3.2235202790e-02 
1525.000  2.3202090500e-01  3.1469255450e-02 
1526.000  2.3865862900e-01  3.2429634090e-02 
1527.000  2.3654626900e-01  3.2247379300e-02 
1528.000  2.3864939700e-01  3.2663898470e-02 
1529.000  2.3790271600e-01  3.2606121060e-02 
1530.000  2.2304336900e-01  3.0682874680e-02 
1531.000  2.3869359600e-01  3.2941936490e-02 
1532.000  2.3755665300e-01  3.2897617340e-02 
1533.000  2.3659513500e-01  3.2848533630e-02 
1534.000  2.3311644100e-01  3.2442768100e-02 
1535.000  2.3410450600e-01  3.2659858700e-02 
1536.000  2.3723804600e-01  3.3158985140e-02 
1537.000  2.3817595000e-01  3.3386219020e-02 
1538.000  2.3184734500e-01  3.2599082950e-02 
1539.000  2.3686472200e-01  3.3399978640e-02 
1540.000  2.2831304100e-01  3.2267578120e-02 
1541.000  2.3312753300e-01  3.3004447940e-02 
1542.000  2.3451537400e-01  3.3246307370e-02 
1543.000  2.3387746300e-01  3.3216274260e-02 
1544.000  2.3688249200e-01  3.3714805600e-02 
1545.000  2.3779292900e-01  3.3936626430e-02 
1546.000  2.3801239200e-01  3.4057544710e-02 
1547.000  2.3570105700e-01  3.3807498930e-02 
1548.000  2.2873999500e-01  3.2877433780e-02 
1549.000  2.3460260200e-01  3.3771659850e-02 
1550.000  2.3328415400e-01  3.3627330780e-02 
1551.000  2.3205578100e-01  3.3483398440e-02 
1552.000  2.3601120900e-01  3.4088451390e-02 
1553.000  2.3477781200e-01  3.3956150050e-02 
1554.000  2.2617543700e-01  3.2743625640e-02 
1555.000  2.2995023900e-01  3.3341709140e-02 
1556.000  2.2556037300e-01  3.2758029940e-02 
1557.000  2.3294585700e-01  3.3889968870e-02 
1558.000  2.3110138400e-01  3.3663063050e-02 
1559.000  2.3111893200e-01  3.3703403470e-02 
1560.000  2.2712755200e-01  3.3170352940e-02 
1561.000  2.3242783000e-01  3.3971157070e-02 
1562.000  2.3231900400e-01  3.3963706970e-02 
1563.000  2.2884533900e-01  3.3475376130e-02 
1564.000  2.2418503700e-01  3.2800731660e-02 
1565.000  2.2743863200e-01  3.3274181370e-02 
1566.000  2.2312937400e-01  3.2679252620e-02 
1567.000  2.2277003200e-01  3.2617351530e-02 
1568.000  2.1761043000e-01  3.1830213550e-02 
1569.000  2.1779032100e-01  3.1815933230e-02 
1570.000  2.1173073800e-01  3.0912153240e-02 
1571.000  2.1740403500e-01  3.1772092820e-02 
1572.000  2.1723718000e-01  3.1762794490e-02 
1573.000  2.1393781100e-01  3.1330333710e-02 
1574.000  2.1478175100e-01  3.1519142150e-02 
1575.000  1.9955237800e-01  2.9331029890e-02 
1576.000  2.1438509100e-01  3.1536640170e-02 
1577.000  1.9365673900e-01  2.8510656360e-02 
1578.000  2.1201335700e-01  3.1238752370e-02 
1579.000  2.1333697900e-01  3.1471044540e-02 
1580.000  2.1788896300e-01  3.2199737550e-02 
1581.000  2.1644411100e-01  3.2011966710e-02 
1582.000  2.1229329800e-01  3.1474319460e-02 
1583.000  2.1510044400e-01  3.1963207240e-02 
1584.000  2.1336845700e-01  3.1780475620e-02 
1585.000  2.1981891000e-01  3.2805236820e-02 
1586.000  2.1705830500e-01  3.2429878230e-02 
1587.000  2.1479699500e-01  3.2152328490e-02 
1588.000  2.1164578400e-01  3.1736963270e-02 
1589.000  1.9363341900e-01  2.9064872740e-02 
1590.000  2.0860943400e-01  3.1336860660e-02 
1591.000  2.0393674400e-01  3.0658697130e-02 
1592.000  2.1461611900e-01  3.2269218440e-02 
1593.000  2.1923244800e-01  3.2959957120e-02 
1594.000  2.1735612200e-01  3.2676143650e-02 
1595.000  2.1832822300e-01  3.2823837280e-02 
1596.000  2.0451531500e-01  3.0771543500e-02 
1597.000  2.1210824300e-01  3.1904415130e-02 
1598.000  2.1502258500e-01  3.2320075990e-02 
1599.000  2.0658104900e-01  3.1018230440e-02 
1600.000  2.0903314100e-01  3.1364044190e-02 
1601.000  2.0023303900e-01  3.0066896440e-02 
1602.000  2.0510161300e-01  3.0823850630e-02 
1603.000  2.0387353300e-01  3.0695838930e-02 
1604.000  2.0691962700e-01  3.1220054630e-02 
1605.000  2.0385975400e-01  3.0787986760e-02 
1606.000  2.0322096500e-01  3.0730501170e-02 
1607.000  2.0390840900e-01  3.0832399370e-02 
1608.000  2.0610313200e-01  3.1163406370e-02 
1609.000  2.0531063900e-01  3.1056837080e-02 
1610.000  1.9264613800e-01  2.9158468250e-02 
1611.000  1.9879563500e-01  3.0139335630e-02 
1612.000  2.0126544700e-01  3.0568389890e-02 
1613.000  2.0628750000e-01  3.1384578700e-02 
1614.000  2.0426216500e-01  3.1087453840e-02 
1615.000  2.0803544500e-01  3.1706377030e-02 
1616.000  1.9531272700e-01  2.9799432750e-02 
1617.000  2.0141969800e-01  3.0792968750e-02 
1618.000  2.0769493300e-01  3.1777536390e-02 
1619.000  2.0741358000e-01  3.1797231670e-02 
1620.000  2.0252233600e-01  3.1106756210e-02 
1621.000  1.9979476000e-01  3.0734315870e-02 
1622.000  2.0482292400e-01  3.1523920060e-02 
1623.000  2.0910567700e-01  3.2213508610e-02 
1624.000  2.1063437800e-01  3.2471649170e-02 
1625.000  2.0561864700e-01  3.1752683640e-02 
1626.000  2.0791938500e-01  3.2092105870e-02 
1627.000  2.0768080000e-01  3.2079658510e-02 
1628.000  2.0925828400e-01  3.2330497740e-02 
1629.000  2.0912126900e-01  3.2312637330e-02 
1630.000  2.0325552600e-01  3.1395900730e-02 
1631.000  2.0643390300e-01  3.1900314330e-02 
1632.000  2.0626047900e-01  3.1841760640e-02 
1633.000  2.0353874700e-01  3.1418670650e-02 
1634.000  1.9857581700e-01  3.0637935640e-02 
1635.000  2.0389842900e-01  3.1460311890e-02 
1636.000  2.0313150800e-01  3.1332578660e-02 
1637.000  1.9381679900e-01  2.9885015490e-02 
1638.000  1.9240090700e-01  2.9668846130e-02 
1639.000  1.9011724600e-01  2.9291215900e-02 
1640.000  1.9106344900e-01  2.9430482860e-02 
1641.000  1.8969904800e-01  2.9211708070e-02 
1642.000  1.8946085100e-01  2.9205673220e-02 
1643.000  1.9426165000e-01  2.9964674000e-02 
1644.000  1.9118865600e-01  2.9504461290e-02 
1645.000  1.9148684000e-01  2.9556976320e-02 
1646.000  1.9378732600e-01  2.9940425870e-02 
1647.000  1.9558848100e-01  3.0230337140e-02 
1648.000  1.9470480200e-01  3.0089555740e-02 
1649.000  1.9023057900e-01  2.9405780790e-02 
1650.000  1.9505082800e-01  3.0165063860e-02 
1651.000  1.9069576300e-01  2.9496660230e-02 
1652.000  1.9448725100e-01  3.0075202940e-02 
1653.000  1.9248483400e-01  2.9784088130e-02 
1654.000  1.9464356800e-01  3.0128053670e-02 
1655.000  1.9095763500e-01  2.9582258220e-02 
1656.000  1.9478294100e-01  3.0193477630e-02 
1657.000  1.9336755200e-01  2.9983629230e-02 
1658.000  1.9458652200e-01  3.0197767260e-02 
1659.000  1.9104769400e-01  2.9658365250e-02 
1660.000  1.9325556000e-01  2.9995470050e-02 
1661.000  1.9400839000e-01  3.0112241740e-02 
1662.000  1.9255060300e-01  2.9867855070e-02 
1663.000  1.9127601300e-01  2.9669981000e-02 
1664.000  1.9038310600e-01  2.9529359820e-02 
1665.000  1.8844297200e-01  2.9219463350e-02 
1666.000  1.8767293000e-01  2.9122879030e-02 
1667.000  1.8959018800e-01  2.9472600940e-02 
1668.000  1.8637805100e-01  2.8987131120e-02 
1669.000  1.8690318100e-01  2.9094972610e-02 
1670.000  1.9110500900e-01  2.9773443220e-02 
1671.000  1.8970672600e-01  2.9570899960e-02 
1672.000  1.8072180800e-01  2.8186029430e-02 
1673.000  1.8588460000e-01  2.8984838490e-02 
1674.000  1.8663351600e-01  2.9103326800e-02 
1675.000  1.8489968200e-01  2.8848890300e-02 
1676.000  1.8191068100e-01  2.8383914950e-02 
1677.000  1.8284195600e-01  2.8538356780e-02 
1678.000  1.8385420100e-01  2.8717697140e-02 
1679.000  1.8141305300e-01  2.8337816240e-02 
1680.000  1.7519539200e-01  2.7385410310e-02 
1681.000  1.6912208400e-01  2.6446544650e-02 
1682.000  1.7400698500e-01  2.7211771010e-02 
1683.000  1.7829808600e-01  2.7876670840e-02 
1684.000  1.8159312500e-01  2.8387113570e-02 
1685.000  1.8211237600e-01  2.8440298080e-02 
1686.000  1.7991572000e-01  2.8096010210e-02 
1687.000  1.8060997700e-01  2.8155677800e-02 
1688.000  1.8070272100e-01  2.8130290990e-02 
1689.000  1.7852308100e-01  2.7788013460e-02 
1690.000  1.7837725500e-01  2.7718873980e-02 
1691.000  1.8068503800e-01  2.8074441910e-02 
1692.000  1.8101021200e-01  2.8128097530e-02 
1693.000  1.8036967300e-01  2.8039188390e-02 
1694.000  1.8010039700e-01  2.8000524520e-02 
1695.000  1.8014675500e-01  2.7984771730e-02 
1696.000  1.7909231300e-01  2.7811880110e-02 
1697.000  1.7796501100e-01  2.7609867100e-02 
1698.000  1.7902044300e-01  2.7754968640e-02 
1699.000  1.7786470200e-01  2.7565816880e-02 
1700.000  1.7561286300e-01  2.7208101270e-02 
