 lambda   Irr_dw            Rad_up 
 550.000  1.5480098000e+00  2.1589810180e-01 
 551.000  1.5376937000e+00  2.1441940310e-01 
 552.000  1.6032475000e+00  2.2357249450e-01 
 553.000  1.5398129000e+00  2.1467446900e-01 
 554.000  1.5894955000e+00  2.2160131840e-01 
 555.000  1.5933586000e+00  2.2207386780e-01 
 556.000  1.5488762000e+00  2.1581118770e-01 
 557.000  1.5024023000e+00  2.0933647160e-01 
 558.000  1.5589519000e+00  2.1715040590e-01 
 559.000  1.4730770000e+00  2.0515345760e-01 
 560.000  1.4790977000e+00  2.0598629760e-01 
 561.000  1.6251113000e+00  2.2624760440e-01 
 562.000  1.4912953000e+00  2.0757174680e-01 
 563.000  1.5597947000e+00  2.1703320310e-01 
 564.000  1.5374229000e+00  2.1381367490e-01 
 565.000  1.5553078000e+00  2.1625636290e-01 
 566.000  1.4336029000e+00  1.9926998900e-01 
 567.000  1.5373322000e+00  2.1346592710e-01 
 568.000  1.5326615000e+00  2.1211947630e-01 
 569.000  1.5007317000e+00  2.0621444700e-01 
 570.000  1.5084078000e+00  2.0747181700e-01 
 571.000  1.4553739000e+00  2.0118289180e-01 
 572.000  1.5372474000e+00  2.1149328610e-01 
 573.000  1.5534343000e+00  2.1399905400e-01 
 574.000  1.5447035000e+00  2.1284461980e-01 
 575.000  1.5066361000e+00  2.0749215700e-01 
 576.000  1.4790564000e+00  2.0363978580e-01 
 577.000  1.5403912000e+00  2.1230805970e-01 
 578.000  1.4955229000e+00  2.0651506040e-01 
 579.000  1.4840793000e+00  2.0511463930e-01 
 580.000  1.5351432000e+00  2.1235235600e-01 
 581.000  1.5074295000e+00  2.0877119450e-01 
 582.000  1.5299167000e+00  2.1193318180e-01 
 583.000  1.5403841000e+00  2.1341285710e-01 
 584.000  1.5352999000e+00  2.1264338680e-01 
 585.000  1.5249860000e+00  2.1114157100e-01 
 586.000  1.4592601000e+00  2.0202227780e-01 
 587.000  1.5159451000e+00  2.0926594540e-01 
 588.000  1.4994297000e+00  2.0494178770e-01 
 589.000  1.3284597000e+00  1.7897558590e-01 
 590.000  1.3869248000e+00  1.8668057250e-01 
 591.000  1.4739484000e+00  2.0023213200e-01 
 592.000  1.4453915000e+00  1.9528657530e-01 
 593.000  1.4609109000e+00  1.9949127200e-01 
 594.000  1.4740289000e+00  2.0077110290e-01 
 595.000  1.4454539000e+00  1.9534014890e-01 
 596.000  1.4815595000e+00  2.0241091920e-01 
 597.000  1.4858225000e+00  2.0245860290e-01 
 598.000  1.4554950000e+00  1.9924612430e-01 
 599.000  1.4558737000e+00  1.9967913820e-01 
 600.000  1.4563121000e+00  2.0059761050e-01 
 601.000  1.4481759000e+00  2.0009156800e-01 
 602.000  1.4323312000e+00  1.9808215330e-01 
 603.000  1.4409589000e+00  1.9949618530e-01 
 604.000  1.4865768000e+00  2.0600289920e-01 
 605.000  1.4827222000e+00  2.0547741700e-01 
 606.000  1.4654638000e+00  2.0313700870e-01 
 607.000  1.4571481000e+00  2.0196871950e-01 
 608.000  1.4517223000e+00  2.0118304440e-01 
 609.000  1.4367432000e+00  1.9911323550e-01 
 610.000  1.4136544000e+00  1.9587820430e-01 
 611.000  1.4365246000e+00  1.9904771420e-01 
 612.000  1.4177400000e+00  1.9644868470e-01 
 613.000  1.3969464000e+00  1.9353948970e-01 
 614.000  1.3459539000e+00  1.8648501590e-01 
 615.000  1.4108866000e+00  1.9543580630e-01 
 616.000  1.3414025000e+00  1.8582318120e-01 
 617.000  1.3489028000e+00  1.8685583500e-01 
 618.000  1.4124649000e+00  1.9559915160e-01 
 619.000  1.3994462000e+00  1.9381324770e-01 
 620.000  1.4200372000e+00  1.9659548950e-01 
 621.000  1.4443690000e+00  1.9994128420e-01 
 622.000  1.3681032000e+00  1.8933354190e-01 
 623.000  1.3786766000e+00  1.9069433590e-01 
 624.000  1.3800676000e+00  1.9089157100e-01 
 625.000  1.3426025000e+00  1.8567945860e-01 
 626.000  1.3493033000e+00  1.8642326350e-01 
 627.000  1.3716239000e+00  1.8877458190e-01 
 628.000  1.3526092000e+00  1.8479077150e-01 
 629.000  1.3868102000e+00  1.8994302370e-01 
 630.000  1.3408417000e+00  1.8426838680e-01 
 631.000  1.3901048000e+00  1.9123915100e-01 
 632.000  1.2947050000e+00  1.7754956050e-01 
 633.000  1.3899132000e+00  1.9131462100e-01 
 634.000  1.3481863000e+00  1.8579183960e-01 
 635.000  1.3727971000e+00  1.8916647340e-01 
 636.000  1.3244266000e+00  1.8262521360e-01 
 637.000  1.3681105000e+00  1.8872831730e-01 
 638.000  1.3894500000e+00  1.9199755860e-01 
 639.000  1.3779339000e+00  1.9034443660e-01 
 640.000  1.3347006000e+00  1.8460334780e-01 
 641.000  1.3539340000e+00  1.8723675540e-01 
 642.000  1.3376724000e+00  1.8509223940e-01 
 643.000  1.3609678000e+00  1.8805120850e-01 
 644.000  1.3453203000e+00  1.8583549500e-01 
 645.000  1.3569449000e+00  1.8709965520e-01 
 646.000  1.3049035000e+00  1.7843028260e-01 
 647.000  1.3223924000e+00  1.7979689030e-01 
 648.000  1.3198321000e+00  1.7842304990e-01 
 649.000  1.3461306000e+00  1.8282069400e-01 
 650.000  1.2476968300e+00  1.7114878850e-01 
 651.000  1.3439674000e+00  1.8433627320e-01 
 652.000  1.3177199000e+00  1.7914187620e-01 
 653.000  1.3446040000e+00  1.8463438420e-01 
 654.000  1.3269238000e+00  1.8193174740e-01 
 655.000  1.2917790000e+00  1.7643698120e-01 
 656.000  1.0967189600e+00  1.4996478270e-01 
 657.000  1.1705566000e+00  1.6037707520e-01 
 658.000  1.3039417000e+00  1.7930645750e-01 
 659.000  1.3071274000e+00  1.8008390810e-01 
 660.000  1.3173812000e+00  1.8165643310e-01 
 661.000  1.3232490000e+00  1.8296673580e-01 
 662.000  1.3423139000e+00  1.8581327820e-01 
 663.000  1.3273498000e+00  1.8366133120e-01 
 664.000  1.3062480800e+00  1.8080801390e-01 
 665.000  1.3119135700e+00  1.8163867190e-01 
 666.000  1.3277045000e+00  1.8394209290e-01 
 667.000  1.3013376300e+00  1.8030218510e-01 
 668.000  1.3087183400e+00  1.8144277950e-01 
 669.000  1.3273640900e+00  1.8407972720e-01 
 670.000  1.3117725400e+00  1.8187374880e-01 
 671.000  1.2975608200e+00  1.7993623350e-01 
 672.000  1.2934247800e+00  1.7935879520e-01 
 673.000  1.3026330200e+00  1.8062606810e-01 
 674.000  1.3051244500e+00  1.8097967530e-01 
 675.000  1.2851788800e+00  1.7819464110e-01 
 676.000  1.3094097100e+00  1.8156245420e-01 
 677.000  1.2833301300e+00  1.7795851140e-01 
 678.000  1.3045433000e+00  1.8088752750e-01 
 679.000  1.2860909800e+00  1.7829008480e-01 
 680.000  1.2761694300e+00  1.7685438540e-01 
 681.000  1.2774854300e+00  1.7695777890e-01 
 682.000  1.2747995400e+00  1.7653123470e-01 
 683.000  1.2831214000e+00  1.7760841370e-01 
 684.000  1.2598856800e+00  1.7428532410e-01 
 685.000  1.2740971900e+00  1.7631021120e-01 
 686.000  1.2179361700e+00  1.6825340270e-01 
 687.000  1.1256500500e+00  1.5075320430e-01 
 688.000  1.1556813200e+00  1.5633595280e-01 
 689.000  1.1501324900e+00  1.5510484310e-01 
 690.000  1.1708038600e+00  1.5872790530e-01 
 691.000  1.1946285600e+00  1.6277572630e-01 
 692.000  1.1977459900e+00  1.6324618530e-01 
 693.000  1.1966322200e+00  1.6105555730e-01 
 694.000  1.1986108700e+00  1.5950796510e-01 
 695.000  1.1857460800e+00  1.5868037410e-01 
 696.000  1.2042416400e+00  1.6172392270e-01 
 697.000  1.2274019600e+00  1.6794720460e-01 
 698.000  1.2001419200e+00  1.6349209590e-01 
 699.000  1.2033175800e+00  1.6117120360e-01 
 700.000  1.1922050600e+00  1.6008177190e-01 
 701.000  1.1613113600e+00  1.5531623840e-01 
 702.000  1.1584720500e+00  1.5534114070e-01 
 703.000  1.1901588400e+00  1.6180184940e-01 
 704.000  1.1941169100e+00  1.6243299870e-01 
 705.000  1.1967292800e+00  1.6182604980e-01 
 706.000  1.1851685300e+00  1.6043376160e-01 
 707.000  1.1694695400e+00  1.5863702390e-01 
 708.000  1.2058138300e+00  1.6392179870e-01 
 709.000  1.1677793800e+00  1.5946908570e-01 
 710.000  1.1890960700e+00  1.6153675840e-01 
 711.000  1.1825140200e+00  1.6143307500e-01 
 712.000  1.1705235800e+00  1.6049447630e-01 
 713.000  1.1617354600e+00  1.5869995120e-01 
 714.000  1.1800847200e+00  1.6096243290e-01 
 715.000  1.1327674900e+00  1.5357078550e-01 
 716.000  1.1559750400e+00  1.5574694820e-01 
 717.000  1.0832566300e+00  1.4078170780e-01 
 718.000  1.0505825800e+00  1.3350402830e-01 
 719.000  1.0287545300e+00  1.2961299130e-01 
 720.000  1.0218206800e+00  1.2722937770e-01 
 721.000  1.0832464400e+00  1.4209190370e-01 
 722.000  1.1209534700e+00  1.4971675110e-01 
 723.000  1.1055853600e+00  1.4611337280e-01 
 724.000  1.0753815600e+00  1.3797727970e-01 
 725.000  1.0688902400e+00  1.3772016910e-01 
 726.000  1.0650672800e+00  1.3704428100e-01 
 727.000  1.0858831200e+00  1.4028688050e-01 
 728.000  1.0614709800e+00  1.3653446960e-01 
 729.000  1.0324273800e+00  1.3429064940e-01 
 730.000  1.0679872900e+00  1.3866413880e-01 
 731.000  1.0473479500e+00  1.3571218870e-01 
 732.000  1.0900236500e+00  1.4390730290e-01 
 733.000  1.0947956200e+00  1.4723797610e-01 
 734.000  1.1278949200e+00  1.5304048160e-01 
 735.000  1.1149679400e+00  1.5078724670e-01 
 736.000  1.0873849900e+00  1.4620240780e-01 
 737.000  1.1066466100e+00  1.4942532350e-01 
 738.000  1.1104363100e+00  1.5085163880e-01 
 739.000  1.0772820800e+00  1.4675079350e-01 
 740.000  1.0937740100e+00  1.4988459780e-01 
 741.000  1.0886509600e+00  1.4974746700e-01 
 742.000  1.0721661800e+00  1.4771185300e-01 
 743.000  1.1069683700e+00  1.5302650450e-01 
 744.000  1.1188528800e+00  1.5491813660e-01 
 745.000  1.0908352800e+00  1.5123434450e-01 
 746.000  1.1068366800e+00  1.5357942200e-01 
 747.000  1.1235092500e+00  1.5589939880e-01 
 748.000  1.1040804800e+00  1.5329876710e-01 
 749.000  1.1045714900e+00  1.5342063900e-01 
 750.000  1.0879953600e+00  1.5105024720e-01 
 751.000  1.0851952100e+00  1.5066662600e-01 
 752.000  1.1023030600e+00  1.5314154050e-01 
 753.000  1.0920364900e+00  1.5174465940e-01 
 754.000  1.1092326700e+00  1.5415396120e-01 
 755.000  1.1028728800e+00  1.5327656560e-01 
 756.000  1.0812922100e+00  1.5028358460e-01 
 757.000  1.0892512000e+00  1.5139306640e-01 
 758.000  1.0869491900e+00  1.5101353450e-01 
 759.000  1.0042906100e+00  1.3721307370e-01 
 760.000  5.1235314000e-01  5.9102081300e-02 
 761.000  4.6278372000e-01  5.2113601680e-02 
 762.000  7.3946665000e-01  9.3852256770e-02 
 763.000  6.7074997000e-01  8.2379714970e-02 
 764.000  7.1706703000e-01  8.9508712770e-02 
 765.000  8.1916993000e-01  1.0604922490e-01 
 766.000  8.8619784000e-01  1.1873111720e-01 
 767.000  9.4993814000e-01  1.2921099850e-01 
 768.000  1.0209322400e+00  1.4025657650e-01 
 769.000  1.0385863900e+00  1.4362887570e-01 
 770.000  1.0436565300e+00  1.4477693180e-01 
 771.000  1.0492598200e+00  1.4581625370e-01 
 772.000  1.0463325700e+00  1.4548144530e-01 
 773.000  1.0424064500e+00  1.4497276310e-01 
 774.000  1.0538876600e+00  1.4660528560e-01 
 775.000  1.0144428300e+00  1.4114845280e-01 
 776.000  1.0563172600e+00  1.4702011110e-01 
 777.000  1.0489825100e+00  1.4600338750e-01 
 778.000  1.0433233300e+00  1.4520269780e-01 
 779.000  1.0466860700e+00  1.4565272520e-01 
 780.000  1.0337003000e+00  1.4386093140e-01 
 781.000  1.0320985600e+00  1.4366575620e-01 
 782.000  1.0445033500e+00  1.4535083010e-01 
 783.000  1.0200644000e+00  1.4197961430e-01 
 784.000  1.0256176200e+00  1.4269871520e-01 
 785.000  1.0274458300e+00  1.4272123720e-01 
 786.000  1.0084136100e+00  1.3978587340e-01 
 787.000  1.0202688600e+00  1.4072659300e-01 
 788.000  1.0033602200e+00  1.3806405640e-01 
 789.000  1.0034011700e+00  1.3689634700e-01 
 790.000  9.9274524000e-01  1.3532046510e-01 
 791.000  9.8870750000e-01  1.3499818420e-01 
 792.000  9.7401782000e-01  1.3317391970e-01 
 793.000  9.7533317000e-01  1.3381771850e-01 
 794.000  9.7018291000e-01  1.3411929320e-01 
 795.000  9.6191999000e-01  1.3233253480e-01 
 796.000  9.7020424000e-01  1.3196357730e-01 
 797.000  9.7860674000e-01  1.3356478880e-01 
 798.000  9.8424050000e-01  1.3533689880e-01 
 799.000  9.8225494000e-01  1.3482034300e-01 
 800.000  9.5294845000e-01  1.3009495540e-01 
 801.000  9.7116536000e-01  1.3266912840e-01 
 802.000  9.6881791000e-01  1.3226393130e-01 
 803.000  9.5552617000e-01  1.3056561280e-01 
 804.000  9.6588494000e-01  1.3234365840e-01 
 805.000  9.4270141000e-01  1.2981874080e-01 
 806.000  9.7020390000e-01  1.3398896790e-01 
 807.000  9.6428233000e-01  1.3320994570e-01 
 808.000  9.5743543000e-01  1.3202433780e-01 
 809.000  9.3976160000e-01  1.2931347660e-01 
 810.000  9.3393329000e-01  1.2820957950e-01 
 811.000  9.4551147000e-01  1.2922622680e-01 
 812.000  9.3769449000e-01  1.2736919400e-01 
 813.000  9.2783929000e-01  1.2508039860e-01 
 814.000  9.1872918000e-01  1.2270322420e-01 
 815.000  8.9895280000e-01  1.1867371370e-01 
 816.000  8.7791243000e-01  1.1422190090e-01 
 817.000  8.8395578000e-01  1.1508419800e-01 
 818.000  8.7964553000e-01  1.1462435150e-01 
 819.000  8.6011561000e-01  1.1265577700e-01 
 820.000  8.5765031000e-01  1.1415646360e-01 
 821.000  9.0284726000e-01  1.2239753720e-01 
 822.000  8.6496512000e-01  1.1557162480e-01 
 823.000  8.4090076000e-01  1.0813266750e-01 
 824.000  8.8420488000e-01  1.1742439270e-01 
 825.000  9.0198497000e-01  1.2243079380e-01 
 826.000  9.0431283000e-01  1.2227365880e-01 
 827.000  8.9892895000e-01  1.2119058990e-01 
 828.000  8.8455426000e-01  1.1756733700e-01 
 829.000  8.8860096000e-01  1.1867723080e-01 
 830.000  8.7939901000e-01  1.1811333470e-01 
 831.000  8.6504202000e-01  1.1634506990e-01 
 832.000  8.8316981000e-01  1.1885697940e-01 
 833.000  8.5836464000e-01  1.1594828030e-01 
 834.000  8.7414371000e-01  1.1855855560e-01 
 835.000  8.8151083000e-01  1.2046183780e-01 
 836.000  8.8993405000e-01  1.2136920170e-01 
 837.000  8.8233246000e-01  1.2029253390e-01 
 838.000  8.8813743000e-01  1.2156593320e-01 
 839.000  8.6189357000e-01  1.1824530030e-01 
 840.000  8.8548041000e-01  1.2156637570e-01 
 841.000  8.8625912000e-01  1.2135746770e-01 
 842.000  8.8201560000e-01  1.2104084010e-01 
 843.000  8.7897850000e-01  1.2133421330e-01 
 844.000  8.6569192000e-01  1.1981082150e-01 
 845.000  8.7940039000e-01  1.2185404210e-01 
 846.000  8.8780397000e-01  1.2319848630e-01 
 847.000  8.5780012000e-01  1.1922694400e-01 
 848.000  8.8202173000e-01  1.2229369350e-01 
 849.000  8.8374434000e-01  1.2260263060e-01 
 850.000  7.6365118000e-01  1.0578958130e-01 
 851.000  8.7430394000e-01  1.2093815610e-01 
 852.000  8.4117955000e-01  1.1640070340e-01 
 853.000  8.5170332000e-01  1.1808999630e-01 
 854.000  6.8467999000e-01  9.4939270020e-02 
 855.000  7.5401575000e-01  1.0469387050e-01 
 856.000  8.5623097000e-01  1.1912995150e-01 
 857.000  8.7013215000e-01  1.2122609710e-01 
 858.000  8.5629099000e-01  1.1935195160e-01 
 859.000  8.5637478000e-01  1.1949872590e-01 
 860.000  8.4881178000e-01  1.1853220370e-01 
 861.000  8.4869813000e-01  1.1852724460e-01 
 862.000  8.4592123000e-01  1.1815570830e-01 
 863.000  8.6208182000e-01  1.2046710210e-01 
 864.000  8.6035704000e-01  1.2020048520e-01 
 865.000  8.4432671000e-01  1.1803959660e-01 
 866.000  7.0821088000e-01  9.9040802000e-02 
 867.000  7.5415228000e-01  1.0539215090e-01 
 868.000  8.1790091000e-01  1.1434864040e-01 
 869.000  8.0641632000e-01  1.1275424190e-01 
 870.000  8.3966376000e-01  1.1745452120e-01 
 871.000  8.3847011000e-01  1.1727246860e-01 
 872.000  8.3509062000e-01  1.1672986600e-01 
 873.000  8.3842039000e-01  1.1723780060e-01 
 874.000  8.2002562000e-01  1.1463352970e-01 
 875.000  8.1247280000e-01  1.1363834380e-01 
 876.000  8.1919845000e-01  1.1453133390e-01 
 877.000  8.3550845000e-01  1.1675246430e-01 
 878.000  8.2108825000e-01  1.1470456700e-01 
 879.000  8.2298342000e-01  1.1499279020e-01 
 880.000  8.1815333000e-01  1.1419308470e-01 
 881.000  7.7559610000e-01  1.0824428560e-01 
 882.000  8.1838729000e-01  1.1411578370e-01 
 883.000  7.9972327000e-01  1.1161930080e-01 
 884.000  8.0651347000e-01  1.1266750340e-01 
 885.000  8.1471066000e-01  1.1351954650e-01 
 886.000  7.8790115000e-01  1.0964457700e-01 
 887.000  7.7988456000e-01  1.0864780430e-01 
 888.000  8.0321637000e-01  1.1182427220e-01 
 889.000  8.0865895000e-01  1.1273284910e-01 
 890.000  8.0599901000e-01  1.1223488620e-01 
 891.000  8.0118706000e-01  1.1128504940e-01 
 892.000  7.9685036000e-01  1.1018951420e-01 
 893.000  7.6077777000e-01  1.0373391720e-01 
 894.000  7.8292476000e-01  1.0606891630e-01 
 895.000  7.3297528000e-01  9.7453910830e-02 
 896.000  7.4702434000e-01  9.7557014470e-02 
 897.000  7.1439439000e-01  9.1669639590e-02 
 898.000  7.0833172000e-01  9.0090202330e-02 
 899.000  6.8689857000e-01  8.5326240540e-02 
 900.000  6.7270447000e-01  8.3792861940e-02 
 901.000  6.5310176000e-01  8.0876892090e-02 
 902.000  6.4192116000e-01  7.9609184270e-02 
 903.000  7.0741193000e-01  9.1215438840e-02 
 904.000  7.4164696000e-01  9.7914947510e-02 
 905.000  7.3885399000e-01  9.7585250850e-02 
 906.000  7.0650384000e-01  9.1941337590e-02 
 907.000  6.9537732000e-01  8.8128387450e-02 
 908.000  6.6349909000e-01  8.2617591860e-02 
 909.000  6.5101579000e-01  8.1104393010e-02 
 910.000  6.6093993000e-01  8.2550529480e-02 
 911.000  6.6900994000e-01  8.4578544620e-02 
 912.000  6.6564747000e-01  8.3601867680e-02 
 913.000  6.5987830000e-01  8.0916076660e-02 
 914.000  6.6606924000e-01  8.2642341610e-02 
 915.000  6.6326891000e-01  8.3156059270e-02 
 916.000  6.7270418000e-01  8.4528717040e-02 
 917.000  6.6647024000e-01  8.4175819400e-02 
 918.000  6.6862620000e-01  8.5017311100e-02 
 919.000  6.9652253000e-01  9.0718101500e-02 
 920.000  7.0405371000e-01  9.3183624270e-02 
 921.000  6.8553803000e-01  9.0382370000e-02 
 922.000  6.7911339000e-01  8.9534973140e-02 
 923.000  6.4694752000e-01  8.4743606570e-02 
 924.000  6.6505345000e-01  8.6220237730e-02 
 925.000  6.7313598000e-01  8.7119071960e-02 
 926.000  6.4898034000e-01  8.3833023070e-02 
 927.000  6.6227792000e-01  8.4429779050e-02 
 928.000  6.4939930000e-01  8.0940963750e-02 
 929.000  6.1595216000e-01  7.4310012820e-02 
 930.000  5.8290478000e-01  6.7189903260e-02 
 931.000  5.4662680000e-01  5.9272563930e-02 
 932.000  4.9371069000e-01  4.8999713900e-02 
 933.000  4.5790090000e-01  4.2642990110e-02 
 934.000  4.1467067000e-01  3.6101871490e-02 
 935.000  4.0446130000e-01  3.4906238560e-02 
 936.000  4.1713235000e-01  3.6942546840e-02 
 937.000  4.2225942000e-01  3.7186687470e-02 
 938.000  4.6043350000e-01  4.3700500490e-02 
 939.000  5.7044794000e-01  6.4722503660e-02 
 940.000  5.8240215000e-01  6.7500167850e-02 
 941.000  5.5640387000e-01  6.3378936770e-02 
 942.000  5.0471062000e-01  5.4582584380e-02 
 943.000  4.7674126000e-01  4.6863452910e-02 
 944.000  4.5990231000e-01  4.4880294800e-02 
 945.000  4.8416645000e-01  4.8835571290e-02 
 946.000  4.9172816000e-01  4.9714847560e-02 
 947.000  5.0604025000e-01  5.2802482600e-02 
 948.000  5.1919274000e-01  5.5179939270e-02 
 949.000  5.1937434000e-01  5.5094886780e-02 
 950.000  5.1847440000e-01  5.5260978700e-02 
 951.000  5.3760690000e-01  5.9611724850e-02 
 952.000  5.1354839000e-01  5.4641967770e-02 
 953.000  5.2869931000e-01  5.7991905210e-02 
 954.000  5.4093986000e-01  6.1182819370e-02 
 955.000  4.9186441000e-01  5.4348716740e-02 
 956.000  5.2127713000e-01  5.7341964720e-02 
 957.000  5.6448954000e-01  6.6618621830e-02 
 958.000  5.7426744000e-01  6.8343643190e-02 
 959.000  5.6915736000e-01  6.7132621770e-02 
 960.000  5.6160338000e-01  6.6085266110e-02 
 961.000  5.5194196000e-01  6.4647033690e-02 
 962.000  5.5786465000e-01  6.5681137080e-02 
 963.000  5.7987210000e-01  7.0473541260e-02 
 964.000  5.7643774000e-01  7.0385849000e-02 
 965.000  5.8121183000e-01  7.0804283140e-02 
 966.000  5.6556287000e-01  6.9044418330e-02 
 967.000  5.9861532000e-01  7.4661445620e-02 
 968.000  6.1846934000e-01  7.9890556340e-02 
 969.000  6.3408766000e-01  8.3219841000e-02 
 970.000  6.3641479000e-01  8.3613510130e-02 
 971.000  6.3047124000e-01  8.2813591000e-02 
 972.000  6.3162963000e-01  8.2602127080e-02 
 973.000  6.1793784000e-01  7.9996238710e-02 
 974.000  5.9910940000e-01  7.6612892150e-02 
 975.000  5.9603381000e-01  7.5622276310e-02 
 976.000  6.1075195000e-01  7.8257568360e-02 
 977.000  6.0723240000e-01  7.9074989320e-02 
 978.000  6.2120033000e-01  8.0811393740e-02 
 979.000  6.0616417000e-01  7.9208480830e-02 
 980.000  6.2695848000e-01  8.3307327270e-02 
 981.000  6.3395114000e-01  8.4567771910e-02 
 982.000  6.2981644000e-01  8.3725852970e-02 
 983.000  6.3434809000e-01  8.5074989320e-02 
 984.000  6.3649760000e-01  8.6153068540e-02 
 985.000  6.3981582000e-01  8.7068817140e-02 
 986.000  6.3925301000e-01  8.7604225160e-02 
 987.000  6.4860419000e-01  8.9166343690e-02 
 988.000  6.4098350000e-01  8.8190216060e-02 
 989.000  6.3311115000e-01  8.7154663090e-02 
 990.000  6.3897400000e-01  8.8034133910e-02 
 991.000  6.4590295000e-01  8.9236579900e-02 
 992.000  6.4039248000e-01  8.8553871150e-02 
 993.000  6.4052156000e-01  8.8608062740e-02 
 994.000  6.4524328000e-01  8.9482795720e-02 
 995.000  6.4152392000e-01  8.9129264830e-02 
 996.000  6.4138125000e-01  8.9118942260e-02 
 997.000  6.4139604000e-01  8.9035690310e-02 
 998.000  6.3827720000e-01  8.8508842470e-02 
 999.000  6.3640414000e-01  8.8220108030e-02 
1000.000  6.3154436000e-01  8.7588531490e-02 
1001.000  6.3355137000e-01  8.7654914860e-02 
1002.000  6.3020562000e-01  8.6852645870e-02 
1003.000  6.2338842000e-01  8.6005668640e-02 
1004.000  6.1949616000e-01  8.5676971440e-02 
1005.000  5.7934133000e-01  8.0216796880e-02 
1006.000  6.0977316000e-01  8.4473419190e-02 
1007.000  6.2044157000e-01  8.5895713810e-02 
1008.000  6.2119427000e-01  8.5730026250e-02 
1009.000  6.1490427000e-01  8.4508560180e-02 
1010.000  6.1829628000e-01  8.5149131770e-02 
1011.000  6.1758889000e-01  8.5456481930e-02 
1012.000  6.1876180000e-01  8.5783004760e-02 
1013.000  6.1504540000e-01  8.5400314330e-02 
1014.000  6.1928882000e-01  8.6067581180e-02 
1015.000  6.0790040000e-01  8.4522529600e-02 
1016.000  6.1212119000e-01  8.5192161560e-02 
1017.000  6.0618998000e-01  8.4421455380e-02 
1018.000  6.1374784000e-01  8.5437919620e-02 
1019.000  5.9894430000e-01  8.3266967770e-02 
1020.000  5.9794615000e-01  8.3174484250e-02 
1021.000  6.0443948000e-01  8.4162704470e-02 
1022.000  5.9444335000e-01  8.2592605590e-02 
1023.000  6.0507490000e-01  8.3917617800e-02 
1024.000  6.0153681000e-01  8.3332084660e-02 
1025.000  6.0268020000e-01  8.3728271480e-02 
1026.000  6.0396070000e-01  8.4027893070e-02 
1027.000  6.0006281000e-01  8.3472991940e-02 
1028.000  6.0167171000e-01  8.3772148130e-02 
1029.000  5.9302715000e-01  8.2710739140e-02 
1030.000  5.9949281000e-01  8.3755035400e-02 
1031.000  5.9784964000e-01  8.3617805480e-02 
1032.000  5.9593501000e-01  8.3422447200e-02 
1033.000  5.8499657000e-01  8.1908935550e-02 
1034.000  5.9070991000e-01  8.2741180420e-02 
1035.000  5.8299335000e-01  8.1664062500e-02 
1036.000  5.9262684000e-01  8.3036849980e-02 
1037.000  5.8014473000e-01  8.1302345280e-02 
1038.000  5.8587972000e-01  8.2117500310e-02 
1039.000  5.8826552000e-01  8.2444473270e-02 
1040.000  5.8129623000e-01  8.1465095520e-02 
1041.000  5.8432097000e-01  8.1883995060e-02 
1042.000  5.8604854000e-01  8.2127235410e-02 
1043.000  5.7592806000e-01  8.0712913510e-02 
1044.000  5.8165106000e-01  8.1513038640e-02 
1045.000  5.7910097000e-01  8.1165931700e-02 
1046.000  5.6225007000e-01  7.8824798580e-02 
1047.000  5.7256053000e-01  8.0289825440e-02 
1048.000  5.7823249000e-01  8.1112037660e-02 
1049.000  5.7451291000e-01  8.0623390200e-02 
1050.000  5.7209321000e-01  8.0291313170e-02 
1051.000  5.7106956000e-01  8.0115539550e-02 
1052.000  5.6838415000e-01  7.9716011050e-02 
1053.000  5.6695160000e-01  7.9505294800e-02 
1054.000  5.6272325000e-01  7.8858322140e-02 
1055.000  5.6681491000e-01  7.9408775330e-02 
1056.000  5.6527939000e-01  7.9166336060e-02 
1057.000  5.6421100000e-01  7.8944946290e-02 
1058.000  5.5814035000e-01  7.7961448670e-02 
1059.000  5.4059680000e-01  7.5542846680e-02 
1060.000  5.6015576000e-01  7.8379318240e-02 
1061.000  5.4050309000e-01  7.5628898620e-02 
1062.000  5.5539559000e-01  7.7638618470e-02 
1063.000  5.4598665000e-01  7.6306816100e-02 
1064.000  5.5271886000e-01  7.7167846680e-02 
1065.000  5.5188058000e-01  7.6935150150e-02 
1066.000  5.3497539000e-01  7.4575408940e-02 
1067.000  5.4759975000e-01  7.6279685970e-02 
1068.000  5.4485379000e-01  7.5688682560e-02 
1069.000  5.0353901000e-01  6.9831588750e-02 
1070.000  5.3348236000e-01  7.4007514950e-02 
1071.000  5.3395186000e-01  7.3956497190e-02 
1072.000  5.3533619000e-01  7.4035583500e-02 
1073.000  5.1764475000e-01  7.1573410030e-02 
1074.000  5.3584514000e-01  7.4114524840e-02 
1075.000  5.1979681000e-01  7.2069534300e-02 
1076.000  5.3082500000e-01  7.3488960270e-02 
1077.000  5.2913389000e-01  7.3110946660e-02 
1078.000  5.2989802000e-01  7.3049385070e-02 
1079.000  5.0940768000e-01  7.0203399660e-02 
1080.000  5.2284243000e-01  7.1620712280e-02 
1081.000  5.0351616000e-01  6.8945045470e-02 
1082.000  5.1066294000e-01  7.0088752750e-02 
1083.000  4.9601476000e-01  6.7839103700e-02 
1084.000  5.1393083000e-01  7.0025299070e-02 
1085.000  5.0470093000e-01  6.8191390990e-02 
1086.000  5.1189510000e-01  6.9274688720e-02 
1087.000  4.8314500000e-01  6.5959373470e-02 
1088.000  5.1251514000e-01  7.0013450620e-02 
1089.000  4.8968222000e-01  6.6184219360e-02 
1090.000  4.9967615000e-01  6.7413024900e-02 
1091.000  5.0358806000e-01  6.8093666080e-02 
1092.000  4.9022101000e-01  6.5942222600e-02 
1093.000  4.8033411000e-01  6.3861328120e-02 
1094.000  4.3551383100e-01  5.7591995240e-02 
1095.000  4.7168877000e-01  6.2405261990e-02 
1096.000  4.7301432000e-01  6.2627182010e-02 
1097.000  4.6294913000e-01  6.1095176700e-02 
1098.000  4.4561692900e-01  5.7140640260e-02 
1099.000  4.3529931000e-01  5.4452072140e-02 
1100.000  4.4359223700e-01  5.5575077060e-02 
1101.000  4.4425120500e-01  5.5836574550e-02 
1102.000  4.2508546400e-01  5.3323829650e-02 
1103.000  4.4303704400e-01  5.5684993740e-02 
1104.000  4.3783579600e-01  5.4791606900e-02 
1105.000  4.3208110500e-01  5.3497108460e-02 
1106.000  4.2325696000e-01  5.1855194090e-02 
1107.000  4.2409210800e-01  5.2063739780e-02 
1108.000  4.2375933700e-01  5.2078414920e-02 
1109.000  4.3025687200e-01  5.3288490300e-02 
1110.000  4.3201482000e-01  5.3364692690e-02 
1111.000  4.2404162400e-01  5.2072273250e-02 
1112.000  4.0767448500e-01  4.8885684970e-02 
1113.000  3.8896020500e-01  4.4918373110e-02 
1114.000  3.8875292600e-01  4.4278865810e-02 
1115.000  3.6314165800e-01  3.9063903810e-02 
1116.000  3.4497336000e-01  3.5752510070e-02 
1117.000  3.1597902700e-01  3.0164148330e-02 
1118.000  2.8202888100e-01  2.4851232530e-02 
1119.000  2.5818268600e-01  2.1650236130e-02 
1120.000  2.3801655900e-01  1.8718318940e-02 
1121.000  2.3493286200e-01  1.8174417500e-02 
1122.000  2.1116544600e-01  1.5136529920e-02 
1123.000  2.2501705000e-01  1.6765661240e-02 
1124.000  2.3397111000e-01  1.7853651050e-02 
1125.000  2.2481392900e-01  1.6921585080e-02 
1126.000  2.1876578600e-01  1.6382656100e-02 
1127.000  2.2793420800e-01  1.7196533200e-02 
1128.000  2.2715084100e-01  1.7378234860e-02 
1129.000  2.4996581000e-01  2.0392269130e-02 
1130.000  2.9876802100e-01  2.7543596270e-02 
1131.000  3.1570614600e-01  3.0092670440e-02 
1132.000  2.9773971800e-01  2.7062194820e-02 
1133.000  2.5552126400e-01  2.1299316410e-02 
1134.000  1.8687372300e-01  1.2561629300e-02 
1135.000  1.9452400900e-01  1.3365450860e-02 
1136.000  2.6167930700e-01  2.2158092500e-02 
1137.000  2.9993939500e-01  2.7682704930e-02 
1138.000  3.2044335500e-01  3.2135589600e-02 
1139.000  3.3647824400e-01  3.4718429570e-02 
1140.000  3.3145911700e-01  3.3660354610e-02 
1141.000  3.0990226100e-01  3.0535348890e-02 
1142.000  3.1404058700e-01  3.0579797740e-02 
1143.000  2.9513359600e-01  2.7748840330e-02 
1144.000  2.7785600400e-01  2.5130462650e-02 
1145.000  2.5699172600e-01  2.1906337740e-02 
1146.000  2.6500214200e-01  2.2905431750e-02 
1147.000  2.8410411900e-01  2.5684421540e-02 
1148.000  2.9671763200e-01  2.7872835160e-02 
1149.000  3.0364311900e-01  2.8972827910e-02 
1150.000  3.0239250900e-01  2.8937938690e-02 
1151.000  3.1025213900e-01  3.0444908140e-02 
1152.000  3.1389064800e-01  3.1174919130e-02 
1153.000  3.1957726300e-01  3.2293422700e-02 
1154.000  3.1982471300e-01  3.2207633970e-02 
1155.000  3.3265324600e-01  3.4639175420e-02 
1156.000  3.4110600800e-01  3.6808330540e-02 
1157.000  3.7051676500e-01  4.2649383540e-02 
1158.000  3.8088558000e-01  4.4880611420e-02 
1159.000  3.8410409100e-01  4.6133419040e-02 
1160.000  3.8269214800e-01  4.6326824190e-02 
1161.000  3.8321830200e-01  4.7235431670e-02 
1162.000  4.0353498100e-01  5.0439590450e-02 
1163.000  4.1309994000e-01  5.2481052400e-02 
1164.000  4.0653689100e-01  5.1826961520e-02 
1165.000  4.1488613100e-01  5.3005393980e-02 
1166.000  4.0568204700e-01  5.2030616760e-02 
1167.000  4.1322542600e-01  5.3124107360e-02 
1168.000  4.1643676600e-01  5.3496627810e-02 
1169.000  4.0310346400e-01  5.1909168240e-02 
1170.000  4.1495365000e-01  5.3549098970e-02 
1171.000  4.1962705000e-01  5.4444816590e-02 
1172.000  4.1667702300e-01  5.3896148680e-02 
1173.000  4.1217413800e-01  5.3156978610e-02 
1174.000  4.1247589400e-01  5.3207527160e-02 
1175.000  4.1192556700e-01  5.3579219820e-02 
1176.000  4.0581017400e-01  5.3190025330e-02 
1177.000  4.1648456000e-01  5.4391120910e-02 
1178.000  4.0570523600e-01  5.2593086240e-02 
1179.000  4.0389514800e-01  5.2360637660e-02 
1180.000  4.0820561600e-01  5.2779422760e-02 
1181.000  4.0259036600e-01  5.1697605130e-02 
1182.000  3.9958449700e-01  5.0964866640e-02 
1183.000  3.7679113300e-01  4.8097557070e-02 
1184.000  3.9576188700e-01  5.0716007230e-02 
1185.000  4.0591160900e-01  5.2517719270e-02 
1186.000  4.0204755800e-01  5.1870548250e-02 
1187.000  3.9718500500e-01  5.0749916080e-02 
1188.000  3.9399582100e-01  5.0230476380e-02 
1189.000  3.7386986500e-01  4.7950008390e-02 
1190.000  3.9999113200e-01  5.2088100430e-02 
1191.000  4.0855094100e-01  5.3443527220e-02 
1192.000  4.0962489000e-01  5.3936771390e-02 
1193.000  4.0906834800e-01  5.3777851100e-02 
1194.000  4.0778460100e-01  5.3561298370e-02 
1195.000  3.9998107300e-01  5.2201404570e-02 
1196.000  4.0017099900e-01  5.2279735570e-02 
1197.000  3.9849441400e-01  5.1901893620e-02 
1198.000  3.8476684900e-01  5.0083702090e-02 
1199.000  3.6862894900e-01  4.7798839570e-02 
1200.000  3.9297626300e-01  5.1075389860e-02 
1201.000  3.9623190800e-01  5.1559757230e-02 
1202.000  3.9714436200e-01  5.1769500730e-02 
1203.000  3.7670933400e-01  4.9048824310e-02 
1204.000  3.8356440400e-01  5.0048599240e-02 
1205.000  3.9775688100e-01  5.2470653530e-02 
1206.000  3.9780589500e-01  5.2736682890e-02 
1207.000  4.0148714400e-01  5.3330471040e-02 
1208.000  3.9491608800e-01  5.2368312840e-02 
1209.000  3.6911005200e-01  4.8813423160e-02 
1210.000  3.9294307600e-01  5.1724399570e-02 
1211.000  3.7952966800e-01  4.9928298950e-02 
1212.000  3.9196862600e-01  5.1627986910e-02 
1213.000  3.9556665100e-01  5.2333881380e-02 
1214.000  3.9350157600e-01  5.2032958980e-02 
1215.000  3.9558216400e-01  5.2401428220e-02 
1216.000  3.9735297800e-01  5.3009830470e-02 
1217.000  3.9896770400e-01  5.3554351810e-02 
1218.000  3.9854661400e-01  5.3662570950e-02 
1219.000  3.9531560800e-01  5.3330333710e-02 
1220.000  3.9805204900e-01  5.3704357150e-02 
1221.000  3.9757838300e-01  5.3671222690e-02 
1222.000  3.9556018200e-01  5.3409797670e-02 
1223.000  3.9389384900e-01  5.3230579380e-02 
1224.000  3.9842592700e-01  5.4044544220e-02 
1225.000  3.9654851200e-01  5.3843917850e-02 
1226.000  3.9835201100e-01  5.4163307190e-02 
1227.000  3.8551870800e-01  5.2528541560e-02 
1228.000  3.9838585100e-01  5.4423786160e-02 
1229.000  3.9853690300e-01  5.4556053160e-02 
1230.000  3.9784032600e-01  5.4587276460e-02 
1231.000  3.9821094000e-01  5.4713096620e-02 
1232.000  3.9385594100e-01  5.4150798800e-02 
1233.000  3.9703987500e-01  5.4615032200e-02 
1234.000  3.9671093100e-01  5.4726799010e-02 
1235.000  3.9426381100e-01  5.4449699400e-02 
1236.000  3.9676238900e-01  5.4839694980e-02 
1237.000  3.9701495600e-01  5.4932548520e-02 
1238.000  3.9685864500e-01  5.4939548490e-02 
1239.000  3.9238164200e-01  5.4340534210e-02 
1240.000  3.9060465900e-01  5.4121116640e-02 
1241.000  3.9401452000e-01  5.4607372280e-02 
1242.000  3.9161811700e-01  5.4284561160e-02 
1243.000  3.8716103000e-01  5.3678295140e-02 
1244.000  3.8351893600e-01  5.3168369290e-02 
1245.000  3.8999628700e-01  5.4068988800e-02 
1246.000  3.8683602300e-01  5.3607437130e-02 
1247.000  3.8475104500e-01  5.3291187290e-02 
1248.000  3.8756100600e-01  5.3656173710e-02 
1249.000  3.8605503200e-01  5.3437202450e-02 
1250.000  3.8437497100e-01  5.3181148530e-02 
1251.000  3.8154400600e-01  5.2772388460e-02 
1252.000  3.8010429800e-01  5.2537353520e-02 
1253.000  3.7664846600e-01  5.2019741060e-02 
1254.000  3.7700337600e-01  5.1981578830e-02 
1255.000  3.7591657100e-01  5.1779293060e-02 
1256.000  3.7471870200e-01  5.1576168060e-02 
1257.000  3.6986951900e-01  5.0842269900e-02 
1258.000  3.6994532000e-01  5.0710773470e-02 
1259.000  3.6470771100e-01  4.9882175450e-02 
1260.000  3.6383771500e-01  4.9634292600e-02 
1261.000  3.6161848800e-01  4.9194599150e-02 
1262.000  3.5058070500e-01  4.7461456300e-02 
1263.000  3.5355739100e-01  4.7802688600e-02 
1264.000  3.4721520400e-01  4.6914451600e-02 
1265.000  3.4753739300e-01  4.6947738650e-02 
1266.000  3.4839506300e-01  4.6977905270e-02 
1267.000  3.4031834900e-01  4.5804862980e-02 
1268.000  3.3523013400e-01  4.5043552400e-02 
1269.000  3.3758270100e-01  4.5325565340e-02 
1270.000  3.4576588100e-01  4.6626106260e-02 
1271.000  3.4968704500e-01  4.7230842590e-02 
1272.000  3.5027277700e-01  4.7396797180e-02 
1273.000  3.5143569700e-01  4.7664756770e-02 
1274.000  3.5113727600e-01  4.7764175420e-02 
1275.000  3.5407897000e-01  4.8207313540e-02 
1276.000  3.5516417800e-01  4.8358543400e-02 
1277.000  3.5520459800e-01  4.8334068300e-02 
1278.000  3.5451676600e-01  4.8195987700e-02 
1279.000  3.5249325600e-01  4.7921695710e-02 
1280.000  3.5139511300e-01  4.7874889370e-02 
1281.000  3.4231757500e-01  4.6730804440e-02 
1282.000  3.0474796600e-01  4.1684482570e-02 
1283.000  3.3497276000e-01  4.5851017000e-02 
1284.000  3.4885776300e-01  4.7744869230e-02 
1285.000  3.5170106100e-01  4.8145690920e-02 
1286.000  3.5115506700e-01  4.7991252900e-02 
1287.000  3.5242370800e-01  4.8032241820e-02 
1288.000  3.4693085700e-01  4.6858406070e-02 
1289.000  3.4798219100e-01  4.6859546660e-02 
1290.000  3.3986186300e-01  4.5733329770e-02 
1291.000  3.4509750500e-01  4.6462680820e-02 
1292.000  3.4797002600e-01  4.6971298220e-02 
1293.000  3.4840920300e-01  4.7004512790e-02 
1294.000  3.4146474100e-01  4.5850009920e-02 
1295.000  3.4280944100e-01  4.5720935820e-02 
1296.000  3.4061598000e-01  4.5116561890e-02 
1297.000  3.3651717800e-01  4.4329677580e-02 
1298.000  3.3332615500e-01  4.3863067630e-02 
1299.000  3.3655054900e-01  4.4242073060e-02 
1300.000  3.3486019400e-01  4.3968132020e-02 
1301.000  3.3387970000e-01  4.3749740600e-02 
1302.000  3.2819589800e-01  4.2810321810e-02 
1303.000  3.2221869100e-01  4.1547893520e-02 
1304.000  3.2085001400e-01  4.1156124110e-02 
1305.000  3.2209859600e-01  4.1211483000e-02 
1306.000  3.2188186100e-01  4.1077156070e-02 
1307.000  3.1986742700e-01  4.0692283630e-02 
1308.000  3.1689282100e-01  4.0009113310e-02 
1309.000  3.1295945900e-01  3.9122509000e-02 
1310.000  3.1123458900e-01  3.8852340700e-02 
1311.000  3.1038203300e-01  3.8726222990e-02 
1312.000  3.0495216400e-01  3.7627662660e-02 
1313.000  2.8884579900e-01  3.5181503300e-02 
1314.000  2.9336531500e-01  3.5318313600e-02 
1315.000  2.8559015000e-01  3.4544132230e-02 
1316.000  2.9556852200e-01  3.6008407590e-02 
1317.000  2.9857273400e-01  3.6343383790e-02 
1318.000  2.8917962400e-01  3.4713130950e-02 
1319.000  2.8553407200e-01  3.3614151000e-02 
1320.000  2.7481709200e-01  3.1567352290e-02 
1321.000  2.7028201800e-01  3.0703927990e-02 
1322.000  2.7535411200e-01  3.1759469990e-02 
1323.000  2.8224394900e-01  3.3036888120e-02 
1324.000  2.8550861900e-01  3.3658412930e-02 
1325.000  2.8312425700e-01  3.3176742550e-02 
1326.000  2.7604159800e-01  3.1839309690e-02 
1327.000  2.6150692700e-01  2.8995523450e-02 
1328.000  2.4837157700e-01  2.6169012070e-02 
1329.000  2.1427780000e-01  2.0538488390e-02 
1330.000  2.0822803600e-01  1.9264154430e-02 
1331.000  2.0273980700e-01  1.8317697530e-02 
1332.000  2.0054505800e-01  1.8216587070e-02 
1333.000  2.1156029500e-01  1.9578300480e-02 
1334.000  2.1998342200e-01  2.0873647690e-02 
1335.000  2.2593020400e-01  2.1828639980e-02 
1336.000  2.2582466500e-01  2.1946836470e-02 
1337.000  2.2838056200e-01  2.2240768430e-02 
1338.000  2.3213605500e-01  2.2908651350e-02 
1339.000  2.3265005500e-01  2.3066005710e-02 
1340.000  2.3427260000e-01  2.3493431090e-02 
1341.000  2.3822854600e-01  2.3655233380e-02 
1342.000  2.3813067000e-01  2.3634948730e-02 
1343.000  2.2908993500e-01  2.1604503630e-02 
1344.000  2.1522814600e-01  1.9111421590e-02 
1345.000  1.7806582200e-01  1.3647719380e-02 
1346.000  1.5188637300e-01  1.0201686860e-02 
1347.000  1.3471713100e-01  8.2934398650e-03 
1348.000  1.1168258800e-01  5.7655549050e-03 
1349.000  1.0157818870e-01  4.8748836520e-03 
1350.000  7.9123116200e-02  3.0004863740e-03 
1351.000  6.8306972800e-02  2.3142197130e-03 
1352.000  5.2246225200e-02  1.3706754450e-03 
1353.000  3.7031530100e-02  7.5138336420e-04 
1354.000  2.9610073000e-02  5.0208520890e-04 
1355.000  2.2989701800e-02  3.2203423980e-04 
1356.000  1.7384967600e-02  1.9613447790e-04 
1357.000  1.1883095970e-02  9.8966054620e-05 
1358.000  8.7943116000e-03  6.0487743470e-05 
1359.000  4.6371926400e-03  2.0579008390e-05 
1360.000  3.0667204800e-03  1.0830552320e-05 
1361.000  2.2822909500e-03  6.4510074440e-06 
1362.000  2.1000791800e-03  5.6740115400e-06 
1363.000  3.0298730500e-03  9.8938746380e-06 
1364.000  3.5132276400e-03  1.2382752260e-05 
1365.000  3.6785396100e-03  1.3062357900e-05 
1366.000  4.2481007200e-03  1.6306927430e-05 
1367.000  3.5684724900e-03  1.2777207420e-05 
1368.000  3.1641456000e-03  1.1043811220e-05 
1369.000  3.2446900700e-03  1.1615633960e-05 
1370.000  5.3662067800e-03  2.6906531300e-05 
1371.000  9.5567524700e-03  6.7268274720e-05 
1372.000  1.7696199200e-02  1.8551892040e-04 
1373.000  2.5103535400e-02  3.2697466020e-04 
1374.000  3.0483559600e-02  4.5189857480e-04 
1375.000  3.2500829800e-02  5.0699591640e-04 
1376.000  3.0145860600e-02  4.4945660230e-04 
1377.000  2.6837304800e-02  3.6715692280e-04 
1378.000  2.0455603100e-02  2.3417826000e-04 
1379.000  1.4046721580e-02  1.2652088700e-04 
1380.000  7.9669018700e-03  5.0605658440e-05 
1381.000  4.6085493700e-03  2.1129110830e-05 
1382.000  3.2226955600e-03  1.1932281780e-05 
1383.000  3.1180844000e-03  1.1142876930e-05 
1384.000  5.0718386700e-03  2.3983726280e-05 
1385.000  7.2001208900e-03  4.1960444300e-05 
1386.000  1.0997437850e-02  8.2565717400e-05 
1387.000  2.0206282700e-02  2.2643326220e-04 
1388.000  2.6781607400e-02  3.5492211580e-04 
1389.000  3.0763975700e-02  4.5168104770e-04 
1390.000  3.1403304900e-02  4.7168904540e-04 
1391.000  2.9315358900e-02  4.1914030910e-04 
1392.000  2.2163666400e-02  2.6508316400e-04 
1393.000  1.6942378300e-02  1.7282976210e-04 
1394.000  1.2979796330e-02  1.1280761660e-04 
1395.000  1.4631327900e-02  1.3650421800e-04 
1396.000  2.0077413400e-02  2.2506116330e-04 
1397.000  2.5909774300e-02  3.4159502390e-04 
1398.000  2.6682574700e-02  3.5658928750e-04 
1399.000  2.4913622600e-02  3.2301619650e-04 
1400.000  2.3296353900e-02  2.9322448370e-04 
1401.000  2.4765216500e-02  3.2790181040e-04 
1402.000  3.0702155200e-02  4.5586618780e-04 
1403.000  3.5348540600e-02  5.8869200940e-04 
1404.000  3.3248457600e-02  5.2847141030e-04 
1405.000  3.4827013500e-02  5.8200079200e-04 
1406.000  3.2294431800e-02  5.0830799340e-04 
1407.000  3.3492527300e-02  5.5287408830e-04 
1408.000  4.0143139300e-02  7.3809152840e-04 
1409.000  4.7056890100e-02  9.7238755230e-04 
1410.000  5.7714826900e-02  1.3571875100e-03 
1411.000  6.8649520400e-02  1.8563512560e-03 
1412.000  6.6323304200e-02  1.7878916260e-03 
1413.000  7.3148381300e-02  2.1301658150e-03 
1414.000  7.2119334100e-02  2.0430779460e-03 
1415.000  7.9726912400e-02  2.4764444830e-03 
1416.000  8.5660869100e-02  2.7920348640e-03 
1417.000  8.7866343000e-02  2.9344117640e-03 
1418.000  8.8649361900e-02  2.9573953150e-03 
1419.000  8.8464751600e-02  2.9952003960e-03 
1420.000  9.0565789000e-02  3.1027288440e-03 
1421.000  1.0185946530e-01  3.7912342550e-03 
1422.000  1.0428261530e-01  3.9980862140e-03 
1423.000  1.0544556210e-01  4.1122064590e-03 
1424.000  1.0508721360e-01  4.0712385180e-03 
1425.000  1.0389419060e-01  3.9479012490e-03 
1426.000  1.0016847330e-01  3.8062181470e-03 
1427.000  1.0609849170e-01  4.1570267680e-03 
1428.000  1.1206056010e-01  4.4832620620e-03 
1429.000  1.1366202520e-01  4.6726279260e-03 
1430.000  1.1089804610e-01  4.5547881130e-03 
1431.000  1.0331507900e-01  4.0709314350e-03 
1432.000  1.0102060820e-01  3.8758442400e-03 
1433.000  1.0073590130e-01  3.8535573480e-03 
1434.000  9.6084160400e-02  3.5959258080e-03 
1435.000  1.0315490780e-01  4.0236220360e-03 
1436.000  1.0572368180e-01  4.1935453410e-03 
1437.000  1.0740887510e-01  4.2966079710e-03 
1438.000  1.1387167450e-01  4.7464933400e-03 
1439.000  1.1597316600e-01  4.8500375750e-03 
1440.000  1.1120009110e-01  4.7074480060e-03 
1441.000  1.1810682590e-01  5.0349869730e-03 
1442.000  1.1329157400e-01  4.7671313290e-03 
1443.000  1.1532780310e-01  4.8642177580e-03 
1444.000  1.1792781330e-01  5.0323591230e-03 
1445.000  1.1816393880e-01  5.0608701710e-03 
1446.000  1.2368054980e-01  5.4236121180e-03 
1447.000  1.2706081700e-01  5.6902356150e-03 
1448.000  1.2850890900e-01  5.7788476940e-03 
1449.000  1.2598579580e-01  5.5932245250e-03 
1450.000  1.2047311990e-01  5.2378120420e-03 
1451.000  1.2182193060e-01  5.3610167500e-03 
1452.000  1.2715371200e-01  5.8308882710e-03 
1453.000  1.4168744600e-01  6.8813676830e-03 
1454.000  1.5417797600e-01  7.9179749490e-03 
1455.000  1.6015188200e-01  8.5059909820e-03 
1456.000  1.6725617100e-01  9.1765718460e-03 
1457.000  1.6994610600e-01  9.3741407390e-03 
1458.000  1.7327038600e-01  9.6257123950e-03 
1459.000  1.6840213400e-01  9.1651754380e-03 
1460.000  1.6072540700e-01  8.5923500060e-03 
1461.000  1.5764234000e-01  8.3618478780e-03 
1462.000  1.4915388900e-01  7.7016634940e-03 
1463.000  1.4816500900e-01  7.6759624480e-03 
1464.000  1.4625108300e-01  7.5308690070e-03 
1465.000  1.4300637700e-01  7.2192754750e-03 
1466.000  1.3327829600e-01  6.5548267360e-03 
1467.000  1.3231160200e-01  6.3880457880e-03 
1468.000  1.2416983360e-01  5.8682546620e-03 
1469.000  1.1778916290e-01  5.3554382320e-03 
1470.000  1.1437801260e-01  5.1368665700e-03 
1471.000  1.2137839190e-01  5.7618861200e-03 
1472.000  1.3365828400e-01  6.7579693790e-03 
1473.000  1.5020609200e-01  8.1806716920e-03 
1474.000  1.5744287900e-01  9.0517969130e-03 
1475.000  1.6024248800e-01  9.2582101820e-03 
1476.000  1.6050322700e-01  9.3203697200e-03 
1477.000  1.5706286300e-01  9.0351667400e-03 
1478.000  1.5092053300e-01  8.6035785680e-03 
1479.000  1.4792716300e-01  8.3040895460e-03 
1480.000  1.5100866200e-01  8.6396274570e-03 
1481.000  1.5383241200e-01  9.0398483280e-03 
1482.000  1.6078244900e-01  9.7292318340e-03 
1483.000  1.5900350000e-01  9.7322959900e-03 
1484.000  1.6003492000e-01  9.8595876690e-03 
1485.000  1.6233540200e-01  1.0020107270e-02 
1486.000  1.6370897800e-01  1.0370743750e-02 
1487.000  1.7373139900e-01  1.1529117580e-02 
1488.000  1.5225104400e-01  1.0195017810e-02 
1489.000  1.8684096100e-01  1.3264740940e-02 
1490.000  1.9767652200e-01  1.4742620470e-02 
1491.000  2.0474005300e-01  1.5699043270e-02 
1492.000  2.0102800500e-01  1.5566781040e-02 
1493.000  2.0845932900e-01  1.6444784160e-02 
1494.000  2.0815559000e-01  1.6548572540e-02 
1495.000  2.0988005200e-01  1.6998893740e-02 
1496.000  2.0951774500e-01  1.7398412700e-02 
1497.000  2.1462735900e-01  1.7955392840e-02 
1498.000  2.2170800000e-01  1.8954465870e-02 
1499.000  2.2269773100e-01  1.9436147690e-02 
1500.000  2.2956596900e-01  2.0370052340e-02 
1501.000  2.2826041100e-01  2.0278478620e-02 
1502.000  2.2457983200e-01  1.9934595110e-02 
1503.000  2.0062190400e-01  1.7820949550e-02 
1504.000  2.0995692200e-01  1.8803291320e-02 
1505.000  2.1258005100e-01  1.9337219240e-02 
1506.000  2.1551178300e-01  1.9707708360e-02 
1507.000  2.2833022700e-01  2.1178880690e-02 
1508.000  2.2632256900e-01  2.1199277880e-02 
1509.000  2.2884721400e-01  2.1655168530e-02 
1510.000  2.3294864300e-01  2.2188882830e-02 
1511.000  2.3509620800e-01  2.2562231060e-02 
1512.000  2.3141065400e-01  2.2342393880e-02 
1513.000  2.3132072700e-01  2.2445323940e-02 
1514.000  2.2815406600e-01  2.2219394680e-02 
1515.000  2.3346022200e-01  2.2878335950e-02 
1516.000  2.3155444900e-01  2.2786071780e-02 
1517.000  2.3093400000e-01  2.2853899000e-02 
1518.000  2.3665651500e-01  2.3613084790e-02 
1519.000  2.3487508200e-01  2.3646741870e-02 
1520.000  2.3847569700e-01  2.4272390370e-02 
1521.000  2.3508667600e-01  2.4091857910e-02 
1522.000  2.3372703400e-01  2.4022359850e-02 
1523.000  2.3975328100e-01  2.4743595120e-02 
1524.000  2.3766961300e-01  2.4568605420e-02 
1525.000  2.3193379000e-01  2.4008481980e-02 
1526.000  2.3856944300e-01  2.4762941360e-02 
1527.000  2.3645724200e-01  2.4645185470e-02 
1528.000  2.3855879700e-01  2.4985229490e-02 
1529.000  2.3781274100e-01  2.4963222500e-02 
1530.000  2.2295900600e-01  2.3511207580e-02 
1531.000  2.3860319400e-01  2.5266080860e-02 
1532.000  2.3746658900e-01  2.5255954740e-02 
1533.000  2.3650551700e-01  2.5242259980e-02 
1534.000  2.3302804200e-01  2.4954071040e-02 
1535.000  2.3401592500e-01  2.5144866940e-02 
1536.000  2.3714883300e-01  2.5557788850e-02 
1537.000  2.3808603900e-01  2.5761777880e-02 
1538.000  2.3175967800e-01  2.5182695390e-02 
1539.000  2.3677517700e-01  2.5830713270e-02 
1540.000  2.2822668800e-01  2.4983219150e-02 
1541.000  2.3303981600e-01  2.5577310560e-02 
1542.000  2.3442731900e-01  2.5788291930e-02 
1543.000  2.3378982600e-01  2.5788589480e-02 
1544.000  2.3679354400e-01  2.6199577330e-02 
1545.000  2.3770285100e-01  2.6396106720e-02 
1546.000  2.3792206300e-01  2.6515604020e-02 
1547.000  2.3561187800e-01  2.6346389770e-02 
1548.000  2.2865336800e-01  2.5646524430e-02 
1549.000  2.3451409700e-01  2.6369945530e-02 
1550.000  2.3319652400e-01  2.6282777790e-02 
1551.000  2.3196901700e-01  2.6188478470e-02 
1552.000  2.3592323100e-01  2.6679639820e-02 
1553.000  2.3469032100e-01  2.6593774800e-02 
1554.000  2.2609148600e-01  2.5661632540e-02 
1555.000  2.2986477500e-01  2.6148109440e-02 
1556.000  2.2547653800e-01  2.5710128780e-02 
1557.000  2.3285945200e-01  2.6620830540e-02 
1558.000  2.3101612200e-01  2.6464557650e-02 
1559.000  2.3103426800e-01  2.6518163680e-02 
1560.000  2.2704468200e-01  2.6120782850e-02 
1561.000  2.3234357900e-01  2.6769336700e-02 
1562.000  2.3223554200e-01  2.6779396060e-02 
1563.000  2.2876411800e-01  2.6410552980e-02 
1564.000  2.2410569300e-01  2.5893907550e-02 
1565.000  2.2735903900e-01  2.6283592220e-02 
1566.000  2.2305139200e-01  2.5830436710e-02 
1567.000  2.2269356400e-01  2.5800186160e-02 
1568.000  2.1753755200e-01  2.5195777890e-02 
1569.000  2.1771889500e-01  2.5202648160e-02 
1570.000  2.1166240400e-01  2.4504386900e-02 
1571.000  2.1733396700e-01  2.5199417110e-02 
1572.000  2.1716773800e-01  2.5204904560e-02 
1573.000  2.1386942300e-01  2.4874549870e-02 
1574.000  2.1471274600e-01  2.5037366870e-02 
1575.000  1.9948820700e-01  2.3311223980e-02 
1576.000  2.1431637400e-01  2.5075931550e-02 
1577.000  1.9359465600e-01  2.2677984240e-02 
1578.000  2.1194535800e-01  2.4856876370e-02 
1579.000  2.1326859200e-01  2.5050756450e-02 
1580.000  2.1781874200e-01  2.5640077590e-02 
1581.000  2.1637454600e-01  2.5505128860e-02 
1582.000  2.1222457400e-01  2.5094066620e-02 
1583.000  2.1503036200e-01  2.5501392360e-02 
1584.000  2.1329846700e-01  2.5373224260e-02 
1585.000  2.1974656400e-01  2.6209491730e-02 
1586.000  2.1698703600e-01  2.5927503590e-02 
1587.000  2.1472611800e-01  2.5723949430e-02 
1588.000  2.1157603900e-01  2.5409486770e-02 
1589.000  1.9357023200e-01  2.3286293030e-02 
1590.000  2.0854204000e-01  2.5124374390e-02 
1591.000  2.0387061400e-01  2.4590738300e-02 
1592.000  2.1454656500e-01  2.5892892840e-02 
1593.000  2.1916229500e-01  2.6457939150e-02 
1594.000  2.1728699800e-01  2.6240943910e-02 
1595.000  2.1825978300e-01  2.6370424270e-02 
1596.000  2.0445138200e-01  2.4731998440e-02 
1597.000  2.1204249500e-01  2.5653247830e-02 
1598.000  2.1495716300e-01  2.5998275760e-02 
1599.000  2.0651913400e-01  2.4961347580e-02 
1600.000  2.0897147100e-01  2.5250001910e-02 
1601.000  2.0017418500e-01  2.4214704510e-02 
1602.000  2.0504159000e-01  2.4835243230e-02 
1603.000  2.0381378000e-01  2.4743375780e-02 
1604.000  2.0685869900e-01  2.5177339550e-02 
1605.000  2.0379996300e-01  2.4839818950e-02 
1606.000  2.0316138200e-01  2.4804189680e-02 
1607.000  2.0384893100e-01  2.4892637250e-02 
1608.000  2.0604329000e-01  2.5166103360e-02 
1609.000  2.0525117700e-01  2.5086458210e-02 
1610.000  1.9259045700e-01  2.3559179310e-02 
1611.000  1.9873781100e-01  2.4357397080e-02 
1612.000  2.0120644500e-01  2.4709850310e-02 
1613.000  2.0622660500e-01  2.5375347140e-02 
1614.000  2.0420202500e-01  2.5140462880e-02 
1615.000  2.0797386300e-01  2.5646820070e-02 
1616.000  1.9525462600e-01  2.4109769820e-02 
1617.000  2.0135934000e-01  2.4923227310e-02 
1618.000  2.0763292400e-01  2.5729785920e-02 
1619.000  2.0735167900e-01  2.5755907060e-02 
1620.000  2.0246112900e-01  2.5206581120e-02 
1621.000  1.9973432200e-01  2.4911907200e-02 
1622.000  2.0476107900e-01  2.5557706830e-02 
1623.000  2.0904232900e-01  2.6122709270e-02 
1624.000  2.1057054800e-01  2.6338039400e-02 
1625.000  2.0555575800e-01  2.5761526110e-02 
1626.000  2.0785661400e-01  2.6042016980e-02 
1627.000  2.0761810900e-01  2.6038845060e-02 
1628.000  2.0919552000e-01  2.6248781200e-02 
1629.000  2.0905890400e-01  2.6240709300e-02 
1630.000  2.0319546100e-01  2.5502149580e-02 
1631.000  2.0637302700e-01  2.5914194110e-02 
1632.000  2.0620027100e-01  2.5864524840e-02 
1633.000  2.0347952900e-01  2.5519428250e-02 
1634.000  1.9851800500e-01  2.4883756640e-02 
1635.000  2.0383929700e-01  2.5550384520e-02 
1636.000  2.0307321900e-01  2.5445320130e-02 
1637.000  1.9376162500e-01  2.4268623350e-02 
1638.000  1.9234600100e-01  2.4092164990e-02 
1639.000  1.9006322600e-01  2.3784040450e-02 
1640.000  1.9100936300e-01  2.3896209720e-02 
1641.000  1.8964562300e-01  2.3723068240e-02 
1642.000  1.8940780500e-01  2.3729194640e-02 
1643.000  1.9420752200e-01  2.4357080460e-02 
1644.000  1.9113551400e-01  2.3993791580e-02 
1645.000  1.9143413400e-01  2.4047218320e-02 
1646.000  1.9373418300e-01  2.4369586940e-02 
1647.000  1.9553507900e-01  2.4611734390e-02 
1648.000  1.9465160900e-01  2.4502956390e-02 
1649.000  1.9017908500e-01  2.3951995850e-02 
1650.000  1.9499803300e-01  2.4576627730e-02 
1651.000  1.9064440600e-01  2.4033069610e-02 
1652.000  1.9443492600e-01  2.4505472180e-02 
1653.000  1.9243318000e-01  2.4269805910e-02 
1654.000  1.9459152900e-01  2.4551622390e-02 
1655.000  1.9090621400e-01  2.4108320240e-02 
1656.000  1.9472982300e-01  2.4608049390e-02 
1657.000  1.9331545700e-01  2.4438268660e-02 
1658.000  1.9453442700e-01  2.4614444730e-02 
1659.000  1.9099636500e-01  2.4176090240e-02 
1660.000  1.9320374400e-01  2.4451921460e-02 
1661.000  1.9395741600e-01  2.4543869020e-02 
1662.000  1.9249969400e-01  2.4338256840e-02 
1663.000  1.9122527200e-01  2.4170963290e-02 
1664.000  1.9033318700e-01  2.4050535200e-02 
1665.000  1.8839271400e-01  2.3791835780e-02 
1666.000  1.8762297600e-01  2.3710340500e-02 
1667.000  1.8953929600e-01  2.3996749880e-02 
1668.000  1.8632799800e-01  2.3602586750e-02 
1669.000  1.8685306100e-01  2.3691654210e-02 
1670.000  1.9105387600e-01  2.4247945790e-02 
1671.000  1.8965625700e-01  2.4081596370e-02 
1672.000  1.8067342300e-01  2.2955511090e-02 
1673.000  1.8583463800e-01  2.3607450490e-02 
1674.000  1.8658391900e-01  2.3705692290e-02 
1675.000  1.8485125500e-01  2.3500402450e-02 
1676.000  1.8186262600e-01  2.3120628360e-02 
1677.000  1.8279314700e-01  2.3243366240e-02 
1678.000  1.8380571100e-01  2.3385940550e-02 
1679.000  1.8136453100e-01  2.3074476240e-02 
1680.000  1.7514820000e-01  2.2296327590e-02 
1681.000  1.6907707700e-01  2.1528436660e-02 
1682.000  1.7396039600e-01  2.2147516250e-02 
1683.000  1.7825073000e-01  2.2684730530e-02 
1684.000  1.8154492600e-01  2.3096065520e-02 
1685.000  1.8206436200e-01  2.3134708400e-02 
1686.000  1.7986811900e-01  2.2849914550e-02 
1687.000  1.8056304200e-01  2.2892459870e-02 
1688.000  1.8065592600e-01  2.2865968700e-02 
1689.000  1.7847673400e-01  2.2582794190e-02 
1690.000  1.7833127700e-01  2.2520740510e-02 
1691.000  1.8063841400e-01  2.2805717470e-02 
1692.000  1.8096373000e-01  2.2845853810e-02 
1693.000  1.8032387600e-01  2.2770494460e-02 
1694.000  1.8005458200e-01  2.2735727310e-02 
1695.000  1.8010069300e-01  2.2718929290e-02 
1696.000  1.7904664900e-01  2.2571149830e-02 
1697.000  1.7792005500e-01  2.2399126050e-02 
1698.000  1.7897527500e-01  2.2508813860e-02 
1699.000  1.7781955800e-01  2.2347574230e-02 
1700.000  1.7556820700e-01  2.2050132750e-02 
