 lambda   Irr_dw            Rad_up 
 550.000  1.5238788000e+00  9.5108711240e-02 
 551.000  1.5138582000e+00  9.4400154110e-02 
 552.000  1.5785434000e+00  9.8447853090e-02 
 553.000  1.5162175000e+00  9.4456916810e-02 
 554.000  1.5652819000e+00  9.7507392880e-02 
 555.000  1.5692183000e+00  9.7618858340e-02 
 556.000  1.5255369000e+00  9.4776641850e-02 
 557.000  1.4799009000e+00  9.1941596980e-02 
 558.000  1.5357324000e+00  9.5285675050e-02 
 559.000  1.4512636000e+00  8.9977912900e-02 
 560.000  1.4573300000e+00  9.0348747250e-02 
 561.000  1.6013322000e+00  9.9132896420e-02 
 562.000  1.4696313000e+00  9.0944786070e-02 
 563.000  1.5372733000e+00  9.5001411440e-02 
 564.000  1.5153611000e+00  9.3465484620e-02 
 565.000  1.5331563000e+00  9.4539489750e-02 
 566.000  1.4133125000e+00  8.7034240720e-02 
 567.000  1.5157772000e+00  9.3114997860e-02 
 568.000  1.5115782000e+00  9.2346069340e-02 
 569.000  1.4806574000e+00  8.9359138490e-02 
 570.000  1.4882931000e+00  8.9897148130e-02 
 571.000  1.4357748000e+00  8.7367218020e-02 
 572.000  1.5170005000e+00  9.1614028930e-02 
 573.000  1.5330186000e+00  9.2736236570e-02 
 574.000  1.5245006000e+00  9.2193016050e-02 
 575.000  1.4870739000e+00  8.9802261350e-02 
 576.000  1.4599712000e+00  8.8087738040e-02 
 577.000  1.5205486000e+00  9.1821662900e-02 
 578.000  1.4762200000e+00  8.9415069580e-02 
 579.000  1.4649063000e+00  8.8759483340e-02 
 580.000  1.5153299000e+00  9.1979751590e-02 
 581.000  1.4879216000e+00  9.0440742490e-02 
 582.000  1.5101220000e+00  9.1701248170e-02 
 583.000  1.5205295000e+00  9.2374343870e-02 
 584.000  1.5155794000e+00  9.1927452090e-02 
 585.000  1.5054862000e+00  9.1197753910e-02 
 586.000  1.4406884000e+00  8.7244148250e-02 
 587.000  1.4968935000e+00  9.0137275700e-02 
 588.000  1.4812443000e+00  8.7821144100e-02 
 589.000  1.3129883000e+00  7.6143692020e-02 
 590.000  1.3708891000e+00  7.9399421690e-02 
 591.000  1.4566049000e+00  8.5492034910e-02 
 592.000  1.4286742000e+00  8.3098770140e-02 
 593.000  1.4436180000e+00  8.5259071350e-02 
 594.000  1.4567922000e+00  8.5710449220e-02 
 595.000  1.4289585000e+00  8.3065444950e-02 
 596.000  1.4642582000e+00  8.6494735720e-02 
 597.000  1.4686708000e+00  8.6324180600e-02 
 598.000  1.4385585000e+00  8.5133003230e-02 
 599.000  1.4389195000e+00  8.5372283940e-02 
 600.000  1.4391985000e+00  8.5923919680e-02 
 601.000  1.4310808000e+00  8.5847610470e-02 
 602.000  1.4154301000e+00  8.4966728210e-02 
 603.000  1.4239707000e+00  8.5626235960e-02 
 604.000  1.4690795000e+00  8.8501251220e-02 
 605.000  1.4653187000e+00  8.8190322880e-02 
 606.000  1.4483444000e+00  8.7232849120e-02 
 607.000  1.4401995000e+00  8.6686866760e-02 
 608.000  1.4349113000e+00  8.6287872310e-02 
 609.000  1.4201854000e+00  8.5401992800e-02 
 610.000  1.3974362000e+00  8.3958076480e-02 
 611.000  1.4201230000e+00  8.5307586670e-02 
 612.000  1.4016302000e+00  8.4190872190e-02 
 613.000  1.3811465000e+00  8.2897789000e-02 
 614.000  1.3308066000e+00  7.9888206480e-02 
 615.000  1.3950807000e+00  8.3649490360e-02 
 616.000  1.3264526000e+00  7.9553733830e-02 
 617.000  1.3339457000e+00  7.9990592960e-02 
 618.000  1.3968785000e+00  8.3644866940e-02 
 619.000  1.3840909000e+00  8.2923370360e-02 
 620.000  1.4045361000e+00  8.4027839660e-02 
 621.000  1.4286943000e+00  8.5457740780e-02 
 622.000  1.3533427000e+00  8.0886154170e-02 
 623.000  1.3638888000e+00  8.1363807680e-02 
 624.000  1.3653636000e+00  8.1506835940e-02 
 625.000  1.3283904000e+00  7.9287635800e-02 
 626.000  1.3351340000e+00  7.9499961850e-02 
 627.000  1.3575288000e+00  8.0337471010e-02 
 628.000  1.3394862000e+00  7.8357192990e-02 
 629.000  1.3730682000e+00  8.0577239990e-02 
 630.000  1.3275016000e+00  7.8343971250e-02 
 631.000  1.3761957000e+00  8.1277191160e-02 
 632.000  1.2818996600e+00  7.5371299740e-02 
 633.000  1.3759933000e+00  8.1303108220e-02 
 634.000  1.3346697000e+00  7.9014808650e-02 
 635.000  1.3590875000e+00  8.0468223570e-02 
 636.000  1.3112069400e+00  7.7711524960e-02 
 637.000  1.3544838000e+00  8.0334632870e-02 
 638.000  1.3755491000e+00  8.1755668640e-02 
 639.000  1.3641950000e+00  8.0956871030e-02 
 640.000  1.3213981600e+00  7.8646049500e-02 
 641.000  1.3404959400e+00  7.9735145570e-02 
 642.000  1.3244121600e+00  7.8811111450e-02 
 643.000  1.3476166700e+00  8.0007408140e-02 
 644.000  1.3321769200e+00  7.8983329770e-02 
 645.000  1.3438399900e+00  7.9480560300e-02 
 646.000  1.2926901400e+00  7.5426841740e-02 
 647.000  1.3102613800e+00  7.5743736270e-02 
 648.000  1.3079703900e+00  7.5018295290e-02 
 649.000  1.3339181800e+00  7.6926834110e-02 
 650.000  1.2360857000e+00  7.2338188170e-02 
 651.000  1.3315210100e+00  7.7909721370e-02 
 652.000  1.3058992100e+00  7.5424652100e-02 
 653.000  1.3322138600e+00  7.8069854740e-02 
 654.000  1.3147956900e+00  7.6802055360e-02 
 655.000  1.2801667000e+00  7.4349800110e-02 
 656.000  1.0868657700e+00  6.3211086270e-02 
 657.000  1.1600226500e+00  6.7664230350e-02 
 658.000  1.2921240200e+00  7.5823432920e-02 
 659.000  1.2952449800e+00  7.6191116330e-02 
 660.000  1.3054221500e+00  7.6899185180e-02 
 661.000  1.3111749200e+00  7.7576400760e-02 
 662.000  1.3300569000e+00  7.8817428590e-02 
 663.000  1.3152989800e+00  7.7851791380e-02 
 664.000  1.2944202700e+00  7.6642608640e-02 
 665.000  1.3000702500e+00  7.6982482910e-02 
 666.000  1.3157516300e+00  7.8034027100e-02 
 667.000  1.2896524900e+00  7.6427825930e-02 
 668.000  1.2970010400e+00  7.6981750490e-02 
 669.000  1.3155256600e+00  7.8133285520e-02 
 670.000  1.3001131400e+00  7.7101638790e-02 
 671.000  1.2860738600e+00  7.6303489690e-02 
 672.000  1.2820203700e+00  7.6042373660e-02 
 673.000  1.2911934500e+00  7.6552978520e-02 
 674.000  1.2937112300e+00  7.6709693910e-02 
 675.000  1.2739843700e+00  7.5490539550e-02 
 676.000  1.2980518200e+00  7.6923423770e-02 
 677.000  1.2722463800e+00  7.5407684330e-02 
 678.000  1.2933215800e+00  7.6621063230e-02 
 679.000  1.2750755700e+00  7.5472534180e-02 
 680.000  1.2653073200e+00  7.4865303040e-02 
 681.000  1.2666838300e+00  7.4875259400e-02 
 682.000  1.2640722200e+00  7.4630279540e-02 
 683.000  1.2723823800e+00  7.5026992800e-02 
 684.000  1.2494309500e+00  7.3638374330e-02 
 685.000  1.2635397700e+00  7.4448722840e-02 
 686.000  1.2079971700e+00  7.0883644100e-02 
 687.000  1.1177921300e+00  6.2859420780e-02 
 688.000  1.1473748500e+00  6.5346244810e-02 
 689.000  1.1419966600e+00  6.4848648070e-02 
 690.000  1.1624003900e+00  6.6448677060e-02 
 691.000  1.1858649100e+00  6.8235694890e-02 
 692.000  1.1888592800e+00  6.8437683110e-02 
 693.000  1.1879668900e+00  6.7097686770e-02 
 694.000  1.1901534900e+00  6.6211578370e-02 
 695.000  1.1772857800e+00  6.5964363100e-02 
 696.000  1.1955980300e+00  6.7304634090e-02 
 697.000  1.2181381600e+00  7.0465377810e-02 
 698.000  1.1912415000e+00  6.8438018800e-02 
 699.000  1.1948369600e+00  6.7051574710e-02 
 700.000  1.1837826300e+00  6.6651725770e-02 
 701.000  1.1532128100e+00  6.4544044490e-02 
 702.000  1.1503754400e+00  6.4626579280e-02 
 703.000  1.1815498900e+00  6.7634452820e-02 
 704.000  1.1855010400e+00  6.7934700010e-02 
 705.000  1.1882745700e+00  6.7527153020e-02 
 706.000  1.1768057800e+00  6.6980636600e-02 
 707.000  1.1612008400e+00  6.6291015620e-02 
 708.000  1.1972717200e+00  6.8567420960e-02 
 709.000  1.1594173000e+00  6.6812217710e-02 
 710.000  1.1807439700e+00  6.7508811950e-02 
 711.000  1.1741128300e+00  6.7586814880e-02 
 712.000  1.1621194700e+00  6.7335815430e-02 
 713.000  1.1535298100e+00  6.6473068240e-02 
 714.000  1.1718143100e+00  6.7340995790e-02 
 715.000  1.1249097000e+00  6.4072784420e-02 
 716.000  1.1482104400e+00  6.4795684810e-02 
 717.000  1.0765509000e+00  5.7762607570e-02 
 718.000  1.0443626700e+00  5.4234790800e-02 
 719.000  1.0227737800e+00  5.2402080540e-02 
 720.000  1.0160312300e+00  5.1204341890e-02 
 721.000  1.0765295100e+00  5.8494831090e-02 
 722.000  1.1137454800e+00  6.1981693270e-02 
 723.000  1.0986674200e+00  6.0245872500e-02 
 724.000  1.0690362800e+00  5.6220642090e-02 
 725.000  1.0625625400e+00  5.6223773960e-02 
 726.000  1.0588032700e+00  5.5923172000e-02 
 727.000  1.0794708300e+00  5.7310619350e-02 
 728.000  1.0552783400e+00  5.5709030150e-02 
 729.000  1.0263027100e+00  5.5028865810e-02 
 730.000  1.0616917700e+00  5.6783695220e-02 
 731.000  1.0412222600e+00  5.5582611080e-02 
 732.000  1.0834383400e+00  5.9335090640e-02 
 733.000  1.0879237700e+00  6.1162403110e-02 
 734.000  1.1206596900e+00  6.3755813600e-02 
 735.000  1.1079090300e+00  6.2725597380e-02 
 736.000  1.0806317900e+00  6.0710670470e-02 
 737.000  1.0997190800e+00  6.2118785860e-02 
 738.000  1.1033806200e+00  6.2854724880e-02 
 739.000  1.0704142700e+00  6.1236343380e-02 
 740.000  1.0866851000e+00  6.2684616090e-02 
 741.000  1.0815328600e+00  6.2768135070e-02 
 742.000  1.0651428000e+00  6.1966552730e-02 
 743.000  1.0996455600e+00  6.4302238460e-02 
 744.000  1.1114408300e+00  6.5163803100e-02 
 745.000  1.0835939000e+00  6.3669357300e-02 
 746.000  1.0994830300e+00  6.4656974790e-02 
 747.000  1.1160653600e+00  6.5611312870e-02 
 748.000  1.0967642100e+00  6.4502876280e-02 
 749.000  1.0972664700e+00  6.4560768130e-02 
 750.000  1.0808383200e+00  6.3520378110e-02 
 751.000  1.0780808600e+00  6.3357841490e-02 
 752.000  1.0950781300e+00  6.4418312070e-02 
 753.000  1.0848979600e+00  6.3835769650e-02 
 754.000  1.1020025800e+00  6.4851829530e-02 
 755.000  1.0957083300e+00  6.4482078550e-02 
 756.000  1.0742910000e+00  6.3222362520e-02 
 757.000  1.0822232300e+00  6.3689014430e-02 
 758.000  1.0799943400e+00  6.3518028260e-02 
 759.000  9.9855908000e-01  5.7360771180e-02 
 760.000  5.1094559000e-01  2.3613748550e-02 
 761.000  4.6163085000e-01  2.0695096970e-02 
 762.000  7.3639617000e-01  3.8307579040e-02 
 763.000  6.6841056000e-01  3.3376831050e-02 
 764.000  7.1436553000e-01  3.6393989560e-02 
 765.000  8.1543827000e-01  4.3541614530e-02 
 766.000  8.8159922000e-01  4.9352870940e-02 
 767.000  9.4476369000e-01  5.3935508730e-02 
 768.000  1.0151358300e+00  5.8732685090e-02 
 769.000  1.0324635200e+00  6.0287525180e-02 
 770.000  1.0373664100e+00  6.0841773990e-02 
 771.000  1.0428559600e+00  6.1319503780e-02 
 772.000  1.0399393900e+00  6.1188144680e-02 
 773.000  1.0360467400e+00  6.0977855680e-02 
 774.000  1.0474660300e+00  6.1667221070e-02 
 775.000  1.0082737600e+00  5.9373878480e-02 
 776.000  1.0499103400e+00  6.1873161320e-02 
 777.000  1.0426409200e+00  6.1434944150e-02 
 778.000  1.0370404300e+00  6.1076370240e-02 
 779.000  1.0404032700e+00  6.1235107420e-02 
 780.000  1.0275207200e+00  6.0501998900e-02 
 781.000  1.0259401100e+00  6.0413276670e-02 
 782.000  1.0382939200e+00  6.1076919560e-02 
 783.000  1.0140256400e+00  5.9721881870e-02 
 784.000  1.0195759200e+00  6.0004585270e-02 
 785.000  1.0214585600e+00  5.9927745820e-02 
 786.000  1.0026079500e+00  5.8660747530e-02 
 787.000  1.0145335700e+00  5.8871833800e-02 
 788.000  9.9779422000e-01  5.7712306980e-02 
 789.000  9.9801007000e-01  5.7006069180e-02 
 790.000  9.8743972000e-01  5.6308307650e-02 
 791.000  9.8342400000e-01  5.6228282930e-02 
 792.000  9.6879886000e-01  5.5471366880e-02 
 793.000  9.7006385000e-01  5.5820610050e-02 
 794.000  9.6481368000e-01  5.6157478330e-02 
 795.000  9.5670834000e-01  5.5220813750e-02 
 796.000  9.6517106000e-01  5.4860290530e-02 
 797.000  9.7349577000e-01  5.5621871950e-02 
 798.000  9.7898290000e-01  5.6527767180e-02 
 799.000  9.7705740000e-01  5.6240665440e-02 
 800.000  9.4800595000e-01  5.4134460450e-02 
 801.000  9.6614274000e-01  5.5226619720e-02 
 802.000  9.6383367000e-01  5.5023509980e-02 
 803.000  9.5061693000e-01  5.4353763580e-02 
 804.000  9.6088960000e-01  5.5194534300e-02 
 805.000  9.3775105000e-01  5.4280853270e-02 
 806.000  9.6507936000e-01  5.6073905940e-02 
 807.000  9.5919870000e-01  5.5779296880e-02 
 808.000  9.5244342000e-01  5.5218990330e-02 
 809.000  9.3490866000e-01  5.4025699620e-02 
 810.000  9.2917068000e-01  5.3493370060e-02 
 811.000  9.4078357000e-01  5.3801567080e-02 
 812.000  9.3310701000e-01  5.2912326810e-02 
 813.000  9.2339930000e-01  5.1761734010e-02 
 814.000  9.1445565000e-01  5.0634330750e-02 
 815.000  8.9488860000e-01  4.8782127380e-02 
 816.000  8.7407159000e-01  4.6720237730e-02 
 817.000  8.8009362000e-01  4.7068317410e-02 
 818.000  8.7580253000e-01  4.6841262820e-02 
 819.000  8.5633632000e-01  4.6149543760e-02 
 820.000  8.5377271000e-01  4.7008083340e-02 
 821.000  8.9857923000e-01  5.0675971980e-02 
 822.000  8.6103435000e-01  4.7582515720e-02 
 823.000  8.3736342000e-01  4.3991020200e-02 
 824.000  8.8026547000e-01  4.8282173160e-02 
 825.000  8.9776141000e-01  5.0799011230e-02 
 826.000  9.0012914000e-01  5.0631240840e-02 
 827.000  8.9481898000e-01  5.0117393490e-02 
 828.000  8.8065614000e-01  4.8374149320e-02 
 829.000  8.8465405000e-01  4.8895324710e-02 
 830.000  8.7545300000e-01  4.8763572690e-02 
 831.000  8.6115566000e-01  4.8050556180e-02 
 832.000  8.7920301000e-01  4.9081329350e-02 
 833.000  8.5449129000e-01  4.7999198910e-02 
 834.000  8.7016379000e-01  4.9157188420e-02 
 835.000  8.7742102000e-01  5.0007068630e-02 
 836.000  8.8584103000e-01  5.0433166500e-02 
 837.000  8.7829645000e-01  4.9958595280e-02 
 838.000  8.8402962000e-01  5.0576095580e-02 
 839.000  8.5789570000e-01  4.9220180510e-02 
 840.000  8.8136874000e-01  5.0582241060e-02 
 841.000  8.8219475000e-01  5.0437873840e-02 
 842.000  8.7794746000e-01  5.0332061770e-02 
 843.000  8.7485864000e-01  5.0627883910e-02 
 844.000  8.6160607000e-01  5.0053272250e-02 
 845.000  8.7523724000e-01  5.0932464600e-02 
 846.000  8.8359327000e-01  5.1562416080e-02 
 847.000  8.5371531000e-01  4.9971420290e-02 
 848.000  8.7788343000e-01  5.1182891850e-02 
 849.000  8.7961104000e-01  5.1375755310e-02 
 850.000  7.6010342000e-01  4.4259925840e-02 
 851.000  8.7028033000e-01  5.0540283200e-02 
 852.000  8.3732101000e-01  4.8688442230e-02 
 853.000  8.4777179000e-01  4.9389022830e-02 
 854.000  6.8153159000e-01  3.9730224610e-02 
 855.000  7.5053772000e-01  4.3864559170e-02 
 856.000  8.5225950000e-01  4.9905395510e-02 
 857.000  8.6608771000e-01  5.0861873630e-02 
 858.000  8.5231266000e-01  5.0067741390e-02 
 859.000  8.5238187000e-01  5.0145095830e-02 
 860.000  8.4485553000e-01  4.9786338810e-02 
 861.000  8.4475211000e-01  4.9772140500e-02 
 862.000  8.4199236000e-01  4.9575317380e-02 
 863.000  8.5809183000e-01  5.0608127590e-02 
 864.000  8.5637917000e-01  5.0403968810e-02 
 865.000  8.4043467000e-01  4.9577873230e-02 
 866.000  7.0495401000e-01  4.1626190190e-02 
 867.000  7.5069455000e-01  4.4170490260e-02 
 868.000  8.1416644000e-01  4.7979629520e-02 
 869.000  8.0274387000e-01  4.7305320740e-02 
 870.000  8.3585440000e-01  4.9351188660e-02 
 871.000  8.3467657000e-01  4.9236709590e-02 
 872.000  8.3131503000e-01  4.8873069760e-02 
 873.000  8.3464851000e-01  4.9171649930e-02 
 874.000  8.1634767000e-01  4.8036048890e-02 
 875.000  8.0884508000e-01  4.7714393620e-02 
 876.000  8.1555587000e-01  4.8047668460e-02 
 877.000  8.3180415000e-01  4.8894355770e-02 
 878.000  8.1747752000e-01  4.8100505830e-02 
 879.000  8.1937697000e-01  4.8261547090e-02 
 880.000  8.1459089000e-01  4.7827751160e-02 
 881.000  7.7223782000e-01  4.5374885560e-02 
 882.000  8.1485857000e-01  4.7727622990e-02 
 883.000  7.9628226000e-01  4.6798103330e-02 
 884.000  8.0305594000e-01  4.7372409820e-02 
 885.000  8.1124771000e-01  4.7472114560e-02 
 886.000  7.8459047000e-01  4.5899879460e-02 
 887.000  7.7659864000e-01  4.5464221950e-02 
 888.000  7.9984111000e-01  4.6687229160e-02 
 889.000  8.0526805000e-01  4.7240230560e-02 
 890.000  8.0264314000e-01  4.6991638180e-02 
 891.000  7.9789188000e-01  4.6492542270e-02 
 892.000  7.9363691000e-01  4.5964290620e-02 
 893.000  7.5786563000e-01  4.2940937040e-02 
 894.000  7.7999700000e-01  4.3836471560e-02 
 895.000  7.3037249000e-01  4.0109207150e-02 
 896.000  7.4447704000e-01  3.9820301060e-02 
 897.000  7.1204358000e-01  3.7283573150e-02 
 898.000  7.0603909000e-01  3.6481552120e-02 
 899.000  6.8476527000e-01  3.4196273800e-02 
 900.000  6.7061319000e-01  3.3567474370e-02 
 901.000  6.5109399000e-01  3.2334110260e-02 
 902.000  6.3994821000e-01  3.1845567700e-02 
 903.000  7.0509919000e-01  3.7012725830e-02 
 904.000  7.3911457000e-01  3.9998886110e-02 
 905.000  7.3634768000e-01  4.0028636930e-02 
 906.000  7.0418227000e-01  3.7550987240e-02 
 907.000  6.9319600000e-01  3.5624759670e-02 
 908.000  6.6148262000e-01  3.3123085020e-02 
 909.000  6.4904355000e-01  3.2515693660e-02 
 910.000  6.5893239000e-01  3.3128002170e-02 
 911.000  6.6694924000e-01  3.4210399630e-02 
 912.000  6.6362137000e-01  3.3601821900e-02 
 913.000  6.5795124000e-01  3.2240020750e-02 
 914.000  6.6408713000e-01  3.3061344150e-02 
 915.000  6.6127157000e-01  3.3522262570e-02 
 916.000  6.7067715000e-01  3.4074035640e-02 
 917.000  6.6445322000e-01  3.3994163510e-02 
 918.000  6.6658438000e-01  3.4431327820e-02 
 919.000  6.9432637000e-01  3.7276123050e-02 
 920.000  7.0176259000e-01  3.8329544070e-02 
 921.000  6.8332162000e-01  3.7132328030e-02 
 922.000  6.7693127000e-01  3.6853420260e-02 
 923.000  6.4489304000e-01  3.4618427280e-02 
 924.000  6.6299305000e-01  3.5280941010e-02 
 925.000  6.7106197000e-01  3.5600803380e-02 
 926.000  6.4699376000e-01  3.4169528960e-02 
 927.000  6.6031335000e-01  3.4408184050e-02 
 928.000  6.4755412000e-01  3.2635761260e-02 
 929.000  6.1430690000e-01  2.9531604770e-02 
 930.000  5.8150329000e-01  2.6295740130e-02 
 931.000  5.4549595000e-01  2.2999908450e-02 
 932.000  4.9289891000e-01  1.8810125350e-02 
 933.000  4.5726544000e-01  1.6245876310e-02 
 934.000  4.1418463000e-01  1.3651368140e-02 
 935.000  4.0399871000e-01  1.3191735270e-02 
 936.000  4.1662577000e-01  1.4002079010e-02 
 937.000  4.2175451000e-01  1.4090439800e-02 
 938.000  4.5977158000e-01  1.6712385180e-02 
 939.000  5.6917862000e-01  2.5225795750e-02 
 940.000  5.8104916000e-01  2.6440998080e-02 
 941.000  5.5515826000e-01  2.4742204670e-02 
 942.000  5.0371184000e-01  2.1179714200e-02 
 943.000  4.7599918000e-01  1.8025892260e-02 
 944.000  4.5920107000e-01  1.7248680110e-02 
 945.000  4.8336788000e-01  1.8834596630e-02 
 946.000  4.9091610000e-01  1.9184934620e-02 
 947.000  5.0513385000e-01  2.0446538930e-02 
 948.000  5.1822492000e-01  2.1408300400e-02 
 949.000  5.1841197000e-01  2.1382438660e-02 
 950.000  5.1750459000e-01  2.1461988450e-02 
 951.000  5.3650221000e-01  2.3244209290e-02 
 952.000  5.1259773000e-01  2.1237470630e-02 
 953.000  5.2764557000e-01  2.2612432480e-02 
 954.000  5.3978226000e-01  2.3954952240e-02 
 955.000  4.9087082000e-01  2.1232713700e-02 
 956.000  5.2023389000e-01  2.2412073140e-02 
 957.000  5.6316529000e-01  2.6351081850e-02 
 958.000  5.7289712000e-01  2.7109182360e-02 
 959.000  5.6782706000e-01  2.6569974900e-02 
 960.000  5.6029956000e-01  2.6147581100e-02 
 961.000  5.5067518000e-01  2.5554771420e-02 
 962.000  5.5657455000e-01  2.5999933240e-02 
 963.000  5.7844495000e-01  2.8178640370e-02 
 964.000  5.7500656000e-01  2.8195842740e-02 
 965.000  5.7977793000e-01  2.8339870450e-02 
 966.000  5.6416843000e-01  2.7660512920e-02 
 967.000  5.9708637000e-01  3.0174346920e-02 
 968.000  6.1679722000e-01  3.2685302730e-02 
 969.000  6.3232148000e-01  3.4193050380e-02 
 970.000  6.3464139000e-01  3.4367401120e-02 
 971.000  6.2872534000e-01  3.4035438540e-02 
 972.000  6.2990239000e-01  3.3906620030e-02 
 973.000  6.1628458000e-01  3.2747432710e-02 
 974.000  5.9754650000e-01  3.1248550420e-02 
 975.000  5.9449993000e-01  3.0759840010e-02 
 976.000  6.0915763000e-01  3.1934061050e-02 
 977.000  6.0560780000e-01  3.2410552980e-02 
 978.000  6.1955113000e-01  3.3115379330e-02 
 979.000  6.0454151000e-01  3.2497383120e-02 
 980.000  6.2522444000e-01  3.4324337010e-02 
 981.000  6.3217966000e-01  3.4878932950e-02 
 982.000  6.2808049000e-01  3.4499839780e-02 
 983.000  6.3256123000e-01  3.5140033720e-02 
 984.000  6.3466099000e-01  3.5682922360e-02 
 985.000  6.3794227000e-01  3.6124164580e-02 
 986.000  6.3734044000e-01  3.6436050420e-02 
 987.000  6.4662825000e-01  3.7127899170e-02 
 988.000  6.3904988000e-01  3.6729190830e-02 
 989.000  6.3120373000e-01  3.6300956730e-02 
 990.000  6.3705048000e-01  3.6674777980e-02 
 991.000  6.4394070000e-01  3.7212059020e-02 
 992.000  6.3844597000e-01  3.6933555600e-02 
 993.000  6.3857299000e-01  3.6954994200e-02 
 994.000  6.4327317000e-01  3.7350692750e-02 
 995.000  6.3954938000e-01  3.7227630620e-02 
 996.000  6.3941329000e-01  3.7217288970e-02 
 997.000  6.3944538000e-01  3.7156974790e-02 
 998.000  6.3634822000e-01  3.6913612370e-02 
 999.000  6.3449419000e-01  3.6779987340e-02 
1000.000  6.2965117000e-01  3.6516708370e-02 
1001.000  6.3167862000e-01  3.6500400540e-02 
1002.000  6.2837893000e-01  3.6102832790e-02 
1003.000  6.2157995000e-01  3.5760166170e-02 
1004.000  6.1768007000e-01  3.5653358460e-02 
1005.000  5.7764692000e-01  3.3393112180e-02 
1006.000  6.0799242000e-01  3.5166500090e-02 
1007.000  6.1864049000e-01  3.5743007660e-02 
1008.000  6.1942097000e-01  3.5622993470e-02 
1009.000  6.1318169000e-01  3.5053764340e-02 
1010.000  6.1655398000e-01  3.5341384890e-02 
1011.000  6.1582988000e-01  3.5528610230e-02 
1012.000  6.1697825000e-01  3.5684024810e-02 
1013.000  6.1327503000e-01  3.5541301730e-02 
1014.000  6.1749857000e-01  3.5846420290e-02 
1015.000  6.0614989000e-01  3.5225456240e-02 
1016.000  6.1036015000e-01  3.5535671230e-02 
1017.000  6.0446377000e-01  3.5237365720e-02 
1018.000  6.1199783000e-01  3.5672878270e-02 
1019.000  5.9725488000e-01  3.4761440280e-02 
1020.000  5.9625907000e-01  3.4704071040e-02 
1021.000  6.0273185000e-01  3.5084228520e-02 
1022.000  5.9278229000e-01  3.4350246430e-02 
1023.000  6.0339720000e-01  3.4827186580e-02 
1024.000  5.9987564000e-01  3.4521232600e-02 
1025.000  6.0100533000e-01  3.4678180690e-02 
1026.000  6.0227088000e-01  3.4808078770e-02 
1027.000  5.9839155000e-01  3.4598773960e-02 
1028.000  5.9999135000e-01  3.4758975980e-02 
1029.000  5.9138596000e-01  3.4365932460e-02 
1030.000  5.9782131000e-01  3.4851009370e-02 
1031.000  5.9618183000e-01  3.4836868290e-02 
1032.000  5.9427343000e-01  3.4783214570e-02 
1033.000  5.8336819000e-01  3.4136993410e-02 
1034.000  5.8906803000e-01  3.4473045350e-02 
1035.000  5.8137518000e-01  3.3999526980e-02 
1036.000  5.9098707000e-01  3.4562496190e-02 
1037.000  5.7854372000e-01  3.3824886320e-02 
1038.000  5.8426587000e-01  3.4148017880e-02 
1039.000  5.8665117000e-01  3.4264904020e-02 
1040.000  5.7970665000e-01  3.3840110780e-02 
1041.000  5.8273030000e-01  3.3995063780e-02 
1042.000  5.8445754000e-01  3.4077991490e-02 
1043.000  5.7436892000e-01  3.3474327090e-02 
1044.000  5.8008158000e-01  3.3787567140e-02 
1045.000  5.7754662000e-01  3.3669300080e-02 
1046.000  5.6074852000e-01  3.2729122160e-02 
1047.000  5.7103990000e-01  3.3368659970e-02 
1048.000  5.7670433000e-01  3.3742881770e-02 
1049.000  5.7300174000e-01  3.3573669430e-02 
1050.000  5.7060019000e-01  3.3468357090e-02 
1051.000  5.6958703000e-01  3.3378448490e-02 
1052.000  5.6691290000e-01  3.3190086360e-02 
1053.000  5.6549438000e-01  3.3082656860e-02 
1054.000  5.6127713000e-01  3.2790504460e-02 
1055.000  5.6536980000e-01  3.2994815830e-02 
1056.000  5.6384658000e-01  3.2871833800e-02 
1057.000  5.6279466000e-01  3.2765174870e-02 
1058.000  5.5676058000e-01  3.2339668270e-02 
1059.000  5.3926370000e-01  3.1350084300e-02 
1060.000  5.5877068000e-01  3.2554977420e-02 
1061.000  5.3917046000e-01  3.1422859190e-02 
1062.000  5.5403927000e-01  3.2254558560e-02 
1063.000  5.4465934000e-01  3.1690919880e-02 
1064.000  5.5138543000e-01  3.2006622310e-02 
1065.000  5.5056100000e-01  3.1863517760e-02 
1066.000  5.3369733000e-01  3.0860166550e-02 
1067.000  5.4629340000e-01  3.1532211300e-02 
1068.000  5.4356714000e-01  3.1227657320e-02 
1069.000  5.0236156000e-01  2.8787055970e-02 
1070.000  5.3223188000e-01  3.0535615920e-02 
1071.000  5.3271980000e-01  3.0519523620e-02 
1072.000  5.3411008000e-01  3.0557804110e-02 
1073.000  5.1646088000e-01  2.9560588840e-02 
1074.000  5.3461729000e-01  3.0635915760e-02 
1075.000  5.1859446000e-01  2.9834524150e-02 
1076.000  5.2962620000e-01  3.0415603640e-02 
1077.000  5.2794353000e-01  3.0246509550e-02 
1078.000  5.2871310000e-01  3.0205848690e-02 
1079.000  5.0827291000e-01  2.9034568790e-02 
1080.000  5.2170145000e-01  2.9572088240e-02 
1081.000  5.0241176000e-01  2.8465412140e-02 
1082.000  5.0953699000e-01  2.8936182020e-02 
1083.000  4.9493838000e-01  2.7955562590e-02 
1084.000  5.1282252000e-01  2.8802463530e-02 
1085.000  5.0364168000e-01  2.7965438840e-02 
1086.000  5.1081847000e-01  2.8399154660e-02 
1087.000  4.8211160000e-01  2.7092096330e-02 
1088.000  5.1141704000e-01  2.8798812870e-02 
1089.000  4.8867094000e-01  2.7180347440e-02 
1090.000  4.9864745000e-01  2.7705240250e-02 
1091.000  5.0254486000e-01  2.8035123830e-02 
1092.000  4.8922494000e-01  2.7147413250e-02 
1093.000  4.7939642100e-01  2.6243103030e-02 
1094.000  4.3466568300e-01  2.3618999480e-02 
1095.000  4.7076652100e-01  2.5575168610e-02 
1096.000  4.7209361000e-01  2.5651699070e-02 
1097.000  4.6205244500e-01  2.4980407710e-02 
1098.000  4.4479489100e-01  2.3162622450e-02 
1099.000  4.3453184600e-01  2.1860609050e-02 
1100.000  4.4281545200e-01  2.2328310010e-02 
1101.000  4.4347128500e-01  2.2463850020e-02 
1102.000  4.2434970800e-01  2.1439828870e-02 
1103.000  4.4226718800e-01  2.2407945630e-02 
1104.000  4.3708007100e-01  2.2014617920e-02 
1105.000  4.3135178200e-01  2.1412714000e-02 
1106.000  4.2255425700e-01  2.0685205460e-02 
1107.000  4.2338885300e-01  2.0782930370e-02 
1108.000  4.2305752900e-01  2.0795986180e-02 
1109.000  4.2953603700e-01  2.1335491180e-02 
1110.000  4.3129824400e-01  2.1343957900e-02 
1111.000  4.2335097200e-01  2.0787910460e-02 
1112.000  4.0704159800e-01  1.9377372740e-02 
1113.000  3.8841134700e-01  1.7665750500e-02 
1114.000  3.8822664900e-01  1.7364614490e-02 
1115.000  3.6271592200e-01  1.5227242470e-02 
1116.000  3.4460655300e-01  1.3895973210e-02 
1117.000  3.1570757800e-01  1.1644053460e-02 
1118.000  2.8183171300e-01  9.5222463610e-03 
1119.000  2.5802478400e-01  8.2696962360e-03 
1120.000  2.3789249900e-01  7.1330728530e-03 
1121.000  2.3481702600e-01  6.9254527090e-03 
1122.000  2.1107976500e-01  5.7683277130e-03 
1123.000  2.2491616100e-01  6.3898744580e-03 
1124.000  2.3385988400e-01  6.8082418440e-03 
1125.000  2.2471077600e-01  6.4536027910e-03 
1126.000  2.1866687300e-01  6.2495679860e-03 
1127.000  2.2782940500e-01  6.5622868540e-03 
1128.000  2.2704247600e-01  6.6345620160e-03 
1129.000  2.4982618800e-01  7.8027186390e-03 
1130.000  2.9854403300e-01  1.0623101230e-02 
1131.000  3.1544836500e-01  1.1632757190e-02 
1132.000  2.9752427700e-01  1.0436190610e-02 
1133.000  2.5537221500e-01  8.1714410780e-03 
1134.000  1.8681129900e-01  4.8118448260e-03 
1135.000  1.9445493200e-01  5.1187658310e-03 
1136.000  2.6152084900e-01  8.5193405150e-03 
1137.000  2.9971449300e-01  1.0715497970e-02 
1138.000  3.2014790900e-01  1.2511743550e-02 
1139.000  3.3614153000e-01  1.3561006550e-02 
1140.000  3.3114126700e-01  1.3144108770e-02 
1141.000  3.0962662600e-01  1.1917989730e-02 
1142.000  3.1377066500e-01  1.1932724950e-02 
1143.000  2.9490294900e-01  1.0803770070e-02 
1144.000  2.7765875900e-01  9.7567548750e-03 
1145.000  2.5683428700e-01  8.4669113160e-03 
1146.000  2.6483425200e-01  8.8694553380e-03 
1147.000  2.8390437500e-01  9.9922666550e-03 
1148.000  2.9648807100e-01  1.0890022280e-02 
1149.000  3.0339794900e-01  1.1344559670e-02 
1150.000  3.0214604400e-01  1.1347944260e-02 
1151.000  3.0998268600e-01  1.1977905270e-02 
1152.000  3.1360876300e-01  1.2287266730e-02 
1153.000  3.1927620100e-01  1.2756535530e-02 
1154.000  3.1952786300e-01  1.2737445830e-02 
1155.000  3.3231578600e-01  1.3752857210e-02 
1156.000  3.4072723500e-01  1.4668241500e-02 
1157.000  3.7003797000e-01  1.7141149520e-02 
1158.000  3.8036490100e-01  1.8158866880e-02 
1159.000  3.8356093200e-01  1.8796161650e-02 
1160.000  3.8213935600e-01  1.8942316060e-02 
1161.000  3.8264776700e-01  1.9451971050e-02 
1162.000  4.0291629700e-01  2.0890758510e-02 
1163.000  4.1245195500e-01  2.1864229200e-02 
1164.000  4.0589419000e-01  2.1617177960e-02 
1165.000  4.1422848300e-01  2.2140209200e-02 
1166.000  4.0503620700e-01  2.1770635600e-02 
1167.000  4.1256296300e-01  2.2253774640e-02 
1168.000  4.1577141400e-01  2.2411016460e-02 
1169.000  4.0245787900e-01  2.1769191740e-02 
1170.000  4.1428649500e-01  2.2477241520e-02 
1171.000  4.1894632100e-01  2.2889474870e-02 
1172.000  4.1600944600e-01  2.2646238330e-02 
1173.000  4.1151693600e-01  2.2324562070e-02 
1174.000  4.1181957300e-01  2.2351511000e-02 
1175.000  4.1125982400e-01  2.2557088850e-02 
1176.000  4.0514430000e-01  2.2437986370e-02 
1177.000  4.1581029000e-01  2.2928579330e-02 
1178.000  4.0506074500e-01  2.2134887700e-02 
1179.000  4.0325246600e-01  2.2041057590e-02 
1180.000  4.0756124000e-01  2.2206571580e-02 
1181.000  4.0196512000e-01  2.1715633390e-02 
1182.000  3.9897205100e-01  2.1367860790e-02 
1183.000  3.7621456800e-01  2.0168512340e-02 
1184.000  3.9515170600e-01  2.1287467960e-02 
1185.000  4.0527548200e-01  2.2096256260e-02 
1186.000  4.0142496200e-01  2.1806543350e-02 
1187.000  3.9657779900e-01  2.1278940200e-02 
1188.000  3.9339827300e-01  2.1038604740e-02 
1189.000  3.7329620000e-01  2.0101350780e-02 
1190.000  3.9936204500e-01  2.1899658200e-02 
1191.000  4.0789973200e-01  2.2474327090e-02 
1192.000  4.0896365300e-01  2.2698036190e-02 
1193.000  4.0840954900e-01  2.2602911000e-02 
1194.000  4.0713432500e-01  2.2507387160e-02 
1195.000  3.9935271300e-01  2.1909667970e-02 
1196.000  3.9954315300e-01  2.1953199390e-02 
1197.000  3.9787165700e-01  2.1784580230e-02 
1198.000  3.8417019500e-01  2.1023645400e-02 
1199.000  3.6806154500e-01  2.0051572800e-02 
1200.000  3.9237126400e-01  2.1441188810e-02 
1201.000  3.9562495000e-01  2.1652767180e-02 
1202.000  3.9653236700e-01  2.1754249570e-02 
1203.000  3.7613076200e-01  2.0607994080e-02 
1204.000  3.8297434800e-01  2.1042495730e-02 
1205.000  3.9713114600e-01  2.2122745510e-02 
1206.000  3.9717438600e-01  2.2263490680e-02 
1207.000  4.0084784900e-01  2.2527069090e-02 
1208.000  3.9429177900e-01  2.2112796780e-02 
1209.000  3.6853185600e-01  2.0598375320e-02 
1210.000  3.9233478300e-01  2.1803524020e-02 
1211.000  3.7894454500e-01  2.1048572540e-02 
1212.000  3.9136579400e-01  2.1781547550e-02 
1213.000  3.9495239200e-01  2.2112813950e-02 
1214.000  3.9289387300e-01  2.1993959430e-02 
1215.000  3.9496919900e-01  2.2170196530e-02 
1216.000  3.9672904400e-01  2.2481210710e-02 
1217.000  3.9833093400e-01  2.2754211430e-02 
1218.000  3.9790632500e-01  2.2818918230e-02 
1219.000  3.9467899500e-01  2.2688459400e-02 
1220.000  3.9741198100e-01  2.2842849730e-02 
1221.000  3.9693881600e-01  2.2825849530e-02 
1222.000  3.9492554400e-01  2.2709173200e-02 
1223.000  3.9326274200e-01  2.2647315980e-02 
1224.000  3.9778139200e-01  2.3029027940e-02 
1225.000  3.9590767900e-01  2.2959238050e-02 
1226.000  3.9770613300e-01  2.3114679340e-02 
1227.000  3.8489217200e-01  2.2441558840e-02 
1228.000  3.9773489100e-01  2.3279314040e-02 
1229.000  3.9788052500e-01  2.3354099270e-02 
1230.000  3.9718238100e-01  2.3388847350e-02 
1231.000  3.9755141300e-01  2.3457178120e-02 
1232.000  3.9320504000e-01  2.3224058150e-02 
1233.000  3.9638236200e-01  2.3429582600e-02 
1234.000  3.9604599900e-01  2.3504348750e-02 
1235.000  3.9360510200e-01  2.3393798830e-02 
1236.000  3.9609811000e-01  2.3565017700e-02 
1237.000  3.9634740500e-01  2.3613378520e-02 
1238.000  3.9619146900e-01  2.3619165420e-02 
1239.000  3.9172226800e-01  2.3362871170e-02 
1240.000  3.8994994900e-01  2.3294855120e-02 
1241.000  3.9335660900e-01  2.3530885700e-02 
1242.000  3.9096771200e-01  2.3417436600e-02 
1243.000  3.8652076100e-01  2.3181291580e-02 
1244.000  3.8288925200e-01  2.2983480450e-02 
1245.000  3.8935903500e-01  2.3389139180e-02 
1246.000  3.8620692300e-01  2.3167669300e-02 
1247.000  3.8412891000e-01  2.3009864810e-02 
1248.000  3.8693776400e-01  2.3145082470e-02 
1249.000  3.8543660400e-01  2.3031852720e-02 
1250.000  3.8376251400e-01  2.2900489810e-02 
1251.000  3.8093956500e-01  2.2709873200e-02 
1252.000  3.7950669900e-01  2.2594579700e-02 
1253.000  3.7606116500e-01  2.2357151030e-02 
1254.000  3.7642394000e-01  2.2317251210e-02 
1255.000  3.7534479300e-01  2.2213958740e-02 
1256.000  3.7415399700e-01  2.2113475800e-02 
1257.000  3.6931523200e-01  2.1758771900e-02 
1258.000  3.6940150300e-01  2.1647207260e-02 
1259.000  3.6418008100e-01  2.1244222640e-02 
1260.000  3.6332072200e-01  2.1087509160e-02 
1261.000  3.6111165200e-01  2.0852928160e-02 
1262.000  3.5010337700e-01  2.0072893140e-02 
1263.000  3.5308097600e-01  2.0229215620e-02 
1264.000  3.4675053300e-01  1.9868989940e-02 
1265.000  3.4707457500e-01  1.9900077820e-02 
1266.000  3.4793657000e-01  1.9920991900e-02 
1267.000  3.3987485000e-01  1.9432355880e-02 
1268.000  3.3479844500e-01  1.9113143920e-02 
1269.000  3.3715037500e-01  1.9236022950e-02 
1270.000  3.4531462100e-01  1.9811538700e-02 
1271.000  3.4922637400e-01  2.0081336980e-02 
1272.000  3.4980860300e-01  2.0168916700e-02 
1273.000  3.5096500200e-01  2.0304832460e-02 
1274.000  3.5066052100e-01  2.0364995960e-02 
1275.000  3.5359469400e-01  2.0557926180e-02 
1276.000  3.5467592300e-01  2.0620235440e-02 
1277.000  3.5471723800e-01  2.0602476120e-02 
1278.000  3.5402978900e-01  2.0533592220e-02 
1279.000  3.5200800500e-01  2.0426078800e-02 
1280.000  3.5090831200e-01  2.0449058530e-02 
1281.000  3.4184023500e-01  2.0002805710e-02 
1282.000  3.0431945700e-01  1.7881385800e-02 
1283.000  3.3449976700e-01  1.9701431270e-02 
1284.000  3.4836714300e-01  2.0542970660e-02 
1285.000  3.5120270600e-01  2.0726423260e-02 
1286.000  3.5066308800e-01  2.0650926590e-02 
1287.000  3.5193600200e-01  2.0652444840e-02 
1288.000  3.4646424100e-01  2.0091833110e-02 
1289.000  3.4751720500e-01  2.0078062060e-02 
1290.000  3.3940915100e-01  1.9590435030e-02 
1291.000  3.4463501800e-01  1.9887542720e-02 
1292.000  3.4750058200e-01  2.0101711270e-02 
1293.000  3.4793956400e-01  2.0095502850e-02 
1294.000  3.4100995300e-01  1.9555755620e-02 
1295.000  3.4236143000e-01  1.9448799130e-02 
1296.000  3.4017875900e-01  1.9162628170e-02 
1297.000  3.3609098000e-01  1.8819911960e-02 
1298.000  3.3290746000e-01  1.8632289890e-02 
1299.000  3.3612909000e-01  1.8801403050e-02 
1300.000  3.3444091500e-01  1.8696523670e-02 
1301.000  3.3346175600e-01  1.8606910710e-02 
1302.000  3.2779425600e-01  1.8181362150e-02 
1303.000  3.2183525100e-01  1.7593317030e-02 
1304.000  3.2046821400e-01  1.7396808620e-02 
1305.000  3.2172139700e-01  1.7405284880e-02 
1306.000  3.2150262000e-01  1.7328363420e-02 
1307.000  3.1949481300e-01  1.7162300110e-02 
1308.000  3.1653178900e-01  1.6855302810e-02 
1309.000  3.1260701800e-01  1.6448120120e-02 
1310.000  3.1088875000e-01  1.6344718930e-02 
1311.000  3.1003471600e-01  1.6300638200e-02 
1312.000  3.0461712500e-01  1.5792121890e-02 
1313.000  2.8853590500e-01  1.4706686970e-02 
1314.000  2.9305716200e-01  1.4708560940e-02 
1315.000  2.8528890700e-01  1.4419932370e-02 
1316.000  2.9525404700e-01  1.5080707550e-02 
1317.000  2.9825668900e-01  1.5227966310e-02 
1318.000  2.8888052300e-01  1.4479237560e-02 
1319.000  2.8525053700e-01  1.3941539760e-02 
1320.000  2.7455830900e-01  1.3022221570e-02 
1321.000  2.7003450500e-01  1.2649956700e-02 
1322.000  2.7509392400e-01  1.3128578190e-02 
1323.000  2.8196993600e-01  1.3712830540e-02 
1324.000  2.8522481900e-01  1.4012248990e-02 
1325.000  2.8284934700e-01  1.3794156070e-02 
1326.000  2.7578444300e-01  1.3192766190e-02 
1327.000  2.6128226800e-01  1.1936053280e-02 
1328.000  2.4818659000e-01  1.0725753780e-02 
1329.000  2.1414977600e-01  8.3437395100e-03 
1330.000  2.0811816000e-01  7.7953143120e-03 
1331.000  2.0263846400e-01  7.3992991450e-03 
1332.000  2.0044265200e-01  7.3709478380e-03 
1333.000  2.1144606100e-01  7.9491839410e-03 
1334.000  2.1985651600e-01  8.5075864790e-03 
1335.000  2.2579549700e-01  8.9224033360e-03 
1336.000  2.2568723200e-01  8.9832239150e-03 
1337.000  2.2824208700e-01  9.1079902650e-03 
1338.000  2.3199006800e-01  9.4017992020e-03 
1339.000  2.3250371000e-01  9.4641828540e-03 
1340.000  2.3412126000e-01  9.6570196150e-03 
1341.000  2.3807959100e-01  9.7069721220e-03 
1342.000  2.3798314300e-01  9.7159166340e-03 
1343.000  2.2896648100e-01  8.8432207110e-03 
1344.000  2.1512861700e-01  7.8059062960e-03 
1345.000  1.7800999000e-01  5.5405559540e-03 
1346.000  1.5185199700e-01  4.1361560820e-03 
1347.000  1.3469251400e-01  3.3679740430e-03 
1348.000  1.1166933000e-01  2.3525266650e-03 
1349.000  1.0156830050e-01  1.9958810810e-03 
1350.000  7.9118849000e-02  1.2371708150e-03 
1351.000  6.8304312100e-02  9.5724195240e-04 
1352.000  5.2245157600e-02  5.6969612840e-04 
1353.000  3.7031119400e-02  3.1341925260e-04 
1354.000  2.9609853000e-02  2.0984201130e-04 
1355.000  2.2989585300e-02  1.3480308650e-04 
1356.000  1.7384908400e-02  8.2200951870e-05 
1357.000  1.1883071030e-02  4.1508931670e-05 
1358.000  8.7942989300e-03  2.5376038630e-05 
1359.000  4.6371894800e-03  8.6276829240e-06 
1360.000  3.0667189200e-03  4.5387051070e-06 
1361.000  2.2822901500e-03  2.7030883360e-06 
1362.000  2.1000785500e-03  2.3786439560e-06 
1363.000  3.0298718100e-03  4.1532455940e-06 
1364.000  3.5132257600e-03  5.2030114460e-06 
1365.000  3.6785377400e-03  5.4923868740e-06 
1366.000  4.2480982200e-03  6.8635214120e-06 
1367.000  3.5684706400e-03  5.3798859010e-06 
1368.000  3.1641440400e-03  4.6526282090e-06 
1369.000  3.2446885400e-03  4.8973914240e-06 
1370.000  5.3662024900e-03  1.1369502170e-05 
1371.000  9.5567377400e-03  2.8497006740e-05 
1372.000  1.7696145800e-02  7.8764081000e-05 
1373.000  2.5103416400e-02  1.3902446630e-04 
1374.000  3.0483370700e-02  1.9240060450e-04 
1375.000  3.2500600300e-02  2.1617139880e-04 
1376.000  3.0145670100e-02  1.9195181130e-04 
1377.000  2.6837165200e-02  1.5705296400e-04 
1378.000  2.0455530000e-02  1.0030026730e-04 
1379.000  1.4046690750e-02  5.4227381940e-05 
1380.000  7.9668915000e-03  2.1679991860e-05 
1381.000  4.6085460100e-03  9.0508032590e-06 
1382.000  3.2226937600e-03  5.1132980730e-06 
1383.000  3.1180828800e-03  4.7829868270e-06 
1384.000  5.0718347200e-03  1.0338144380e-05 
1385.000  7.2001130600e-03  1.8154162910e-05 
1386.000  1.0997419590e-02  3.5866703840e-05 
1387.000  2.0206213100e-02  9.8838821050e-05 
1388.000  2.6781476800e-02  1.5542063120e-04 
1389.000  3.0763791400e-02  1.9835770130e-04 
1390.000  3.1403105200e-02  2.0766620340e-04 
1391.000  2.9315197200e-02  1.8512694540e-04 
1392.000  2.2163582200e-02  1.1733803900e-04 
1393.000  1.6942331600e-02  7.6647959650e-05 
1394.000  1.2979769020e-02  5.0106074660e-05 
1395.000  1.4631294700e-02  6.0867775230e-05 
1396.000  2.0077346500e-02  1.0088397560e-04 
1397.000  2.5909654900e-02  1.5390934050e-04 
1398.000  2.6682445800e-02  1.6123615210e-04 
1399.000  2.4913510700e-02  1.4649498460e-04 
1400.000  2.3296256600e-02  1.3337801400e-04 
1401.000  2.4765102600e-02  1.5024216470e-04 
1402.000  3.0701973600e-02  2.1065264940e-04 
1403.000  3.5348271500e-02  2.7443248030e-04 
1404.000  3.3248234000e-02  2.4784363810e-04 
1405.000  3.4826750200e-02  2.7510112520e-04 
1406.000  3.2294221700e-02  2.4160076680e-04 
1407.000  3.3492291100e-02  2.6486891510e-04 
1408.000  4.0142762600e-02  3.5704255100e-04 
1409.000  4.7056296400e-02  4.7525340320e-04 
1410.000  5.7713776400e-02  6.7099118230e-04 
1411.000  6.8647692000e-02  9.2640811200e-04 
1412.000  6.6321570100e-02  8.9635515210e-04 
1413.000  7.3146098500e-02  1.0760366920e-03 
1414.000  7.2117207700e-02  1.0357853170e-03 
1415.000  7.9723930000e-02  1.2663584950e-03 
1416.000  8.5657147000e-02  1.4381054640e-03 
1417.000  8.7862334600e-02  1.5205253360e-03 
1418.000  8.8645279800e-02  1.5400395390e-03 
1419.000  8.8460535900e-02  1.5685912370e-03 
1420.000  9.0561306700e-02  1.6342116590e-03 
1421.000  1.0185320470e-01  2.0115733150e-03 
1422.000  1.0427569210e-01  2.1305828090e-03 
1423.000  1.0543832690e-01  2.1994552610e-03 
1424.000  1.0508008730e-01  2.1821455960e-03 
1425.000  1.0388749440e-01  2.1187009810e-03 
1426.000  1.0016197120e-01  2.0478336810e-03 
1427.000  1.0609102840e-01  2.2470710280e-03 
1428.000  1.1205236800e-01  2.4332087040e-03 
1429.000  1.1365313510e-01  2.5476584430e-03 
1430.000  1.1088951470e-01  2.4894239900e-03 
1431.000  1.0330805390e-01  2.2188520430e-03 
1432.000  1.0101427160e-01  2.1092488770e-03 
1433.000  1.0072963980e-01  2.0978386400e-03 
1434.000  9.6078519400e-02  1.9555580620e-03 
1435.000  1.0314813440e-01  2.1962194440e-03 
1436.000  1.0571643470e-01  2.2931759360e-03 
1437.000  1.0740139120e-01  2.3523812290e-03 
1438.000  1.1386288080e-01  2.6086995600e-03 
1439.000  1.1596412520e-01  2.6679594520e-03 
1440.000  1.1119114360e-01  2.5937063690e-03 
1441.000  1.1809712120e-01  2.7754790780e-03 
1442.000  1.1328254120e-01  2.6245424750e-03 
1443.000  1.1531860310e-01  2.6780791280e-03 
1444.000  1.1791816960e-01  2.7729971410e-03 
1445.000  1.1815417330e-01  2.7891664510e-03 
1446.000  1.2366971990e-01  2.9948873520e-03 
1447.000  1.2704913000e-01  3.1478340630e-03 
1448.000  1.2849700100e-01  3.1978306770e-03 
1449.000  1.2597451790e-01  3.0907845500e-03 
1450.000  1.2046275940e-01  2.8887257580e-03 
1451.000  1.2181128010e-01  2.9582655430e-03 
1452.000  1.2714129610e-01  3.2292466160e-03 
1453.000  1.4167174600e-01  3.8339171410e-03 
1454.000  1.5415896900e-01  4.4449329380e-03 
1455.000  1.6013070500e-01  4.7980155940e-03 
1456.000  1.6723198200e-01  5.2037768360e-03 
1457.000  1.6992154700e-01  5.3171396260e-03 
1458.000  1.7324459400e-01  5.4652056690e-03 
1459.000  1.6837838200e-01  5.1808629040e-03 
1460.000  1.6070379700e-01  4.8386321070e-03 
1461.000  1.5762150600e-01  4.6911640170e-03 
1462.000  1.4913548000e-01  4.2911157610e-03 
1463.000  1.4814672400e-01  4.2689957620e-03 
1464.000  1.4623344300e-01  4.1742572780e-03 
1465.000  1.4298973200e-01  3.9808161260e-03 
1466.000  1.3326370100e-01  3.5944461820e-03 
1467.000  1.3229778200e-01  3.4876232150e-03 
1468.000  1.2415754630e-01  3.1898293500e-03 
1469.000  1.1777868720e-01  2.8944499490e-03 
1470.000  1.1436816570e-01  2.7675988670e-03 
1471.000  1.2136633260e-01  3.1097631450e-03 
1472.000  1.3364303910e-01  3.6595938210e-03 
1473.000  1.5018603800e-01  4.4590144160e-03 
1474.000  1.5741922500e-01  4.9578895570e-03 
1475.000  1.6021803500e-01  5.0578374860e-03 
1476.000  1.6047865400e-01  5.0769033430e-03 
1477.000  1.5703922700e-01  4.8968057630e-03 
1478.000  1.5089848200e-01  4.6397256850e-03 
1479.000  1.4790628500e-01  4.4506320950e-03 
1480.000  1.5098663900e-01  4.6285576820e-03 
1481.000  1.5380837900e-01  4.8464798930e-03 
1482.000  1.6075528100e-01  5.2252841000e-03 
1483.000  1.5897647200e-01  5.2175393100e-03 
1484.000  1.6000697600e-01  5.2741818430e-03 
1485.000  1.6230745600e-01  5.3408923150e-03 
1486.000  1.6367896500e-01  5.5366511340e-03 
1487.000  1.7369588800e-01  6.1856532100e-03 
1488.000  1.5221918500e-01  5.4603061680e-03 
1489.000  1.8679601100e-01  7.1573109630e-03 
1490.000  1.9762326200e-01  7.9996957780e-03 
1491.000  2.0468197000e-01  8.5434207920e-03 
1492.000  2.0097031000e-01  8.4496459960e-03 
1493.000  2.0839629100e-01  8.9352931980e-03 
1494.000  2.0809324400e-01  8.9614334110e-03 
1495.000  2.0981428200e-01  9.2062110900e-03 
1496.000  2.0944921700e-01  9.4454345700e-03 
1497.000  2.1455575000e-01  9.7061376570e-03 
1498.000  2.2163233100e-01  1.0265138630e-02 
1499.000  2.2261905300e-01  1.0536825180e-02 
1500.000  2.2948284300e-01  1.1039139750e-02 
1501.000  2.2817721800e-01  1.0933956150e-02 
1502.000  2.2449670500e-01  1.0688785550e-02 
1503.000  2.0054869800e-01  9.5043697360e-03 
1504.000  2.0987811100e-01  1.0007448200e-02 
1505.000  2.1249862900e-01  1.0312446590e-02 
1506.000  2.1542928800e-01  1.0494873050e-02 
1507.000  2.2823964600e-01  1.1294844630e-02 
1508.000  2.2623227400e-01  1.1302556990e-02 
1509.000  2.2875430600e-01  1.1546174050e-02 
1510.000  2.3285256700e-01  1.1814118390e-02 
1511.000  2.3499758600e-01  1.2015870090e-02 
1512.000  2.3131314500e-01  1.1892850880e-02 
1513.000  2.3122325000e-01  1.1941601750e-02 
1514.000  2.2805793300e-01  1.1807283400e-02 
1515.000  2.3336039600e-01  1.2135161400e-02 
1516.000  2.3145441300e-01  1.2040329930e-02 
1517.000  2.3083291800e-01  1.2033823010e-02 
1518.000  2.3655112600e-01  1.2400991440e-02 
1519.000  2.3476834900e-01  1.2386981960e-02 
1520.000  2.3836446200e-01  1.2711375240e-02 
1521.000  2.3497593600e-01  1.2641463280e-02 
1522.000  2.3361684000e-01  1.2612796780e-02 
1523.000  2.3964077800e-01  1.3005187990e-02 
1524.000  2.3755772800e-01  1.2913787840e-02 
1525.000  2.3182487000e-01  1.2610626220e-02 
1526.000  2.3845710700e-01  1.2972349170e-02 
1527.000  2.3634426000e-01  1.2883888240e-02 
1528.000  2.3844299300e-01  1.3037397380e-02 
1529.000  2.3769669000e-01  1.2988787650e-02 
1530.000  2.2284955400e-01  1.2208203320e-02 
1531.000  2.3848486700e-01  1.3075371740e-02 
1532.000  2.3734777300e-01  1.3027855870e-02 
1533.000  2.3638626700e-01  1.2972463610e-02 
1534.000  2.3290890200e-01  1.2770067210e-02 
1535.000  2.3389569400e-01  1.2824813840e-02 
1536.000  2.3702695000e-01  1.3035049440e-02 
1537.000  2.3796254800e-01  1.3139432910e-02 
1538.000  2.3163861900e-01  1.2846482280e-02 
1539.000  2.3665115000e-01  1.3180650710e-02 
1540.000  2.2810599800e-01  1.2746570590e-02 
1541.000  2.3291640800e-01  1.3027348520e-02 
1542.000  2.3430234300e-01  1.3106934550e-02 
1543.000  2.3366449100e-01  1.3081110950e-02 
1544.000  2.3666546500e-01  1.3265136720e-02 
1545.000  2.3757241400e-01  1.3343704220e-02 
1546.000  2.3779048300e-01  1.3392539980e-02 
1547.000  2.3548111400e-01  1.3296189310e-02 
1548.000  2.2852547600e-01  1.2932313920e-02 
1549.000  2.3438256900e-01  1.3282603260e-02 
1550.000  2.3306550000e-01  1.3222622870e-02 
1551.000  2.3183831700e-01  1.3151189800e-02 
1552.000  2.3578986300e-01  1.3365563390e-02 
1553.000  2.3455690100e-01  1.3292815210e-02 
1554.000  2.2596256300e-01  1.2795815470e-02 
1555.000  2.2973277800e-01  1.3010635380e-02 
1556.000  2.2534656600e-01  1.2788328170e-02 
1557.000  2.3272496500e-01  1.3255223270e-02 
1558.000  2.3088278600e-01  1.3187463760e-02 
1559.000  2.3090118600e-01  1.3223769190e-02 
1560.000  2.2691388400e-01  1.3037112240e-02 
1561.000  2.3220985500e-01  1.3351342200e-02 
1562.000  2.3210217300e-01  1.3323928830e-02 
1563.000  2.2863377800e-01  1.3112147330e-02 
1564.000  2.2397737600e-01  1.2825312610e-02 
1565.000  2.2722934500e-01  1.2986940380e-02 
1566.000  2.2292377900e-01  1.2748686790e-02 
1567.000  2.2256772000e-01  1.2731258390e-02 
1568.000  2.1741684900e-01  1.2427872660e-02 
1569.000  2.1759989600e-01  1.2424985890e-02 
1570.000  2.1154786700e-01  1.2077123640e-02 
1571.000  2.1721609200e-01  1.2424427030e-02 
1572.000  2.1705058100e-01  1.2425811770e-02 
1573.000  2.1375365600e-01  1.2265593530e-02 
1574.000  2.1459571500e-01  1.2350094800e-02 
1575.000  1.9937906200e-01  1.1501038550e-02 
1576.000  2.1419900800e-01  1.2360782620e-02 
1577.000  1.9348808500e-01  1.1145092960e-02 
1578.000  2.1182796000e-01  1.2178608890e-02 
1579.000  2.1314994300e-01  1.2237780570e-02 
1580.000  2.1769630000e-01  1.2491072650e-02 
1581.000  2.1625248000e-01  1.2389038090e-02 
1582.000  2.1210349200e-01  1.2183578490e-02 
1583.000  2.1490629200e-01  1.2374947550e-02 
1584.000  2.1317415800e-01  1.2307143210e-02 
1585.000  2.1961756800e-01  1.2705277440e-02 
1586.000  2.1685914300e-01  1.2558337210e-02 
1587.000  2.1459816300e-01  1.2454743390e-02 
1588.000  2.1144980500e-01  1.2296985630e-02 
1589.000  1.9345490300e-01  1.1259938240e-02 
1590.000  2.0841860500e-01  1.2139341350e-02 
1591.000  2.0374910400e-01  1.1879674910e-02 
1592.000  2.1441820800e-01  1.2504741670e-02 
1593.000  2.1903232000e-01  1.2772469520e-02 
1594.000  2.1715860600e-01  1.2663276670e-02 
1595.000  2.1813234500e-01  1.2722842220e-02 
1596.000  2.0433185100e-01  1.1931946750e-02 
1597.000  2.1191907000e-01  1.2372766490e-02 
1598.000  2.1483399800e-01  1.2534207340e-02 
1599.000  2.0640210000e-01  1.2028259280e-02 
1600.000  2.0885440000e-01  1.2162268640e-02 
1601.000  2.0006221400e-01  1.1664712910e-02 
1602.000  2.0492720400e-01  1.1979300500e-02 
1603.000  2.0369982600e-01  1.1954002380e-02 
1604.000  2.0674235500e-01  1.2183853150e-02 
1605.000  2.0368559300e-01  1.2035779950e-02 
1606.000  2.0304716700e-01  1.2032522200e-02 
1607.000  2.0373437000e-01  1.2047998430e-02 
1608.000  2.0592772100e-01  1.2152788160e-02 
1609.000  2.0513582200e-01  1.2089118960e-02 
1610.000  1.9248194400e-01  1.1329788210e-02 
1611.000  1.9862488400e-01  1.1695261960e-02 
1612.000  2.0109095000e-01  1.1844830510e-02 
1613.000  2.0610698600e-01  1.2143411640e-02 
1614.000  2.0408357300e-01  1.2005702020e-02 
1615.000  2.0785214400e-01  1.2225583080e-02 
1616.000  1.9513951000e-01  1.1472458840e-02 
1617.000  2.0123961100e-01  1.1872954370e-02 
1618.000  2.0750957700e-01  1.2265516280e-02 
1619.000  2.0722858700e-01  1.2292060850e-02 
1620.000  2.0233928500e-01  1.2043419840e-02 
1621.000  1.9961378000e-01  1.1915512080e-02 
1622.000  2.0463758700e-01  1.2222457890e-02 
1623.000  2.0891567600e-01  1.2492964740e-02 
1624.000  2.1044277000e-01  1.2594934460e-02 
1625.000  2.0543009300e-01  1.2324665070e-02 
1626.000  2.0773038200e-01  1.2450817110e-02 
1627.000  2.0749205100e-01  1.2454916950e-02 
1628.000  2.0906896200e-01  1.2557409290e-02 
1629.000  2.0893299900e-01  1.2554771420e-02 
1630.000  2.0307394700e-01  1.2199790000e-02 
1631.000  2.0624975700e-01  1.2401474000e-02 
1632.000  2.0607790700e-01  1.2345829960e-02 
1633.000  2.0335895800e-01  1.2155733110e-02 
1634.000  1.9840013100e-01  1.1827239990e-02 
1635.000  2.0371863400e-01  1.2119290350e-02 
1636.000  2.0295406200e-01  1.2044050220e-02 
1637.000  1.9364851900e-01  1.1464752200e-02 
1638.000  1.9223330600e-01  1.1360527990e-02 
1639.000  1.8995199900e-01  1.1191078190e-02 
1640.000  1.9089782700e-01  1.1222497940e-02 
1641.000  1.8953507000e-01  1.1123106960e-02 
1642.000  1.8929797900e-01  1.1159813880e-02 
1643.000  1.9409545800e-01  1.1487569810e-02 
1644.000  1.9102539300e-01  1.1347027780e-02 
1645.000  1.9132479300e-01  1.1401739120e-02 
1646.000  1.9362390000e-01  1.1581143380e-02 
1647.000  1.9542401300e-01  1.1688079830e-02 
1648.000  1.9454053300e-01  1.1625632290e-02 
1649.000  1.9007140600e-01  1.1355706210e-02 
1650.000  1.9488732400e-01  1.1644149780e-02 
1651.000  1.9053667200e-01  1.1381821630e-02 
1652.000  1.9432484200e-01  1.1600317000e-02 
1653.000  1.9232460100e-01  1.1487868310e-02 
1654.000  1.9448206700e-01  1.1619633670e-02 
1655.000  1.9079804000e-01  1.1410061840e-02 
1656.000  1.9461784700e-01  1.1645371440e-02 
1657.000  1.9320566900e-01  1.1562438010e-02 
1658.000  1.9442467200e-01  1.1645331380e-02 
1659.000  1.9088804900e-01  1.1434917450e-02 
1660.000  1.9309423700e-01  1.1560248370e-02 
1661.000  1.9384999400e-01  1.1592740060e-02 
1662.000  1.9239196700e-01  1.1461232190e-02 
1663.000  1.9111793800e-01  1.1351349830e-02 
1664.000  1.9022753300e-01  1.1263532640e-02 
1665.000  1.8828605900e-01  1.1109592440e-02 
1666.000  1.8751707100e-01  1.1064576150e-02 
1667.000  1.8943170000e-01  1.1226353650e-02 
1668.000  1.8622227400e-01  1.1064700130e-02 
1669.000  1.8674740200e-01  1.1130607600e-02 
1670.000  1.9094639700e-01  1.1419359210e-02 
1671.000  1.8955045900e-01  1.1367305760e-02 
1672.000  1.8057218700e-01  1.0869430540e-02 
1673.000  1.8573015200e-01  1.1208678250e-02 
1674.000  1.8648041000e-01  1.1287599560e-02 
1675.000  1.8475067900e-01  1.1224193570e-02 
1676.000  1.8176273300e-01  1.1054548260e-02 
1677.000  1.8269159500e-01  1.1110900880e-02 
1678.000  1.8370511400e-01  1.1178577420e-02 
1679.000  1.8126370600e-01  1.1026233670e-02 
1680.000  1.7505023400e-01  1.0654018400e-02 
1681.000  1.6898397000e-01  1.0287455560e-02 
1682.000  1.7386407900e-01  1.0582772250e-02 
1683.000  1.7815290800e-01  1.0837594030e-02 
1684.000  1.8144539400e-01  1.1032184600e-02 
1685.000  1.8196523800e-01  1.1044670100e-02 
1686.000  1.7976983400e-01  1.0901866910e-02 
1687.000  1.8046618400e-01  1.0904434200e-02 
1688.000  1.8055925400e-01  1.0876050000e-02 
1689.000  1.7838106900e-01  1.0731964110e-02 
1690.000  1.7823635300e-01  1.0686106680e-02 
1691.000  1.8054229900e-01  1.0829072950e-02 
1692.000  1.8086812100e-01  1.0860445980e-02 
1693.000  1.8023003500e-01  1.0838232040e-02 
1694.000  1.7996084300e-01  1.0834004400e-02 
1695.000  1.8000650200e-01  1.0833459850e-02 
1696.000  1.7895334400e-01  1.0744020460e-02 
1697.000  1.7782826200e-01  1.0637713430e-02 
1698.000  1.7888307600e-01  1.0666299820e-02 
1699.000  1.7772730100e-01  1.0568243980e-02 
1700.000  1.7547694900e-01  1.0407067300e-02 
