 lambda   Irr_dw            Rad_up 
 550.000  1.5541658000e+00  2.4959754940e-01 
 551.000  1.5437753000e+00  2.4791470340e-01 
 552.000  1.6095517000e+00  2.5850170900e-01 
 553.000  1.5458348000e+00  2.4824369810e-01 
 554.000  1.5956752000e+00  2.5626327510e-01 
 555.000  1.5995205000e+00  2.5684207150e-01 
 556.000  1.5548331000e+00  2.4963327030e-01 
 557.000  1.5081469000e+00  2.4215393070e-01 
 558.000  1.5648790000e+00  2.5122372440e-01 
 559.000  1.4786457000e+00  2.3736573790e-01 
 560.000  1.4846561000e+00  2.3833840940e-01 
 561.000  1.6311843000e+00  2.6181234740e-01 
 562.000  1.4968310000e+00  2.4021057130e-01 
 563.000  1.5655516000e+00  2.5118811040e-01 
 564.000  1.5430637000e+00  2.4749925230e-01 
 565.000  1.5609742000e+00  2.5033181760e-01 
 566.000  1.4387942000e+00  2.3069581600e-01 
 567.000  1.5428480000e+00  2.4716777040e-01 
 568.000  1.5380581000e+00  2.4566990660e-01 
 569.000  1.5058696000e+00  2.3895300290e-01 
 570.000  1.5135586000e+00  2.4041531370e-01 
 571.000  1.4603949000e+00  2.3307687380e-01 
 572.000  1.5424342000e+00  2.4509803770e-01 
 573.000  1.5586657000e+00  2.4799647520e-01 
 574.000  1.5498807000e+00  2.4667562870e-01 
 575.000  1.5116503000e+00  2.4049887080e-01 
 576.000  1.4839478000e+00  2.3605320740e-01 
 577.000  1.5454791000e+00  2.4611065670e-01 
 578.000  1.5004743000e+00  2.3937446590e-01 
 579.000  1.4889976000e+00  2.3776785280e-01 
 580.000  1.5402272000e+00  2.4614379880e-01 
 581.000  1.5124376000e+00  2.4199159240e-01 
 582.000  1.5349980000e+00  2.4568554690e-01 
 583.000  1.5454804000e+00  2.4739889530e-01 
 584.000  1.5403615000e+00  2.4653933720e-01 
 585.000  1.5299925000e+00  2.4482557680e-01 
 586.000  1.4640287000e+00  2.3425906370e-01 
 587.000  1.5208359000e+00  2.4272715760e-01 
 588.000  1.5040974000e+00  2.3784840390e-01 
 589.000  1.3324278000e+00  2.0787229920e-01 
 590.000  1.3910412000e+00  2.1683219910e-01 
 591.000  1.4784009000e+00  2.3249394230e-01 
 592.000  1.4496874000e+00  2.2684349060e-01 
 593.000  1.4653552000e+00  2.3163491820e-01 
 594.000  1.4784601000e+00  2.3316572570e-01 
 595.000  1.4496925000e+00  2.2696498110e-01 
 596.000  1.4860120000e+00  2.3507499690e-01 
 597.000  1.4902369000e+00  2.3519656370e-01 
 598.000  1.4598568000e+00  2.3142744450e-01 
 599.000  1.4602418000e+00  2.3192887880e-01 
 600.000  1.4607235000e+00  2.3296269230e-01 
 601.000  1.4525849000e+00  2.3234312440e-01 
 602.000  1.4366903000e+00  2.3002078250e-01 
 603.000  1.4453434000e+00  2.3165159610e-01 
 604.000  1.4910950000e+00  2.3919609070e-01 
 605.000  1.4872174000e+00  2.3861679080e-01 
 606.000  1.4698876000e+00  2.3589289860e-01 
 607.000  1.4615293000e+00  2.3455708310e-01 
 608.000  1.4560692000e+00  2.3366925050e-01 
 609.000  1.4410263000e+00  2.3127322390e-01 
 610.000  1.4178506000e+00  2.2753770450e-01 
 611.000  1.4407701000e+00  2.3123268130e-01 
 612.000  1.4219103000e+00  2.2822476200e-01 
 613.000  1.4010367000e+00  2.2486761470e-01 
 614.000  1.3498758000e+00  2.1668040470e-01 
 615.000  1.4149791000e+00  2.2710763550e-01 
 616.000  1.3452755000e+00  2.1594400020e-01 
 617.000  1.3527782000e+00  2.1715655520e-01 
 618.000  1.4165042000e+00  2.2734851070e-01 
 619.000  1.4034258000e+00  2.2527339170e-01 
 620.000  1.4240552000e+00  2.2853996280e-01 
 621.000  1.4484336000e+00  2.3243812560e-01 
 622.000  1.3719311000e+00  2.2012205510e-01 
 623.000  1.3825129000e+00  2.2173748780e-01 
 624.000  1.3838844000e+00  2.2196083070e-01 
 625.000  1.3462934000e+00  2.1590513610e-01 
 626.000  1.3529826000e+00  2.1680566410e-01 
 627.000  1.3752856000e+00  2.1959896850e-01 
 628.000  1.3560183000e+00  2.1504757690e-01 
 629.000  1.3903815000e+00  2.2104154970e-01 
 630.000  1.3443100000e+00  2.1439460750e-01 
 631.000  1.3937214000e+00  2.2252308650e-01 
 632.000  1.2980356000e+00  2.0663679500e-01 
 633.000  1.3935347000e+00  2.2263821410e-01 
 634.000  1.3517040000e+00  2.1620475770e-01 
 635.000  1.3763659000e+00  2.2014086910e-01 
 636.000  1.3278691000e+00  2.1253099060e-01 
 637.000  1.3716606000e+00  2.1963864140e-01 
 638.000  1.3930727000e+00  2.2344201660e-01 
 639.000  1.3815149000e+00  2.2155436710e-01 
 640.000  1.3381693000e+00  2.1484748840e-01 
 641.000  1.3574389000e+00  2.1792407230e-01 
 642.000  1.3411321000e+00  2.1543203740e-01 
 643.000  1.3644517000e+00  2.1890072630e-01 
 644.000  1.3487509000e+00  2.1634667970e-01 
 645.000  1.3603660000e+00  2.1783508300e-01 
 646.000  1.3080919000e+00  2.0785298160e-01 
 647.000  1.3255604000e+00  2.0952221680e-01 
 648.000  1.3229292000e+00  2.0797052000e-01 
 649.000  1.3493181000e+00  2.1307626340e-01 
 650.000  1.2507304000e+00  1.9938017270e-01 
 651.000  1.3472212000e+00  2.1474603270e-01 
 652.000  1.3208114000e+00  2.0878213500e-01 
 653.000  1.3478454000e+00  2.1508416750e-01 
 654.000  1.3300963000e+00  2.1196952820e-01 
 655.000  1.2948167000e+00  2.0560881040e-01 
 656.000  1.0992974700e+00  1.7475473020e-01 
 657.000  1.1733152000e+00  1.8687034610e-01 
 658.000  1.3070368000e+00  2.0887684630e-01 
 659.000  1.3102404000e+00  2.0977001950e-01 
 660.000  1.3205151000e+00  2.1158990480e-01 
 661.000  1.3264158000e+00  2.1308502200e-01 
 662.000  1.3455287000e+00  2.1639443970e-01 
 663.000  1.3305116000e+00  2.1391075130e-01 
 664.000  1.3093534000e+00  2.1059497070e-01 
 665.000  1.3150233000e+00  2.1157029720e-01 
 666.000  1.3308449000e+00  2.1424121090e-01 
 667.000  1.3044084000e+00  2.1002288820e-01 
 668.000  1.3117987000e+00  2.1133824160e-01 
 669.000  1.3304781000e+00  2.1440980530e-01 
 670.000  1.3148400000e+00  2.1186981200e-01 
 671.000  1.3005838300e+00  2.0961366270e-01 
 672.000  1.2964268400e+00  2.0895285030e-01 
 673.000  1.3056446200e+00  2.1044035340e-01 
 674.000  1.3081305600e+00  2.1085806270e-01 
 675.000  1.2881278200e+00  2.0762960820e-01 
 676.000  1.3124019400e+00  2.1156007390e-01 
 677.000  1.2862513300e+00  2.0736526490e-01 
 678.000  1.3075012800e+00  2.1079064940e-01 
 679.000  1.2889949300e+00  2.0778424070e-01 
 680.000  1.2790334500e+00  2.0611946110e-01 
 681.000  1.2803340100e+00  2.0625558470e-01 
 682.000  1.2776298900e+00  2.0578230290e-01 
 683.000  1.2859550100e+00  2.0706036380e-01 
 684.000  1.2626452500e+00  2.0319282530e-01 
 685.000  1.2768838200e+00  2.0556951900e-01 
 686.000  1.2205611200e+00  1.9622543330e-01 
 687.000  1.1277232300e+00  1.7601274110e-01 
 688.000  1.1578725300e+00  1.8248896790e-01 
 689.000  1.1522804900e+00  1.8105657960e-01 
 690.000  1.1730233300e+00  1.8526597600e-01 
 691.000  1.1969456800e+00  1.8997416690e-01 
 692.000  1.2000952700e+00  1.9053767400e-01 
 693.000  1.1989222200e+00  1.8811550900e-01 
 694.000  1.2008472400e+00  1.8639318850e-01 
 695.000  1.1879836400e+00  1.8540567020e-01 
 696.000  1.2065271200e+00  1.8894764710e-01 
 697.000  1.2298539600e+00  1.9605998230e-01 
 698.000  1.2024976700e+00  1.9091543580e-01 
 699.000  1.2055625000e+00  1.8833993530e-01 
 700.000  1.1944357100e+00  1.8706088260e-01 
 701.000  1.1634566400e+00  1.8153233340e-01 
 702.000  1.1606168100e+00  1.8154583740e-01 
 703.000  1.1924392000e+00  1.8900199890e-01 
 704.000  1.1964010900e+00  1.8973542790e-01 
 705.000  1.1989702000e+00  1.8907777400e-01 
 706.000  1.1873809400e+00  1.8744564820e-01 
 707.000  1.1716589300e+00  1.8533213810e-01 
 708.000  1.2080807300e+00  1.9149281310e-01 
 709.000  1.1699984500e+00  1.8626210020e-01 
 710.000  1.1913116600e+00  1.8873190310e-01 
 711.000  1.1847450400e+00  1.8858285520e-01 
 712.000  1.1727565800e+00  1.8745428470e-01 
 713.000  1.1639162300e+00  1.8540144350e-01 
 714.000  1.1822822500e+00  1.8807566830e-01 
 715.000  1.1348157000e+00  1.7950210570e-01 
 716.000  1.1580383400e+00  1.8211010740e-01 
 717.000  1.0850377500e+00  1.6486640930e-01 
 718.000  1.0522298300e+00  1.5652062990e-01 
 719.000  1.0303418100e+00  1.5204019170e-01 
 720.000  1.0233561600e+00  1.4932298280e-01 
 721.000  1.0850330800e+00  1.6637168880e-01 
 722.000  1.1228716400e+00  1.7519392400e-01 
 723.000  1.1074279100e+00  1.7105490110e-01 
 724.000  1.0770659700e+00  1.6174353030e-01 
 725.000  1.0705712800e+00  1.6141171260e-01 
 726.000  1.0667326000e+00  1.6063314820e-01 
 727.000  1.0875889600e+00  1.6441535950e-01 
 728.000  1.0631203200e+00  1.6004779050e-01 
 729.000  1.0340599600e+00  1.5734555050e-01 
 730.000  1.0696656400e+00  1.6248635860e-01 
 731.000  1.0489823100e+00  1.5903715520e-01 
 732.000  1.0917819800e+00  1.6852279660e-01 
 733.000  1.0966326200e+00  1.7229652400e-01 
 734.000  1.1298284800e+00  1.7903823850e-01 
 735.000  1.1168559300e+00  1.7643759160e-01 
 736.000  1.0891905200e+00  1.7111552430e-01 
 737.000  1.1084992300e+00  1.7487365720e-01 
 738.000  1.1123125400e+00  1.7650924680e-01 
 739.000  1.0791204100e+00  1.7169306950e-01 
 740.000  1.0956717000e+00  1.7532331850e-01 
 741.000  1.0905578200e+00  1.7512522890e-01 
 742.000  1.0740482200e+00  1.7273255920e-01 
 743.000  1.1089311700e+00  1.7891833500e-01 
 744.000  1.1208401700e+00  1.8111364750e-01 
 745.000  1.0927770900e+00  1.7679510500e-01 
 746.000  1.1088095300e+00  1.7953816220e-01 
 747.000  1.1255060400e+00  1.8226039120e-01 
 748.000  1.1060441900e+00  1.7922389220e-01 
 749.000  1.1065321900e+00  1.7936737060e-01 
 750.000  1.0899173200e+00  1.7661347960e-01 
 751.000  1.0871058800e+00  1.7617228700e-01 
 752.000  1.1042435200e+00  1.7906594850e-01 
 753.000  1.0939550200e+00  1.7744244380e-01 
 754.000  1.1111760800e+00  1.8026414490e-01 
 755.000  1.1047990000e+00  1.7924601750e-01 
 756.000  1.0831748200e+00  1.7575442500e-01 
 757.000  1.0911421000e+00  1.7706213380e-01 
 758.000  1.0888200500e+00  1.7662971500e-01 
 759.000  1.0058468100e+00  1.6060464480e-01 
 760.000  5.1273122000e-01  6.9528060910e-02 
 761.000  4.6309354000e-01  6.1350646970e-02 
 762.000  7.4029161000e-01  1.1016077420e-01 
 763.000  6.7137864000e-01  9.6776672360e-02 
 764.000  7.1779327000e-01  1.0511618800e-01 
 765.000  8.2017277000e-01  1.2441529080e-01 
 766.000  8.8743718000e-01  1.3910360720e-01 
 767.000  9.5133263000e-01  1.5131803890e-01 
 768.000  1.0224945300e+00  1.6420121770e-01 
 769.000  1.0402375500e+00  1.6811206050e-01 
 770.000  1.0453539400e+00  1.6944078060e-01 
 771.000  1.0509884100e+00  1.7064971920e-01 
 772.000  1.0480587400e+00  1.7025961300e-01 
 773.000  1.0441237600e+00  1.6966780090e-01 
 774.000  1.0556224000e+00  1.7158189390e-01 
 775.000  1.0161094700e+00  1.6519857790e-01 
 776.000  1.0580485300e+00  1.7206854250e-01 
 777.000  1.0506960800e+00  1.7088534550e-01 
 778.000  1.0450216100e+00  1.6995895390e-01 
 779.000  1.0483845600e+00  1.7049897770e-01 
 780.000  1.0353714700e+00  1.6840039060e-01 
 781.000  1.0337646100e+00  1.6818583680e-01 
 782.000  1.0461838400e+00  1.7018309020e-01 
 783.000  1.0216998800e+00  1.6623316960e-01 
 784.000  1.0272537200e+00  1.6709376530e-01 
 785.000  1.0290675700e+00  1.6715760800e-01 
 786.000  1.0099861500e+00  1.6374606320e-01 
 787.000  1.0218223500e+00  1.6491712950e-01 
 788.000  1.0048681200e+00  1.6182398990e-01 
 789.000  1.0048612400e+00  1.6053666690e-01 
 790.000  9.9417725000e-01  1.5871261600e-01 
 791.000  9.9014025000e-01  1.5832138060e-01 
 792.000  9.7543173000e-01  1.5618228150e-01 
 793.000  9.7676188000e-01  1.5691474910e-01 
 794.000  9.7163953000e-01  1.5720628360e-01 
 795.000  9.6333336000e-01  1.5517001340e-01 
 796.000  9.7157039000e-01  1.5480850220e-01 
 797.000  9.7999166000e-01  1.5666242980e-01 
 798.000  9.8566706000e-01  1.5869070430e-01 
 799.000  9.8366626000e-01  1.5810876460e-01 
 800.000  9.5428830000e-01  1.5261062620e-01 
 801.000  9.7252723000e-01  1.5563221740e-01 
 802.000  9.7017451000e-01  1.5517483520e-01 
 803.000  9.5686215000e-01  1.5317842100e-01 
 804.000  9.6724194000e-01  1.5524488830e-01 
 805.000  9.4404739000e-01  1.5224885560e-01 
 806.000  9.7159747000e-01  1.5712896730e-01 
 807.000  9.6566500000e-01  1.5621461490e-01 
 808.000  9.5879339000e-01  1.5485211180e-01 
 809.000  9.4108193000e-01  1.5169909670e-01 
 810.000  9.3522861000e-01  1.5043228150e-01 
 811.000  9.4679531000e-01  1.5167344670e-01 
 812.000  9.3894311000e-01  1.4952098080e-01 
 813.000  9.2904778000e-01  1.4689390560e-01 
 814.000  9.1989291000e-01  1.4414897160e-01 
 815.000  9.0005963000e-01  1.3947746280e-01 
 816.000  8.7895967000e-01  1.3432153320e-01 
 817.000  8.8500637000e-01  1.3533552550e-01 
 818.000  8.8069024000e-01  1.3480648800e-01 
 819.000  8.6114545000e-01  1.3245608520e-01 
 820.000  8.5870782000e-01  1.3414270020e-01 
 821.000  9.0401128000e-01  1.4375657650e-01 
 822.000  8.6603770000e-01  1.3583648680e-01 
 823.000  8.4186761000e-01  1.2728396610e-01 
 824.000  8.8527963000e-01  1.3807019040e-01 
 825.000  9.0313860000e-01  1.4383689880e-01 
 826.000  9.0545625000e-01  1.4369915770e-01 
 827.000  9.0005209000e-01  1.4246266170e-01 
 828.000  8.8562008000e-01  1.3829637150e-01 
 829.000  8.8968044000e-01  1.3959788510e-01 
 830.000  8.8047786000e-01  1.3892057800e-01 
 831.000  8.6610486000e-01  1.3683711240e-01 
 832.000  8.8425569000e-01  1.3979565430e-01 
 833.000  8.5942499000e-01  1.3634382630e-01 
 834.000  8.7523366000e-01  1.3939187620e-01 
 835.000  8.8263735000e-01  1.4160659790e-01 
 836.000  8.9105582000e-01  1.4266741940e-01 
 837.000  8.8343972000e-01  1.4141110230e-01 
 838.000  8.8926426000e-01  1.4288371280e-01 
 839.000  8.6299075000e-01  1.3897447200e-01 
 840.000  8.8660830000e-01  1.4288418580e-01 
 841.000  8.8737598000e-01  1.4266265870e-01 
 842.000  8.8313146000e-01  1.4228869630e-01 
 843.000  8.8010992000e-01  1.4258793640e-01 
 844.000  8.6681444000e-01  1.4078477480e-01 
 845.000  8.8054435000e-01  1.4318394470e-01 
 846.000  8.8896183000e-01  1.4475083920e-01 
 847.000  8.5892421000e-01  1.4007099910e-01 
 848.000  8.8316013000e-01  1.4370344540e-01 
 849.000  8.8488216000e-01  1.4405661010e-01 
 850.000  7.6462783000e-01  1.2432688140e-01 
 851.000  8.7541152000e-01  1.4215139770e-01 
 852.000  8.4224208000e-01  1.3681005860e-01 
 853.000  8.5278627000e-01  1.3879617310e-01 
 854.000  6.8554732000e-01  1.1158303070e-01 
 855.000  7.5497436000e-01  1.2303617860e-01 
 856.000  8.5732583000e-01  1.4000207520e-01 
 857.000  8.7124700000e-01  1.4244712830e-01 
 858.000  8.5738863000e-01  1.4024836730e-01 
 859.000  8.5747567000e-01  1.4041778560e-01 
 860.000  8.4990330000e-01  1.3927157590e-01 
 861.000  8.4978722000e-01  1.3926979060e-01 
 862.000  8.4700597000e-01  1.3884150700e-01 
 863.000  8.6318365000e-01  1.4154153440e-01 
 864.000  8.6145551000e-01  1.4125045780e-01 
 865.000  8.4540193000e-01  1.3869032290e-01 
 866.000  7.0911134000e-01  1.1635965730e-01 
 867.000  7.5510794000e-01  1.2385206600e-01 
 868.000  8.1893346000e-01  1.3436318970e-01 
 869.000  8.0743207000e-01  1.3249092100e-01 
 870.000  8.4071800000e-01  1.3799560550e-01 
 871.000  8.3952005000e-01  1.3779582210e-01 
 872.000  8.3613543000e-01  1.3719880680e-01 
 873.000  8.3946474000e-01  1.3778045650e-01 
 874.000  8.2104367000e-01  1.3473603820e-01 
 875.000  8.1347800000e-01  1.3354853820e-01 
 876.000  8.2020740000e-01  1.3461497500e-01 
 877.000  8.3653437000e-01  1.3725373840e-01 
 878.000  8.2208835000e-01  1.3483728030e-01 
 879.000  8.2398282000e-01  1.3517146300e-01 
 880.000  8.1914054000e-01  1.3426390080e-01 
 881.000  7.7652740000e-01  1.2726837160e-01 
 882.000  8.1936546000e-01  1.3420809940e-01 
 883.000  8.0067803000e-01  1.3125128170e-01 
 884.000  8.0747327000e-01  1.3245729060e-01 
 885.000  8.1567162000e-01  1.3353529360e-01 
 886.000  7.8882003000e-01  1.2897625730e-01 
 887.000  7.8079640000e-01  1.2781387330e-01 
 888.000  8.0415338000e-01  1.3158615110e-01 
 889.000  8.0959963000e-01  1.3261885070e-01 
 890.000  8.0693139000e-01  1.3205303960e-01 
 891.000  8.0210244000e-01  1.3097145080e-01 
 892.000  7.9774320000e-01  1.2971444700e-01 
 893.000  7.6158679000e-01  1.2222090150e-01 
 894.000  7.8373786000e-01  1.2500307460e-01 
 895.000  7.3369693000e-01  1.1491513820e-01 
 896.000  7.4773100000e-01  1.1514193730e-01 
 897.000  7.1504664000e-01  1.0825181580e-01 
 898.000  7.0896731000e-01  1.0644080350e-01 
 899.000  6.8749016000e-01  1.0092982480e-01 
 900.000  6.7328411000e-01  9.9121246340e-02 
 901.000  6.5365828000e-01  9.5697219850e-02 
 902.000  6.4246816000e-01  9.4195320130e-02 
 903.000  7.0805580000e-01  1.0776232150e-01 
 904.000  7.4235148000e-01  1.1559006500e-01 
 905.000  7.3955544000e-01  1.1516468810e-01 
 906.000  7.0714825000e-01  1.0856359860e-01 
 907.000  6.9598373000e-01  1.0418551640e-01 
 908.000  6.6405950000e-01  9.7760063170e-02 
 909.000  6.5156393000e-01  9.5974014280e-02 
 910.000  6.6149819000e-01  9.7679321290e-02 
 911.000  6.6958353000e-01  1.0000820160e-01 
 912.000  6.6621154000e-01  9.8918769840e-02 
 913.000  6.6041457000e-01  9.5839622500e-02 
 914.000  6.6662077000e-01  9.7848388670e-02 
 915.000  6.6382545000e-01  9.8391166690e-02 
 916.000  6.7326912000e-01  1.0002040100e-01 
 917.000  6.6703244000e-01  9.9588790890e-02 
 918.000  6.6919662000e-01  1.0056032560e-01 
 919.000  6.9713654000e-01  1.0715267180e-01 
 920.000  7.0469411000e-01  1.1004589840e-01 
 921.000  6.8615786000e-01  1.0676369480e-01 
 922.000  6.7972616000e-01  1.0575750730e-01 
 923.000  6.4752620000e-01  1.0017824550e-01 
 924.000  6.6563073000e-01  1.0193194580e-01 
 925.000  6.7371756000e-01  1.0301963810e-01 
 926.000  6.4953820000e-01  9.9169586180e-02 
 927.000  6.6282996000e-01  9.9903831480e-02 
 928.000  6.4991712000e-01  9.5896385190e-02 
 929.000  6.1641368000e-01  8.8181770320e-02 
 930.000  5.8329803000e-01  7.9862457280e-02 
 931.000  5.4694502000e-01  7.0537170410e-02 
 932.000  4.9393973000e-01  5.8406234740e-02 
 933.000  4.5808052000e-01  5.0886016850e-02 
 934.000  4.1480833000e-01  4.3126186370e-02 
 935.000  4.0459245000e-01  4.1707504270e-02 
 936.000  4.1727601000e-01  4.4132286070e-02 
 937.000  4.2240267000e-01  4.4432346340e-02 
 938.000  4.6062117000e-01  5.2164932250e-02 
 939.000  5.7080630000e-01  7.7064750670e-02 
 940.000  5.8278427000e-01  8.0342605590e-02 
 941.000  5.5675604000e-01  7.5470321660e-02 
 942.000  5.0499379000e-01  6.5051612850e-02 
 943.000  4.7695222000e-01  5.5932548520e-02 
 944.000  4.6010194000e-01  5.3575843810e-02 
 945.000  4.8439380000e-01  5.8272949220e-02 
 946.000  4.9195951000e-01  5.9323047640e-02 
 947.000  5.0629847000e-01  6.2981189730e-02 
 948.000  5.1946850000e-01  6.5803634640e-02 
 949.000  5.1964873000e-01  6.5706321720e-02 
 950.000  5.1875120000e-01  6.5903854370e-02 
 951.000  5.3792169000e-01  7.1054016110e-02 
 952.000  5.1381992000e-01  6.5167877200e-02 
 953.000  5.2900009000e-01  6.9133544920e-02 
 954.000  5.4127016000e-01  7.2902526860e-02 
 955.000  4.9214829000e-01  6.4782348630e-02 
 956.000  5.2157546000e-01  6.8352256770e-02 
 957.000  5.6486766000e-01  7.9303359990e-02 
 958.000  5.7465900000e-01  8.1337028500e-02 
 959.000  5.6953768000e-01  7.9917404170e-02 
 960.000  5.6197640000e-01  7.8676307680e-02 
 961.000  5.5230442000e-01  7.6975173950e-02 
 962.000  5.5823390000e-01  7.8198989870e-02 
 963.000  5.8028097000e-01  8.3822463990e-02 
 964.000  5.7684805000e-01  8.3706169130e-02 
 965.000  5.8162297000e-01  8.4215164180e-02 
 966.000  5.6596299000e-01  8.2118041990e-02 
 967.000  5.9905457000e-01  8.8720428470e-02 
 968.000  6.1895144000e-01  9.4805374150e-02 
 969.000  6.3459704000e-01  9.8711326600e-02 
 970.000  6.3692850000e-01  9.9179039000e-02 
 971.000  6.3097793000e-01  9.8234054570e-02 
 972.000  6.3212791000e-01  9.8000343320e-02 
 973.000  6.1841506000e-01  9.4943145750e-02 
 974.000  5.9956066000e-01  9.0969421390e-02 
 975.000  5.9647573000e-01  8.9825759890e-02 
 976.000  6.1121208000e-01  9.2923919680e-02 
 977.000  6.0769977000e-01  9.3847427370e-02 
 978.000  6.2167635000e-01  9.5913566590e-02 
 979.000  6.0663243000e-01  9.4000770570e-02 
 980.000  6.2746463000e-01  9.8817947390e-02 
 981.000  6.3446427000e-01  1.0030325320e-01 
 982.000  6.3032013000e-01  9.9316436770e-02 
 983.000  6.3486464000e-01  1.0089149480e-01 
 984.000  6.3702943000e-01  1.0213954930e-01 
 985.000  6.4035848000e-01  1.0320637510e-01 
 986.000  6.3980731000e-01  1.0381287380e-01 
 987.000  6.4922733000e-01  1.0565110780e-01 
 988.000  6.4154413000e-01  1.0449462130e-01 
 989.000  6.3366376000e-01  1.0326777650e-01 
 990.000  6.3953153000e-01  1.0430975340e-01 
 991.000  6.4647158000e-01  1.0572097020e-01 
 992.000  6.4095675000e-01  1.0490876010e-01 
 993.000  6.4108611000e-01  1.0497258000e-01 
 994.000  6.4581458000e-01  1.0599773410e-01 
 995.000  6.4209590000e-01  1.0556875610e-01 
 996.000  6.4195103000e-01  1.0555812070e-01 
 997.000  6.4196147000e-01  1.0546746060e-01 
 998.000  6.3883569000e-01  1.0485017400e-01 
 999.000  6.3695698000e-01  1.0451139070e-01 
1000.000  6.3209261000e-01  1.0376187130e-01 
1001.000  6.3409319000e-01  1.0386314390e-01 
1002.000  6.3073104000e-01  1.0294147490e-01 
1003.000  6.2391297000e-01  1.0194044490e-01 
1004.000  6.2002092000e-01  1.0154804990e-01 
1005.000  5.7983226000e-01  9.5078628540e-02 
1006.000  6.1028860000e-01  1.0012969970e-01 
1007.000  6.2096293000e-01  1.0182791140e-01 
1008.000  6.2170726000e-01  1.0165660860e-01 
1009.000  6.1540229000e-01  1.0023521420e-01 
1010.000  6.1880047000e-01  1.0099448390e-01 
1011.000  6.1809738000e-01  1.0133850100e-01 
1012.000  6.1927749000e-01  1.0171899410e-01 
1013.000  6.1555757000e-01  1.0125901030e-01 
1014.000  6.1980667000e-01  1.0204314420e-01 
1015.000  6.0840694000e-01  1.0020561980e-01 
1016.000  6.1263119000e-01  1.0099089050e-01 
1017.000  6.0670127000e-01  1.0007180020e-01 
1018.000  6.1425447000e-01  1.0127458190e-01 
1019.000  5.9943290000e-01  9.8705444340e-02 
1020.000  5.9843367000e-01  9.8600227360e-02 
1021.000  6.0493335000e-01  9.9777702330e-02 
1022.000  5.9492356000e-01  9.7939369200e-02 
1023.000  6.0555958000e-01  9.9531684880e-02 
1024.000  6.0200659000e-01  9.8853004460e-02 
1025.000  6.0316459000e-01  9.9321243290e-02 
1026.000  6.0444874000e-01  9.9673172000e-02 
1027.000  6.0054564000e-01  9.9010192870e-02 
1028.000  6.0215741000e-01  9.9354560850e-02 
1029.000  5.9350022000e-01  9.8079971310e-02 
1030.000  5.9997485000e-01  9.9303977970e-02 
1031.000  5.9833155000e-01  9.9131698610e-02 
1032.000  5.9641469000e-01  9.8894744870e-02 
1033.000  5.8546705000e-01  9.7106849670e-02 
1034.000  5.9118486000e-01  9.8097404480e-02 
1035.000  5.8346076000e-01  9.6835868840e-02 
1036.000  5.9310055000e-01  9.8463142400e-02 
1037.000  5.8060736000e-01  9.6412445070e-02 
1038.000  5.8634559000e-01  9.7386451720e-02 
1039.000  5.8873098000e-01  9.7782135010e-02 
1040.000  5.8175493000e-01  9.6627441410e-02 
1041.000  5.8478059000e-01  9.7130607600e-02 
1042.000  5.8650762000e-01  9.7425102230e-02 
1043.000  5.7637795000e-01  9.5752899170e-02 
1044.000  5.8210350000e-01  9.6708236690e-02 
1045.000  5.7954979000e-01  9.6291023250e-02 
1046.000  5.6268389000e-01  9.3507255550e-02 
1047.000  5.7300046000e-01  9.5238624570e-02 
1048.000  5.7867192000e-01  9.6206459050e-02 
1049.000  5.7494813000e-01  9.5618942260e-02 
1050.000  5.7252758000e-01  9.5216941830e-02 
1051.000  5.7149594000e-01  9.5018463130e-02 
1052.000  5.6876233000e-01  9.4553581240e-02 
1053.000  5.6738200000e-01  9.4313949580e-02 
1054.000  5.6313858000e-01  9.3547584530e-02 
1055.000  5.6723045000e-01  9.4218925480e-02 
1056.000  5.6569258000e-01  9.3940399170e-02 
1057.000  5.6461925000e-01  9.3686935420e-02 
1058.000  5.5853904000e-01  9.2530410770e-02 
1059.000  5.4098162000e-01  8.9659103390e-02 
1060.000  5.6055633000e-01  9.3020225520e-02 
1061.000  5.4088765000e-01  8.9758468630e-02 
1062.000  5.5578738000e-01  9.2150352480e-02 
1063.000  5.4637014000e-01  9.0577804570e-02 
1064.000  5.5310443000e-01  9.1617599490e-02 
1065.000  5.5226187000e-01  9.1360305790e-02 
1066.000  5.3534460000e-01  8.8568595890e-02 
1067.000  5.4797681000e-01  9.0607101440e-02 
1068.000  5.4522526000e-01  8.9929023740e-02 
1069.000  5.0387861000e-01  8.2982551570e-02 
1070.000  5.3384343000e-01  8.7942825320e-02 
1071.000  5.3430781000e-01  8.7884002690e-02 
1072.000  5.3569013000e-01  8.7980201720e-02 
1073.000  5.1798602000e-01  8.5050964360e-02 
1074.000  5.3620006000e-01  8.8065856930e-02 
1075.000  5.2014437000e-01  8.5623786930e-02 
1076.000  5.3117127000e-01  8.7314361570e-02 
1077.000  5.2947821000e-01  8.6872268680e-02 
1078.000  5.3024016000e-01  8.6808090210e-02 
1079.000  5.0973497000e-01  8.3425811770e-02 
1080.000  5.2317316000e-01  8.5129974370e-02 
1081.000  5.0383577000e-01  8.1954147340e-02 
1082.000  5.1098836000e-01  8.3315223690e-02 
1083.000  4.9632584000e-01  8.0660766600e-02 
1084.000  5.1425164000e-01  8.3280494690e-02 
1085.000  5.0500729000e-01  8.1130630490e-02 
1086.000  5.1220656000e-01  8.2424392700e-02 
1087.000  4.8344439000e-01  7.8463226320e-02 
1088.000  5.1283323000e-01  8.3278724670e-02 
1089.000  4.8997521000e-01  7.8746421810e-02 
1090.000  4.9997441000e-01  8.0208747860e-02 
1091.000  5.0389083000e-01  8.1010284420e-02 
1092.000  4.9051054000e-01  7.8461067200e-02 
1093.000  4.8060653000e-01  7.6011146550e-02 
1094.000  4.3576008900e-01  6.8570053100e-02 
1095.000  4.7195670000e-01  7.4311035160e-02 
1096.000  4.7328181000e-01  7.4581718440e-02 
1097.000  4.6320985000e-01  7.2778419490e-02 
1098.000  4.4585561800e-01  6.8145927430e-02 
1099.000  4.3552191600e-01  6.5015861510e-02 
1100.000  4.4381756300e-01  6.6356460570e-02 
1101.000  4.4447750800e-01  6.6660690310e-02 
1102.000  4.2529904800e-01  6.3667278290e-02 
1103.000  4.4326057300e-01  6.6482673650e-02 
1104.000  4.3805519900e-01  6.5429428100e-02 
1105.000  4.3229284800e-01  6.3912986760e-02 
1106.000  4.2346091300e-01  6.1976646420e-02 
1107.000  4.2429630500e-01  6.2222808840e-02 
1108.000  4.2396323100e-01  6.2240589140e-02 
1109.000  4.3046633900e-01  6.3670886990e-02 
1110.000  4.3222305400e-01  6.3771793370e-02 
1111.000  4.2424236000e-01  6.2245983120e-02 
1112.000  4.0785844300e-01  5.8487724300e-02 
1113.000  3.8911988600e-01  5.3795314790e-02 
1114.000  3.8890611100e-01  5.3052776340e-02 
1115.000  3.6326591400e-01  4.6854026790e-02 
1116.000  3.4508058600e-01  4.2910873410e-02 
1117.000  3.1605850800e-01  3.6251583100e-02 
1118.000  2.8208677400e-01  2.9903125760e-02 
1119.000  2.5822915600e-01  2.6068246840e-02 
1120.000  2.3805324800e-01  2.2552734380e-02 
1121.000  2.3496720100e-01  2.1902748110e-02 
1122.000  2.1119106700e-01  1.8252958300e-02 
1123.000  2.2504710300e-01  2.0214813230e-02 
1124.000  2.3400419600e-01  2.1525665280e-02 
1125.000  2.2484467800e-01  2.0405874250e-02 
1126.000  2.1879530900e-01  1.9758634570e-02 
1127.000  2.2796549400e-01  2.0741157530e-02 
1128.000  2.2718316300e-01  2.0960115430e-02 
1129.000  2.5000729800e-01  2.4584796910e-02 
1130.000  2.9883442600e-01  3.3163822170e-02 
1131.000  3.1578260200e-01  3.6221858980e-02 
1132.000  2.9780377100e-01  3.2597309110e-02 
1133.000  2.5556571000e-01  2.5683986660e-02 
1134.000  1.8689273800e-01  1.5173221590e-02 
1135.000  1.9454500700e-01  1.6143518450e-02 
1136.000  2.6172668100e-01  2.6723613740e-02 
1137.000  3.0000661200e-01  3.3354679110e-02 
1138.000  3.2053165900e-01  3.8680931090e-02 
1139.000  3.3657891900e-01  4.1774959560e-02 
1140.000  3.3155429900e-01  4.0514240260e-02 
1141.000  3.0998500800e-01  3.6771999360e-02 
1142.000  3.1412177100e-01  3.6837402340e-02 
1143.000  2.9520307800e-01  3.3449104310e-02 
1144.000  2.7791553900e-01  3.0314085010e-02 
1145.000  2.5703937300e-01  2.6449924470e-02 
1146.000  2.6505302900e-01  2.7655080800e-02 
1147.000  2.8416472700e-01  3.0996692660e-02 
1148.000  2.9678741600e-01  3.3624420170e-02 
1149.000  3.0371781100e-01  3.4949234010e-02 
1150.000  3.0246770600e-01  3.4908584590e-02 
1151.000  3.1033444400e-01  3.6714431760e-02 
1152.000  3.1397684000e-01  3.7590538020e-02 
1153.000  3.1966944400e-01  3.8931625370e-02 
1154.000  3.1991567800e-01  3.8828849790e-02 
1155.000  3.3275679200e-01  4.1742591860e-02 
1156.000  3.4122233900e-01  4.4335372920e-02 
1157.000  3.7066391300e-01  5.1317440030e-02 
1158.000  3.8104590300e-01  5.3970817570e-02 
1159.000  3.8427179200e-01  5.5444034580e-02 
1160.000  3.8286317300e-01  5.5663135530e-02 
1161.000  3.8339517000e-01  5.6713615420e-02 
1162.000  4.0372722500e-01  6.0524688720e-02 
1163.000  4.1330163900e-01  6.2933235170e-02 
1164.000  4.0673721500e-01  6.2143459320e-02 
1165.000  4.1509118400e-01  6.3549419400e-02 
1166.000  4.0588363800e-01  6.2371425630e-02 
1167.000  4.1343236400e-01  6.3676971440e-02 
1168.000  4.1664471600e-01  6.4126472470e-02 
1169.000  4.0330540500e-01  6.2219249730e-02 
1170.000  4.1516258900e-01  6.4181297300e-02 
1171.000  4.1984045800e-01  6.5246406560e-02 
1172.000  4.1688631100e-01  6.4597869870e-02 
1173.000  4.1238005900e-01  6.3720600130e-02 
1174.000  4.1268138500e-01  6.3783493040e-02 
1175.000  4.1213448400e-01  6.4215446470e-02 
1176.000  4.0601946600e-01  6.3738029480e-02 
1177.000  4.1669623900e-01  6.5187530520e-02 
1178.000  4.0590759800e-01  6.3049571990e-02 
1179.000  4.0409719200e-01  6.2773708340e-02 
1180.000  4.0840802900e-01  6.3284194950e-02 
1181.000  4.0278670700e-01  6.2002178190e-02 
1182.000  3.9977681000e-01  6.1139587400e-02 
1183.000  3.7697212500e-01  5.7700012210e-02 
1184.000  3.9595361500e-01  6.0835529330e-02 
1185.000  4.0611182600e-01  6.2979263310e-02 
1186.000  4.0224339600e-01  6.2210918430e-02 
1187.000  3.9737589500e-01  6.0888839720e-02 
1188.000  3.9418372800e-01  6.0274524690e-02 
1189.000  3.7405034000e-01  5.7531120300e-02 
1190.000  4.0018933100e-01  6.2472774510e-02 
1191.000  4.0875607800e-01  6.4097129820e-02 
1192.000  4.0983304900e-01  6.4683395390e-02 
1193.000  4.0927629000e-01  6.4503822330e-02 
1194.000  4.0798972200e-01  6.4248367310e-02 
1195.000  4.0017881000e-01  6.2629821780e-02 
1196.000  4.0036903700e-01  6.2723159790e-02 
1197.000  3.9869057300e-01  6.2276973720e-02 
1198.000  3.8495490500e-01  6.0097751620e-02 
1199.000  3.6880769900e-01  5.7363967900e-02 
1200.000  3.9316710800e-01  6.1293643950e-02 
1201.000  3.9642333700e-01  6.1873889920e-02 
1202.000  3.9733723900e-01  6.2123264310e-02 
1203.000  3.7689177600e-01  5.8861976620e-02 
1204.000  3.8375054900e-01  6.0058712010e-02 
1205.000  3.9795473600e-01  6.2944904330e-02 
1206.000  3.9800564900e-01  6.3255954740e-02 
1207.000  4.0168959900e-01  6.3966133120e-02 
1208.000  3.9511383700e-01  6.2816638950e-02 
1209.000  3.6929275900e-01  5.8559062960e-02 
1210.000  3.9313539600e-01  6.2061607360e-02 
1211.000  3.7971466700e-01  5.9908611300e-02 
1212.000  3.9215937900e-01  6.1945095060e-02 
1213.000  3.9576121200e-01  6.2783252720e-02 
1214.000  3.9369401800e-01  6.2422409060e-02 
1215.000  3.9577622700e-01  6.2860744480e-02 
1216.000  3.9755052800e-01  6.3574653630e-02 
1217.000  3.9916907400e-01  6.4215476990e-02 
1218.000  3.9874955600e-01  6.4340240480e-02 
1219.000  3.9551710400e-01  6.3940074920e-02 
1220.000  3.9825470500e-01  6.4391632080e-02 
1221.000  3.9778043200e-01  6.4350570680e-02 
1222.000  3.9576058500e-01  6.4036590580e-02 
1223.000  3.9409364300e-01  6.3815795900e-02 
1224.000  3.9862972600e-01  6.4778579710e-02 
1225.000  3.9675143700e-01  6.4531730650e-02 
1226.000  3.9855670500e-01  6.4906852720e-02 
1227.000  3.8571700400e-01  6.2938667300e-02 
1228.000  3.9859228900e-01  6.5198738100e-02 
1229.000  3.9874532500e-01  6.5349395750e-02 
1230.000  3.9804893700e-01  6.5377632140e-02 
1231.000  3.9841912700e-01  6.5525848390e-02 
1232.000  3.9406262700e-01  6.4851631160e-02 
1233.000  3.9724827400e-01  6.5408004760e-02 
1234.000  3.9692176100e-01  6.5534538270e-02 
1235.000  3.9447231300e-01  6.5201393130e-02 
1236.000  3.9697336300e-01  6.5669380190e-02 
1237.000  3.9722683100e-01  6.5779151920e-02 
1238.000  3.9707089900e-01  6.5788475040e-02 
1239.000  3.9259112000e-01  6.5072479250e-02 
1240.000  3.9081285500e-01  6.4805252080e-02 
1241.000  3.9422357100e-01  6.5383644100e-02 
1242.000  3.9182466700e-01  6.4994522090e-02 
1243.000  3.8736470800e-01  6.4265960690e-02 
1244.000  3.8371890900e-01  6.3653381350e-02 
1245.000  3.9019845300e-01  6.4731094360e-02 
1246.000  3.8703548300e-01  6.4187469480e-02 
1247.000  3.8494838300e-01  6.3817916870e-02 
1248.000  3.8775863600e-01  6.4264717100e-02 
1249.000  3.8625098000e-01  6.4010574340e-02 
1250.000  3.8456895300e-01  6.3713176730e-02 
1251.000  3.8173541400e-01  6.3227016450e-02 
1252.000  3.8029335000e-01  6.2949531560e-02 
1253.000  3.7683426700e-01  6.2333812710e-02 
1254.000  3.7718652500e-01  6.2295299530e-02 
1255.000  3.7609725200e-01  6.2057796480e-02 
1256.000  3.7489703300e-01  6.1818180080e-02 
1257.000  3.7004448400e-01  6.0949333190e-02 
1258.000  3.7011681200e-01  6.0807807920e-02 
1259.000  3.6487400800e-01  5.9827983860e-02 
1260.000  3.6400059700e-01  5.9545276640e-02 
1261.000  3.6177808500e-01  5.9035232540e-02 
1262.000  3.5073093200e-01  5.6973381040e-02 
1263.000  3.5370738900e-01  5.7384147640e-02 
1264.000  3.4736152600e-01  5.6318042760e-02 
1265.000  3.4768310400e-01  5.6357326510e-02 
1266.000  3.4853951100e-01  5.6395893100e-02 
1267.000  3.4045817000e-01  5.4990093230e-02 
1268.000  3.3536625100e-01  5.4079399110e-02 
1269.000  3.3771897700e-01  5.4420673370e-02 
1270.000  3.4590824000e-01  5.5977241520e-02 
1271.000  3.4983251300e-01  5.6701480870e-02 
1272.000  3.5041944600e-01  5.6898059840e-02 
1273.000  3.5158448300e-01  5.7215442660e-02 
1274.000  3.5128813900e-01  5.7330421450e-02 
1275.000  3.5423229600e-01  5.7863536830e-02 
1276.000  3.5531877300e-01  5.8048156740e-02 
1277.000  3.5535906500e-01  5.8023731230e-02 
1278.000  3.5467116600e-01  5.7864028930e-02 
1279.000  3.5264710300e-01  5.7534832000e-02 
1280.000  3.5154975200e-01  5.7469131470e-02 
1281.000  3.4246931700e-01  5.6086208340e-02 
1282.000  3.0488432400e-01  5.0021274570e-02 
1283.000  3.3512337200e-01  5.5015415190e-02 
1284.000  3.4901409500e-01  5.7283847810e-02 
1285.000  3.5185993600e-01  5.7764778140e-02 
1286.000  3.5131195200e-01  5.7585735320e-02 
1287.000  3.5257922000e-01  5.7643531800e-02 
1288.000  3.4707965100e-01  5.6257640840e-02 
1289.000  3.4813048700e-01  5.6267185210e-02 
1290.000  3.4000622900e-01  5.4919494630e-02 
1291.000  3.4524526900e-01  5.5806785580e-02 
1292.000  3.4812009100e-01  5.6424835210e-02 
1293.000  3.4855956200e-01  5.6478149410e-02 
1294.000  3.4161044700e-01  5.5113254550e-02 
1295.000  3.4295312900e-01  5.4982284550e-02 
1296.000  3.4075633100e-01  5.4274265290e-02 
1297.000  3.3665415300e-01  5.3339996340e-02 
1298.000  3.3346095300e-01  5.2784099580e-02 
1299.000  3.3668638300e-01  5.3246372220e-02 
1300.000  3.3499548900e-01  5.2921974180e-02 
1301.000  3.3401475300e-01  5.2667957310e-02 
1302.000  3.2832586000e-01  5.1554233550e-02 
1303.000  3.2234284000e-01  5.0060535430e-02 
1304.000  3.2097369200e-01  4.9606838230e-02 
1305.000  3.2222093100e-01  4.9686355590e-02 
1306.000  3.2200504900e-01  4.9539127350e-02 
1307.000  3.1998862000e-01  4.9084579470e-02 
1308.000  3.1701035800e-01  4.8277374270e-02 
1309.000  3.1307419200e-01  4.7229015350e-02 
1310.000  3.1134737200e-01  4.6908287050e-02 
1311.000  3.1049542000e-01  4.6761234280e-02 
1312.000  3.0506157500e-01  4.5458431240e-02 
1313.000  2.8894692700e-01  4.2525691990e-02 
1314.000  2.9346589200e-01  4.2719600680e-02 
1315.000  2.8568866300e-01  4.1779300690e-02 
1316.000  2.9567157400e-01  4.3541744230e-02 
1317.000  2.9867645400e-01  4.3951854710e-02 
1318.000  2.8927769800e-01  4.2008159640e-02 
1319.000  2.8562700600e-01  4.0709342960e-02 
1320.000  2.7490191000e-01  3.8259639740e-02 
1321.000  2.7036323900e-01  3.7227359770e-02 
1322.000  2.7543970900e-01  3.8500854490e-02 
1323.000  2.8233433200e-01  4.0040840150e-02 
1324.000  2.8560247900e-01  4.0790496830e-02 
1325.000  2.8321529400e-01  4.0221752170e-02 
1326.000  2.7612684600e-01  3.8622959140e-02 
1327.000  2.6158141300e-01  3.5209198000e-02 
1328.000  2.4843297500e-01  3.1808698650e-02 
1329.000  2.1432024500e-01  2.5010255810e-02 
1330.000  2.0826444100e-01  2.3477005000e-02 
1331.000  2.0277346500e-01  2.2337791440e-02 
1332.000  2.0057919600e-01  2.2217842100e-02 
1333.000  2.1159849400e-01  2.3876316070e-02 
1334.000  2.2002605800e-01  2.5451442720e-02 
1335.000  2.2597562400e-01  2.6614067080e-02 
1336.000  2.2587114800e-01  2.6762397770e-02 
1337.000  2.2842752800e-01  2.7127771380e-02 
1338.000  2.3218573500e-01  2.7942970280e-02 
1339.000  2.3269998300e-01  2.8142917630e-02 
1340.000  2.3432439400e-01  2.8666490550e-02 
1341.000  2.3827970800e-01  2.8886653900e-02 
1342.000  2.3818160500e-01  2.8874639510e-02 
1343.000  2.2913270000e-01  2.6429088590e-02 
1344.000  2.1526275900e-01  2.3408246990e-02 
1345.000  1.7808528900e-01  1.6751165390e-02 
1346.000  1.5189843900e-01  1.2540971760e-02 
1347.000  1.3472584900e-01  1.0205138210e-02 
1348.000  1.1168736400e-01  7.1072311400e-03 
1349.000  1.0158178440e-01  6.0157814030e-03 
1350.000  7.9124707400e-02  3.7133851050e-03 
1351.000  6.8307976800e-02  2.8683629040e-03 
1352.000  5.2246637900e-02  1.7041666510e-03 
1353.000  3.7031691800e-02  9.3714571000e-04 
1354.000  2.9610159900e-02  6.2759125230e-04 
1355.000  2.2989749900e-02  4.0346285700e-04 
1356.000  1.7384992800e-02  2.4636243280e-04 
1357.000  1.1883105950e-02  1.2474384900e-04 
1358.000  8.7943173100e-03  7.6408855620e-05 
1359.000  4.6371942200e-03  2.6114614680e-05 
1360.000  3.0667214100e-03  1.3775185680e-05 
1361.000  2.2822912700e-03  8.2237357270e-06 
1362.000  2.1000794900e-03  7.2382302020e-06 
1363.000  3.0298736700e-03  1.2604540210e-05 
1364.000  3.5132285800e-03  1.5769377350e-05 
1365.000  3.6785405500e-03  1.6638882460e-05 
1366.000  4.2481019700e-03  2.0763546230e-05 
1367.000  3.5684734300e-03  1.6284639020e-05 
1368.000  3.1641465400e-03  1.4083099550e-05 
1369.000  3.2446909900e-03  1.4813557270e-05 
1370.000  5.3662092400e-03  3.4216713160e-05 
1371.000  9.5567586100e-03  8.5294254120e-05 
1372.000  1.7696221600e-02  2.3436084390e-04 
1373.000  2.5103585000e-02  4.1228595380e-04 
1374.000  3.0483639100e-02  5.6927257780e-04 
1375.000  3.2500927400e-02  6.3864064220e-04 
1376.000  3.0145942600e-02  5.6674629450e-04 
1377.000  2.6837363600e-02  4.6365401150e-04 
1378.000  2.0455634800e-02  2.9644763470e-04 
1379.000  1.4046736370e-02  1.6064845030e-04 
1380.000  7.9669061400e-03  6.4513966440e-05 
1381.000  4.6085509000e-03  2.7038840580e-05 
1382.000  3.2226964700e-03  1.5309588980e-05 
1383.000  3.1180853200e-03  1.4311078940e-05 
1384.000  5.0718405000e-03  3.0748326330e-05 
1385.000  7.2001245100e-03  5.3729433570e-05 
1386.000  1.0997446370e-02  1.0554333030e-04 
1387.000  2.0206313900e-02  2.8850957750e-04 
1388.000  2.6781665500e-02  4.5178973670e-04 
1389.000  3.0764060600e-02  5.7479101420e-04 
1390.000  3.1403397700e-02  6.0056489710e-04 
1391.000  2.9315436000e-02  5.3455507760e-04 
1392.000  2.2163707300e-02  3.3906531330e-04 
1393.000  1.6942399900e-02  2.2165185210e-04 
1394.000  1.2979808200e-02  1.4505156870e-04 
1395.000  1.4631344500e-02  1.7559899390e-04 
1396.000  2.0077444400e-02  2.8935101630e-04 
1397.000  2.5909834000e-02  4.3901631240e-04 
1398.000  2.6682636700e-02  4.5875501630e-04 
1399.000  2.4913675000e-02  4.1615021230e-04 
1400.000  2.3296400200e-02  3.7829655410e-04 
1401.000  2.4765272200e-02  4.2375570540e-04 
1402.000  3.0702247200e-02  5.8982187510e-04 
1403.000  3.5348681000e-02  7.6262521740e-04 
1404.000  3.3248576300e-02  6.8636053800e-04 
1405.000  3.4827155600e-02  7.5725585220e-04 
1406.000  3.2294548600e-02  6.6310554740e-04 
1407.000  3.3492660600e-02  7.2257947920e-04 
1408.000  4.0143353200e-02  9.6603906150e-04 
1409.000  4.7057236000e-02  1.2745597360e-03 
1410.000  5.7715454200e-02  1.7814481260e-03 
1411.000  6.8650637200e-02  2.4380397800e-03 
1412.000  6.6324372600e-02  2.3513441090e-03 
1413.000  7.3149817900e-02  2.8043191430e-03 
1414.000  7.2120685600e-02  2.6936969760e-03 
1415.000  7.9728842200e-02  3.2683176990e-03 
1416.000  8.5663338100e-02  3.6892983910e-03 
1417.000  8.7869051800e-02  3.8825185300e-03 
1418.000  8.8652163700e-02  3.9183588030e-03 
1419.000  8.8467676700e-02  3.9737803940e-03 
1420.000  9.0568958000e-02  4.1220564840e-03 
1421.000  1.0186401690e-01  5.0395135880e-03 
1422.000  1.0428773160e-01  5.3180170060e-03 
1423.000  1.0545095750e-01  5.4734430310e-03 
1424.000  1.0509257100e-01  5.4227266310e-03 
1425.000  1.0389921960e-01  5.2620720860e-03 
1426.000  1.0017338480e-01  5.0767779350e-03 
1427.000  1.0610423050e-01  5.5483942030e-03 
1428.000  1.1206697730e-01  5.9878807070e-03 
1429.000  1.1366909990e-01  6.2450304030e-03 
1430.000  1.1090488550e-01  6.0917258260e-03 
1431.000  1.0332060250e-01  5.4454598430e-03 
1432.000  1.0102555340e-01  5.1853351590e-03 
1433.000  1.0074080060e-01  5.1563248630e-03 
1434.000  9.6088549100e-02  4.8124027250e-03 
1435.000  1.0316026360e-01  5.3854393960e-03 
1436.000  1.0572944700e-01  5.6136636730e-03 
1437.000  1.0741487440e-01  5.7524600030e-03 
1438.000  1.1387884480e-01  6.3556051250e-03 
1439.000  1.1598056540e-01  6.4952211380e-03 
1440.000  1.1120747420e-01  6.3051958080e-03 
1441.000  1.1811485880e-01  6.7431793210e-03 
1442.000  1.1329900630e-01  6.3839240070e-03 
1443.000  1.1533536750e-01  6.5132217410e-03 
1444.000  1.1793579550e-01  6.7376570700e-03 
1445.000  1.1817203230e-01  6.7751159670e-03 
1446.000  1.2368960850e-01  7.2598452570e-03 
1447.000  1.2707069500e-01  7.6157312390e-03 
1448.000  1.2851899900e-01  7.7334961890e-03 
1449.000  1.2599528200e-01  7.4845061300e-03 
1450.000  1.2048174620e-01  7.0083494190e-03 
1451.000  1.2183083720e-01  7.1721940040e-03 
1452.000  1.2716427400e-01  7.7992048260e-03 
1453.000  1.4170116000e-01  9.2013664250e-03 
1454.000  1.5419505900e-01  1.0582900050e-02 
1455.000  1.6017117600e-01  1.1364721300e-02 
1456.000  1.6727850800e-01  1.2256033900e-02 
1457.000  1.6996880600e-01  1.2517750740e-02 
1458.000  1.7329426100e-01  1.2851218220e-02 
1459.000  1.6842387500e-01  1.2236695290e-02 
1460.000  1.6074497000e-01  1.1472030640e-02 
1461.000  1.5766097900e-01  1.1159574510e-02 
1462.000  1.4916999500e-01  1.0275545120e-02 
1463.000  1.4818092500e-01  1.0236057280e-02 
1464.000  1.4626627700e-01  1.0038117410e-02 
1465.000  1.4302044400e-01  9.6192245480e-03 
1466.000  1.3329039600e-01  8.7307329180e-03 
1467.000  1.3232287100e-01  8.5049972530e-03 
1468.000  1.2417968070e-01  7.8096032140e-03 
1469.000  1.1779736540e-01  7.1241354940e-03 
1470.000  1.1438563660e-01  6.8300910000e-03 
1471.000  1.2138784320e-01  7.6544423100e-03 
1472.000  1.3367043900e-01  8.9688177110e-03 
1473.000  1.5022241200e-01  1.0843785290e-02 
1474.000  1.5746233600e-01  1.1984200480e-02 
1475.000  1.6026242300e-01  1.2247547150e-02 
1476.000  1.6052308800e-01  1.2319848060e-02 
1477.000  1.5708168800e-01  1.1934627530e-02 
1478.000  1.5093785000e-01  1.1356706620e-02 
1479.000  1.4794325600e-01  1.0954370500e-02 
1480.000  1.5102563400e-01  1.1386391640e-02 
1481.000  1.5385091600e-01  1.1902065280e-02 
1482.000  1.6080340000e-01  1.2796357150e-02 
1483.000  1.5902424100e-01  1.2789267540e-02 
1484.000  1.6005617300e-01  1.2945830350e-02 
1485.000  1.6235645700e-01  1.3146540640e-02 
1486.000  1.6373159200e-01  1.3592031480e-02 
1487.000  1.7375838200e-01  1.5090684890e-02 
1488.000  1.5227505400e-01  1.3332621570e-02 
1489.000  1.8687528700e-01  1.7322492600e-02 
1490.000  1.9771759700e-01  1.9228368760e-02 
1491.000  2.0478506200e-01  2.0449142460e-02 
1492.000  2.0107228100e-01  2.0256038670e-02 
1493.000  2.0850755900e-01  2.1369649890e-02 
1494.000  2.0820287300e-01  2.1486825940e-02 
1495.000  2.0992975600e-01  2.2043956760e-02 
1496.000  2.0956951900e-01  2.2531311040e-02 
1497.000  2.1468077600e-01  2.3230504990e-02 
1498.000  2.2176439600e-01  2.4488056180e-02 
1499.000  2.2275613400e-01  2.5076295850e-02 
1500.000  2.2962731900e-01  2.6248180390e-02 
1501.000  2.2832100700e-01  2.6116090770e-02 
1502.000  2.2463955600e-01  2.5660438540e-02 
1503.000  2.0067393200e-01  2.2928060530e-02 
1504.000  2.1001246300e-01  2.4173349380e-02 
1505.000  2.1263726700e-01  2.4832790370e-02 
1506.000  2.1556935700e-01  2.5288146970e-02 
1507.000  2.2839315000e-01  2.7147554400e-02 
1508.000  2.2638492200e-01  2.7148826600e-02 
1509.000  2.2891099100e-01  2.7706407550e-02 
1510.000  2.3301398900e-01  2.8365985870e-02 
1511.000  2.3516298400e-01  2.8823759080e-02 
1512.000  2.3147629000e-01  2.8525287630e-02 
1513.000  2.3138603000e-01  2.8638965610e-02 
1514.000  2.2821808900e-01  2.8333923340e-02 
1515.000  2.3352622500e-01  2.9158788680e-02 
1516.000  2.3161999800e-01  2.9029972080e-02 
1517.000  2.3099962400e-01  2.9104436870e-02 
1518.000  2.3672448300e-01  3.0056648250e-02 
1519.000  2.3494345100e-01  3.0084564210e-02 
1520.000  2.3854655800e-01  3.0859935760e-02 
1521.000  2.3515712200e-01  3.0611198430e-02 
1522.000  2.3379687400e-01  3.0506959920e-02 
1523.000  2.3982446300e-01  3.1405277250e-02 
1524.000  2.3774010200e-01  3.1168333050e-02 
1525.000  2.3200205800e-01  3.0445135120e-02 
1526.000  2.3863946600e-01  3.1393133160e-02 
1527.000  2.3652730300e-01  3.1233797070e-02 
1528.000  2.3863022400e-01  3.1653766630e-02 
1529.000  2.3788388700e-01  3.1617631910e-02 
1530.000  2.2302578300e-01  2.9768590930e-02 
1531.000  2.3867489600e-01  3.1981033330e-02 
1532.000  2.3753825800e-01  3.1958480830e-02 
1533.000  2.3657695700e-01  3.1932411190e-02 
1534.000  2.3309871000e-01  3.1559785840e-02 
1535.000  2.3408686400e-01  3.1792795180e-02 
1536.000  2.3722047900e-01  3.2297771450e-02 
1537.000  2.3815841500e-01  3.2537220000e-02 
1538.000  2.3183030900e-01  3.1787498470e-02 
1539.000  2.3684748500e-01  3.2586536410e-02 
1540.000  2.2829665100e-01  3.1500070570e-02 
1541.000  2.3311096300e-01  3.2237552640e-02 
1542.000  2.3449892800e-01  3.2492790220e-02 
1543.000  2.3386134700e-01  3.2482158660e-02 
1544.000  2.3686611400e-01  3.2988159180e-02 
1545.000  2.3777652100e-01  3.3223106380e-02 
1546.000  2.3799605100e-01  3.3358924870e-02 
1547.000  2.3568514400e-01  3.3131526950e-02 
1548.000  2.2872467900e-01  3.2237380980e-02 
1549.000  2.3458715400e-01  3.3132797240e-02 
1550.000  2.3326892300e-01  3.3010051730e-02 
1551.000  2.3204090400e-01  3.2883899690e-02 
1552.000  2.3599621100e-01  3.3494384770e-02 
1553.000  2.3476312200e-01  3.3379825590e-02 
1554.000  2.2616149200e-01  3.2203536990e-02 
1555.000  2.2993610400e-01  3.2806934360e-02 
1556.000  2.2554662400e-01  3.2245693210e-02 
1557.000  2.3293177600e-01  3.3371952060e-02 
1558.000  2.3108756900e-01  3.3161136630e-02 
1559.000  2.3110539800e-01  3.3213787080e-02 
1560.000  2.2711441000e-01  3.2700771330e-02 
1561.000  2.3241461500e-01  3.3503852840e-02 
1562.000  2.3230602300e-01  3.3512214660e-02 
1563.000  2.2883284300e-01  3.3045402530e-02 
1564.000  2.2417301200e-01  3.2394657140e-02 
1565.000  2.2742672300e-01  3.2878017430e-02 
1566.000  2.2311784400e-01  3.2303398130e-02 
1567.000  2.2275886800e-01  3.2255603790e-02 
1568.000  2.1759994300e-01  3.1490995410e-02 
1569.000  2.1778015800e-01  3.1490840910e-02 
1570.000  2.1172112700e-01  3.0609056470e-02 
1571.000  2.1739423900e-01  3.1468324660e-02 
1572.000  2.1722759200e-01  3.1467727660e-02 
1573.000  2.1392840300e-01  3.1046823500e-02 
1574.000  2.1477229100e-01  3.1241029740e-02 
1575.000  1.9954364400e-01  2.9079259870e-02 
1576.000  2.1437586600e-01  3.1275033950e-02 
1577.000  1.9364845300e-01  2.8284339900e-02 
1578.000  2.1200436000e-01  3.1001821520e-02 
1579.000  2.1332804400e-01  3.1243328090e-02 
1580.000  2.1787986700e-01  3.1977386470e-02 
1581.000  2.1643524700e-01  3.1806091310e-02 
1582.000  2.1228463100e-01  3.1283699040e-02 
1583.000  2.1509169500e-01  3.1781789780e-02 
1584.000  2.1335989200e-01  3.1612127300e-02 
1585.000  2.1981011500e-01  3.2644180300e-02 
1586.000  2.1704966500e-01  3.2284061430e-02 
1587.000  2.1478864900e-01  3.2020362850e-02 
1588.000  2.1163760200e-01  3.1619091030e-02 
1589.000  1.9362614100e-01  2.8969232560e-02 
1590.000  2.0860181700e-01  3.1246994020e-02 
1591.000  2.0392930800e-01  3.0577398300e-02 
1592.000  2.1460839700e-01  3.2190956120e-02 
1593.000  2.1922471300e-01  3.2887958530e-02 
1594.000  2.1734858300e-01  3.2612529750e-02 
1595.000  2.1832081800e-01  3.2767486570e-02 
1596.000  2.0450846400e-01  3.0725116730e-02 
1597.000  2.1210130800e-01  3.1863979340e-02 
1598.000  2.1501573400e-01  3.2287128450e-02 
1599.000  2.0657464600e-01  3.0994527820e-02 
1600.000  2.0902685400e-01  3.1347818370e-02 
1601.000  2.0022712900e-01  3.0057231900e-02 
1602.000  2.0509564000e-01  3.0818853380e-02 
1603.000  2.0386755900e-01  3.0695056920e-02 
1604.000  2.0691357400e-01  3.1223373410e-02 
1605.000  2.0385388500e-01  3.0796228410e-02 
1606.000  2.0321516900e-01  3.0743595120e-02 
1607.000  2.0390271600e-01  3.0854116440e-02 
1608.000  2.0609746200e-01  3.1194252010e-02 
1609.000  2.0530507600e-01  3.1095891950e-02 
1610.000  1.9264099900e-01  2.9202899930e-02 
1611.000  1.9879032400e-01  3.0191236500e-02 
1612.000  2.0126010000e-01  3.0627063750e-02 
1613.000  2.0628202800e-01  3.1450992580e-02 
1614.000  2.0425678800e-01  3.1160560610e-02 
1615.000  2.0802997500e-01  3.1787361150e-02 
1616.000  1.9530763300e-01  2.9881835940e-02 
1617.000  2.0141445200e-01  3.0881586070e-02 
1618.000  2.0768957800e-01  3.1873636250e-02 
1619.000  2.0740822200e-01  3.1897045140e-02 
1620.000  2.0251708700e-01  3.1207927700e-02 
1621.000  1.9978964300e-01  3.0836559300e-02 
1622.000  2.0481769200e-01  3.1632818220e-02 
1623.000  2.0910032800e-01  3.2328495030e-02 
1624.000  2.1062905200e-01  3.2591602330e-02 
1625.000  2.0561335500e-01  3.1872772220e-02 
1626.000  2.0791422900e-01  3.2218536380e-02 
1627.000  2.0767560800e-01  3.2209690090e-02 
1628.000  2.0925318000e-01  3.2465400700e-02 
1629.000  2.0911622400e-01  3.2451709750e-02 
1630.000  2.0325074500e-01  3.1535625460e-02 
1631.000  2.0642909000e-01  3.2043041230e-02 
1632.000  2.0625577900e-01  3.1988378520e-02 
1633.000  2.0353407800e-01  3.1566593170e-02 
1634.000  1.9857131700e-01  3.0785348890e-02 
1635.000  2.0389379500e-01  3.1614805220e-02 
1636.000  2.0312702700e-01  3.1489786150e-02 
1637.000  1.9381256700e-01  3.0037826540e-02 
1638.000  1.9239672100e-01  2.9823286060e-02 
1639.000  1.9011321100e-01  2.9446918490e-02 
1640.000  1.9105940900e-01  2.9589933400e-02 
1641.000  1.8969511500e-01  2.9376770020e-02 
1642.000  1.8945697600e-01  2.9373252870e-02 
1643.000  1.9425772700e-01  3.0139722820e-02 
1644.000  1.9118483100e-01  2.9680078510e-02 
1645.000  1.9148306400e-01  2.9736272810e-02 
1646.000  1.9378352500e-01  3.0125364300e-02 
1647.000  1.9558472600e-01  3.0423236850e-02 
1648.000  1.9470112300e-01  3.0288162230e-02 
1649.000  1.9022707200e-01  2.9605960850e-02 
1650.000  1.9504724600e-01  3.0376518250e-02 
1651.000  1.9069228000e-01  2.9704996110e-02 
1652.000  1.9448376600e-01  3.0289344790e-02 
1653.000  1.9248138600e-01  2.9997312550e-02 
1654.000  1.9464012700e-01  3.0345041280e-02 
1655.000  1.9095419600e-01  2.9796184540e-02 
1656.000  1.9477945300e-01  3.0413116460e-02 
1657.000  1.9336411800e-01  3.0202917100e-02 
1658.000  1.9458308900e-01  3.0419652940e-02 
1659.000  1.9104433300e-01  2.9877702710e-02 
1660.000  1.9325217300e-01  3.0219112400e-02 
1661.000  1.9400499100e-01  3.0336053850e-02 
1662.000  1.9254731500e-01  3.0091279980e-02 
1663.000  1.9127269000e-01  2.9892625810e-02 
1664.000  1.9037983500e-01  2.9751750950e-02 
1665.000  1.8843972100e-01  2.9440580370e-02 
1666.000  1.8766966100e-01  2.9342081070e-02 
1667.000  1.8958683300e-01  2.9690330510e-02 
1668.000  1.8637470300e-01  2.9198158260e-02 
1669.000  1.8689980300e-01  2.9303379060e-02 
1670.000  1.9110151900e-01  2.9983444210e-02 
1671.000  1.8970320000e-01  2.9775146480e-02 
1672.000  1.8071843600e-01  2.8376386640e-02 
1673.000  1.8588112900e-01  2.9176773070e-02 
1674.000  1.8663005500e-01  2.9292005540e-02 
1675.000  1.8489621000e-01  2.9031383510e-02 
1676.000  1.8190722600e-01  2.8560966490e-02 
1677.000  1.8283849400e-01  2.8714651110e-02 
1678.000  1.8385067700e-01  2.8892763140e-02 
1679.000  1.8140956600e-01  2.8509391780e-02 
1680.000  1.7519198700e-01  2.7549259190e-02 
1681.000  1.6911874900e-01  2.6602188110e-02 
1682.000  1.7400353600e-01  2.7369436260e-02 
1683.000  1.7829454300e-01  2.8035934450e-02 
1684.000  1.8158954100e-01  2.8546920780e-02 
1685.000  1.8210879500e-01  2.8598573680e-02 
1686.000  1.7991217200e-01  2.8250387190e-02 
1687.000  1.8060642900e-01  2.8309799190e-02 
1688.000  1.8069920800e-01  2.8283344270e-02 
1689.000  1.7851959900e-01  2.7937452320e-02 
1690.000  1.7837378600e-01  2.7867221830e-02 
1691.000  1.8068150100e-01  2.8220523830e-02 
1692.000  1.8100664500e-01  2.8269908910e-02 
1693.000  1.8036610800e-01  2.8175926210e-02 
1694.000  1.8009680400e-01  2.8132598880e-02 
1695.000  1.8014311300e-01  2.8112958910e-02 
1696.000  1.7908870400e-01  2.7937173840e-02 
1697.000  1.7796142000e-01  2.7732740400e-02 
1698.000  1.7901681100e-01  2.7876791000e-02 
1699.000  1.7786108300e-01  2.7684934620e-02 
1700.000  1.7560926800e-01  2.7323753360e-02 
