 lambda   Irr_dw            Rad_up 
 550.000  1.5485583000e+00  2.1838108830e-01 
 551.000  1.5382356000e+00  2.1688839720e-01 
 552.000  1.6038104000e+00  2.2614686580e-01 
 553.000  1.5403514000e+00  2.1715095520e-01 
 554.000  1.5900485000e+00  2.2415777590e-01 
 555.000  1.5939114000e+00  2.2464077760e-01 
 556.000  1.5494102000e+00  2.1830761720e-01 
 557.000  1.5029182000e+00  2.1175982670e-01 
 558.000  1.5594845000e+00  2.1967021180e-01 
 559.000  1.4735780000e+00  2.0753425600e-01 
 560.000  1.4795985000e+00  2.0837826540e-01 
 561.000  1.6256592000e+00  2.2888076780e-01 
 562.000  1.4917959000e+00  2.0999295040e-01 
 563.000  1.5603156000e+00  2.1957106020e-01 
 564.000  1.5379340000e+00  2.1632078550e-01 
 565.000  1.5558222000e+00  2.1879629520e-01 
 566.000  1.4340745000e+00  2.0161705020e-01 
 567.000  1.5378349000e+00  2.1598638920e-01 
 568.000  1.5331539000e+00  2.1463360600e-01 
 569.000  1.5012002000e+00  2.0867311100e-01 
 570.000  1.5088788000e+00  2.0994889830e-01 
 571.000  1.4558338000e+00  2.0358290100e-01 
 572.000  1.5377236000e+00  2.1402601620e-01 
 573.000  1.5539137000e+00  2.1656219480e-01 
 574.000  1.5451786000e+00  2.1539857480e-01 
 575.000  1.5070968000e+00  2.0998567200e-01 
 576.000  1.4795066000e+00  2.0609133910e-01 
 577.000  1.5408611000e+00  2.1486752320e-01 
 578.000  1.4959805000e+00  2.0900502010e-01 
 579.000  1.4845342000e+00  2.0759146120e-01 
 580.000  1.5356144000e+00  2.1491748050e-01 
 581.000  1.5078948000e+00  2.1129420470e-01 
 582.000  1.5303885000e+00  2.1449632260e-01 
 583.000  1.5408568000e+00  2.1599311830e-01 
 584.000  1.5357695000e+00  2.1521755980e-01 
 585.000  1.5254525000e+00  2.1370005800e-01 
 586.000  1.4597048000e+00  2.0447241210e-01 
 587.000  1.5164013000e+00  2.1180833440e-01 
 588.000  1.4998646000e+00  2.0744224550e-01 
 589.000  1.3288290000e+00  1.8117247010e-01 
 590.000  1.3873085000e+00  1.8897273250e-01 
 591.000  1.4743641000e+00  2.0268652340e-01 
 592.000  1.4457949000e+00  1.9769053650e-01 
 593.000  1.4613286000e+00  2.0194180300e-01 
 594.000  1.4744463000e+00  2.0324380490e-01 
 595.000  1.4458516000e+00  1.9775576780e-01 
 596.000  1.4819792000e+00  2.0490792850e-01 
 597.000  1.4862400000e+00  2.0496446230e-01 
 598.000  1.4559085000e+00  2.0171118160e-01 
 599.000  1.4562887000e+00  2.0215145870e-01 
 600.000  1.4567317000e+00  2.0308137510e-01 
 601.000  1.4485968000e+00  2.0257157900e-01 
 602.000  1.4327465000e+00  2.0054357910e-01 
 603.000  1.4413786000e+00  2.0197732540e-01 
 604.000  1.4870101000e+00  2.0856829830e-01 
 605.000  1.4831532000e+00  2.0804502870e-01 
 606.000  1.4658897000e+00  2.0567913820e-01 
 607.000  1.4575698000e+00  2.0450509640e-01 
 608.000  1.4521416000e+00  2.0371499630e-01 
 609.000  1.4371570000e+00  2.0162408450e-01 
 610.000  1.4140605000e+00  1.9835581970e-01 
 611.000  1.4369362000e+00  2.0156617740e-01 
 612.000  1.4181440000e+00  1.9893585210e-01 
 613.000  1.3973430000e+00  1.9599371340e-01 
 614.000  1.3463345000e+00  1.8885211180e-01 
 615.000  1.4112838000e+00  1.9791763310e-01 
 616.000  1.3417793000e+00  1.8818522640e-01 
 617.000  1.3492801000e+00  1.8923428340e-01 
 618.000  1.4128586000e+00  1.9809069820e-01 
 619.000  1.3998342000e+00  1.9628285220e-01 
 620.000  1.4204293000e+00  1.9910522460e-01 
 621.000  1.4447661000e+00  2.0248721310e-01 
 622.000  1.3684781000e+00  1.9173641970e-01 
 623.000  1.3790525000e+00  1.9311039730e-01 
 624.000  1.3804419000e+00  1.9330154420e-01 
 625.000  1.3429654000e+00  1.8801589970e-01 
 626.000  1.3496648000e+00  1.8876412960e-01 
 627.000  1.3719841000e+00  1.9114283750e-01 
 628.000  1.3529448000e+00  1.8710734560e-01 
 629.000  1.3871627000e+00  1.9231649780e-01 
 630.000  1.3411839000e+00  1.8655946350e-01 
 631.000  1.3904625000e+00  1.9362275700e-01 
 632.000  1.2950347000e+00  1.7977049260e-01 
 633.000  1.3902722000e+00  1.9371090700e-01 
 634.000  1.3485360000e+00  1.8812159730e-01 
 635.000  1.3731518000e+00  1.9154447940e-01 
 636.000  1.3247693000e+00  1.8492369080e-01 
 637.000  1.3684645000e+00  1.9110931400e-01 
 638.000  1.3898122000e+00  1.9442382810e-01 
 639.000  1.3782925000e+00  1.9275798030e-01 
 640.000  1.3350482000e+00  1.8694497680e-01 
 641.000  1.3542854000e+00  1.8961366270e-01 
 642.000  1.3380195000e+00  1.8744447330e-01 
 643.000  1.3613173000e+00  1.9044390870e-01 
 644.000  1.3456661000e+00  1.8820513920e-01 
 645.000  1.3572891000e+00  1.8948670960e-01 
 646.000  1.3052245000e+00  1.8071903990e-01 
 647.000  1.3227114000e+00  1.8211027530e-01 
 648.000  1.3201439000e+00  1.8072383120e-01 
 649.000  1.3464489000e+00  1.8517793270e-01 
 650.000  1.2480032100e+00  1.7335015870e-01 
 651.000  1.3442968000e+00  1.8671212770e-01 
 652.000  1.3180316000e+00  1.8146073910e-01 
 653.000  1.3449333000e+00  1.8702076720e-01 
 654.000  1.3272460000e+00  1.8428997800e-01 
 655.000  1.2920875000e+00  1.7873130800e-01 
 656.000  1.0969813900e+00  1.5191850280e-01 
 657.000  1.1708382200e+00  1.6246833800e-01 
 658.000  1.3042573000e+00  1.8164315800e-01 
 659.000  1.3074456000e+00  1.8243452450e-01 
 660.000  1.3177018000e+00  1.8402958680e-01 
 661.000  1.3235742000e+00  1.8535621640e-01 
 662.000  1.3426440000e+00  1.8824142460e-01 
 663.000  1.3276747000e+00  1.8606393430e-01 
 664.000  1.3065684000e+00  1.8317575070e-01 
 665.000  1.3122337000e+00  1.8401890560e-01 
 666.000  1.3280286000e+00  1.8635397340e-01 
 667.000  1.3016552000e+00  1.8267114260e-01 
 668.000  1.3090368900e+00  1.8382386780e-01 
 669.000  1.3276874000e+00  1.8649810790e-01 
 670.000  1.3120915500e+00  1.8426762390e-01 
 671.000  1.2978754600e+00  1.8230644230e-01 
 672.000  1.2937373400e+00  1.8172236630e-01 
 673.000  1.3029462300e+00  1.8300747680e-01 
 674.000  1.3054380400e+00  1.8336666870e-01 
 675.000  1.2854864400e+00  1.8054734800e-01 
 676.000  1.3097214000e+00  1.8395988460e-01 
 677.000  1.2836351400e+00  1.8031036380e-01 
 678.000  1.3048523300e+00  1.8327931210e-01 
 679.000  1.2863941000e+00  1.8064988710e-01 
 680.000  1.2764686300e+00  1.7919845580e-01 
 681.000  1.2777837600e+00  1.7930648800e-01 
 682.000  1.2750961800e+00  1.7887835690e-01 
 683.000  1.2834189300e+00  1.7997674560e-01 
 684.000  1.2601757800e+00  1.7661351010e-01 
 685.000  1.2743907600e+00  1.7867010500e-01 
 686.000  1.2182130400e+00  1.7051324460e-01 
 687.000  1.1258680700e+00  1.5279563900e-01 
 688.000  1.1559115400e+00  1.5845518490e-01 
 689.000  1.1503596400e+00  1.5720913700e-01 
 690.000  1.1710381700e+00  1.6088351440e-01 
 691.000  1.1948739500e+00  1.6498823550e-01 
 692.000  1.1979947800e+00  1.6546917720e-01 
 693.000  1.1968743500e+00  1.6326351930e-01 
 694.000  1.1988481900e+00  1.6170394900e-01 
 695.000  1.1859835400e+00  1.6086610410e-01 
 696.000  1.2044835400e+00  1.6395266720e-01 
 697.000  1.2276627400e+00  1.7025155640e-01 
 698.000  1.2003934600e+00  1.6574290470e-01 
 699.000  1.2035566300e+00  1.6340361020e-01 
 700.000  1.1924429900e+00  1.6230151370e-01 
 701.000  1.1615407000e+00  1.5747489930e-01 
 702.000  1.1587007400e+00  1.5750067140e-01 
 703.000  1.1904018600e+00  1.6404418950e-01 
 704.000  1.1943608200e+00  1.6468609620e-01 
 705.000  1.1969700700e+00  1.6407736210e-01 
 706.000  1.1854061000e+00  1.6266638180e-01 
 707.000  1.1697034100e+00  1.6083610530e-01 
 708.000  1.2060580600e+00  1.6620376590e-01 
 709.000  1.1680175200e+00  1.6168870540e-01 
 710.000  1.1893343600e+00  1.6379182430e-01 
 711.000  1.1827540000e+00  1.6368869020e-01 
 712.000  1.1707648000e+00  1.6273841860e-01 
 713.000  1.1619705900e+00  1.6092636110e-01 
 714.000  1.1803219300e+00  1.6322709660e-01 
 715.000  1.1329583600e+00  1.5574145510e-01 
 716.000  1.1561970600e+00  1.5795808410e-01 
 717.000  1.0834489600e+00  1.4280592350e-01 
 718.000  1.0507593600e+00  1.3544360350e-01 
 719.000  1.0289266300e+00  1.3150636290e-01 
 720.000  1.0219866500e+00  1.2909809880e-01 
 721.000  1.0834404100e+00  1.4414129640e-01 
 722.000  1.1211621300e+00  1.5186415100e-01 
 723.000  1.1057864100e+00  1.4821463010e-01 
 724.000  1.0755644000e+00  1.3997831730e-01 
 725.000  1.0690755800e+00  1.3971145630e-01 
 726.000  1.0652516300e+00  1.3902566530e-01 
 727.000  1.0860687300e+00  1.4230668640e-01 
 728.000  1.0616518300e+00  1.3850500490e-01 
 729.000  1.0326059700e+00  1.3622097780e-01 
 730.000  1.0681705900e+00  1.4065559390e-01 
 731.000  1.0475252100e+00  1.3766308590e-01 
 732.000  1.0902174700e+00  1.4596614070e-01 
 733.000  1.0949981400e+00  1.4933422850e-01 
 734.000  1.1281112300e+00  1.5521626280e-01 
 735.000  1.1151773100e+00  1.5293411250e-01 
 736.000  1.0875847800e+00  1.4828842160e-01 
 737.000  1.1068516700e+00  1.5155722050e-01 
 738.000  1.1106462700e+00  1.5300167850e-01 
 739.000  1.0774861100e+00  1.4884107970e-01 
 740.000  1.0939845700e+00  1.5201676940e-01 
 741.000  1.0888634300e+00  1.5187211610e-01 
 742.000  1.0723759100e+00  1.4980438230e-01 
 743.000  1.1071875100e+00  1.5518939210e-01 
 744.000  1.1190747700e+00  1.5710368350e-01 
 745.000  1.0910521900e+00  1.5336399840e-01 
 746.000  1.1070577300e+00  1.5574136350e-01 
 747.000  1.1237326300e+00  1.5809109500e-01 
 748.000  1.1043013800e+00  1.5545286560e-01 
 749.000  1.1047917100e+00  1.5557388310e-01 
 750.000  1.0882115300e+00  1.5316905210e-01 
 751.000  1.0854103500e+00  1.5278378300e-01 
 752.000  1.1025216600e+00  1.5529632570e-01 
 753.000  1.0922530000e+00  1.5388331600e-01 
 754.000  1.1094518600e+00  1.5632995610e-01 
 755.000  1.1030901000e+00  1.5544387820e-01 
 756.000  1.0815050800e+00  1.5241186520e-01 
 757.000  1.0894650100e+00  1.5354164120e-01 
 758.000  1.0871606900e+00  1.5316159060e-01 
 759.000  1.0044515900e+00  1.3917520140e-01 
 760.000  5.1239489000e-01  5.9974666600e-02 
 761.000  4.6281792000e-01  5.2887691500e-02 
 762.000  7.3955901000e-01  9.5225044250e-02 
 763.000  6.7082006000e-01  8.3592575070e-02 
 764.000  7.1714821000e-01  9.0826644900e-02 
 765.000  8.1928245000e-01  1.0760410310e-01 
 766.000  8.8633874000e-01  1.2045874020e-01 
 767.000  9.5009684000e-01  1.3109017940e-01 
 768.000  1.0211102500e+00  1.4229531860e-01 
 769.000  1.0387747300e+00  1.4571762080e-01 
 770.000  1.0438506000e+00  1.4688459780e-01 
 771.000  1.0494577000e+00  1.4793952940e-01 
 772.000  1.0465305300e+00  1.4760058590e-01 
 773.000  1.0426032700e+00  1.4708518980e-01 
 774.000  1.0540870100e+00  1.4874325560e-01 
 775.000  1.0146340800e+00  1.4320851140e-01 
 776.000  1.0565162800e+00  1.4916532900e-01 
 777.000  1.0491794900e+00  1.4813531490e-01 
 778.000  1.0435190500e+00  1.4732501220e-01 
 779.000  1.0468817900e+00  1.4778440860e-01 
 780.000  1.0338930400e+00  1.4596797180e-01 
 781.000  1.0322908100e+00  1.4577554320e-01 
 782.000  1.0446978600e+00  1.4749380490e-01 
 783.000  1.0202539500e+00  1.4407652280e-01 
 784.000  1.0258068500e+00  1.4481346130e-01 
 785.000  1.0276335600e+00  1.4484486390e-01 
 786.000  1.0085956800e+00  1.4187309270e-01 
 787.000  1.0204488000e+00  1.4284010310e-01 
 788.000  1.0035348000e+00  1.4014433290e-01 
 789.000  1.0035709100e+00  1.3897207640e-01 
 790.000  9.9290608000e-01  1.3737953190e-01 
 791.000  9.8887485000e-01  1.3705178830e-01 
 792.000  9.7418143000e-01  1.3520033260e-01 
 793.000  9.7549877000e-01  1.3585256960e-01 
 794.000  9.7035221000e-01  1.3615373230e-01 
 795.000  9.6208426000e-01  1.3434530640e-01 
 796.000  9.7036411000e-01  1.3397732540e-01 
 797.000  9.7876900000e-01  1.3560131840e-01 
 798.000  9.8440637000e-01  1.3739639280e-01 
 799.000  9.8241923000e-01  1.3687452700e-01 
 800.000  9.5310472000e-01  1.3208102420e-01 
 801.000  9.7132474000e-01  1.3469755550e-01 
 802.000  9.6898069000e-01  1.3429075620e-01 
 803.000  9.5568260000e-01  1.3256631470e-01 
 804.000  9.6604402000e-01  1.3437196350e-01 
 805.000  9.4285922000e-01  1.3180757140e-01 
 806.000  9.7036720000e-01  1.3604277040e-01 
 807.000  9.6444457000e-01  1.3525354000e-01 
 808.000  9.5759527000e-01  1.3405497740e-01 
 809.000  9.3991676000e-01  1.3130673220e-01 
 810.000  9.3408528000e-01  1.3019036870e-01 
 811.000  9.4566114000e-01  1.3123545840e-01 
 812.000  9.3784130000e-01  1.2935366820e-01 
 813.000  9.2798144000e-01  1.2703968810e-01 
 814.000  9.1886688000e-01  1.2463416290e-01 
 815.000  8.9908327000e-01  1.2055180360e-01 
 816.000  8.7803645000e-01  1.1604195400e-01 
 817.000  8.8407920000e-01  1.1692164610e-01 
 818.000  8.7977008000e-01  1.1645870210e-01 
 819.000  8.6023875000e-01  1.1446086880e-01 
 820.000  8.5777568000e-01  1.1598242190e-01 
 821.000  9.0298484000e-01  1.2436029820e-01 
 822.000  8.6509208000e-01  1.1744484710e-01 
 823.000  8.4101797000e-01  1.0991397090e-01 
 824.000  8.8433229000e-01  1.1935530090e-01 
 825.000  9.0212262000e-01  1.2444373320e-01 
 826.000  9.0444925000e-01  1.2429961400e-01 
 827.000  8.9906313000e-01  1.2321396640e-01 
 828.000  8.8468157000e-01  1.1955042270e-01 
 829.000  8.8873026000e-01  1.2068994140e-01 
 830.000  8.7952834000e-01  1.2012625120e-01 
 831.000  8.6516931000e-01  1.1832151030e-01 
 832.000  8.8330037000e-01  1.2087221530e-01 
 833.000  8.5849162000e-01  1.1790601350e-01 
 834.000  8.7427494000e-01  1.2055295560e-01 
 835.000  8.8165358000e-01  1.2248094940e-01 
 836.000  8.9006960000e-01  1.2339855960e-01 
 837.000  8.8246643000e-01  1.2229954530e-01 
 838.000  8.8827553000e-01  1.2358651730e-01 
 839.000  8.6202733000e-01  1.2020540620e-01 
 840.000  8.8561676000e-01  1.2357707210e-01 
 841.000  8.8639411000e-01  1.2336946110e-01 
 842.000  8.8214995000e-01  1.2305192570e-01 
 843.000  8.7911576000e-01  1.2334867860e-01 
 844.000  8.6582815000e-01  1.2180192570e-01 
 845.000  8.7953910000e-01  1.2388205720e-01 
 846.000  8.8794494000e-01  1.2525138850e-01 
 847.000  8.5793724000e-01  1.2121544650e-01 
 848.000  8.8216027000e-01  1.2433954620e-01 
 849.000  8.8388315000e-01  1.2465588380e-01 
 850.000  7.6377037000e-01  1.0756602480e-01 
 851.000  8.7443909000e-01  1.2297411350e-01 
 852.000  8.4130930000e-01  1.1836145780e-01 
 853.000  8.5183581000e-01  1.2008122250e-01 
 854.000  6.8478612000e-01  9.6541610720e-02 
 855.000  7.5413335000e-01  1.0646224210e-01 
 856.000  8.5636555000e-01  1.2114437870e-01 
 857.000  8.7026883000e-01  1.2327581790e-01 
 858.000  8.5642597000e-01  1.2137256620e-01 
 859.000  8.5650985000e-01  1.2152458950e-01 
 860.000  8.4894610000e-01  1.2054132080e-01 
 861.000  8.4883225000e-01  1.2053518680e-01 
 862.000  8.4605511000e-01  1.2015562440e-01 
 863.000  8.6221766000e-01  1.2250175480e-01 
 864.000  8.6049258000e-01  1.2223030090e-01 
 865.000  8.4445959000e-01  1.2002808380e-01 
 866.000  7.0832234000e-01  1.0070623780e-01 
 867.000  7.5427056000e-01  1.0716547390e-01 
 868.000  8.1802868000e-01  1.1626798250e-01 
 869.000  8.0654235000e-01  1.1464497380e-01 
 870.000  8.3979459000e-01  1.1941999820e-01 
 871.000  8.3860047000e-01  1.1923921970e-01 
 872.000  8.3522032000e-01  1.1869453430e-01 
 873.000  8.3855039000e-01  1.1921270750e-01 
 874.000  8.2015211000e-01  1.1656835940e-01 
 875.000  8.1259825000e-01  1.1555731200e-01 
 876.000  8.1932396000e-01  1.1646998600e-01 
 877.000  8.3563647000e-01  1.1873537450e-01 
 878.000  8.2121304000e-01  1.1665386960e-01 
 879.000  8.2310822000e-01  1.1694868470e-01 
 880.000  8.1827681000e-01  1.1614183040e-01 
 881.000  7.7571293000e-01  1.1009342960e-01 
 882.000  8.1850978000e-01  1.1606991580e-01 
 883.000  7.9984308000e-01  1.1353000640e-01 
 884.000  8.0663395000e-01  1.1459410100e-01 
 885.000  8.1483074000e-01  1.1546951290e-01 
 886.000  7.8801629000e-01  1.1152941890e-01 
 887.000  7.7999875000e-01  1.1051747890e-01 
 888.000  8.0333372000e-01  1.1375350190e-01 
 889.000  8.0877609000e-01  1.1467498780e-01 
 890.000  8.0611632000e-01  1.1417187500e-01 
 891.000  8.0130206000e-01  1.1321225740e-01 
 892.000  7.9696251000e-01  1.1210336300e-01 
 893.000  7.6087970000e-01  1.0554882050e-01 
 894.000  7.8302700000e-01  1.0793027500e-01 
 895.000  7.3306484000e-01  9.9172744750e-02 
 896.000  7.4711383000e-01  9.9290908810e-02 
 897.000  7.1447658000e-01  9.3306724550e-02 
 898.000  7.0841175000e-01  9.1706756590e-02 
 899.000  6.8697271000e-01  8.6871841430e-02 
 900.000  6.7277713000e-01  8.5313240050e-02 
 901.000  6.5317149000e-01  8.2349220280e-02 
 902.000  6.4198991000e-01  8.1060836790e-02 
 903.000  7.0749361000e-01  9.2863899230e-02 
 904.000  7.4173530000e-01  9.9679656980e-02 
 905.000  7.3894108000e-01  9.9343063350e-02 
 906.000  7.0658456000e-01  9.3606216430e-02 
 907.000  6.9545429000e-01  8.9739860530e-02 
 908.000  6.6356971000e-01  8.4140670780e-02 
 909.000  6.5108526000e-01  8.2602180480e-02 
 910.000  6.6101058000e-01  8.4077270510e-02 
 911.000  6.6908260000e-01  8.6138626100e-02 
 912.000  6.6571912000e-01  8.5154510500e-02 
 913.000  6.5994645000e-01  8.2432983400e-02 
 914.000  6.6613905000e-01  8.4191078190e-02 
 915.000  6.6333987000e-01  8.4711097720e-02 
 916.000  6.7277598000e-01  8.6113708500e-02 
 917.000  6.6654154000e-01  8.5756050110e-02 
 918.000  6.6869929000e-01  8.6614143370e-02 
 919.000  6.9660148000e-01  9.2409805300e-02 
 920.000  7.0413352000e-01  9.4924057010e-02 
 921.000  6.8561811000e-01  9.2077903750e-02 
 922.000  6.7919250000e-01  9.1219429020e-02 
 923.000  6.4701985000e-01  8.6352111820e-02 
 924.000  6.6512711000e-01  8.7862579350e-02 
 925.000  6.7321132000e-01  8.8786041260e-02 
 926.000  6.4905289000e-01  8.5446205140e-02 
 927.000  6.6234959000e-01  8.6062416080e-02 
 928.000  6.4946674000e-01  8.2524009700e-02 
 929.000  6.1601208000e-01  7.5783035280e-02 
 930.000  5.8295568000e-01  6.8539695740e-02 
 931.000  5.4666777000e-01  6.0473548890e-02 
 932.000  4.9374005000e-01  5.0002975460e-02 
 933.000  4.5792392000e-01  4.3522918700e-02 
 934.000  4.1468821000e-01  3.6852291110e-02 
 935.000  4.0447804000e-01  3.5633850100e-02 
 936.000  4.1715080000e-01  3.7713287350e-02 
 937.000  4.2227784000e-01  3.7964603420e-02 
 938.000  4.6045781000e-01  4.4611846920e-02 
 939.000  5.7049511000e-01  6.6058326720e-02 
 940.000  5.8245270000e-01  6.8893394470e-02 
 941.000  5.5645047000e-01  6.4691726680e-02 
 942.000  5.0474795000e-01  5.5718906400e-02 
 943.000  4.7676896000e-01  4.7846199040e-02 
 944.000  4.5992857000e-01  4.5823349000e-02 
 945.000  4.8419649000e-01  4.9860977170e-02 
 946.000  4.9175878000e-01  5.0759693150e-02 
 947.000  5.0607456000e-01  5.3911357880e-02 
 948.000  5.1922950000e-01  5.6339000700e-02 
 949.000  5.1941099000e-01  5.6253620150e-02 
 950.000  5.1851148000e-01  5.6424434660e-02 
 951.000  5.3764923000e-01  6.0865501400e-02 
 952.000  5.1358485000e-01  5.5795196530e-02 
 953.000  5.2873987000e-01  5.9214870450e-02 
 954.000  5.4098462000e-01  6.2472042080e-02 
 955.000  4.9190284000e-01  5.5496852870e-02 
 956.000  5.2131752000e-01  5.8554359440e-02 
 957.000  5.6454128000e-01  6.8020179750e-02 
 958.000  5.7432108000e-01  6.9781013490e-02 
 959.000  5.6920957000e-01  6.8548370360e-02 
 960.000  5.6165462000e-01  6.7481094360e-02 
 961.000  5.5199181000e-01  6.6014633180e-02 
 962.000  5.5791546000e-01  6.7071052550e-02 
 963.000  5.7992863000e-01  7.1957984920e-02 
 964.000  5.7649468000e-01  7.1868644710e-02 
 965.000  5.8126879000e-01  7.2297927860e-02 
 966.000  5.6561850000e-01  7.0501930240e-02 
 967.000  5.9867650000e-01  7.6230628970e-02 
 968.000  6.1853751000e-01  8.1558174130e-02 
 969.000  6.3415912000e-01  8.4953956600e-02 
 970.000  6.3648739000e-01  8.5357261660e-02 
 971.000  6.3054304000e-01  8.4541595460e-02 
 972.000  6.3170016000e-01  8.4327201840e-02 
 973.000  6.1800495000e-01  8.1670547490e-02 
 974.000  5.9917277000e-01  7.8220596310e-02 
 975.000  5.9609575000e-01  7.7212699890e-02 
 976.000  6.1081660000e-01  7.9900459290e-02 
 977.000  6.0729750000e-01  8.0730400090e-02 
 978.000  6.2126668000e-01  8.2503929140e-02 
 979.000  6.0623017000e-01  8.0866470340e-02 
 980.000  6.2703304000e-01  8.5046913150e-02 
 981.000  6.3402382000e-01  8.6333236690e-02 
 982.000  6.2989004000e-01  8.5476196290e-02 
 983.000  6.3442145000e-01  8.6851776120e-02 
 984.000  6.3657305000e-01  8.7950172420e-02 
 985.000  6.3989304000e-01  8.8884147640e-02 
 986.000  6.3933185000e-01  8.9428573610e-02 
 987.000  6.4864445000e-01  9.1022605900e-02 
 988.000  6.4106473000e-01  9.0027420040e-02 
 989.000  6.3318916000e-01  8.8970939640e-02 
 990.000  6.3905214000e-01  8.9869865420e-02 
 991.000  6.4598367000e-01  9.1095550540e-02 
 992.000  6.4047262000e-01  9.0397109990e-02 
 993.000  6.4060154000e-01  9.0451873780e-02 
 994.000  6.4532553000e-01  9.1342803960e-02 
 995.000  6.4160498000e-01  9.0980453490e-02 
 996.000  6.4146220000e-01  9.0969474790e-02 
 997.000  6.4147557000e-01  9.0884765620e-02 
 998.000  6.3835646000e-01  9.0346710210e-02 
 999.000  6.3648248000e-01  9.0051620480e-02 
1000.000  6.3162205000e-01  8.9406120300e-02 
1001.000  6.3362803000e-01  8.9480049130e-02 
1002.000  6.3028319000e-01  8.8668014530e-02 
1003.000  6.2346262000e-01  8.7807044980e-02 
1004.000  6.1957011000e-01  8.7474723820e-02 
1005.000  5.7941125000e-01  8.1903511050e-02 
1006.000  6.0984609000e-01  8.6253547670e-02 
1007.000  6.2051538000e-01  8.7710670470e-02 
1008.000  6.2125919000e-01  8.7547492980e-02 
1009.000  6.1497482000e-01  8.6306648250e-02 
1010.000  6.1836781000e-01  8.6964332580e-02 
1011.000  6.1766101000e-01  8.7275711060e-02 
1012.000  6.1883455000e-01  8.7608207700e-02 
1013.000  6.1511813000e-01  8.7216400150e-02 
1014.000  6.1936162000e-01  8.7896759030e-02 
1015.000  6.0797201000e-01  8.6317985530e-02 
1016.000  6.1219327000e-01  8.7000717160e-02 
1017.000  6.0627629000e-01  8.6213058470e-02 
1018.000  6.1381955000e-01  8.7249687190e-02 
1019.000  5.9901319000e-01  8.5033126830e-02 
1020.000  5.9801513000e-01  8.4938652040e-02 
1021.000  6.0450911000e-01  8.5948249820e-02 
1022.000  5.9451084000e-01  8.4346649170e-02 
1023.000  6.0514264000e-01  8.5701858520e-02 
1024.000  6.0160101000e-01  8.5104850770e-02 
1025.000  6.0274856000e-01  8.5509010310e-02 
1026.000  6.0402911000e-01  8.5814002990e-02 
1027.000  6.0013100000e-01  8.5245994570e-02 
1028.000  6.0174053000e-01  8.5549743650e-02 
1029.000  5.9310809000e-01  8.4462913510e-02 
1030.000  5.9956050000e-01  8.5527061460e-02 
1031.000  5.9791755000e-01  8.5386901860e-02 
1032.000  5.9600226000e-01  8.5187980650e-02 
1033.000  5.8506262000e-01  8.3644111630e-02 
1034.000  5.9077734000e-01  8.4494956970e-02 
1035.000  5.8305905000e-01  8.3397949220e-02 
1036.000  5.9269328000e-01  8.4800369260e-02 
1037.000  5.8021009000e-01  8.3030715940e-02 
1038.000  5.8594491000e-01  8.3865028380e-02 
1039.000  5.8833083000e-01  8.4200576780e-02 
1040.000  5.8136122000e-01  8.3201881410e-02 
1041.000  5.8438631000e-01  8.3631118770e-02 
1042.000  5.8611355000e-01  8.3880943300e-02 
1043.000  5.7599151000e-01  8.2437812810e-02 
1044.000  5.8171403000e-01  8.3256370540e-02 
1045.000  5.7916400000e-01  8.2901840210e-02 
1046.000  5.6231102000e-01  8.0510658260e-02 
1047.000  5.7262365000e-01  8.2006752010e-02 
1048.000  5.7829434000e-01  8.2845733640e-02 
1049.000  5.7457483000e-01  8.2346313480e-02 
1050.000  5.7215466000e-01  8.2007072450e-02 
1051.000  5.7112356000e-01  8.1829414370e-02 
1052.000  5.6847456000e-01  8.1422523500e-02 
1053.000  5.6700606000e-01  8.1209884640e-02 
1054.000  5.6277957000e-01  8.0570999150e-02 
1055.000  5.6687187000e-01  8.1114929200e-02 
1056.000  5.6533808000e-01  8.0868339540e-02 
1057.000  5.6426776000e-01  8.0644142150e-02 
1058.000  5.5819674000e-01  7.9641555790e-02 
1059.000  5.4065051000e-01  7.7171165470e-02 
1060.000  5.6021257000e-01  8.0069015500e-02 
1061.000  5.4055657000e-01  7.7261917110e-02 
1062.000  5.5545074000e-01  7.9317504880e-02 
1063.000  5.4604070000e-01  7.7960151670e-02 
1064.000  5.5277352000e-01  7.8843955990e-02 
1065.000  5.5193388000e-01  7.8610893250e-02 
1066.000  5.3502700000e-01  7.6203041080e-02 
1067.000  5.4765272000e-01  7.7948165890e-02 
1068.000  5.4490572000e-01  7.7349365230e-02 
1069.000  5.0358659000e-01  7.1367057800e-02 
1070.000  5.3353306000e-01  7.5636917110e-02 
1071.000  5.3400219000e-01  7.5584053040e-02 
1072.000  5.3538685000e-01  7.5664604190e-02 
1073.000  5.1769258000e-01  7.3146987920e-02 
1074.000  5.3589523000e-01  7.5743240360e-02 
1075.000  5.1984545000e-01  7.3651397710e-02 
1076.000  5.3087415000e-01  7.5101333620e-02 
1077.000  5.2918334000e-01  7.4715927120e-02 
1078.000  5.2994518000e-01  7.4653533940e-02 
1079.000  5.0945340000e-01  7.1744422910e-02 
1080.000  5.2288943000e-01  7.3194801330e-02 
1081.000  5.0356145000e-01  7.0461761470e-02 
1082.000  5.1070912000e-01  7.1631973270e-02 
1083.000  4.9605902000e-01  6.9336433410e-02 
1084.000  5.1397683000e-01  7.1574317930e-02 
1085.000  5.0474460000e-01  6.9704910280e-02 
1086.000  5.1193922000e-01  7.0813629150e-02 
1087.000  4.8318680000e-01  6.7424255370e-02 
1088.000  5.1256022000e-01  7.1568252560e-02 
1089.000  4.8972370000e-01  6.7657691960e-02 
1090.000  4.9971834000e-01  6.8914855960e-02 
1091.000  5.0363142000e-01  6.9611778260e-02 
1092.000  4.9026211000e-01  6.7415596010e-02 
1093.000  4.8037295000e-01  6.5293441770e-02 
1094.000  4.3554889300e-01  5.8887775420e-02 
1095.000  4.7172704000e-01  6.3812362670e-02 
1096.000  4.7305264000e-01  6.4042541500e-02 
1097.000  4.6298648000e-01  6.2479923250e-02 
1098.000  4.4565091700e-01  5.8446994780e-02 
1099.000  4.3533101300e-01  5.5707988740e-02 
1100.000  4.4362435100e-01  5.6858467100e-02 
1101.000  4.4428350700e-01  5.7126094820e-02 
1102.000  4.2511605900e-01  5.4556972500e-02 
1103.000  4.4306901700e-01  5.6973144530e-02 
1104.000  4.3786720900e-01  5.6061626430e-02 
1105.000  4.3211141000e-01  5.4741344450e-02 
1106.000  4.2328618600e-01  5.3065288540e-02 
1107.000  4.2412133300e-01  5.3278972630e-02 
1108.000  4.2378860900e-01  5.3294746400e-02 
1109.000  4.3028692300e-01  5.4532180790e-02 
1110.000  4.3204472000e-01  5.4612060550e-02 
1111.000  4.2407044200e-01  5.3293853760e-02 
1112.000  4.0770086900e-01  5.0040691380e-02 
1113.000  3.8898304700e-01  4.5987812040e-02 
1114.000  3.8877481800e-01  4.5337703700e-02 
1115.000  3.6315934300e-01  4.0004692080e-02 
1116.000  3.4498858000e-01  3.6618179320e-02 
1117.000  3.1599027600e-01  3.0900728230e-02 
1118.000  2.8203704300e-01  2.5462903980e-02 
1119.000  2.5818921300e-01  2.2185750960e-02 
1120.000  2.3802169000e-01  1.9183332440e-02 
1121.000  2.3493767300e-01  1.8627632140e-02 
1122.000  2.1116903300e-01  1.5515892980e-02 
1123.000  2.2502126200e-01  1.7186700820e-02 
1124.000  2.3397577300e-01  1.8303153990e-02 
1125.000  2.2481827200e-01  1.7349105830e-02 
1126.000  2.1876995200e-01  1.6797782900e-02 
1127.000  2.2793862300e-01  1.7633480070e-02 
1128.000  2.2715541400e-01  1.7820957180e-02 
1129.000  2.4997173900e-01  2.0912130360e-02 
1130.000  2.9877760600e-01  2.8243417740e-02 
1131.000  3.1571725100e-01  3.0858581540e-02 
1132.000  2.9774902800e-01  2.7755348210e-02 
1133.000  2.5552771000e-01  2.1849302290e-02 
1134.000  1.8687643900e-01  1.2888757710e-02 
1135.000  1.9452702000e-01  1.3714589120e-02 
1136.000  2.6168624900e-01  2.2735948560e-02 
1137.000  2.9994935500e-01  2.8403779980e-02 
1138.000  3.2045653700e-01  3.2971870420e-02 
1139.000  3.3649336400e-01  3.5623481750e-02 
1140.000  3.3147343900e-01  3.4541503910e-02 
1141.000  3.0991475200e-01  3.1340082170e-02 
1142.000  3.1405289900e-01  3.1390342710e-02 
1143.000  2.9514412300e-01  2.8489629750e-02 
1144.000  2.7786505000e-01  2.5806272510e-02 
1145.000  2.5699895700e-01  2.2500385280e-02 
1146.000  2.6500990400e-01  2.3529092790e-02 
1147.000  2.8411343700e-01  2.6385484700e-02 
1148.000  2.9672844500e-01  2.8635871890e-02 
1149.000  3.0365477100e-01  2.9769344330e-02 
1150.000  3.0240429000e-01  2.9737010960e-02 
1151.000  3.1026509900e-01  3.1286554340e-02 
1152.000  3.1390426900e-01  3.2038352970e-02 
1153.000  3.1959190300e-01  3.3189319610e-02 
1154.000  3.1983918900e-01  3.3102737430e-02 
1155.000  3.3266980300e-01  3.5603061680e-02 
1156.000  3.4112476400e-01  3.7833789830e-02 
1157.000  3.7054075600e-01  4.3836227420e-02 
1158.000  3.8091187200e-01  4.6129405980e-02 
1159.000  3.8413179600e-01  4.7416301730e-02 
1160.000  3.8272050000e-01  4.7616642000e-02 
1161.000  3.8324777900e-01  4.8547660830e-02 
1162.000  4.0356713500e-01  5.1838485720e-02 
1163.000  4.1313379000e-01  5.3933834080e-02 
1164.000  4.0657053600e-01  5.3262805940e-02 
1165.000  4.1492059300e-01  5.4474903110e-02 
1166.000  4.0571599900e-01  5.3473991390e-02 
1167.000  4.1326043400e-01  5.4598983760e-02 
1168.000  4.1647169600e-01  5.4983791350e-02 
1169.000  4.0313776900e-01  5.3353618620e-02 
1170.000  4.1498912900e-01  5.5040657040e-02 
1171.000  4.1966328200e-01  5.5961753850e-02 
1172.000  4.1671252800e-01  5.5400169370e-02 
1173.000  4.1220895300e-01  5.4642620090e-02 
1174.000  4.1251074900e-01  5.4696125030e-02 
1175.000  4.1196122500e-01  5.5078330990e-02 
1176.000  4.0584608200e-01  5.4678878780e-02 
1177.000  4.1652054700e-01  5.5915843960e-02 
1178.000  4.0573965700e-01  5.4070487980e-02 
1179.000  4.0392956900e-01  5.3833076480e-02 
1180.000  4.0824014000e-01  5.4265968320e-02 
1181.000  4.0262377200e-01  5.3155654910e-02 
1182.000  3.9961729400e-01  5.2404170990e-02 
1183.000  3.7682193300e-01  4.9456420900e-02 
1184.000  3.9579446200e-01  5.2148334500e-02 
1185.000  4.0594578600e-01  5.3999423980e-02 
1186.000  4.0208098600e-01  5.3335025790e-02 
1187.000  3.9721757000e-01  5.2185470580e-02 
1188.000  3.9402787900e-01  5.1652729030e-02 
1189.000  3.7390068300e-01  4.9307209010e-02 
1190.000  4.0002519400e-01  5.3560527800e-02 
1191.000  4.0858595900e-01  5.4955879210e-02 
1192.000  4.0966064400e-01  5.5464698790e-02 
1193.000  4.0910414200e-01  5.5304157260e-02 
1194.000  4.0781994300e-01  5.5083827970e-02 
1195.000  4.0001474000e-01  5.3688053130e-02 
1196.000  4.0020494300e-01  5.3770401000e-02 
1197.000  3.9852799100e-01  5.3384086610e-02 
1198.000  3.8479916400e-01  5.1515800480e-02 
1199.000  3.6865959800e-01  4.9168079380e-02 
1200.000  3.9300912200e-01  5.2539848330e-02 
1201.000  3.9626489100e-01  5.3037899020e-02 
1202.000  3.9717751000e-01  5.3253665920e-02 
1203.000  3.7674083200e-01  5.0455326080e-02 
1204.000  3.8359649200e-01  5.1483543400e-02 
1205.000  3.9779130000e-01  5.3973037720e-02 
1206.000  3.9784044800e-01  5.4245899200e-02 
1207.000  4.0152212600e-01  5.4856639860e-02 
1208.000  3.9495051600e-01  5.3867305760e-02 
1209.000  3.6914158200e-01  5.0211410520e-02 
1210.000  3.9297624900e-01  5.3206916810e-02 
1211.000  3.7956169200e-01  5.1360050200e-02 
1212.000  3.9200177600e-01  5.3108936310e-02 
1213.000  3.9560028500e-01  5.3834793090e-02 
1214.000  3.9353485200e-01  5.3525859830e-02 
1215.000  3.9561567600e-01  5.3905513760e-02 
1216.000  3.9738724400e-01  5.4530239110e-02 
1217.000  3.9900258100e-01  5.5089710240e-02 
1218.000  3.9858171600e-01  5.5201210020e-02 
1219.000  3.9535090900e-01  5.4860137940e-02 
1220.000  3.9808694300e-01  5.5245758060e-02 
1221.000  3.9761308300e-01  5.5211082460e-02 
1222.000  3.9559442100e-01  5.4941455840e-02 
1223.000  3.9392830300e-01  5.4755867000e-02 
1224.000  3.9846125900e-01  5.5591316220e-02 
1225.000  3.9658355500e-01  5.5383556370e-02 
1226.000  3.9838737300e-01  5.5710361480e-02 
1227.000  3.8555309000e-01  5.4027599330e-02 
1228.000  3.9842178200e-01  5.5975204470e-02 
1229.000  3.9857328700e-01  5.6109733580e-02 
1230.000  3.9787693100e-01  5.6140331270e-02 
1231.000  3.9824678700e-01  5.6270061490e-02 
1232.000  3.9389187100e-01  5.5691883090e-02 
1233.000  3.9707583100e-01  5.6170200350e-02 
1234.000  3.9674752700e-01  5.6284774780e-02 
1235.000  3.9429978700e-01  5.6000236510e-02 
1236.000  3.9679916400e-01  5.6402027130e-02 
1237.000  3.9705177500e-01  5.6497844700e-02 
1238.000  3.9689546600e-01  5.6505710600e-02 
1239.000  3.9241809800e-01  5.5890296940e-02 
1240.000  3.9064106200e-01  5.5664688110e-02 
1241.000  3.9405084800e-01  5.6166343690e-02 
1242.000  3.9165416500e-01  5.5836353300e-02 
1243.000  3.8719666300e-01  5.5214920040e-02 
1244.000  3.8355365200e-01  5.4692356110e-02 
1245.000  3.9003134300e-01  5.5621124270e-02 
1246.000  3.8687052800e-01  5.5149604800e-02 
1247.000  3.8478515100e-01  5.4827938080e-02 
1248.000  3.8759529800e-01  5.5206722260e-02 
1249.000  3.8608897100e-01  5.4984783170e-02 
1250.000  3.8440858300e-01  5.4724880220e-02 
1251.000  3.8157711900e-01  5.4304321290e-02 
1252.000  3.8013693500e-01  5.4062805180e-02 
1253.000  3.7668061800e-01  5.3530357360e-02 
1254.000  3.7703494100e-01  5.3491481780e-02 
1255.000  3.7594774600e-01  5.3283836360e-02 
1256.000  3.7474936800e-01  5.3074825290e-02 
1257.000  3.6989953500e-01  5.2320697780e-02 
1258.000  3.6997475800e-01  5.2187133790e-02 
1259.000  3.6473623800e-01  5.1335903170e-02 
1260.000  3.6386559900e-01  5.1082450870e-02 
1261.000  3.6164584200e-01  5.0633285520e-02 
1262.000  3.5060637400e-01  4.8853183750e-02 
1263.000  3.5358310200e-01  4.9205680850e-02 
1264.000  3.4724027300e-01  4.8292781830e-02 
1265.000  3.4756232400e-01  4.8328289030e-02 
1266.000  3.4841979000e-01  4.8360977170e-02 
1267.000  3.4034235100e-01  4.7154865260e-02 
1268.000  3.3525348500e-01  4.6372852330e-02 
1269.000  3.3760607700e-01  4.6664737700e-02 
1270.000  3.4579031900e-01  4.8004577640e-02 
1271.000  3.4971205100e-01  4.8627964020e-02 
1272.000  3.5029804100e-01  4.8799484250e-02 
1273.000  3.5146132700e-01  4.9075942990e-02 
1274.000  3.5116331400e-01  4.9178817750e-02 
1275.000  3.5410542100e-01  4.9636329650e-02 
1276.000  3.5519089400e-01  4.9793357850e-02 
1277.000  3.5523135500e-01  4.9769741060e-02 
1278.000  3.5454351900e-01  4.9629592900e-02 
1279.000  3.5251989600e-01  4.9347915650e-02 
1280.000  3.5142198100e-01  4.9299560550e-02 
1281.000  3.4234398600e-01  4.8122528080e-02 
1282.000  3.0477168900e-01  4.2926898960e-02 
1283.000  3.3499902700e-01  4.7219028470e-02 
1284.000  3.4888502700e-01  4.9171398160e-02 
1285.000  3.5172881500e-01  4.9586345670e-02 
1286.000  3.5118249200e-01  4.9430088040e-02 
1287.000  3.5245088700e-01  4.9475959780e-02 
1288.000  3.4695686600e-01  4.8271835330e-02 
1289.000  3.4800811900e-01  4.8276229860e-02 
1290.000  3.3988708800e-01  4.7118785860e-02 
1291.000  3.4512341300e-01  4.7874294280e-02 
1292.000  3.4799638200e-01  4.8401798250e-02 
1293.000  3.4843575600e-01  4.8440376280e-02 
1294.000  3.4149044800e-01  4.7256019590e-02 
1295.000  3.4283482100e-01  4.7128364560e-02 
1296.000  3.4064083700e-01  4.6510040280e-02 
1297.000  3.3654149900e-01  4.5702671050e-02 
1298.000  3.3335016400e-01  4.5224548340e-02 
1299.000  3.3657478400e-01  4.5618465420e-02 
1300.000  3.3488441600e-01  4.5339111330e-02 
1301.000  3.3390388700e-01  4.5118667600e-02 
1302.000  3.2821927600e-01  4.4155727390e-02 
1303.000  3.2224106500e-01  4.2860397340e-02 
1304.000  3.2087230100e-01  4.2461906430e-02 
1305.000  3.2212068700e-01  4.2524330140e-02 
1306.000  3.2190417500e-01  4.2391296390e-02 
1307.000  3.1988943500e-01  4.1998718260e-02 
1308.000  3.1691423900e-01  4.1299156190e-02 
1309.000  3.1298035800e-01  4.0389663700e-02 
1310.000  3.1125521600e-01  4.0114933010e-02 
1311.000  3.1040277200e-01  3.9988395690e-02 
1312.000  3.0497222900e-01  3.8859844210e-02 
1313.000  2.8886431900e-01  3.6338596340e-02 
1314.000  2.9338373700e-01  3.6486690520e-02 
1315.000  2.8560827500e-01  3.5688995360e-02 
1316.000  2.9558753600e-01  3.7203666690e-02 
1317.000  2.9859193600e-01  3.7553440090e-02 
1318.000  2.8919778000e-01  3.5874874110e-02 
1319.000  2.8555124400e-01  3.4745258330e-02 
1320.000  2.7483274300e-01  3.2635189060e-02 
1321.000  2.7029700400e-01  3.1747211460e-02 
1322.000  2.7536999100e-01  3.2841766360e-02 
1323.000  2.8226082000e-01  3.4165622710e-02 
1324.000  2.8552620100e-01  3.4811714170e-02 
1325.000  2.8314133600e-01  3.4318763730e-02 
1326.000  2.7605761900e-01  3.2941097260e-02 
1327.000  2.6152088700e-01  3.0005239490e-02 
1328.000  2.4838300400e-01  2.7085226060e-02 
1329.000  2.1428562700e-01  2.1263151170e-02 
1330.000  2.0823474500e-01  1.9947479250e-02 
1331.000  2.0274602500e-01  1.8972248080e-02 
1332.000  2.0055141000e-01  1.8871158600e-02 
1333.000  2.1156744800e-01  2.0285440440e-02 
1334.000  2.1999146600e-01  2.1631208420e-02 
1335.000  2.2593883500e-01  2.2624988560e-02 
1336.000  2.2583353400e-01  2.2752218250e-02 
1337.000  2.2838956900e-01  2.3061895370e-02 
1338.000  2.3214565300e-01  2.3759099960e-02 
1339.000  2.3265973100e-01  2.3927690510e-02 
1340.000  2.3428272500e-01  2.4376136780e-02 
1341.000  2.3823859300e-01  2.4554132460e-02 
1342.000  2.3814074900e-01  2.4542293550e-02 
1343.000  2.2909838200e-01  2.2442796710e-02 
1344.000  2.1523498000e-01  1.9860258100e-02 
1345.000  1.7806963100e-01  1.4187849040e-02 
1346.000  1.5188869900e-01  1.0608578680e-02 
1347.000  1.3471880800e-01  8.6266069410e-03 
1348.000  1.1168349000e-01  5.9982118610e-03 
1349.000  1.0157886030e-01  5.0728397370e-03 
1350.000  7.9123407200e-02  3.1228864190e-03 
1351.000  6.8307156300e-02  2.4087607860e-03 
1352.000  5.2246297500e-02  1.4267956020e-03 
1353.000  3.7031558400e-02  7.8226387500e-04 
1354.000  2.9610088300e-02  5.2280062440e-04 
1355.000  2.2989709400e-02  3.3537656070e-04 
1356.000  1.7384972600e-02  2.0430162550e-04 
1357.000  1.1883097220e-02  1.0311344270e-04 
1358.000  8.7943128700e-03  6.3035123050e-05 
1359.000  4.6371929600e-03  2.1453058350e-05 
1360.000  3.0667207900e-03  1.1293001470e-05 
1361.000  2.2822909500e-03  6.7285457630e-06 
1362.000  2.1000793400e-03  5.9193773200e-06 
1363.000  3.0298733600e-03  1.0322809220e-05 
1364.000  3.5132279600e-03  1.2921659280e-05 
1365.000  3.6785399200e-03  1.3633522210e-05 
1366.000  4.2481010300e-03  1.7022786660e-05 
1367.000  3.5684728100e-03  1.3341131620e-05 
1368.000  3.1641459100e-03  1.1533644980e-05 
1369.000  3.2446903800e-03  1.2133134530e-05 
1370.000  5.3662074000e-03  2.8107818220e-05 
1371.000  9.5567530800e-03  7.0288255810e-05 
1372.000  1.7696203000e-02  1.9390483200e-04 
1373.000  2.5103542800e-02  3.4188169240e-04 
1374.000  3.0483574500e-02  4.7269067170e-04 
1375.000  3.2500846900e-02  5.3053063150e-04 
1376.000  3.0145875100e-02  4.7049295900e-04 
1377.000  2.6837317000e-02  3.8447329400e-04 
1378.000  2.0455608000e-02  2.4529781940e-04 
1379.000  1.4046724040e-02  1.3256713750e-04 
1380.000  7.9669024800e-03  5.3038455550e-05 
1381.000  4.6085496800e-03  2.2153934460e-05 
1382.000  3.2226958600e-03  1.2516130690e-05 
1383.000  3.1180847100e-03  1.1693081820e-05 
1384.000  5.0718389800e-03  2.5180822240e-05 
1385.000  7.2001214900e-03  4.4078052040e-05 
1386.000  1.0997439070e-02  8.6784690620e-05 
1387.000  2.0206289900e-02  2.3819366100e-04 
1388.000  2.6781619500e-02  3.7361544370e-04 
1389.000  3.0763992700e-02  4.7578349710e-04 
1390.000  3.1403324000e-02  4.9713724850e-04 
1391.000  2.9315375800e-02  4.4209331270e-04 
1392.000  2.2163676000e-02  2.7975341680e-04 
1393.000  1.6942381900e-02  1.8249827620e-04 
1394.000  1.2979798700e-02  1.1918393520e-04 
1395.000  1.4631331500e-02  1.4434874060e-04 
1396.000  2.0077418100e-02  2.3826408390e-04 
1397.000  2.5909788700e-02  3.6205813290e-04 
1398.000  2.6682586600e-02  3.7827631830e-04 
1399.000  2.4913634500e-02  3.4291693570e-04 
1400.000  2.3296363100e-02  3.1152087450e-04 
1401.000  2.4765228100e-02  3.4895488620e-04 
1402.000  3.0702176400e-02  4.8608374600e-04 
1403.000  3.5348575700e-02  6.2899303440e-04 
1404.000  3.3248487800e-02  5.6544518470e-04 
1405.000  3.4827048400e-02  6.2385261060e-04 
1406.000  3.2294459800e-02  5.4557555910e-04 
1407.000  3.3492562400e-02  5.9448736910e-04 
1408.000  4.0143195100e-02  7.9539072510e-04 
1409.000  4.7056983600e-02  1.0503360030e-03 
1410.000  5.7715003500e-02  1.4698621030e-03 
1411.000  6.8649846100e-02  2.0148725510e-03 
1412.000  6.6323617000e-02  1.9425215720e-03 
1413.000  7.3148808600e-02  2.3183698650e-03 
1414.000  7.2119735300e-02  2.2252564430e-03 
1415.000  7.9727500200e-02  2.7025361060e-03 
1416.000  8.5661632800e-02  3.0519230370e-03 
1417.000  8.7867189800e-02  3.2116091250e-03 
1418.000  8.8650246500e-02  3.2401707170e-03 
1419.000  8.8465678200e-02  3.2854766850e-03 
1420.000  9.0566802800e-02  3.4075880050e-03 
1421.000  1.0186096030e-01  4.1703267100e-03 
1422.000  1.0428430660e-01  4.4019360540e-03 
1423.000  1.0544735940e-01  4.5309052470e-03 
1424.000  1.0508900420e-01  4.4878315930e-03 
1425.000  1.0389586330e-01  4.3529968260e-03 
1426.000  1.0017011270e-01  4.1990442280e-03 
1427.000  1.0610042990e-01  4.5903534890e-03 
1428.000  1.1206274310e-01  4.9545655250e-03 
1429.000  1.1366444900e-01  5.1682934760e-03 
1430.000  1.1090039400e-01  5.0404200550e-03 
1431.000  1.0331695310e-01  4.5028505330e-03 
1432.000  1.0102227680e-01  4.2858304980e-03 
1433.000  1.0073756070e-01  4.2615046500e-03 
1434.000  9.6085631600e-02  3.9758689400e-03 
1435.000  1.0315673060e-01  4.4518599510e-03 
1436.000  1.0572564700e-01  4.6414399150e-03 
1437.000  1.0741093040e-01  4.7565712930e-03 
1438.000  1.1387415080e-01  5.2579627040e-03 
1439.000  1.1597572900e-01  5.3735089300e-03 
1440.000  1.1120265510e-01  5.2169380190e-03 
1441.000  1.1810962580e-01  5.5798473360e-03 
1442.000  1.1329415310e-01  5.2817087170e-03 
1443.000  1.1533042500e-01  5.3888735770e-03 
1444.000  1.1793059140e-01  5.5753545760e-03 
1445.000  1.1816675690e-01  5.6066269870e-03 
1446.000  1.2368372200e-01  6.0094599720e-03 
1447.000  1.2706429000e-01  6.3056287770e-03 
1448.000  1.2851246300e-01  6.4035277370e-03 
1449.000  1.2598911900e-01  6.1964221000e-03 
1450.000  1.2047613580e-01  5.8008561130e-03 
1451.000  1.2182504660e-01  5.9375104900e-03 
1452.000  1.2715744200e-01  6.4601678850e-03 
1453.000  1.4169234100e-01  7.6271662710e-03 
1454.000  1.5418413300e-01  8.7794828410e-03 
1455.000  1.6015886500e-01  9.4331007000e-03 
1456.000  1.6726428500e-01  1.0178849220e-02 
1457.000  1.6995435400e-01  1.0397378920e-02 
1458.000  1.7327906100e-01  1.0676178930e-02 
1459.000  1.6841001200e-01  1.0162360190e-02 
1460.000  1.6073247600e-01  9.5247478490e-03 
1461.000  1.5764905200e-01  9.2650918960e-03 
1462.000  1.4915965900e-01  8.5283775330e-03 
1463.000  1.4817069900e-01  8.4968948360e-03 
1464.000  1.4625649500e-01  8.3325510030e-03 
1465.000  1.4301135900e-01  7.9833817480e-03 
1466.000  1.3328255700e-01  7.2443022730e-03 
1467.000  1.3231554400e-01  7.0560183530e-03 
1468.000  1.2417325650e-01  6.4780993460e-03 
1469.000  1.1779198380e-01  5.9073295590e-03 
1470.000  1.1438061400e-01  5.6632108690e-03 
1471.000  1.2138165080e-01  6.3521461490e-03 
1472.000  1.3366251100e-01  7.4498720170e-03 
1473.000  1.5021182400e-01  9.0178508760e-03 
1474.000  1.5744974800e-01  9.9761924740e-03 
1475.000  1.6024950300e-01  1.0197989460e-02 
1476.000  1.6051019800e-01  1.0260525700e-02 
1477.000  1.5706944400e-01  9.9398241040e-03 
1478.000  1.5092657000e-01  9.4587898250e-03 
1479.000  1.4793273600e-01  9.1229143140e-03 
1480.000  1.5101454800e-01  9.4872188570e-03 
1481.000  1.5383882600e-01  9.9224653240e-03 
1482.000  1.6078971700e-01  1.0675053600e-02 
1483.000  1.5901068800e-01  1.0672626500e-02 
1484.000  1.6004226500e-01  1.0806249620e-02 
1485.000  1.6234266500e-01  1.0975510600e-02 
1486.000  1.6371678100e-01  1.1354764940e-02 
1487.000  1.7374074000e-01  1.2619713780e-02 
1488.000  1.5225932900e-01  1.1153062820e-02 
1489.000  1.8685287800e-01  1.4510540960e-02 
1490.000  1.9769086700e-01  1.6125967030e-02 
1491.000  2.0475583000e-01  1.7164094920e-02 
1492.000  2.0104347000e-01  1.7007915500e-02 
1493.000  2.0847618000e-01  1.7956354140e-02 
1494.000  2.0817204300e-01  1.8056850430e-02 
1495.000  2.0989733900e-01  1.8536664960e-02 
1496.000  2.0953575300e-01  1.8960300450e-02 
1497.000  2.1464585700e-01  1.9553226470e-02 
1498.000  2.2172754800e-01  2.0627170560e-02 
1499.000  2.2271794300e-01  2.1136653900e-02 
1500.000  2.2958717100e-01  2.2136680600e-02 
1501.000  2.2828126200e-01  2.2025226590e-02 
1502.000  2.2460028300e-01  2.1639997480e-02 
1503.000  2.0063965200e-01  1.9335042950e-02 
1504.000  2.0997581900e-01  2.0390254970e-02 
1505.000  2.1259951600e-01  2.0958459850e-02 
1506.000  2.1553129500e-01  2.1348186490e-02 
1507.000  2.2835148500e-01  2.2929981230e-02 
1508.000  2.2634362200e-01  2.2939729690e-02 
1509.000  2.2886866300e-01  2.3420492170e-02 
1510.000  2.3297054900e-01  2.3984325410e-02 
1511.000  2.3511855300e-01  2.4379205700e-02 
1512.000  2.3143258300e-01  2.4132898330e-02 
1513.000  2.3134249400e-01  2.4235101700e-02 
1514.000  2.2817532600e-01  2.3981960300e-02 
1515.000  2.3348208500e-01  2.4684253690e-02 
1516.000  2.3157608600e-01  2.4576025010e-02 
1517.000  2.3095560900e-01  2.4640529630e-02 
1518.000  2.3667883200e-01  2.5450328830e-02 
1519.000  2.3489745700e-01  2.5477991100e-02 
1520.000  2.3849887900e-01  2.6143051150e-02 
1521.000  2.3510966600e-01  2.5942705150e-02 
1522.000  2.3374978800e-01  2.5861532210e-02 
1523.000  2.3977643400e-01  2.6631599430e-02 
1524.000  2.3769252800e-01  2.6436601640e-02 
1525.000  2.3195592400e-01  2.5827491760e-02 
1526.000  2.3859202300e-01  2.6633214950e-02 
1527.000  2.3647982200e-01  2.6500915530e-02 
1528.000  2.3858176200e-01  2.6860824580e-02 
1529.000  2.3783554400e-01  2.6831113820e-02 
1530.000  2.2298035400e-01  2.5265123370e-02 
1531.000  2.3862606900e-01  2.7142644880e-02 
1532.000  2.3748939700e-01  2.7123600010e-02 
1533.000  2.3652820900e-01  2.7100507740e-02 
1534.000  2.3305037700e-01  2.6782970430e-02 
1535.000  2.3403830300e-01  2.6979434970e-02 
1536.000  2.3717139500e-01  2.7412912370e-02 
1537.000  2.3810881100e-01  2.7622142790e-02 
1538.000  2.3178181200e-01  2.6992027280e-02 
1539.000  2.3679780100e-01  2.7676801680e-02 
1540.000  2.2824862000e-01  2.6759366990e-02 
1541.000  2.3306199600e-01  2.7387872700e-02 
1542.000  2.3444955800e-01  2.7605905530e-02 
1543.000  2.3381197900e-01  2.7598390580e-02 
1544.000  2.3681593600e-01  2.8030260090e-02 
1545.000  2.3772551400e-01  2.8232559200e-02 
1546.000  2.3794468600e-01  2.8352024080e-02 
1547.000  2.3563435700e-01  2.8162803650e-02 
1548.000  2.2867516000e-01  2.7406414030e-02 
1549.000  2.3453643100e-01  2.8170883180e-02 
1550.000  2.3321860100e-01  2.8069288250e-02 
1551.000  2.3199084900e-01  2.7962345120e-02 
1552.000  2.3594533600e-01  2.8480382920e-02 
1553.000  2.3471232400e-01  2.8382419590e-02 
1554.000  2.2611261400e-01  2.7381299970e-02 
1555.000  2.2988622500e-01  2.7894388200e-02 
1556.000  2.2549758200e-01  2.7420398710e-02 
1557.000  2.3288108100e-01  2.8384170530e-02 
1558.000  2.3103749300e-01  2.8210229870e-02 
1559.000  2.3105545800e-01  2.8260175700e-02 
1560.000  2.2706544300e-01  2.7829315190e-02 
1561.000  2.3236467400e-01  2.8514173510e-02 
1562.000  2.3225645500e-01  2.8519336700e-02 
1563.000  2.2878447500e-01  2.8120702740e-02 
1564.000  2.2412557000e-01  2.7565078740e-02 
1565.000  2.2737886400e-01  2.7974241260e-02 
1566.000  2.2307096800e-01  2.7486114500e-02 
1567.000  2.2271271900e-01  2.7447580340e-02 
1568.000  2.1755575200e-01  2.6798351290e-02 
1569.000  2.1773674600e-01  2.6799383160e-02 
1570.000  2.1167946700e-01  2.6050891880e-02 
1571.000  2.1735143300e-01  2.6785202030e-02 
1572.000  2.1718505700e-01  2.6786653520e-02 
1573.000  2.1388644000e-01  2.6431198120e-02 
1574.000  2.1472996500e-01  2.6599950790e-02 
1575.000  1.9950417300e-01  2.4761974330e-02 
1576.000  2.1433348400e-01  2.6632396700e-02 
1577.000  1.9361008300e-01  2.4082443240e-02 
1578.000  2.1196225500e-01  2.6392900470e-02 
1579.000  2.1328558600e-01  2.6595279690e-02 
1580.000  2.1783616800e-01  2.7217403410e-02 
1581.000  2.1639183300e-01  2.7068887710e-02 
1582.000  2.1224163000e-01  2.6626827240e-02 
1583.000  2.1504776200e-01  2.7053127290e-02 
1584.000  2.1331583200e-01  2.6911144260e-02 
1585.000  2.1976447200e-01  2.7791801450e-02 
1586.000  2.1700472000e-01  2.7486766820e-02 
1587.000  2.1474365900e-01  2.7264801030e-02 
1588.000  2.1159331200e-01  2.6925409320e-02 
1589.000  1.9358582400e-01  2.4669912340e-02 
1590.000  2.0855866500e-01  2.6611248020e-02 
1591.000  2.0388691700e-01  2.6042331700e-02 
1592.000  2.1456366700e-01  2.7417690280e-02 
1593.000  2.1917956700e-01  2.8012084960e-02 
1594.000  2.1730403000e-01  2.7778476720e-02 
1595.000  2.1827665300e-01  2.7911708830e-02 
1596.000  2.0446708600e-01  2.6173776630e-02 
1597.000  2.1205868000e-01  2.7145034790e-02 
1598.000  2.1497324800e-01  2.7506147380e-02 
1599.000  2.0653437900e-01  2.6405309680e-02 
1600.000  2.0898660200e-01  2.6706924440e-02 
1601.000  2.0018862300e-01  2.5609035490e-02 
1602.000  2.0505632700e-01  2.6261571880e-02 
1603.000  2.0382845600e-01  2.6160827640e-02 
1604.000  2.0687367100e-01  2.6616113660e-02 
1605.000  2.0381466300e-01  2.6255905150e-02 
1606.000  2.0317597200e-01  2.6214756010e-02 
1607.000  2.0386352900e-01  2.6305830000e-02 
1608.000  2.0605798400e-01  2.6592445370e-02 
1609.000  2.0526573200e-01  2.6505813600e-02 
1610.000  1.9260408200e-01  2.4889684680e-02 
1611.000  1.9875194400e-01  2.5730691910e-02 
1612.000  2.0122089300e-01  2.6100639340e-02 
1613.000  2.0624148200e-01  2.6801170350e-02 
1614.000  2.0421674800e-01  2.6550569530e-02 
1615.000  2.0798889300e-01  2.7083026890e-02 
1616.000  1.9526879900e-01  2.5457571030e-02 
1617.000  2.0137408300e-01  2.6313154220e-02 
1618.000  2.0764801600e-01  2.7160959240e-02 
1619.000  2.0736674500e-01  2.7185138700e-02 
1620.000  2.0247602300e-01  2.6601945880e-02 
1621.000  1.9974907800e-01  2.6288440700e-02 
1622.000  2.0477617800e-01  2.6967992780e-02 
1623.000  2.0905773800e-01  2.7562402730e-02 
1624.000  2.1058606000e-01  2.7787467960e-02 
1625.000  2.0557103500e-01  2.7176807400e-02 
1626.000  2.0787186400e-01  2.7470726010e-02 
1627.000  2.0763334000e-01  2.7465156560e-02 
1628.000  2.0921074300e-01  2.7684497830e-02 
1629.000  2.0907406700e-01  2.7673667910e-02 
1630.000  2.0321004300e-01  2.6892492290e-02 
1631.000  2.0638779500e-01  2.7326171880e-02 
1632.000  2.0621487200e-01  2.7273746490e-02 
1633.000  2.0349386000e-01  2.6909475330e-02 
1634.000  1.9853199400e-01  2.6239065170e-02 
1635.000  2.0385359300e-01  2.6942361830e-02 
1636.000  2.0308734500e-01  2.6831146240e-02 
1637.000  1.9377496400e-01  2.5590244290e-02 
1638.000  1.9235925400e-01  2.5403711320e-02 
1639.000  1.9007626000e-01  2.5078784940e-02 
1640.000  1.9102243100e-01  2.5197118760e-02 
1641.000  1.8965853800e-01  2.5012342450e-02 
1642.000  1.8942058100e-01  2.5015142440e-02 
1643.000  1.9422059600e-01  2.5673980710e-02 
1644.000  1.9114833400e-01  2.5287599560e-02 
1645.000  1.9144685300e-01  2.5340446470e-02 
1646.000  1.9374698100e-01  2.5676483150e-02 
1647.000  1.9554792000e-01  2.5929054260e-02 
1648.000  1.9466441500e-01  2.5813110350e-02 
1649.000  1.9019148000e-01  2.5229547500e-02 
1650.000  1.9501074400e-01  2.5885164260e-02 
1651.000  1.9065676700e-01  2.5311981200e-02 
1652.000  1.9444748300e-01  2.5809579850e-02 
1653.000  1.9244559100e-01  2.5559890750e-02 
1654.000  1.9460404000e-01  2.5856014250e-02 
1655.000  1.9091857400e-01  2.5388120650e-02 
1656.000  1.9474248700e-01  2.5913290020e-02 
1657.000  1.9332809700e-01  2.5699609760e-02 
1658.000  1.9454686100e-01  2.5916278840e-02 
1659.000  1.9100866700e-01  2.5456325530e-02 
1660.000  1.9321617100e-01  2.5746421810e-02 
1661.000  1.9396963100e-01  2.5843921660e-02 
1662.000  1.9251186900e-01  2.5628553390e-02 
1663.000  1.9123740900e-01  2.5454290390e-02 
1664.000  1.9034511000e-01  2.5328340530e-02 
1665.000  1.8840472500e-01  2.5057651520e-02 
1666.000  1.8763493100e-01  2.4969301220e-02 
1667.000  1.8955143800e-01  2.5272579190e-02 
1668.000  1.8633994300e-01  2.4856578830e-02 
1669.000  1.8686500000e-01  2.4950159070e-02 
1670.000  1.9106608300e-01  2.5534378050e-02 
1671.000  1.8966827300e-01  2.5359716420e-02 
1672.000  1.8068497300e-01  2.4173873900e-02 
1673.000  1.8584657300e-01  2.4859838490e-02 
1674.000  1.8659578200e-01  2.4962825780e-02 
1675.000  1.8486283100e-01  2.4745962140e-02 
1676.000  1.8187407100e-01  2.4346588130e-02 
1677.000  1.8280478600e-01  2.4476480480e-02 
1678.000  1.8381728400e-01  2.4627548220e-02 
1679.000  1.8137611700e-01  2.4299943920e-02 
1680.000  1.7515946200e-01  2.3481267930e-02 
1681.000  1.6908780900e-01  2.2673330310e-02 
1682.000  1.7397151400e-01  2.3326135640e-02 
1683.000  1.7826203600e-01  2.3892820360e-02 
1684.000  1.8155646200e-01  2.4327100750e-02 
1685.000  1.8207580000e-01  2.4368566510e-02 
1686.000  1.7987944400e-01  2.4069471360e-02 
1687.000  1.8057418700e-01  2.4115777970e-02 
1688.000  1.8066705900e-01  2.4089008330e-02 
1689.000  1.7848777200e-01  2.3791791920e-02 
1690.000  1.7834223900e-01  2.3727649690e-02 
1691.000  1.8064952600e-01  2.4028842930e-02 
1692.000  1.8097478800e-01  2.4072059630e-02 
1693.000  1.8033478100e-01  2.3993688580e-02 
1694.000  1.8006547900e-01  2.3957942960e-02 
1695.000  1.8011162800e-01  2.3941173550e-02 
1696.000  1.7905752300e-01  2.3787578580e-02 
1697.000  1.7793074200e-01  2.3608325960e-02 
1698.000  1.7898598700e-01  2.3726028440e-02 
1699.000  1.7783028200e-01  2.3558202740e-02 
1700.000  1.7557881300e-01  2.3246479030e-02 
