 lambda   Irr_dw            Rad_up 
 550.000  1.5527923000e+00  2.4363417050e-01 
 551.000  1.5424170000e+00  2.4197496030e-01 
 552.000  1.6081427000e+00  2.5230198670e-01 
 553.000  1.5444882000e+00  2.4227632140e-01 
 554.000  1.5942924000e+00  2.5009208680e-01 
 555.000  1.5981403000e+00  2.5064379880e-01 
 556.000  1.5534974000e+00  2.4359165950e-01 
 557.000  1.5068581000e+00  2.3628280640e-01 
 558.000  1.5635484000e+00  2.4511914060e-01 
 559.000  1.4773946000e+00  2.3158595280e-01 
 560.000  1.4834060000e+00  2.3252511600e-01 
 561.000  1.6298172000e+00  2.5541690060e-01 
 562.000  1.4955819000e+00  2.3433163450e-01 
 563.000  1.5642511000e+00  2.4502908330e-01 
 564.000  1.5417869000e+00  2.4141879270e-01 
 565.000  1.5596892000e+00  2.4417416380e-01 
 566.000  1.4376160000e+00  2.2501071170e-01 
 567.000  1.5415948000e+00  2.4106329350e-01 
 568.000  1.5368306000e+00  2.3958714290e-01 
 569.000  1.5046997000e+00  2.3301100160e-01 
 570.000  1.5123839000e+00  2.3442942810e-01 
 571.000  1.4592467000e+00  2.2727336120e-01 
 572.000  1.5412487000e+00  2.3897741700e-01 
 573.000  1.5574689000e+00  2.4179724120e-01 
 574.000  1.5486946000e+00  2.4049938960e-01 
 575.000  1.5105000000e+00  2.3446559140e-01 
 576.000  1.4828251000e+00  2.3012202450e-01 
 577.000  1.5443106000e+00  2.3991828920e-01 
 578.000  1.4993351000e+00  2.3334693910e-01 
 579.000  1.4878653000e+00  2.3177044680e-01 
 580.000  1.5390554000e+00  2.3992936710e-01 
 581.000  1.5112819000e+00  2.3587901310e-01 
 582.000  1.5338234000e+00  2.3946788020e-01 
 583.000  1.5443017000e+00  2.4113493350e-01 
 584.000  1.5391905000e+00  2.4028730770e-01 
 585.000  1.5288339000e+00  2.3860577390e-01 
 586.000  1.4629250000e+00  2.2830363460e-01 
 587.000  1.5197029000e+00  2.3653991700e-01 
 588.000  1.5030165000e+00  2.3175964360e-01 
 589.000  1.3315098000e+00  2.0252301030e-01 
 590.000  1.3900868000e+00  2.1124577330e-01 
 591.000  1.4773686000e+00  2.2650320430e-01 
 592.000  1.4486869000e+00  2.2097215270e-01 
 593.000  1.4643201000e+00  2.2564146420e-01 
 594.000  1.4774271000e+00  2.2711318970e-01 
 595.000  1.4487023000e+00  2.2104428100e-01 
 596.000  1.4849688000e+00  2.2894726560e-01 
 597.000  1.4892027000e+00  2.2904258730e-01 
 598.000  1.4588324000e+00  2.2536686710e-01 
 599.000  1.4592148000e+00  2.2584294130e-01 
 600.000  1.4596835000e+00  2.2684176640e-01 
 601.000  1.4515442000e+00  2.2623655700e-01 
 602.000  1.4356599000e+00  2.2396359250e-01 
 603.000  1.4443052000e+00  2.2554719540e-01 
 604.000  1.4900233000e+00  2.3288502500e-01 
 605.000  1.4861492000e+00  2.3230770870e-01 
 606.000  1.4688353000e+00  2.2964994810e-01 
 607.000  1.4604857000e+00  2.2833799740e-01 
 608.000  1.4550319000e+00  2.2746142580e-01 
 609.000  1.4400028000e+00  2.2511851500e-01 
 610.000  1.4168471000e+00  2.2147189330e-01 
 611.000  1.4397533000e+00  2.2505741880e-01 
 612.000  1.4209110000e+00  2.2211946110e-01 
 613.000  1.4000556000e+00  2.1883857730e-01 
 614.000  1.3489345000e+00  2.1086056520e-01 
 615.000  1.4139960000e+00  2.2099349980e-01 
 616.000  1.3443438000e+00  2.1012083440e-01 
 617.000  1.3518455000e+00  2.1128938290e-01 
 618.000  1.4155309000e+00  2.2119303890e-01 
 619.000  1.4024664000e+00  2.1916464230e-01 
 620.000  1.4230857000e+00  2.2232827760e-01 
 621.000  1.4474516000e+00  2.2611106870e-01 
 622.000  1.3710054000e+00  2.1412156680e-01 
 623.000  1.3815841000e+00  2.1568063350e-01 
 624.000  1.3829592000e+00  2.1589234920e-01 
 625.000  1.3453975000e+00  2.0999559020e-01 
 626.000  1.3520888000e+00  2.1085760500e-01 
 627.000  1.3743948000e+00  2.1355940250e-01 
 628.000  1.3551894000e+00  2.0911560060e-01 
 629.000  1.3895115000e+00  2.1493630980e-01 
 630.000  1.3434634000e+00  2.0847381590e-01 
 631.000  1.3928386000e+00  2.1636563110e-01 
 632.000  1.2972212000e+00  2.0090203860e-01 
 633.000  1.3926477000e+00  2.1645219420e-01 
 634.000  1.3508423000e+00  2.1019058230e-01 
 635.000  1.3754904000e+00  2.1400639340e-01 
 636.000  1.3270230000e+00  2.0659919740e-01 
 637.000  1.3707882000e+00  2.1349810790e-01 
 638.000  1.3921811000e+00  2.1718585210e-01 
 639.000  1.3806326000e+00  2.1533457950e-01 
 640.000  1.3373134000e+00  2.0881190490e-01 
 641.000  1.3565734000e+00  2.1179541020e-01 
 642.000  1.3402770000e+00  2.0936772160e-01 
 643.000  1.3635897000e+00  2.1272885130e-01 
 644.000  1.3479013000e+00  2.1023722840e-01 
 645.000  1.3595181000e+00  2.1167602540e-01 
 646.000  1.3073020000e+00  2.0195440670e-01 
 647.000  1.3247744000e+00  2.0355683900e-01 
 648.000  1.3221609000e+00  2.0203681950e-01 
 649.000  1.3485245000e+00  2.0699510190e-01 
 650.000  1.2499754000e+00  1.9370161440e-01 
 651.000  1.3464099000e+00  2.0862767030e-01 
 652.000  1.3200402000e+00  2.0281735230e-01 
 653.000  1.3470362000e+00  2.0895547490e-01 
 654.000  1.3293039000e+00  2.0592324830e-01 
 655.000  1.2940578000e+00  1.9973565670e-01 
 656.000  1.0986523300e+00  1.6976275630e-01 
 657.000  1.1726243400e+00  1.8153428650e-01 
 658.000  1.3062600000e+00  2.0291999820e-01 
 659.000  1.3094581000e+00  2.0378796390e-01 
 660.000  1.3197268000e+00  2.0555711360e-01 
 661.000  1.3256173000e+00  2.0701066590e-01 
 662.000  1.3447180000e+00  2.1022120670e-01 
 663.000  1.3297127000e+00  2.0779608150e-01 
 664.000  1.3085679000e+00  2.0456610110e-01 
 665.000  1.3142356000e+00  2.0550671390e-01 
 666.000  1.3300485000e+00  2.0809921260e-01 
 667.000  1.3036289000e+00  2.0399168400e-01 
 668.000  1.3110160000e+00  2.0526527400e-01 
 669.000  1.3296860000e+00  2.0824296570e-01 
 670.000  1.3140585000e+00  2.0576361080e-01 
 671.000  1.2998129200e+00  2.0356773380e-01 
 672.000  1.2956607900e+00  2.0291844180e-01 
 673.000  1.3048751700e+00  2.0435520940e-01 
 674.000  1.3073617900e+00  2.0475527950e-01 
 675.000  1.2873734700e+00  2.0161056520e-01 
 676.000  1.3116354300e+00  2.0541937260e-01 
 677.000  1.2855029500e+00  2.0133903500e-01 
 678.000  1.3067419900e+00  2.0465774540e-01 
 679.000  1.2882493900e+00  2.0172901920e-01 
 680.000  1.2782982700e+00  2.0010673520e-01 
 681.000  1.2796019200e+00  2.0022940060e-01 
 682.000  1.2769011300e+00  1.9975846860e-01 
 683.000  1.2852254500e+00  2.0098945620e-01 
 684.000  1.2619337100e+00  1.9722651670e-01 
 685.000  1.2761649600e+00  1.9952380370e-01 
 686.000  1.2198838400e+00  1.9043933110e-01 
 687.000  1.1271899700e+00  1.7078654480e-01 
 688.000  1.1573077100e+00  1.7706927490e-01 
 689.000  1.1517258100e+00  1.7567440800e-01 
 690.000  1.1724485100e+00  1.7975611880e-01 
 691.000  1.1963454400e+00  1.8431909180e-01 
 692.000  1.1994873200e+00  1.8485412600e-01 
 693.000  1.1983287400e+00  1.8247100830e-01 
 694.000  1.2002675900e+00  1.8077752690e-01 
 695.000  1.1874029100e+00  1.7981620790e-01 
 696.000  1.2059328000e+00  1.8324630740e-01 
 697.000  1.2292149800e+00  1.9016502380e-01 
 698.000  1.2018848900e+00  1.8515763850e-01 
 699.000  1.2049787100e+00  1.8262773130e-01 
 700.000  1.1938540600e+00  1.8138098140e-01 
 701.000  1.1628968900e+00  1.7600764470e-01 
 702.000  1.1600563200e+00  1.7601855470e-01 
 703.000  1.1918418400e+00  1.8326081850e-01 
 704.000  1.1958024900e+00  1.8396713260e-01 
 705.000  1.1983830400e+00  1.8331556700e-01 
 706.000  1.1868019400e+00  1.8172930910e-01 
 707.000  1.1710889300e+00  1.7967694090e-01 
 708.000  1.2074861300e+00  1.8564799500e-01 
 709.000  1.1694155000e+00  1.8057847600e-01 
 710.000  1.1907304400e+00  1.8295756530e-01 
 711.000  1.1841571400e+00  1.8280979920e-01 
 712.000  1.1721675300e+00  1.8171350100e-01 
 713.000  1.1633404700e+00  1.7970755000e-01 
 714.000  1.1817019400e+00  1.8228637700e-01 
 715.000  1.1342694700e+00  1.7395692440e-01 
 716.000  1.1574913800e+00  1.7646534730e-01 
 717.000  1.0845677100e+00  1.5970042420e-01 
 718.000  1.0518012400e+00  1.5157586670e-01 
 719.000  1.0299234300e+00  1.4721479800e-01 
 720.000  1.0229512500e+00  1.4456201170e-01 
 721.000  1.0845590700e+00  1.6113853450e-01 
 722.000  1.1223622300e+00  1.6969717410e-01 
 723.000  1.1069382700e+00  1.6566787720e-01 
 724.000  1.0766196300e+00  1.5660246280e-01 
 725.000  1.0701250900e+00  1.5628239440e-01 
 726.000  1.0662900700e+00  1.5552059940e-01 
 727.000  1.0871347600e+00  1.5917944340e-01 
 728.000  1.0626797600e+00  1.5494075010e-01 
 729.000  1.0336240600e+00  1.5233430480e-01 
 730.000  1.0692146700e+00  1.5730256650e-01 
 731.000  1.0485434600e+00  1.5395512390e-01 
 732.000  1.0913099200e+00  1.6315394590e-01 
 733.000  1.0961384600e+00  1.6682514950e-01 
 734.000  1.1293147200e+00  1.7335462950e-01 
 735.000  1.1163463900e+00  1.7082243350e-01 
 736.000  1.0887036400e+00  1.6565534970e-01 
 737.000  1.1079992500e+00  1.6928942870e-01 
 738.000  1.1118105100e+00  1.7087158200e-01 
 739.000  1.0786230100e+00  1.6620611570e-01 
 740.000  1.0951573300e+00  1.6972053530e-01 
 741.000  1.0900403400e+00  1.6953157040e-01 
 742.000  1.0735374500e+00  1.6721325680e-01 
 743.000  1.1083977700e+00  1.7320245360e-01 
 744.000  1.1202991900e+00  1.7532577510e-01 
 745.000  1.0922480100e+00  1.7114186100e-01 
 746.000  1.1082719400e+00  1.7379310610e-01 
 747.000  1.1249611200e+00  1.7642129520e-01 
 748.000  1.1055076900e+00  1.7347671510e-01 
 749.000  1.1059963400e+00  1.7361190800e-01 
 750.000  1.0893916600e+00  1.7093656920e-01 
 751.000  1.0865830500e+00  1.7050244140e-01 
 752.000  1.1037119100e+00  1.7329856870e-01 
 753.000  1.0934287400e+00  1.7171568300e-01 
 754.000  1.1106423900e+00  1.7444015500e-01 
 755.000  1.1042697200e+00  1.7344775390e-01 
 756.000  1.0826570800e+00  1.7006115720e-01 
 757.000  1.0906218800e+00  1.7131802370e-01 
 758.000  1.0883050800e+00  1.7089149480e-01 
 759.000  1.0054176800e+00  1.5536112980e-01 
 760.000  5.1262947000e-01  6.7189277650e-02 
 761.000  4.6301036000e-01  5.9276340480e-02 
 762.000  7.4006702000e-01  1.0649401090e-01 
 763.000  6.7120801000e-01  9.3536590580e-02 
 764.000  7.1759585000e-01  1.0159988400e-01 
 765.000  8.1989839000e-01  1.2027175900e-01 
 766.000  8.8709555000e-01  1.3450234990e-01 
 767.000  9.5094790000e-01  1.4631903080e-01 
 768.000  1.0220632400e+00  1.5878077700e-01 
 769.000  1.0397796500e+00  1.6256317140e-01 
 770.000  1.0448826400e+00  1.6384458920e-01 
 771.000  1.0505080100e+00  1.6500988770e-01 
 772.000  1.0475784000e+00  1.6462614440e-01 
 773.000  1.0436454800e+00  1.6404971310e-01 
 774.000  1.0551390100e+00  1.6589419560e-01 
 775.000  1.0156447000e+00  1.5971826170e-01 
 776.000  1.0575658000e+00  1.6635452270e-01 
 777.000  1.0502180800e+00  1.6520521550e-01 
 778.000  1.0445471600e+00  1.6430238340e-01 
 779.000  1.0479099100e+00  1.6481829830e-01 
 780.000  1.0349040900e+00  1.6278474430e-01 
 781.000  1.0332982900e+00  1.6256536870e-01 
 782.000  1.0457132400e+00  1.6448129270e-01 
 783.000  1.0212412300e+00  1.6065562440e-01 
 784.000  1.0267944600e+00  1.6147586060e-01 
 785.000  1.0286124600e+00  1.6152061460e-01 
 786.000  1.0095447500e+00  1.5821125790e-01 
 787.000  1.0213856200e+00  1.5931948850e-01 
 788.000  1.0044438400e+00  1.5631768800e-01 
 789.000  1.0044511000e+00  1.5504939270e-01 
 790.000  9.9377281000e-01  1.5327383420e-01 
 791.000  9.8973729000e-01  1.5289553830e-01 
 792.000  9.7503430000e-01  1.5082658390e-01 
 793.000  9.7635960000e-01  1.5153541560e-01 
 794.000  9.7122836000e-01  1.5182597350e-01 
 795.000  9.6293474000e-01  1.4984393310e-01 
 796.000  9.7118674000e-01  1.4947714230e-01 
 797.000  9.7960512000e-01  1.5126852420e-01 
 798.000  9.8526406000e-01  1.5323362730e-01 
 799.000  9.8326711000e-01  1.5266328430e-01 
 800.000  9.5390979000e-01  1.4734297180e-01 
 801.000  9.7214251000e-01  1.5025439450e-01 
 802.000  9.6979010000e-01  1.4980250550e-01 
 803.000  9.5648319000e-01  1.4786892700e-01 
 804.000  9.6685750000e-01  1.4986141970e-01 
 805.000  9.4366516000e-01  1.4697033690e-01 
 806.000  9.7120101000e-01  1.5167686460e-01 
 807.000  9.6527181000e-01  1.5078857420e-01 
 808.000  9.5840679000e-01  1.4946148680e-01 
 809.000  9.4070579000e-01  1.4640600590e-01 
 810.000  9.3485884000e-01  1.4517192080e-01 
 811.000  9.4643577000e-01  1.4635528560e-01 
 812.000  9.3858819000e-01  1.4427095030e-01 
 813.000  9.2870351000e-01  1.4172047420e-01 
 814.000  9.1956160000e-01  1.3905955510e-01 
 815.000  8.9974402000e-01  1.3453680420e-01 
 816.000  8.7866109000e-01  1.2954324340e-01 
 817.000  8.8470792000e-01  1.3051971440e-01 
 818.000  8.8039420000e-01  1.3000302120e-01 
 819.000  8.6085244000e-01  1.2774114230e-01 
 820.000  8.5840473000e-01  1.2938296510e-01 
 821.000  9.0367731000e-01  1.3865863040e-01 
 822.000  8.6572947000e-01  1.3098699950e-01 
 823.000  8.4159345000e-01  1.2268738560e-01 
 824.000  8.8497155000e-01  1.3310591130e-01 
 825.000  9.0280640000e-01  1.3867912290e-01 
 826.000  9.0512754000e-01  1.3852355960e-01 
 827.000  8.9972849000e-01  1.3731210330e-01 
 828.000  8.8531271000e-01  1.3326455690e-01 
 829.000  8.8936888000e-01  1.3450796510e-01 
 830.000  8.8016613000e-01  1.3384692380e-01 
 831.000  8.6579796000e-01  1.3183673100e-01 
 832.000  8.8394177000e-01  1.3468368530e-01 
 833.000  8.5911741000e-01  1.3136174010e-01 
 834.000  8.7491815000e-01  1.3429991150e-01 
 835.000  8.8231336000e-01  1.3643559270e-01 
 836.000  8.9073018000e-01  1.3745584110e-01 
 837.000  8.8311738000e-01  1.3624084470e-01 
 838.000  8.8893666000e-01  1.3766117860e-01 
 839.000  8.6267102000e-01  1.3389328000e-01 
 840.000  8.8627966000e-01  1.3765512080e-01 
 841.000  8.8704916000e-01  1.3743032840e-01 
 842.000  8.8280539000e-01  1.3706542970e-01 
 843.000  8.7977865000e-01  1.3735676570e-01 
 844.000  8.6648537000e-01  1.3561677550e-01 
 845.000  8.8020858000e-01  1.3792269900e-01 
 846.000  8.8862186000e-01  1.3942930600e-01 
 847.000  8.5859376000e-01  1.3491819760e-01 
 848.000  8.8282537000e-01  1.3840542600e-01 
 849.000  8.8454705000e-01  1.3874174500e-01 
 850.000  7.6434007000e-01  1.1972892000e-01 
 851.000  8.7508502000e-01  1.3688624570e-01 
 852.000  8.4192864000e-01  1.3174063110e-01 
 853.000  8.5246654000e-01  1.3364967350e-01 
 854.000  6.8529124000e-01  1.0744355770e-01 
 855.000  7.5469118000e-01  1.1847114560e-01 
 856.000  8.5700174000e-01  1.3480403140e-01 
 857.000  8.7091637000e-01  1.3715884400e-01 
 858.000  8.5706377000e-01  1.3503686520e-01 
 859.000  8.5714916000e-01  1.3519815060e-01 
 860.000  8.4957939000e-01  1.3409297180e-01 
 861.000  8.4946372000e-01  1.3408744810e-01 
 862.000  8.4668357000e-01  1.3367216490e-01 
 863.000  8.6285610000e-01  1.3627418520e-01 
 864.000  8.6112868000e-01  1.3598811340e-01 
 865.000  8.4508187000e-01  1.3352615360e-01 
 866.000  7.0884308000e-01  1.1202690120e-01 
 867.000  7.5482319000e-01  1.1923342900e-01 
 868.000  8.1862515000e-01  1.2935316470e-01 
 869.000  8.0712898000e-01  1.2754956820e-01 
 870.000  8.4040303000e-01  1.3285150150e-01 
 871.000  8.3920629000e-01  1.3265109250e-01 
 872.000  8.3582273000e-01  1.3206211850e-01 
 873.000  8.3915213000e-01  1.3262005620e-01 
 874.000  8.2073867000e-01  1.2968119810e-01 
 875.000  8.1317675000e-01  1.2853759770e-01 
 876.000  8.1990453000e-01  1.2955445860e-01 
 877.000  8.3622686000e-01  1.3208367920e-01 
 878.000  8.2178765000e-01  1.2975453190e-01 
 879.000  8.2368272000e-01  1.3007194520e-01 
 880.000  8.1884413000e-01  1.2918670650e-01 
 881.000  7.7624752000e-01  1.2245038600e-01 
 882.000  8.1907115000e-01  1.2911192320e-01 
 883.000  8.0039047000e-01  1.2626668550e-01 
 884.000  8.0718391000e-01  1.2742578120e-01 
 885.000  8.1538134000e-01  1.2843930050e-01 
 886.000  7.8854281000e-01  1.2404872890e-01 
 887.000  7.8052096000e-01  1.2292217250e-01 
 888.000  8.0387023000e-01  1.2653587340e-01 
 889.000  8.0931514000e-01  1.2753070830e-01 
 890.000  8.0664938000e-01  1.2697549440e-01 
 891.000  8.0182552000e-01  1.2592278290e-01 
 892.000  7.9747325000e-01  1.2470245360e-01 
 893.000  7.6134228000e-01  1.1746956630e-01 
 894.000  7.8349240000e-01  1.2013223270e-01 
 895.000  7.3347872000e-01  1.1041775510e-01 
 896.000  7.4752034000e-01  1.1060663600e-01 
 897.000  7.1485004000e-01  1.0396979520e-01 
 898.000  7.0877569000e-01  1.0221423340e-01 
 899.000  6.8731195000e-01  9.6890846250e-02 
 900.000  6.7310947000e-01  9.5149841310e-02 
 901.000  6.5349067000e-01  9.1853111270e-02 
 902.000  6.4230330000e-01  9.0408218380e-02 
 903.000  7.0786025000e-01  1.0346510310e-01 
 904.000  7.4213948000e-01  1.1099565120e-01 
 905.000  7.3934098000e-01  1.1059040830e-01 
 906.000  7.0695282000e-01  1.0423255160e-01 
 907.000  6.9579948000e-01  9.9995765690e-02 
 908.000  6.6388940000e-01  9.3803993230e-02 
 909.000  6.5139787000e-01  9.2085578920e-02 
 910.000  6.6132863000e-01  9.3719657900e-02 
 911.000  6.6940898000e-01  9.5963462830e-02 
 912.000  6.6603971000e-01  9.4896766660e-02 
 913.000  6.6025136000e-01  9.1913795470e-02 
 914.000  6.6645267000e-01  9.3842216490e-02 
 915.000  6.6365511000e-01  9.4371223450e-02 
 916.000  6.7309603000e-01  9.5926750180e-02 
 917.000  6.6685991000e-01  9.5509269710e-02 
 918.000  6.6902112000e-01  9.6440109250e-02 
 919.000  6.9694638000e-01  1.0279055790e-01 
 920.000  7.0449624000e-01  1.0556430820e-01 
 921.000  6.8596749000e-01  1.0239807130e-01 
 922.000  6.7953614000e-01  1.0142272190e-01 
 923.000  6.4734917000e-01  9.6043197630e-02 
 924.000  6.6545101000e-01  9.7710975650e-02 
 925.000  6.7353662000e-01  9.8736808780e-02 
 926.000  6.4936438000e-01  9.5028488160e-02 
 927.000  6.6265706000e-01  9.5714096070e-02 
 928.000  6.4975564000e-01  9.1835975650e-02 
 929.000  6.1626977000e-01  8.4405921940e-02 
 930.000  5.8317577000e-01  7.6404739380e-02 
 931.000  5.4684632000e-01  6.7452690120e-02 
 932.000  4.9386895000e-01  5.5819992070e-02 
 933.000  4.5802514000e-01  4.8611534120e-02 
 934.000  4.1476593000e-01  4.1181175230e-02 
 935.000  4.0455201000e-01  3.9818649290e-02 
 936.000  4.1723159000e-01  4.2130184170e-02 
 937.000  4.2235827000e-01  4.2409011840e-02 
 938.000  4.6056261000e-01  4.9796207430e-02 
 939.000  5.7069294000e-01  7.3607681270e-02 
 940.000  5.8266290000e-01  7.6734825130e-02 
 941.000  5.5664412000e-01  7.2066719060e-02 
 942.000  5.0490395000e-01  6.2098052980e-02 
 943.000  4.7688558000e-01  5.3366092680e-02 
 944.000  4.6003875000e-01  5.1110382080e-02 
 945.000  4.8432152000e-01  5.5593013760e-02 
 946.000  4.9188583000e-01  5.6589279170e-02 
 947.000  5.0621594000e-01  6.0080429080e-02 
 948.000  5.1937997000e-01  6.2770202640e-02 
 949.000  5.1956053000e-01  6.2670684810e-02 
 950.000  5.1866198000e-01  6.2853515620e-02 
 951.000  5.3781983000e-01  6.7770835880e-02 
 952.000  5.1373223000e-01  6.2143413540e-02 
 953.000  5.2890257000e-01  6.5928283690e-02 
 954.000  5.4116265000e-01  6.9526649480e-02 
 955.000  4.9205588000e-01  6.1773181920e-02 
 956.000  5.2147824000e-01  6.5172630310e-02 
 957.000  5.6474351000e-01  7.5634422300e-02 
 958.000  5.7453004000e-01  7.7573181150e-02 
 959.000  5.6941241000e-01  7.6209915160e-02 
 960.000  5.6185329000e-01  7.5020538330e-02 
 961.000  5.5218482000e-01  7.3392807010e-02 
 962.000  5.5811186000e-01  7.4557563780e-02 
 963.000  5.8014515000e-01  7.9933685300e-02 
 964.000  5.7671165000e-01  7.9821891780e-02 
 965.000  5.8148619000e-01  8.0300605770e-02 
 966.000  5.6582981000e-01  7.8298370360e-02 
 967.000  5.9890770000e-01  8.4607482910e-02 
 968.000  6.1878991000e-01  9.0436386110e-02 
 969.000  6.3442573000e-01  9.4167953490e-02 
 970.000  6.3675529000e-01  9.4609260560e-02 
 971.000  6.3080469000e-01  9.3705062870e-02 
 972.000  6.3196000000e-01  9.3476074220e-02 
 973.000  6.1825380000e-01  9.0550346370e-02 
 974.000  5.9940812000e-01  8.6748809810e-02 
 975.000  5.9632704000e-01  8.5648155210e-02 
 976.000  6.1105714000e-01  8.8608177190e-02 
 977.000  6.0754230000e-01  8.9498001100e-02 
 978.000  6.2151439000e-01  9.1465141300e-02 
 979.000  6.0647521000e-01  8.9641357420e-02 
 980.000  6.2729327000e-01  9.4244354250e-02 
 981.000  6.3429167000e-01  9.5661262510e-02 
 982.000  6.3015118000e-01  9.4716941830e-02 
 983.000  6.3468980000e-01  9.6223396300e-02 
 984.000  6.3684919000e-01  9.7418960570e-02 
 985.000  6.4017458000e-01  9.8439445500e-02 
 986.000  6.3961864000e-01  9.9023132320e-02 
 987.000  6.4897073000e-01  1.0077872470e-01 
 988.000  6.4135289000e-01  9.9673469540e-02 
 989.000  6.3347623000e-01  9.8501983640e-02 
 990.000  6.3934161000e-01  9.9494308470e-02 
 991.000  6.4627825000e-01  1.0084537510e-01 
 992.000  6.4076491000e-01  1.0007198330e-01 
 993.000  6.4089443000e-01  1.0013397980e-01 
 994.000  6.4562137000e-01  1.0111530300e-01 
 995.000  6.4190095000e-01  1.0070973970e-01 
 996.000  6.4175768000e-01  1.0070054630e-01 
 997.000  6.4176952000e-01  1.0061339570e-01 
 998.000  6.3864643000e-01  1.0002424620e-01 
 999.000  6.3676964000e-01  9.9701637270e-02 
1000.000  6.3190677000e-01  9.8988197330e-02 
1001.000  6.3390996000e-01  9.9076080320e-02 
1002.000  6.3055812000e-01  9.8186973570e-02 
1003.000  6.2373424000e-01  9.7228408810e-02 
1004.000  6.1984378000e-01  9.6851333620e-02 
1005.000  5.7966610000e-01  9.0677497860e-02 
1006.000  6.1011393000e-01  9.5490875240e-02 
1007.000  6.2078687000e-01  9.7104171750e-02 
1008.000  6.2153402000e-01  9.6931167600e-02 
1009.000  6.1523464000e-01  9.5566619870e-02 
1010.000  6.1863043000e-01  9.6287590030e-02 
1011.000  6.1792553000e-01  9.6620468140e-02 
1012.000  6.1910327000e-01  9.6985633850e-02 
1013.000  6.1538454000e-01  9.6548919680e-02 
1014.000  6.1963175000e-01  9.7298500060e-02 
1015.000  6.0823585000e-01  9.5547920230e-02 
1016.000  6.1245867000e-01  9.6299011230e-02 
1017.000  6.0653222000e-01  9.5425254820e-02 
1018.000  6.1408355000e-01  9.6572128300e-02 
1019.000  5.9926829000e-01  9.4121665950e-02 
1020.000  5.9826923000e-01  9.4020446780e-02 
1021.000  6.0476666000e-01  9.5143066410e-02 
1022.000  5.9476145000e-01  9.3385711670e-02 
1023.000  6.0539613000e-01  9.4900566100e-02 
1024.000  6.0184491000e-01  9.4251464840e-02 
1025.000  6.0300123000e-01  9.4698715210e-02 
1026.000  6.0428461000e-01  9.5036437990e-02 
1027.000  6.0038294000e-01  9.4406517030e-02 
1028.000  6.0199435000e-01  9.4738929750e-02 
1029.000  5.9333153000e-01  9.3528060910e-02 
1030.000  5.9981380000e-01  9.4699676510e-02 
1031.000  5.9816932000e-01  9.4537063600e-02 
1032.000  5.9625363000e-01  9.4311759950e-02 
1033.000  5.8530904000e-01  9.2604736330e-02 
1034.000  5.9102478000e-01  9.3548179630e-02 
1035.000  5.8330345000e-01  9.2338691710e-02 
1036.000  5.9294154000e-01  9.3891479490e-02 
1037.000  5.8045229000e-01  9.1933998110e-02 
1038.000  5.8618929000e-01  9.2860488890e-02 
1039.000  5.8857507000e-01  9.3234909060e-02 
1040.000  5.8160160000e-01  9.2131988530e-02 
1041.000  5.8462748000e-01  9.2609848020e-02 
1042.000  5.8635402000e-01  9.2888694760e-02 
1043.000  5.7622755000e-01  9.1293251040e-02 
1044.000  5.8195211000e-01  9.2201927190e-02 
1045.000  5.7940020000e-01  9.1805656430e-02 
1046.000  5.6253900000e-01  8.9153190610e-02 
1047.000  5.7285315000e-01  9.0805427550e-02 
1048.000  5.7852563000e-01  9.1728858950e-02 
1049.000  5.7480446000e-01  9.1171424870e-02 
1050.000  5.7238293000e-01  9.0789466860e-02 
1051.000  5.7135133000e-01  9.0595619200e-02 
1052.000  5.6864872000e-01  9.0148834230e-02 
1053.000  5.6723940000e-01  8.9914741520e-02 
1054.000  5.6299648000e-01  8.9196708680e-02 
1055.000  5.6709136000e-01  8.9816413880e-02 
1056.000  5.6555536000e-01  8.9546066280e-02 
1057.000  5.6448310000e-01  8.9300277710e-02 
1058.000  5.5840611000e-01  8.8192741390e-02 
1059.000  5.4085416000e-01  8.5454956050e-02 
1060.000  5.6042295000e-01  8.8657333370e-02 
1061.000  5.4075970000e-01  8.5544670100e-02 
1062.000  5.5565629000e-01  8.7819099430e-02 
1063.000  5.4624193000e-01  8.6314605710e-02 
1064.000  5.5297588000e-01  8.7297103880e-02 
1065.000  5.5213413000e-01  8.7044052120e-02 
1066.000  5.3522101000e-01  8.4378181460e-02 
1067.000  5.4785049000e-01  8.6313331600e-02 
1068.000  5.4510107000e-01  8.5657638550e-02 
1069.000  5.0376482000e-01  7.9034324650e-02 
1070.000  5.3372273000e-01  8.3755943300e-02 
1071.000  5.3418904000e-01  8.3697128300e-02 
1072.000  5.3557194000e-01  8.3786178590e-02 
1073.000  5.1787112000e-01  8.0996009830e-02 
1074.000  5.3608141000e-01  8.3866157530e-02 
1075.000  5.2002817000e-01  8.1541900630e-02 
1076.000  5.3105538000e-01  8.3148971560e-02 
1077.000  5.2936304000e-01  8.2724205020e-02 
1078.000  5.3012543000e-01  8.2658790590e-02 
1079.000  5.0962534000e-01  7.9436462400e-02 
1080.000  5.2306189000e-01  8.1052078250e-02 
1081.000  5.0372915000e-01  7.8023849490e-02 
1082.000  5.1087907000e-01  7.9316413880e-02 
1083.000  4.9622161000e-01  7.6781013490e-02 
1084.000  5.1414420000e-01  7.9266258240e-02 
1085.000  5.0490418000e-01  7.7208335880e-02 
1086.000  5.1210171000e-01  7.8435295100e-02 
1087.000  4.8334341000e-01  7.4667839050e-02 
1088.000  5.1272488000e-01  7.9248573300e-02 
1089.000  4.8987592000e-01  7.4926200870e-02 
1090.000  4.9987351000e-01  7.6314392090e-02 
1091.000  5.0378829000e-01  7.7074295040e-02 
1092.000  4.9041283000e-01  7.4641311650e-02 
1093.000  4.8051431000e-01  7.2298629760e-02 
1094.000  4.3567681700e-01  6.5211227420e-02 
1095.000  4.7186612000e-01  7.0663764950e-02 
1096.000  4.7319135000e-01  7.0915969850e-02 
1097.000  4.6312138000e-01  6.9190597530e-02 
1098.000  4.4577470300e-01  6.4761093140e-02 
1099.000  4.3544661300e-01  6.1762214660e-02 
1100.000  4.4374117200e-01  6.3031784060e-02 
1101.000  4.4440078800e-01  6.3320304870e-02 
1102.000  4.2522652300e-01  6.0472667690e-02 
1103.000  4.4318462600e-01  6.3144828800e-02 
1104.000  4.3798067600e-01  6.2138385770e-02 
1105.000  4.3222090000e-01  6.0687541960e-02 
1106.000  4.2339169100e-01  5.8840003970e-02 
1107.000  4.2422693100e-01  5.9072139740e-02 
1108.000  4.2389391200e-01  5.9086235050e-02 
1109.000  4.3039501300e-01  6.0445816040e-02 
1110.000  4.3215214300e-01  6.0536235810e-02 
1111.000  4.2417395200e-01  5.9078022000e-02 
1112.000  4.0779582300e-01  5.5492492680e-02 
1113.000  3.8906566500e-01  5.1021045680e-02 
1114.000  3.8885410500e-01  5.0305770870e-02 
1115.000  3.6322386400e-01  4.4408126830e-02 
1116.000  3.4504433500e-01  4.0657741550e-02 
1117.000  3.1603173800e-01  3.4328865050e-02 
1118.000  2.8206733000e-01  2.8302764890e-02 
1119.000  2.5821359100e-01  2.4665365220e-02 
1120.000  2.3804097100e-01  2.1331785200e-02 
1121.000  2.3495569400e-01  2.0712453840e-02 
1122.000  2.1118249900e-01  1.7254133220e-02 
1123.000  2.2503700000e-01  1.9107784270e-02 
1124.000  2.3399305400e-01  2.0344909670e-02 
1125.000  2.2483429400e-01  1.9282703400e-02 
1126.000  2.1878531800e-01  1.8667873380e-02 
1127.000  2.2795488100e-01  1.9593578340e-02 
1128.000  2.2717217600e-01  1.9798286440e-02 
1129.000  2.4999312500e-01  2.3223365780e-02 
1130.000  2.9881151300e-01  3.1338085170e-02 
1131.000  3.1575611100e-01  3.4226203920e-02 
1132.000  2.9778154300e-01  3.0788320540e-02 
1133.000  2.5555032300e-01  2.4245290760e-02 
1134.000  1.8688620600e-01  1.4310861590e-02 
1135.000  1.9453777500e-01  1.5224260330e-02 
1136.000  2.6171011200e-01  2.5213254930e-02 
1137.000  2.9998288900e-01  3.1474695210e-02 
1138.000  3.2050021400e-01  3.6507614140e-02 
1139.000  3.3654288800e-01  3.9425773620e-02 
1140.000  3.3152016200e-01  3.8225482940e-02 
1141.000  3.0995524000e-01  3.4679737090e-02 
1142.000  3.1409245700e-01  3.4729095460e-02 
1143.000  2.9517794400e-01  3.1520301820e-02 
1144.000  2.7789394100e-01  2.8552757260e-02 
1145.000  2.5702210600e-01  2.4899320600e-02 
1146.000  2.6503448800e-01  2.6028131480e-02 
1147.000  2.8414245200e-01  2.9169958110e-02 
1148.000  2.9676159000e-01  3.1638740540e-02 
1149.000  3.0368999400e-01  3.2877540590e-02 
1150.000  3.0243956900e-01  3.2830657960e-02 
1151.000  3.1030350900e-01  3.4527149200e-02 
1152.000  3.1394432900e-01  3.5346851350e-02 
1153.000  3.1963453700e-01  3.6604522710e-02 
1154.000  3.1988112500e-01  3.6502746580e-02 
1155.000  3.3271723600e-01  3.9239662170e-02 
1156.000  3.4117764600e-01  4.1675949100e-02 
1157.000  3.7060679200e-01  4.8243743900e-02 
1158.000  3.8098324400e-01  5.0737102510e-02 
1159.000  3.8420581400e-01  5.2121040340e-02 
1160.000  3.8279566600e-01  5.2321762080e-02 
1161.000  3.8332502300e-01  5.3315536500e-02 
1162.000  4.0365077200e-01  5.6903228760e-02 
1163.000  4.1322110000e-01  5.9173622130e-02 
1164.000  4.0665715200e-01  5.8428756710e-02 
1165.000  4.1500908400e-01  5.9748497010e-02 
1166.000  4.0580273700e-01  5.8639530180e-02 
1167.000  4.1334922900e-01  5.9864452360e-02 
1168.000  4.1656100200e-01  6.0282623290e-02 
1169.000  4.0322408900e-01  5.8487094880e-02 
1170.000  4.1507855600e-01  6.0328662870e-02 
1171.000  4.1975437600e-01  6.1328491210e-02 
1172.000  4.1680182500e-01  6.0713417050e-02 
1173.000  4.1229676100e-01  5.9883609770e-02 
1174.000  4.1259824800e-01  5.9939121250e-02 
1175.000  4.1204980900e-01  6.0345100400e-02 
1176.000  4.0593470700e-01  5.9895729060e-02 
1177.000  4.1661029600e-01  6.1252330780e-02 
1178.000  4.0582569700e-01  5.9236347200e-02 
1179.000  4.0401512400e-01  5.8973495480e-02 
1180.000  4.0832589400e-01  5.9447830200e-02 
1181.000  4.0270697100e-01  5.8238101960e-02 
1182.000  3.9969893200e-01  5.7422122960e-02 
1183.000  3.7689865500e-01  5.4190212250e-02 
1184.000  3.9587568300e-01  5.7134368900e-02 
1185.000  4.0603029900e-01  5.9149826050e-02 
1186.000  4.0216374300e-01  5.8424922940e-02 
1187.000  3.9729841400e-01  5.7176040650e-02 
1188.000  3.9410744400e-01  5.6595436100e-02 
1189.000  3.7397690900e-01  5.4019451140e-02 
1190.000  4.0010859800e-01  5.8663196560e-02 
1191.000  4.0867240800e-01  6.0186462400e-02 
1192.000  4.0974800200e-01  6.0735958100e-02 
1193.000  4.0919130900e-01  6.0561916350e-02 
1194.000  4.0790611600e-01  6.0319145200e-02 
1195.000  4.0009811900e-01  5.8794277190e-02 
1196.000  4.0028808400e-01  5.8879802700e-02 
1197.000  3.9861037900e-01  5.8457031250e-02 
1198.000  3.8487813400e-01  5.6408805850e-02 
1199.000  3.6873469600e-01  5.3838752750e-02 
1200.000  3.9308913400e-01  5.7525516510e-02 
1201.000  3.9634503000e-01  5.8068981170e-02 
1202.000  3.9725840000e-01  5.8302089690e-02 
1203.000  3.7681710300e-01  5.5239273070e-02 
1204.000  3.8367439900e-01  5.6361747740e-02 
1205.000  3.9787357700e-01  5.9073604580e-02 
1206.000  3.9792366000e-01  5.9365825650e-02 
1207.000  4.0160656000e-01  6.0031402590e-02 
1208.000  3.9503259800e-01  5.8950458530e-02 
1209.000  3.6921769200e-01  5.4952064510e-02 
1210.000  3.9305653800e-01  5.8235210420e-02 
1211.000  3.7963887000e-01  5.6213272090e-02 
1212.000  3.9208113600e-01  5.8123764040e-02 
1213.000  3.9568119600e-01  5.8911571500e-02 
1214.000  3.9361502400e-01  5.8572090150e-02 
1215.000  3.9569685900e-01  5.8983364110e-02 
1216.000  3.9746956200e-01  5.9656017300e-02 
1217.000  3.9908678400e-01  6.0258930210e-02 
1218.000  3.9866624300e-01  6.0376415250e-02 
1219.000  3.9543471700e-01  6.0000282290e-02 
1220.000  3.9817169700e-01  6.0422252660e-02 
1221.000  3.9769733900e-01  6.0385318760e-02 
1222.000  3.9567811100e-01  6.0092067720e-02 
1223.000  3.9401144900e-01  5.9887500760e-02 
1224.000  3.9854615800e-01  6.0795623780e-02 
1225.000  3.9666801400e-01  6.0566799160e-02 
1226.000  3.9847273600e-01  6.0921962740e-02 
1227.000  3.8563579000e-01  5.9077980040e-02 
1228.000  3.9850766300e-01  6.1203285220e-02 
1229.000  3.9865985800e-01  6.1347972870e-02 
1230.000  3.9796345600e-01  6.1377807620e-02 
1231.000  3.9833340400e-01  6.1516590120e-02 
1232.000  3.9397746700e-01  6.0882514950e-02 
1233.000  3.9716247900e-01  6.1403957370e-02 
1234.000  3.9683507800e-01  6.1523128510e-02 
1235.000  3.9438652900e-01  6.1209724430e-02 
1236.000  3.9688689900e-01  6.1647834780e-02 
1237.000  3.9713940000e-01  6.1749942780e-02 
1238.000  3.9698344500e-01  6.1757732390e-02 
1239.000  3.9250480000e-01  6.1084007260e-02 
1240.000  3.9072735300e-01  6.0832927700e-02 
1241.000  3.9413741600e-01  6.1376686100e-02 
1242.000  3.9173974400e-01  6.1010787960e-02 
1243.000  3.8728086100e-01  6.0326412200e-02 
1244.000  3.8363684200e-01  5.9751697540e-02 
1245.000  3.9011540200e-01  6.0762702940e-02 
1246.000  3.8695354700e-01  6.0249404910e-02 
1247.000  3.8486727800e-01  5.9899532320e-02 
1248.000  3.8767751000e-01  6.0316085820e-02 
1249.000  3.8617065200e-01  6.0074707030e-02 
1250.000  3.8448959100e-01  5.9792629240e-02 
1251.000  3.8165701800e-01  5.9335830690e-02 
1252.000  3.8021598500e-01  5.9074859620e-02 
1253.000  3.7675827900e-01  5.8496231080e-02 
1254.000  3.7711174600e-01  5.8458736420e-02 
1255.000  3.7602349800e-01  5.8235363010e-02 
1256.000  3.7482427900e-01  5.8010021210e-02 
1257.000  3.6997316200e-01  5.7192417140e-02 
1258.000  3.7004697800e-01  5.7056186680e-02 
1259.000  3.6480636900e-01  5.6133731840e-02 
1260.000  3.6393444300e-01  5.5865531920e-02 
1261.000  3.6171325800e-01  5.5380451200e-02 
1262.000  3.5066998200e-01  5.3439498900e-02 
1263.000  3.5364651600e-01  5.3822284700e-02 
1264.000  3.4730215800e-01  5.2820049290e-02 
1265.000  3.4762389900e-01  5.2854530330e-02 
1266.000  3.4848080700e-01  5.2888294220e-02 
1267.000  3.4040138800e-01  5.1567081450e-02 
1268.000  3.3531096200e-01  5.0709888460e-02 
1269.000  3.3766362400e-01  5.1027149200e-02 
1270.000  3.4585035600e-01  5.2485702510e-02 
1271.000  3.4977328200e-01  5.3162315370e-02 
1272.000  3.5035962800e-01  5.3343948360e-02 
1273.000  3.5152366000e-01  5.3639457700e-02 
1274.000  3.5122640000e-01  5.3745147710e-02 
1275.000  3.5416949500e-01  5.4241558070e-02 
1276.000  3.5525536700e-01  5.4410575870e-02 
1277.000  3.5529566300e-01  5.4383213040e-02 
1278.000  3.5460769000e-01  5.4228809360e-02 
1279.000  3.5258385800e-01  5.3917312620e-02 
1280.000  3.5148602000e-01  5.3854927060e-02 
1281.000  3.4240668500e-01  5.2558372500e-02 
1282.000  3.0482795300e-01  4.6874050140e-02 
1283.000  3.3506111600e-01  5.1552326200e-02 
1284.000  3.4894935400e-01  5.3676086430e-02 
1285.000  3.5179412200e-01  5.4123439790e-02 
1286.000  3.5124690100e-01  5.3950630190e-02 
1287.000  3.5251467700e-01  5.3999984740e-02 
1288.000  3.4701794400e-01  5.2693061830e-02 
1289.000  3.4806901100e-01  5.2696750640e-02 
1290.000  3.3994630500e-01  5.1430240630e-02 
1291.000  3.4518376900e-01  5.2250030520e-02 
1292.000  3.4805746300e-01  5.2818672180e-02 
1293.000  3.4849671200e-01  5.2856884000e-02 
1294.000  3.4154941700e-01  5.1565784450e-02 
1295.000  3.4289277900e-01  5.1429206850e-02 
1296.000  3.4069728200e-01  5.0754207610e-02 
1297.000  3.3659642000e-01  4.9869674680e-02 
1298.000  3.3340404300e-01  4.9340652470e-02 
1299.000  3.3662885100e-01  4.9763408660e-02 
1300.000  3.3493813300e-01  4.9451213840e-02 
1301.000  3.3395730400e-01  4.9201663970e-02 
1302.000  3.2827038900e-01  4.8147140500e-02 
1303.000  3.2228979700e-01  4.6736179350e-02 
1304.000  3.2092071100e-01  4.6298637390e-02 
1305.000  3.2216839600e-01  4.6360607150e-02 
1306.000  3.2195201900e-01  4.6210132600e-02 
1307.000  3.1993632100e-01  4.5774627690e-02 
1308.000  3.1695955100e-01  4.5008724210e-02 
1309.000  3.1302449700e-01  4.4016967770e-02 
1310.000  3.1129838800e-01  4.3708248140e-02 
1311.000  3.1044609600e-01  4.3562782290e-02 
1312.000  3.0501395200e-01  4.2336483000e-02 
1313.000  2.8890289600e-01  3.9594532010e-02 
1314.000  2.9342206800e-01  3.9760410310e-02 
1315.000  2.8564564900e-01  3.8879688260e-02 
1316.000  2.9562643600e-01  4.0515232090e-02 
1317.000  2.9863092200e-01  4.0889102940e-02 
1318.000  2.8923464300e-01  3.9067817690e-02 
1319.000  2.8558626100e-01  3.7846633910e-02 
1320.000  2.7486479100e-01  3.5557357790e-02 
1321.000  2.7032763500e-01  3.4586299900e-02 
1322.000  2.7540194900e-01  3.5760871890e-02 
1323.000  2.8229423900e-01  3.7183158870e-02 
1324.000  2.8556064400e-01  3.7870227810e-02 
1325.000  2.8317463500e-01  3.7329120640e-02 
1326.000  2.7608871200e-01  3.5831447600e-02 
1327.000  2.6154824300e-01  3.2649379730e-02 
1328.000  2.4840568800e-01  2.9483194350e-02 
1329.000  2.1430153100e-01  2.3166046140e-02 
1330.000  2.0824838400e-01  2.1736419680e-02 
1331.000  2.0275859600e-01  2.0669906620e-02 
1332.000  2.0056402400e-01  2.0549621580e-02 
1333.000  2.1158139600e-01  2.2075035100e-02 
1334.000  2.2000682800e-01  2.3522438050e-02 
1335.000  2.2595497500e-01  2.4586961750e-02 
1336.000  2.2584991000e-01  2.4712825780e-02 
1337.000  2.2840596900e-01  2.5038330080e-02 
1338.000  2.3216277600e-01  2.5779483800e-02 
1339.000  2.3267681200e-01  2.5951189040e-02 
1340.000  2.3430020600e-01  2.6422107700e-02 
1341.000  2.3825567200e-01  2.6600984570e-02 
1342.000  2.3815746100e-01  2.6567499160e-02 
1343.000  2.2911243500e-01  2.4295097350e-02 
1344.000  2.1524635200e-01  2.1499013900e-02 
1345.000  1.7807612300e-01  1.5369557380e-02 
1346.000  1.5189280800e-01  1.1497099880e-02 
1347.000  1.3472180200e-01  9.3488073350e-03 
1348.000  1.1168518400e-01  6.5060744290e-03 
1349.000  1.0158014180e-01  5.5028386120e-03 
1350.000  7.9123993400e-02  3.3933038710e-03 
1351.000  6.8307528400e-02  2.6198787690e-03 
1352.000  5.2246457300e-02  1.5551152230e-03 
1353.000  3.7031619900e-02  8.5429590940e-04 
1354.000  2.9610121500e-02  5.7164120670e-04 
1355.000  2.2989729600e-02  3.6717352270e-04 
1356.000  1.7384981500e-02  2.2398185730e-04 
1357.000  1.1883100960e-02  1.1326073110e-04 
1358.000  8.7943147700e-03  6.9312706590e-05 
1359.000  4.6371935900e-03  2.3646740240e-05 
1360.000  3.0667211000e-03  1.2461130510e-05 
1361.000  2.2822911100e-03  7.4303699660e-06 
1362.000  2.1000794900e-03  6.5361568700e-06 
1363.000  3.0298733600e-03  1.1384118350e-05 
1364.000  3.5132282700e-03  1.4239800160e-05 
1365.000  3.6785402400e-03  1.5018736940e-05 
1366.000  4.2481013400e-03  1.8738189710e-05 
1367.000  3.5684731100e-03  1.4686395410e-05 
1368.000  3.1641462300e-03  1.2694299220e-05 
1369.000  3.2446906800e-03  1.3347867880e-05 
1370.000  5.3662080100e-03  3.0849033970e-05 
1371.000  9.5567555300e-03  7.6921939850e-05 
1372.000  1.7696211700e-02  2.1143025160e-04 
1373.000  2.5103560200e-02  3.7184867260e-04 
1374.000  3.0483601800e-02  5.1315814260e-04 
1375.000  3.2500881100e-02  5.7525676490e-04 
1376.000  3.0145904100e-02  5.1002871990e-04 
1377.000  2.6837336700e-02  4.1684392090e-04 
1378.000  2.0455618900e-02  2.6621639730e-04 
1379.000  1.4046728970e-02  1.4408718050e-04 
1380.000  7.9669037000e-03  5.7779435070e-05 
1381.000  4.6085502900e-03  2.4175029250e-05 
1382.000  3.2226958600e-03  1.3668444940e-05 
1383.000  3.1180847100e-03  1.2763415460e-05 
1384.000  5.0718395900e-03  2.7408516030e-05 
1385.000  7.2001226900e-03  4.7859191890e-05 
1386.000  1.0997442720e-02  9.3941323460e-05 
1387.000  2.0206299500e-02  2.5658652190e-04 
1388.000  2.6781636500e-02  4.0134352450e-04 
1389.000  3.0764017000e-02  5.0998783110e-04 
1390.000  3.1403350100e-02  5.3221523760e-04 
1391.000  2.9315395100e-02  4.7284939890e-04 
1392.000  2.2163685600e-02  2.9942584040e-04 
1393.000  1.6942387900e-02  1.9541725520e-04 
1394.000  1.2979802270e-02  1.2767846880e-04 
1395.000  1.4631336200e-02  1.5429225560e-04 
1396.000  2.0077427700e-02  2.5372803210e-04 
1397.000  2.5909800600e-02  3.8413548470e-04 
1398.000  2.6682600900e-02  4.0066260100e-04 
1399.000  2.4913646400e-02  3.6283439400e-04 
1400.000  2.3296374700e-02  3.2927230000e-04 
1401.000  2.4765239700e-02  3.6750984190e-04 
1402.000  3.0702192900e-02  5.0949436430e-04 
1403.000  3.5348594400e-02  6.5601593260e-04 
1404.000  3.3248504100e-02  5.8853232860e-04 
1405.000  3.4827067100e-02  6.4683014150e-04 
1406.000  3.2294473900e-02  5.6471335890e-04 
1407.000  3.3492574100e-02  6.1300402880e-04 
1408.000  4.0143213700e-02  8.1585437060e-04 
1409.000  4.7057002200e-02  1.0712350610e-03 
1410.000  5.7715022100e-02  1.4891985650e-03 
1411.000  6.8649841400e-02  2.0291016100e-03 
1412.000  6.6323608000e-02  1.9526871440e-03 
1413.000  7.3148772200e-02  2.3206365110e-03 
1414.000  7.2119698400e-02  2.2253360750e-03 
1415.000  7.9727404200e-02  2.6892435550e-03 
1416.000  8.5661473000e-02  3.0252997880e-03 
1417.000  8.7866988200e-02  3.1752130990e-03 
1418.000  8.8650017200e-02  3.1972668170e-03 
1419.000  8.8465414900e-02  3.2343568800e-03 
1420.000  9.0566487100e-02  3.3463313580e-03 
1421.000  1.0186041180e-01  4.0780863760e-03 
1422.000  1.0428363850e-01  4.2953071590e-03 
1423.000  1.0544661580e-01  4.4141230580e-03 
1424.000  1.0508825970e-01  4.3690724370e-03 
1425.000  1.0389517550e-01  4.2372932430e-03 
1426.000  1.0016942530e-01  4.0834813120e-03 
1427.000  1.0609956650e-01  4.4542741780e-03 
1428.000  1.1206173260e-01  4.7992010120e-03 
1429.000  1.1366327570e-01  4.9964733120e-03 
1430.000  1.1089924330e-01  4.8688092230e-03 
1431.000  1.0331608120e-01  4.3564534190e-03 
1432.000  1.0102152620e-01  4.1506872180e-03 
1433.000  1.0073681910e-01  4.1268196110e-03 
1434.000  9.6084995100e-02  3.8529624940e-03 
1435.000  1.0315588500e-01  4.3056058880e-03 
1436.000  1.0572471150e-01  4.4849519730e-03 
1437.000  1.0740993920e-01  4.5937361720e-03 
1438.000  1.1387289800e-01  5.0687808990e-03 
1439.000  1.1597441840e-01  5.1783914570e-03 
1440.000  1.1120132240e-01  5.0241317750e-03 
1441.000  1.1810816300e-01  5.3727416990e-03 
1442.000  1.1329282120e-01  5.0885529520e-03 
1443.000  1.1532907110e-01  5.1919312480e-03 
1444.000  1.1792913920e-01  5.3698825840e-03 
1445.000  1.1816527550e-01  5.3998308180e-03 
1446.000  1.2368200960e-01  5.7836885450e-03 
1447.000  1.2706238100e-01  6.0651683810e-03 
1448.000  1.2851050800e-01  6.1589431760e-03 
1449.000  1.2598730900e-01  5.9628591540e-03 
1450.000  1.2047452610e-01  5.5864901540e-03 
1451.000  1.2182337300e-01  5.7168021200e-03 
1452.000  1.2715536300e-01  6.2123484610e-03 
1453.000  1.4168949900e-01  7.3232121470e-03 
1454.000  1.5418042600e-01  8.4162845610e-03 
1455.000  1.6015460100e-01  9.0350160600e-03 
1456.000  1.6725925800e-01  9.7396698000e-03 
1457.000  1.6994923900e-01  9.9489545820e-03 
1458.000  1.7327366400e-01  1.0214650150e-02 
1459.000  1.6840516800e-01  9.7323131560e-03 
1460.000  1.6072817000e-01  9.1290740970e-03 
1461.000  1.5764501800e-01  8.8889255520e-03 
1462.000  1.4915627100e-01  8.1953430180e-03 
1463.000  1.4816737400e-01  8.1701612470e-03 
1464.000  1.4625337700e-01  8.0197830200e-03 
1465.000  1.4300855500e-01  7.6941304210e-03 
1466.000  1.3328023600e-01  6.9922237400e-03 
1467.000  1.3231345600e-01  6.8195233350e-03 
1468.000  1.2417149340e-01  6.2696723940e-03 
1469.000  1.1779061000e-01  5.7288436890e-03 
1470.000  1.1437939020e-01  5.4986028670e-03 
1471.000  1.2138004290e-01  6.1629257200e-03 
1472.000  1.3366033200e-01  7.2224745750e-03 
1473.000  1.5020873900e-01  8.7336635590e-03 
1474.000  1.5744599000e-01  9.6566562650e-03 
1475.000  1.6024570200e-01  9.8807611470e-03 
1476.000  1.6050646200e-01  9.9515304570e-03 
1477.000  1.5706599100e-01  9.6543893810e-03 
1478.000  1.5092345800e-01  9.1999807360e-03 
1479.000  1.4792994700e-01  8.8878774640e-03 
1480.000  1.5101160900e-01  9.2475709920e-03 
1481.000  1.5383561900e-01  9.6754875180e-03 
1482.000  1.6078606700e-01  1.0411278720e-02 
1483.000  1.5900711700e-01  1.0417691230e-02 
1484.000  1.6003865700e-01  1.0557776450e-02 
1485.000  1.6233915800e-01  1.0735677720e-02 
1486.000  1.6371300400e-01  1.1109720230e-02 
1487.000  1.7373617200e-01  1.2342237470e-02 
1488.000  1.5225531400e-01  1.0917634960e-02 
1489.000  1.8684694400e-01  1.4187059400e-02 
1490.000  1.9768354500e-01  1.5750947000e-02 
1491.000  2.0474768700e-01  1.6768150330e-02 
1492.000  2.0103559200e-01  1.6634363170e-02 
1493.000  2.0846764100e-01  1.7573846820e-02 
1494.000  2.0816382800e-01  1.7694540020e-02 
1495.000  2.0988874400e-01  1.8178804400e-02 
1496.000  2.0952681600e-01  1.8605905530e-02 
1497.000  2.1463686300e-01  1.9213371280e-02 
1498.000  2.2171805800e-01  2.0284008030e-02 
1499.000  2.2270825000e-01  2.0802415850e-02 
1500.000  2.2957712900e-01  2.1807588580e-02 
1501.000  2.2827159800e-01  2.1723737720e-02 
1502.000  2.2459104800e-01  2.1370386120e-02 
1503.000  2.0063178400e-01  1.9117536540e-02 
1504.000  2.0996761100e-01  2.0178712840e-02 
1505.000  2.1259114600e-01  2.0752309800e-02 
1506.000  2.1552305400e-01  2.1158235550e-02 
1507.000  2.2834265500e-01  2.2739461900e-02 
1508.000  2.2633500900e-01  2.2767318730e-02 
1509.000  2.2886004100e-01  2.3262071610e-02 
1510.000  2.3296194300e-01  2.3844696040e-02 
1511.000  2.3510993000e-01  2.4250015260e-02 
1512.000  2.3142425300e-01  2.4019817350e-02 
1513.000  2.3133436100e-01  2.4136890410e-02 
1514.000  2.2816753500e-01  2.3901956560e-02 
1515.000  2.3347425400e-01  2.4618915560e-02 
1516.000  2.3156855000e-01  2.4531646730e-02 
1517.000  2.3094825600e-01  2.4615697860e-02 
1518.000  2.3667143200e-01  2.5442312240e-02 
1519.000  2.3489024000e-01  2.5487106320e-02 
1520.000  2.3849151400e-01  2.6165647510e-02 
1521.000  2.3510246300e-01  2.5970397950e-02 
1522.000  2.3374277200e-01  2.5898921970e-02 
1523.000  2.3976935700e-01  2.6678710940e-02 
1524.000  2.3768565200e-01  2.6495298390e-02 
1525.000  2.3194941100e-01  2.5897577290e-02 
1526.000  2.3858559900e-01  2.6720512390e-02 
1527.000  2.3647353600e-01  2.6600908280e-02 
1528.000  2.3857549300e-01  2.6974685670e-02 
1529.000  2.3782951300e-01  2.6960863110e-02 
1530.000  2.2297484800e-01  2.5399497990e-02 
1531.000  2.3862031800e-01  2.7305677410e-02 
1532.000  2.3748385200e-01  2.7304788590e-02 
1533.000  2.3652286600e-01  2.7301303860e-02 
1534.000  2.3304531500e-01  2.7001136780e-02 
1535.000  2.3403342500e-01  2.7219343190e-02 
1536.000  2.3716659200e-01  2.7672470090e-02 
1537.000  2.3810419200e-01  2.7898344040e-02 
1538.000  2.3177739300e-01  2.7275981900e-02 
1539.000  2.3679356900e-01  2.7982772830e-02 
1540.000  2.2824458600e-01  2.7070320130e-02 
1541.000  2.3305814300e-01  2.7722064970e-02 
1542.000  2.3444587600e-01  2.7959611890e-02 
1543.000  2.3380846700e-01  2.7968381880e-02 
1544.000  2.3681250900e-01  2.8422393800e-02 
1545.000  2.3772233600e-01  2.8643125530e-02 
1546.000  2.3794163200e-01  2.8778921130e-02 
1547.000  2.3563144300e-01  2.8601810460e-02 
1548.000  2.2867249300e-01  2.7848352430e-02 
1549.000  2.3453385900e-01  2.8641155240e-02 
1550.000  2.3321628700e-01  2.8554391860e-02 
1551.000  2.3198870800e-01  2.8459762570e-02 
1552.000  2.3594333800e-01  2.9002542500e-02 
1553.000  2.3471048400e-01  2.8917682650e-02 
1554.000  2.2611098300e-01  2.7912797930e-02 
1555.000  2.2988475900e-01  2.8449960710e-02 
1556.000  2.2549633300e-01  2.7978357320e-02 
1557.000  2.3287992000e-01  2.8971456530e-02 
1558.000  2.3103645300e-01  2.8804555890e-02 
1559.000  2.3105459300e-01  2.8866531370e-02 
1560.000  2.2706470300e-01  2.8436708450e-02 
1561.000  2.3236401300e-01  2.9148544310e-02 
1562.000  2.3225600400e-01  2.9169002530e-02 
1563.000  2.2878413400e-01  2.8775611880e-02 
1564.000  2.2412540400e-01  2.8221706390e-02 
1565.000  2.2737899000e-01  2.8655776980e-02 
1566.000  2.2307120700e-01  2.8167997360e-02 
1567.000  2.2271301200e-01  2.8140310290e-02 
1568.000  2.1755626700e-01  2.7487106320e-02 
1569.000  2.1773742500e-01  2.7500829700e-02 
1570.000  2.1168021000e-01  2.6744295120e-02 
1571.000  2.1735232900e-01  2.7505125050e-02 
1572.000  2.1718601000e-01  2.7514425280e-02 
1573.000  2.1388748500e-01  2.7156049730e-02 
1574.000  2.1473106100e-01  2.7335601810e-02 
1575.000  1.9950529500e-01  2.5453170780e-02 
1576.000  2.1433476600e-01  2.7384695050e-02 
1577.000  1.9361136700e-01  2.4773502350e-02 
1578.000  2.1196376700e-01  2.7162029270e-02 
1579.000  2.1328720200e-01  2.7381931300e-02 
1580.000  2.1783795100e-01  2.8033691410e-02 
1581.000  2.1639378900e-01  2.7895986560e-02 
1582.000  2.1224364800e-01  2.7450878140e-02 
1583.000  2.1504994800e-01  2.7901317600e-02 
1584.000  2.1331822700e-01  2.7765642170e-02 
1585.000  2.1976702300e-01  2.8686044690e-02 
1586.000  2.1700732000e-01  2.8383564000e-02 
1587.000  2.1474646000e-01  2.8165576930e-02 
1588.000  2.1159617700e-01  2.7826221470e-02 
1589.000  1.9358858100e-01  2.5506893160e-02 
1590.000  2.0856176000e-01  2.7526117320e-02 
1591.000  2.0389001400e-01  2.6944158550e-02 
1592.000  2.1456702900e-01  2.8374700550e-02 
1593.000  2.1918307500e-01  2.8997756960e-02 
1594.000  2.1730763100e-01  2.8763702390e-02 
1595.000  2.1828027800e-01  2.8909072880e-02 
1596.000  2.0447054300e-01  2.7115472790e-02 
1597.000  2.1206227900e-01  2.8129226680e-02 
1598.000  2.1497699100e-01  2.8511533740e-02 
1599.000  2.0653802800e-01  2.7378660200e-02 
1600.000  2.0899034700e-01  2.7699308400e-02 
1601.000  2.0019227800e-01  2.6565855030e-02 
1602.000  2.0506010400e-01  2.7246709820e-02 
1603.000  2.0383221300e-01  2.7145092010e-02 
1604.000  2.0687760400e-01  2.7620063780e-02 
1605.000  2.0381855000e-01  2.7249986650e-02 
1606.000  2.0317993700e-01  2.7211009980e-02 
1607.000  2.0386751200e-01  2.7314968110e-02 
1608.000  2.0606211400e-01  2.7622028350e-02 
1609.000  2.0526998700e-01  2.7541143420e-02 
1610.000  1.9260812100e-01  2.5870193480e-02 
1611.000  1.9875620500e-01  2.6751157760e-02 
1612.000  2.0122530200e-01  2.7142848970e-02 
1613.000  2.0624613000e-01  2.7878824230e-02 
1614.000  2.0422138700e-01  2.7626800540e-02 
1615.000  2.0799375500e-01  2.8188398360e-02 
1616.000  1.9527345400e-01  2.6504068370e-02 
1617.000  2.0137895200e-01  2.7397819520e-02 
1618.000  2.0765314700e-01  2.8285514830e-02 
1619.000  2.0737183100e-01  2.8313724520e-02 
1620.000  2.0248112000e-01  2.7709400180e-02 
1621.000  1.9975411200e-01  2.7384992600e-02 
1622.000  2.0478138100e-01  2.8096843720e-02 
1623.000  2.0906314500e-01  2.8719646450e-02 
1624.000  2.1059157600e-01  2.8958311080e-02 
1625.000  2.0557648300e-01  2.8324592590e-02 
1626.000  2.0787736500e-01  2.8636672970e-02 
1627.000  2.0763889100e-01  2.8634092330e-02 
1628.000  2.0921635400e-01  2.8866699220e-02 
1629.000  2.0907966300e-01  2.8859724040e-02 
1630.000  2.0321554400e-01  2.8050012590e-02 
1631.000  2.0639349600e-01  2.8503360750e-02 
1632.000  2.0622048800e-01  2.8455015180e-02 
1633.000  2.0349941900e-01  2.8080440520e-02 
1634.000  1.9853748700e-01  2.7385971070e-02 
1635.000  2.0385923600e-01  2.8124343870e-02 
1636.000  2.0309292000e-01  2.8013631820e-02 
1637.000  1.9378033400e-01  2.6722686770e-02 
1638.000  1.9236463700e-01  2.6532468800e-02 
1639.000  1.9008163100e-01  2.6198270800e-02 
1640.000  1.9102781800e-01  2.6325990680e-02 
1641.000  1.8966392700e-01  2.6140260700e-02 
1642.000  1.8942598700e-01  2.6143638610e-02 
1643.000  1.9422613400e-01  2.6832382200e-02 
1644.000  1.9115381800e-01  2.6429582600e-02 
1645.000  1.9145234400e-01  2.6485971450e-02 
1646.000  1.9375253000e-01  2.6838756560e-02 
1647.000  1.9555358400e-01  2.7108798980e-02 
1648.000  1.9467009000e-01  2.6992872240e-02 
1649.000  1.9019709100e-01  2.6389316560e-02 
1650.000  1.9501651500e-01  2.7080717090e-02 
1651.000  1.9066242400e-01  2.6483514790e-02 
1652.000  1.9445327300e-01  2.7005947110e-02 
1653.000  1.9245132700e-01  2.6747314450e-02 
1654.000  1.9460984100e-01  2.7058916090e-02 
1655.000  1.9092431500e-01  2.6571159360e-02 
1656.000  1.9474855000e-01  2.7122936250e-02 
1657.000  1.9333384100e-01  2.6937154770e-02 
1658.000  1.9455283000e-01  2.7132068630e-02 
1659.000  1.9101451700e-01  2.6650152210e-02 
1660.000  1.9322208900e-01  2.6956192020e-02 
1661.000  1.9397539200e-01  2.7059309010e-02 
1662.000  1.9251772800e-01  2.6838180540e-02 
1663.000  1.9124326000e-01  2.6658540730e-02 
1664.000  1.9035086000e-01  2.6530494690e-02 
1665.000  1.8841055900e-01  2.6250415800e-02 
1666.000  1.8764069400e-01  2.6161344530e-02 
1667.000  1.8955731600e-01  2.6472328190e-02 
1668.000  1.8634569700e-01  2.6033741000e-02 
1669.000  1.8687073400e-01  2.6128023150e-02 
1670.000  1.9107186900e-01  2.6736444470e-02 
1671.000  1.8967394200e-01  2.6549276350e-02 
1672.000  1.8069038500e-01  2.5302490230e-02 
1673.000  1.8585216100e-01  2.6016649250e-02 
1674.000  1.8660128900e-01  2.6119722370e-02 
1675.000  1.8486815600e-01  2.5887941360e-02 
1676.000  1.8187936800e-01  2.5467800140e-02 
1677.000  1.8281020500e-01  2.5603204730e-02 
1678.000  1.8382259000e-01  2.5760232930e-02 
1679.000  1.8138144200e-01  2.5417360310e-02 
1680.000  1.7516462400e-01  2.4559972760e-02 
1681.000  1.6909268600e-01  2.3713516240e-02 
1682.000  1.7397657700e-01  2.4395223620e-02 
1683.000  1.7826709900e-01  2.4986970900e-02 
1684.000  1.8156162500e-01  2.5439970020e-02 
1685.000  1.8208098900e-01  2.5483510970e-02 
1686.000  1.7988459200e-01  2.5170564650e-02 
1687.000  1.8057924500e-01  2.5220518110e-02 
1688.000  1.8067212900e-01  2.5193973540e-02 
1689.000  1.7849277900e-01  2.4883047100e-02 
1690.000  1.7834717600e-01  2.4817588810e-02 
1691.000  1.8065454700e-01  2.5129693980e-02 
1692.000  1.8097976000e-01  2.5171274190e-02 
1693.000  1.8033959300e-01  2.5085296630e-02 
1694.000  1.8007029600e-01  2.5044384000e-02 
1695.000  1.8011646900e-01  2.5024377820e-02 
1696.000  1.7906229900e-01  2.4863931660e-02 
1697.000  1.7793542700e-01  2.4677843090e-02 
1698.000  1.7899068600e-01  2.4801939010e-02 
1699.000  1.7783495600e-01  2.4626930240e-02 
1700.000  1.7558345500e-01  2.4301692960e-02 
