 lambda   Irr_dw            Rad_up 
 550.000  1.5425211000e+00  1.8516877750e-01 
 551.000  1.5322733000e+00  1.8388790890e-01 
 552.000  1.5976299000e+00  1.9173966980e-01 
 553.000  1.5344478000e+00  1.8409039310e-01 
 554.000  1.5839894000e+00  1.9002961730e-01 
 555.000  1.5878704000e+00  1.9041210940e-01 
 556.000  1.5435704000e+00  1.8502066040e-01 
 557.000  1.4972871000e+00  1.7947108460e-01 
 558.000  1.5536735000e+00  1.8614915470e-01 
 559.000  1.4681190000e+00  1.7585371400e-01 
 560.000  1.4741503000e+00  1.7656640620e-01 
 561.000  1.6197073000e+00  1.9391249080e-01 
 562.000  1.4863714000e+00  1.7790281680e-01 
 563.000  1.5546764000e+00  1.8599211120e-01 
 564.000  1.5324096000e+00  1.8320423890e-01 
 565.000  1.5502738000e+00  1.8529884340e-01 
 566.000  1.4289918000e+00  1.7072651670e-01 
 567.000  1.5324350000e+00  1.8285874940e-01 
 568.000  1.5278728000e+00  1.8165548710e-01 
 569.000  1.4961713000e+00  1.7649111940e-01 
 570.000  1.5038379000e+00  1.7756826780e-01 
 571.000  1.4509215000e+00  1.7223982240e-01 
 572.000  1.5326481000e+00  1.8100480650e-01 
 573.000  1.5487972000e+00  1.8315847780e-01 
 574.000  1.5401148000e+00  1.8216130070e-01 
 575.000  1.5021932000e+00  1.7756257630e-01 
 576.000  1.4747224000e+00  1.7425405880e-01 
 577.000  1.5358873000e+00  1.8166943360e-01 
 578.000  1.4911396000e+00  1.7673985290e-01 
 579.000  1.4797260000e+00  1.7553234860e-01 
 580.000  1.5306446000e+00  1.8174610900e-01 
 581.000  1.5030017000e+00  1.7868826290e-01 
 582.000  1.5254223000e+00  1.8136994930e-01 
 583.000  1.5358765000e+00  1.8264186100e-01 
 584.000  1.5308234000e+00  1.8195735170e-01 
 585.000  1.5205606000e+00  1.8065390010e-01 
 586.000  1.4550455000e+00  1.7284790040e-01 
 587.000  1.5116220000e+00  1.7898515320e-01 
 588.000  1.4953031000e+00  1.7516569520e-01 
 589.000  1.3249482000e+00  1.5282981870e-01 
 590.000  1.3832864000e+00  1.5940319820e-01 
 591.000  1.4700146000e+00  1.7105937190e-01 
 592.000  1.4415988000e+00  1.6676313780e-01 
 593.000  1.4569880000e+00  1.7045071410e-01 
 594.000  1.4701182000e+00  1.7151719670e-01 
 595.000  1.4417102000e+00  1.6679161070e-01 
 596.000  1.4776345000e+00  1.7293920900e-01 
 597.000  1.4819310000e+00  1.7293247990e-01 
 598.000  1.4516533000e+00  1.7023452760e-01 
 599.000  1.4520280000e+00  1.7061849980e-01 
 600.000  1.4524304000e+00  1.7144641110e-01 
 601.000  1.4442986000e+00  1.7105067440e-01 
 602.000  1.4284978000e+00  1.6933128360e-01 
 603.000  1.4371065000e+00  1.7055296330e-01 
 604.000  1.4826082000e+00  1.7613710020e-01 
 605.000  1.4787750000e+00  1.7566796880e-01 
 606.000  1.4615811000e+00  1.7367553710e-01 
 607.000  1.4533041000e+00  1.7266926570e-01 
 608.000  1.4479100000e+00  1.7198074340e-01 
 609.000  1.4329878000e+00  1.7021067810e-01 
 610.000  1.4099767000e+00  1.6743266300e-01 
 611.000  1.4328056000e+00  1.7013787840e-01 
 612.000  1.4140875000e+00  1.6791487120e-01 
 613.000  1.3933645000e+00  1.6541847230e-01 
 614.000  1.3425196000e+00  1.5939054870e-01 
 615.000  1.4073028000e+00  1.6702319340e-01 
 616.000  1.3380136000e+00  1.5881317140e-01 
 617.000  1.3455121000e+00  1.5969366460e-01 
 618.000  1.4089318000e+00  1.6714328000e-01 
 619.000  1.3959653000e+00  1.6562731930e-01 
 620.000  1.4165237000e+00  1.6798455810e-01 
 621.000  1.4408162000e+00  1.7084317020e-01 
 622.000  1.3647578000e+00  1.6176925660e-01 
 623.000  1.3753250000e+00  1.6290863040e-01 
 624.000  1.3767348000e+00  1.6308961490e-01 
 625.000  1.3393816000e+00  1.5863752750e-01 
 626.000  1.3460913000e+00  1.5924775700e-01 
 627.000  1.3684296000e+00  1.6121084590e-01 
 628.000  1.3496342000e+00  1.5773629760e-01 
 629.000  1.3836949000e+00  1.6214309690e-01 
 630.000  1.3378176000e+00  1.5734481810e-01 
 631.000  1.3869523000e+00  1.6329151920e-01 
 632.000  1.2918025000e+00  1.5157461550e-01 
 633.000  1.3867578000e+00  1.6335308840e-01 
 634.000  1.3451231000e+00  1.5865080260e-01 
 635.000  1.3696901000e+00  1.6153468320e-01 
 636.000  1.3214306000e+00  1.5595515440e-01 
 637.000  1.3650228000e+00  1.6117314150e-01 
 638.000  1.3862997000e+00  1.6397521970e-01 
 639.000  1.3748207000e+00  1.6254112240e-01 
 640.000  1.3316861000e+00  1.5766885380e-01 
 641.000  1.3508892000e+00  1.5991113280e-01 
 642.000  1.3346676000e+00  1.5808079530e-01 
 643.000  1.3579428000e+00  1.6059059140e-01 
 644.000  1.3423430000e+00  1.5868156430e-01 
 645.000  1.3539756000e+00  1.5974913020e-01 
 646.000  1.3021359000e+00  1.5225157170e-01 
 647.000  1.3196431000e+00  1.5335305790e-01 
 648.000  1.3171453000e+00  1.5214210510e-01 
 649.000  1.3433639000e+00  1.5591273500e-01 
 650.000  1.2450666000e+00  1.4604582210e-01 
 651.000  1.3411481000e+00  1.5729792790e-01 
 652.000  1.3150418900e+00  1.5278741460e-01 
 653.000  1.3417977000e+00  1.5756126400e-01 
 654.000  1.3241766000e+00  1.5522377010e-01 
 655.000  1.2891484900e+00  1.5050024410e-01 
 656.000  1.0944873300e+00  1.2792429350e-01 
 657.000  1.1681710100e+00  1.3682304380e-01 
 658.000  1.3012647400e+00  1.5301614380e-01 
 659.000  1.3044362900e+00  1.5369129940e-01 
 660.000  1.3146725600e+00  1.5504405210e-01 
 661.000  1.3205149800e+00  1.5619674680e-01 
 662.000  1.3395378000e+00  1.5863726810e-01 
 663.000  1.3246205400e+00  1.5678884890e-01 
 664.000  1.3035693100e+00  1.5435551450e-01 
 665.000  1.3092311700e+00  1.5506278990e-01 
 666.000  1.3249972600e+00  1.5704856870e-01 
 667.000  1.2986911900e+00  1.5393014530e-01 
 668.000  1.3060646100e+00  1.5491960140e-01 
 669.000  1.3246829500e+00  1.5718136600e-01 
 670.000  1.3091323600e+00  1.5527653500e-01 
 671.000  1.2949593700e+00  1.5362800600e-01 
 672.000  1.2908424400e+00  1.5313186650e-01 
 673.000  1.3000422300e+00  1.5420570370e-01 
 674.000  1.3025398800e+00  1.5450973510e-01 
 675.000  1.2826440400e+00  1.5212260440e-01 
 676.000  1.3068374700e+00  1.5499954220e-01 
 677.000  1.2808205100e+00  1.5192498780e-01 
 678.000  1.3020020000e+00  1.5441854860e-01 
 679.000  1.2835969700e+00  1.5218942260e-01 
 680.000  1.2737100600e+00  1.5096511840e-01 
 681.000  1.2750395200e+00  1.5104360960e-01 
 682.000  1.2723708200e+00  1.5066482540e-01 
 683.000  1.2806898300e+00  1.5157005310e-01 
 684.000  1.2575182700e+00  1.4873480220e-01 
 685.000  1.2717068100e+00  1.5045408630e-01 
 686.000  1.2156867000e+00  1.4354013060e-01 
 687.000  1.1238699200e+00  1.2843830870e-01 
 688.000  1.1537989600e+00  1.3323818970e-01 
 689.000  1.1482897500e+00  1.3218936160e-01 
 690.000  1.1689004500e+00  1.3530073550e-01 
 691.000  1.1926438400e+00  1.3877449040e-01 
 692.000  1.1957335700e+00  1.3917315670e-01 
 693.000  1.1946689400e+00  1.3719586180e-01 
 694.000  1.1966961300e+00  1.3581158450e-01 
 695.000  1.1838305500e+00  1.3513134770e-01 
 696.000  1.2022841000e+00  1.3774244690e-01 
 697.000  1.2253047400e+00  1.4318963620e-01 
 698.000  1.1981267600e+00  1.3935034180e-01 
 699.000  1.2013976500e+00  1.3726182560e-01 
 700.000  1.1902978100e+00  1.3634744260e-01 
 701.000  1.1594778600e+00  1.3225775150e-01 
 702.000  1.1566387800e+00  1.3229788210e-01 
 703.000  1.1882086100e+00  1.3788540650e-01 
 704.000  1.1921656700e+00  1.3843243410e-01 
 705.000  1.1948135200e+00  1.3787571720e-01 
 706.000  1.1832746300e+00  1.3669891360e-01 
 707.000  1.1675984600e+00  1.3518363950e-01 
 708.000  1.2038780900e+00  1.3970506290e-01 
 709.000  1.1658864700e+00  1.3594006350e-01 
 710.000  1.1872055000e+00  1.3765927120e-01 
 711.000  1.1806123100e+00  1.3760319520e-01 
 712.000  1.1686221500e+00  1.3683992000e-01 
 713.000  1.1598790000e+00  1.3527954100e-01 
 714.000  1.1782124800e+00  1.3718769840e-01 
 715.000  1.1309835300e+00  1.3084201050e-01 
 716.000  1.1542182600e+00  1.3264674380e-01 
 717.000  1.0817391400e+00  1.1968890380e-01 
 718.000  1.0491684900e+00  1.1335717770e-01 
 719.000  1.0274003500e+00  1.0998860930e-01 
 720.000  1.0205100800e+00  1.0790385440e-01 
 721.000  1.0817265800e+00  1.2085401920e-01 
 722.000  1.1193224500e+00  1.2743360140e-01 
 723.000  1.1040206500e+00  1.2430516050e-01 
 724.000  1.0739456700e+00  1.1720740510e-01 
 725.000  1.0674597000e+00  1.1701689910e-01 
 726.000  1.0636494800e+00  1.1643780520e-01 
 727.000  1.0844308600e+00  1.1921265410e-01 
 728.000  1.0600693900e+00  1.1600608060e-01 
 729.000  1.0310411800e+00  1.1416404720e-01 
 730.000  1.0665629300e+00  1.1787327580e-01 
 731.000  1.0459620000e+00  1.1536310580e-01 
 732.000  1.0885332100e+00  1.2243508150e-01 
 733.000  1.0932408900e+00  1.2538436890e-01 
 734.000  1.1262670600e+00  1.3037472530e-01 
 735.000  1.1133703900e+00  1.2843133540e-01 
 736.000  1.0858574100e+00  1.2449636080e-01 
 737.000  1.1050790900e+00  1.2725923920e-01 
 738.000  1.1088327800e+00  1.2851043700e-01 
 739.000  1.0757290100e+00  1.2503932190e-01 
 740.000  1.0921705500e+00  1.2774673460e-01 
 741.000  1.0870410000e+00  1.2766683960e-01 
 742.000  1.0705780500e+00  1.2594577030e-01 
 743.000  1.1053123200e+00  1.3050796510e-01 
 744.000  1.1171764400e+00  1.3213858030e-01 
 745.000  1.0891977400e+00  1.2901298520e-01 
 746.000  1.1051740700e+00  1.3101612850e-01 
 747.000  1.1218254800e+00  1.3298956300e-01 
 748.000  1.1024264000e+00  1.3077156070e-01 
 749.000  1.1029196000e+00  1.3087710570e-01 
 750.000  1.0863773800e+00  1.2884591670e-01 
 751.000  1.0835868800e+00  1.2851878360e-01 
 752.000  1.1006694700e+00  1.3063525390e-01 
 753.000  1.0904224300e+00  1.2944371030e-01 
 754.000  1.1075977800e+00  1.3149798580e-01 
 755.000  1.1012528700e+00  1.3075041200e-01 
 756.000  1.0797090900e+00  1.2819694520e-01 
 757.000  1.0876624100e+00  1.2914245610e-01 
 758.000  1.0853765700e+00  1.2881596370e-01 
 759.000  1.0030033600e+00  1.1694703670e-01 
 760.000  5.1203330000e-01  5.0081207280e-02 
 761.000  4.6252148000e-01  4.4125820160e-02 
 762.000  7.3877084000e-01  7.9739181520e-02 
 763.000  6.7021918000e-01  6.9927093510e-02 
 764.000  7.1645443000e-01  7.6011680600e-02 
 765.000  8.1832516000e-01  9.0169013980e-02 
 766.000  8.8515784000e-01  1.0111658480e-01 
 767.000  9.4876782000e-01  1.1010229490e-01 
 768.000  1.0196216600e+00  1.1956389620e-01 
 769.000  1.0372020000e+00  1.2247715000e-01 
 770.000  1.0422347400e+00  1.2347568510e-01 
 771.000  1.0478122200e+00  1.2437445830e-01 
 772.000  1.0448872000e+00  1.2409180450e-01 
 773.000  1.0409687300e+00  1.2365888980e-01 
 774.000  1.0524361000e+00  1.2505340580e-01 
 775.000  1.0130483100e+00  1.2039976500e-01 
 776.000  1.0548689700e+00  1.2541570280e-01 
 777.000  1.0475489400e+00  1.2454652400e-01 
 778.000  1.0419030000e+00  1.2385814670e-01 
 779.000  1.0452659400e+00  1.2423629760e-01 
 780.000  1.0323034300e+00  1.2271243290e-01 
 781.000  1.0307064500e+00  1.2254369350e-01 
 782.000  1.0431000500e+00  1.2396928410e-01 
 783.000  1.0186997800e+00  1.2110700230e-01 
 784.000  1.0242519000e+00  1.2171347050e-01 
 785.000  1.0260928100e+00  1.2170872500e-01 
 786.000  1.0071012400e+00  1.1919215390e-01 
 787.000  1.0189723200e+00  1.1994555660e-01 
 788.000  1.0021013500e+00  1.1766031650e-01 
 789.000  1.0021811400e+00  1.1660692600e-01 
 790.000  9.9154122000e-01  1.1525374600e-01 
 791.000  9.8751220000e-01  1.1499327090e-01 
 792.000  9.7283777000e-01  1.1344098660e-01 
 793.000  9.7414187000e-01  1.1401188660e-01 
 794.000  9.6896932000e-01  1.1432508850e-01 
 795.000  9.6074198000e-01  1.1275480650e-01 
 796.000  9.6906590000e-01  1.1238365940e-01 
 797.000  9.7745163000e-01  1.1377283480e-01 
 798.000  9.8305228000e-01  1.1532697300e-01 
 799.000  9.8108070000e-01  1.1486978910e-01 
 800.000  9.5183092000e-01  1.1080836490e-01 
 801.000  9.7002785000e-01  1.1300624850e-01 
 802.000  9.6769246000e-01  1.1265290830e-01 
 803.000  9.5441784000e-01  1.1121441650e-01 
 804.000  9.6475558000e-01  1.1275350190e-01 
 805.000  9.4158268000e-01  1.1063820650e-01 
 806.000  9.6904560000e-01  1.1420652010e-01 
 807.000  9.6313300000e-01  1.1354898070e-01 
 808.000  9.5630713000e-01  1.1252202610e-01 
 809.000  9.3866449000e-01  1.1019548800e-01 
 810.000  9.3285627000e-01  1.0923609920e-01 
 811.000  9.4443894000e-01  1.1006247710e-01 
 812.000  9.3665707000e-01  1.0846369170e-01 
 813.000  9.2683540000e-01  1.0646682740e-01 
 814.000  9.1776319000e-01  1.0440690610e-01 
 815.000  8.9803398000e-01  1.0093061070e-01 
 816.000  8.7704544000e-01  9.7085487370e-02 
 817.000  8.8308284000e-01  9.7819252010e-02 
 818.000  8.7877675000e-01  9.7421379090e-02 
 819.000  8.5926224000e-01  9.5779006960e-02 
 820.000  8.5677364000e-01  9.7120697020e-02 
 821.000  9.0188245000e-01  1.0420204160e-01 
 822.000  8.6407646000e-01  9.8321456910e-02 
 823.000  8.4010218000e-01  9.1849761960e-02 
 824.000  8.8331441000e-01  9.9877258300e-02 
 825.000  9.0103061000e-01  1.0424856570e-01 
 826.000  9.0336727000e-01  1.0408807370e-01 
 827.000  8.9800038000e-01  1.0314811710e-01 
 828.000  8.8367318000e-01  1.0000023650e-01 
 829.000  8.8770866000e-01  1.0095980070e-01 
 830.000  8.7850704000e-01  1.0050405880e-01 
 831.000  8.6416375000e-01  9.9004745480e-02 
 832.000  8.8227369000e-01  1.0114290620e-01 
 833.000  8.5748866000e-01  9.8697418210e-02 
 834.000  8.7324442000e-01  1.0094033810e-01 
 835.000  8.8059281000e-01  1.0258158110e-01 
 836.000  8.8900940000e-01  1.0336449430e-01 
 837.000  8.8142069000e-01  1.0244245910e-01 
 838.000  8.8721200000e-01  1.0355027010e-01 
 839.000  8.6099138000e-01  1.0073147580e-01 
 840.000  8.8455168000e-01  1.0355725100e-01 
 841.000  8.8534201000e-01  1.0336414340e-01 
 842.000  8.8109561000e-01  1.0310297390e-01 
 843.000  8.7804743000e-01  1.0339707180e-01 
 844.000  8.6476894000e-01  1.0211543270e-01 
 845.000  8.7845983000e-01  1.0386426540e-01 
 846.000  8.8685262000e-01  1.0502688600e-01 
 847.000  8.5687714000e-01  1.0165895840e-01 
 848.000  8.8108665000e-01  1.0425379940e-01 
 849.000  8.8281051000e-01  1.0453213500e-01 
 850.000  7.6284962000e-01  9.0179786680e-02 
 851.000  8.7339493000e-01  1.0307974240e-01 
 852.000  8.4030768000e-01  9.9222732540e-02 
 853.000  8.5081523000e-01  1.0066423030e-01 
 854.000  6.8396882000e-01  8.0935272220e-02 
 855.000  7.5323008000e-01  8.9264320370e-02 
 856.000  8.5533410000e-01  1.0157427980e-01 
 857.000  8.6921774000e-01  1.0338104250e-01 
 858.000  8.5539283000e-01  1.0178168490e-01 
 859.000  8.5547292000e-01  1.0191319270e-01 
 860.000  8.4791840000e-01  1.0110001370e-01 
 861.000  8.4780662000e-01  1.0109513090e-01 
 862.000  8.4503383000e-01  1.0076984410e-01 
 863.000  8.6118057000e-01  1.0275607300e-01 
 864.000  8.5945859000e-01  1.0250937650e-01 
 865.000  8.4344781000e-01  1.0068574520e-01 
 866.000  7.0747534000e-01  8.4486267090e-02 
 867.000  7.5337161000e-01  8.9876976010e-02 
 868.000  8.1705742000e-01  9.7527885440e-02 
 869.000  8.0558714000e-01  9.6168655400e-02 
 870.000  8.3880356000e-01  1.0019448850e-01 
 871.000  8.3761348000e-01  1.0003050230e-01 
 872.000  8.3423810000e-01  9.9537437440e-02 
 873.000  8.3756865000e-01  9.9989624020e-02 
 874.000  8.1919507000e-01  9.7758140560e-02 
 875.000  8.1165407000e-01  9.6931381230e-02 
 876.000  8.1837587000e-01  9.7683403020e-02 
 877.000  8.3467218000e-01  9.9558929440e-02 
 878.000  8.2027251000e-01  9.7826057430e-02 
 879.000  8.2216871000e-01  9.8080833440e-02 
 880.000  8.1734908000e-01  9.7375450130e-02 
 881.000  7.7483830000e-01  9.2311050420e-02 
 882.000  8.1759076000e-01  9.7292739870e-02 
 883.000  7.9894665000e-01  9.5190444950e-02 
 884.000  8.0573264000e-01  9.6114608760e-02 
 885.000  8.1392894000e-01  9.6780639650e-02 
 886.000  7.8715361000e-01  9.3486145020e-02 
 887.000  7.7914228000e-01  9.2632026670e-02 
 888.000  8.0245447000e-01  9.5316734310e-02 
 889.000  8.0789247000e-01  9.6130348210e-02 
 890.000  8.0524150000e-01  9.5695579530e-02 
 891.000  8.0044291000e-01  9.4860397340e-02 
 892.000  7.9612427000e-01  9.3905883790e-02 
 893.000  7.6012011000e-01  8.8320396420e-02 
 894.000  7.8226365000e-01  9.0288406370e-02 
 895.000  7.3238680000e-01  8.2909217830e-02 
 896.000  7.4644709000e-01  8.2915344240e-02 
 897.000  7.1386372000e-01  7.7871376040e-02 
 898.000  7.0781415000e-01  7.6488998410e-02 
 899.000  6.8641693000e-01  7.2352684020e-02 
 900.000  6.7223230000e-01  7.1051155090e-02 
 901.000  6.5264869000e-01  6.8561096190e-02 
 902.000  6.4147592000e-01  6.7491722110e-02 
 903.000  7.0689009000e-01  7.7468620300e-02 
 904.000  7.4107449000e-01  8.3230857850e-02 
 905.000  7.3828352000e-01  8.2987571720e-02 
 906.000  7.0597895000e-01  7.8145866390e-02 
 907.000  6.9488488000e-01  7.4809402470e-02 
 908.000  6.6304412000e-01  7.0061859130e-02 
 909.000  6.5057065000e-01  6.8778785710e-02 
 910.000  6.6048686000e-01  7.0014038090e-02 
 911.000  6.6854448000e-01  7.1799774170e-02 
 912.000  6.6518999000e-01  7.0920875550e-02 
 913.000  6.5944356000e-01  6.8569206240e-02 
 914.000  6.6562169000e-01  7.0067199710e-02 
 915.000  6.6281772000e-01  7.0564659120e-02 
 916.000  6.7224645000e-01  7.1730598450e-02 
 917.000  6.6601478000e-01  7.1448677060e-02 
 918.000  6.6816547000e-01  7.2188613890e-02 
 919.000  6.9602570000e-01  7.7160736080e-02 
 920.000  7.0353634000e-01  7.9274909970e-02 
 921.000  6.8503659000e-01  7.6881095890e-02 
 922.000  6.7861837000e-01  7.6176170350e-02 
 923.000  6.4648874000e-01  7.2039855960e-02 
 924.000  6.6458824000e-01  7.3303588870e-02 
 925.000  6.7266810000e-01  7.4056297300e-02 
 926.000  6.4853259000e-01  7.1242004390e-02 
 927.000  6.6183459000e-01  7.1740112300e-02 
 928.000  6.4898322000e-01  6.8686111450e-02 
 929.000  6.1558108000e-01  6.2951427460e-02 
 930.000  5.8258828000e-01  5.6821292880e-02 
 931.000  5.4637069000e-01  5.0074390410e-02 
 932.000  4.9352624000e-01  4.1341369630e-02 
 933.000  4.5775637000e-01  3.5946258540e-02 
 934.000  4.1455984000e-01  3.0406938550e-02 
 935.000  4.0435577000e-01  2.9398122790e-02 
 936.000  4.1701695000e-01  3.1123563770e-02 
 937.000  4.2214435000e-01  3.1328321460e-02 
 938.000  4.6028305000e-01  3.6855175020e-02 
 939.000  5.7016135000e-01  5.4713172910e-02 
 940.000  5.8209705000e-01  5.7094825740e-02 
 941.000  5.5612279000e-01  5.3589385990e-02 
 942.000  5.0448465000e-01  4.6118778230e-02 
 943.000  4.7657286000e-01  3.9552490230e-02 
 944.000  4.5974315000e-01  3.7875682830e-02 
 945.000  4.8398536000e-01  4.1232704160e-02 
 946.000  4.9154405000e-01  4.1978767400e-02 
 947.000  5.0583503000e-01  4.4606403350e-02 
 948.000  5.1897374000e-01  4.6627414700e-02 
 949.000  5.1915656000e-01  4.6558010100e-02 
 950.000  5.1825505000e-01  4.6703563690e-02 
 951.000  5.3735744000e-01  5.0407135010e-02 
 952.000  5.1333338000e-01  4.6185855870e-02 
 953.000  5.2846134000e-01  4.9038463590e-02 
 954.000  5.4067883000e-01  5.1763992310e-02 
 955.000  4.9164012000e-01  4.5970081330e-02 
 956.000  5.2104160000e-01  4.8504768370e-02 
 957.000  5.6419149000e-01  5.6433647160e-02 
 958.000  5.7395911000e-01  5.7914997100e-02 
 959.000  5.6885805000e-01  5.6875602720e-02 
 960.000  5.6130999000e-01  5.5987392430e-02 
 961.000  5.5165682000e-01  5.4763378140e-02 
 962.000  5.5757437000e-01  5.5648830410e-02 
 963.000  5.7955124000e-01  5.9779933930e-02 
 964.000  5.7611600000e-01  5.9719066620e-02 
 965.000  5.8088952000e-01  6.0068290710e-02 
 966.000  5.6524942000e-01  5.8582134250e-02 
 967.000  5.9827151000e-01  6.3415805820e-02 
 968.000  6.1809374000e-01  6.7962776180e-02 
 969.000  6.3369104000e-01  7.0833976750e-02 
 970.000  6.3601736000e-01  7.1172660830e-02 
 971.000  6.3007991000e-01  7.0491348270e-02 
 972.000  6.3124122000e-01  7.0300025940e-02 
 973.000  6.1756618000e-01  6.8058326720e-02 
 974.000  5.9875767000e-01  6.5149169920e-02 
 975.000  5.9568880000e-01  6.4284210210e-02 
 976.000  6.1039335000e-01  6.6551780700e-02 
 977.000  6.0686632000e-01  6.7285369870e-02 
 978.000  6.2082821000e-01  6.8761024480e-02 
 979.000  6.0579933000e-01  6.7407707210e-02 
 980.000  6.2656999000e-01  7.0933898930e-02 
 981.000  6.3355223000e-01  7.2015998840e-02 
 982.000  6.2942739000e-01  7.1289527890e-02 
 983.000  6.3394623000e-01  7.2460815430e-02 
 984.000  6.3608503000e-01  7.3403862000e-02 
 985.000  6.3939478000e-01  7.4199760440e-02 
 986.000  6.3882393000e-01  7.4679481510e-02 
 987.000  6.4814659000e-01  7.6022155760e-02 
 988.000  6.4055052000e-01  7.5191696170e-02 
 989.000  6.3268211000e-01  7.4308959960e-02 
 990.000  6.3854137000e-01  7.5060646060e-02 
 991.000  6.4546188000e-01  7.6095817570e-02 
 992.000  6.3995510000e-01  7.5514999390e-02 
 993.000  6.4008374000e-01  7.5560676570e-02 
 994.000  6.4479918000e-01  7.6315261840e-02 
 995.000  6.4107965000e-01  7.6020591740e-02 
 996.000  6.4093924000e-01  7.6010078430e-02 
 997.000  6.4095781000e-01  7.5931640620e-02 
 998.000  6.3784313000e-01  7.5475997920e-02 
 999.000  6.3597455000e-01  7.5225891110e-02 
1000.000  6.3111878000e-01  7.4687210080e-02 
1001.000  6.3312977000e-01  7.4730804440e-02 
1002.000  6.2979097000e-01  7.4027992250e-02 
1003.000  6.2298266000e-01  7.3306945800e-02 
1004.000  6.1908707000e-01  7.3033729550e-02 
1005.000  5.7896052000e-01  6.8381530760e-02 
1006.000  6.0937279000e-01  7.2008972170e-02 
1007.000  6.2003663000e-01  7.3215934750e-02 
1008.000  6.2079230000e-01  7.3059204100e-02 
1009.000  6.1451663000e-01  7.2000183110e-02 
1010.000  6.1790441000e-01  7.2550331120e-02 
1011.000  6.1719260000e-01  7.2828826900e-02 
1012.000  6.1836022000e-01  7.3112091060e-02 
1013.000  6.1464673000e-01  7.2790397640e-02 
1014.000  6.1888569000e-01  7.3365348820e-02 
1015.000  6.0750632000e-01  7.2052963260e-02 
1016.000  6.1172484000e-01  7.2630950930e-02 
1017.000  6.0579907000e-01  7.1978256230e-02 
1018.000  6.1335426000e-01  7.2846878050e-02 
1019.000  5.9856423000e-01  7.0993087770e-02 
1020.000  5.9756592000e-01  7.0910041810e-02 
1021.000  6.0405490000e-01  7.1745819090e-02 
1022.000  5.9406934000e-01  7.0387413020e-02 
1023.000  6.0469614000e-01  7.1498146060e-02 
1024.000  6.0115998000e-01  7.0983932500e-02 
1025.000  6.0230298000e-01  7.1321777340e-02 
1026.000  6.0358041000e-01  7.1578590390e-02 
1027.000  5.9968698000e-01  7.1109603880e-02 
1028.000  6.0129408000e-01  7.1372108460e-02 
1029.000  5.9266643000e-01  7.0477699280e-02 
1030.000  5.9911722000e-01  7.1380699160e-02 
1031.000  5.9747418000e-01  7.1272918700e-02 
1032.000  5.9556126000e-01  7.1112297060e-02 
1033.000  5.8462955000e-01  6.9818206790e-02 
1034.000  5.9034064000e-01  7.0524940490e-02 
1035.000  5.8262892000e-01  6.9597999570e-02 
1036.000  5.9225701000e-01  7.0766914370e-02 
1037.000  5.7978424000e-01  6.9284278870e-02 
1038.000  5.8551617000e-01  6.9974685670e-02 
1039.000  5.8790205000e-01  7.0247673030e-02 
1040.000  5.8093860000e-01  6.9408210750e-02 
1041.000  5.8396270000e-01  6.9759872440e-02 
1042.000  5.8569042000e-01  6.9961891170e-02 
1043.000  5.7557691000e-01  6.8752761840e-02 
1044.000  5.8129836000e-01  6.9429603580e-02 
1045.000  5.7875200000e-01  6.9138351440e-02 
1046.000  5.6191172000e-01  6.7150215150e-02 
1047.000  5.7221928000e-01  6.8404121400e-02 
1048.000  5.7788719000e-01  6.9110763550e-02 
1049.000  5.7417218000e-01  6.8701583860e-02 
1050.000  5.7175799000e-01  6.8425628660e-02 
1051.000  5.7073288000e-01  6.8270469670e-02 
1052.000  5.6803302000e-01  6.7924629210e-02 
1053.000  5.6661841000e-01  6.7740203860e-02 
1054.000  5.6240061000e-01  6.7184204100e-02 
1055.000  5.6648890000e-01  6.7645729060e-02 
1056.000  5.6495834000e-01  6.7432792660e-02 
1057.000  5.6389172000e-01  6.7240180970e-02 
1058.000  5.5782987000e-01  6.6396461490e-02 
1059.000  5.4029625000e-01  6.4339408870e-02 
1060.000  5.5984391000e-01  6.6762001040e-02 
1061.000  5.4020227000e-01  6.4421661380e-02 
1062.000  5.5509017000e-01  6.6131507870e-02 
1063.000  5.4568768000e-01  6.4994430540e-02 
1064.000  5.5241843000e-01  6.5717910770e-02 
1065.000  5.5158303000e-01  6.5508476260e-02 
1066.000  5.3468707000e-01  6.3492721560e-02 
1067.000  5.4730494000e-01  6.4936622620e-02 
1068.000  5.4456395000e-01  6.4418373110e-02 
1069.000  5.0327397000e-01  5.9426677700e-02 
1070.000  5.3320087000e-01  6.2986404420e-02 
1071.000  5.3367411000e-01  6.2943466190e-02 
1072.000  5.3505918000e-01  6.3011436460e-02 
1073.000  5.1737694000e-01  6.0920074460e-02 
1074.000  5.3556856000e-01  6.3089252470e-02 
1075.000  5.1952576000e-01  6.1359573360e-02 
1076.000  5.3055496000e-01  6.2566390990e-02 
1077.000  5.2886551000e-01  6.2241001130e-02 
1078.000  5.2963025000e-01  6.2184223180e-02 
1079.000  5.0915228000e-01  5.9762969970e-02 
1080.000  5.2258473000e-01  6.0956470490e-02 
1081.000  5.0326719000e-01  5.8678840640e-02 
1082.000  5.1040883000e-01  5.9652988430e-02 
1083.000  4.9577222000e-01  5.7726158140e-02 
1084.000  5.1368148000e-01  5.9573360440e-02 
1085.000  5.0446210000e-01  5.7992813110e-02 
1086.000  5.1165216000e-01  5.8912479400e-02 
1087.000  4.8291227000e-01  5.6107761380e-02 
1088.000  5.1226720000e-01  5.9565643310e-02 
1089.000  4.8945419000e-01  5.6295536040e-02 
1090.000  4.9944413000e-01  5.7344524380e-02 
1091.000  5.0335301000e-01  5.7934989930e-02 
1092.000  4.8999658000e-01  5.6102462770e-02 
1093.000  4.8012275000e-01  5.4318634030e-02 
1094.000  4.3532262000e-01  4.8974025730e-02 
1095.000  4.7148072000e-01  5.3063110350e-02 
1096.000  4.7280686000e-01  5.3249504090e-02 
1097.000  4.6274698200e-01  5.1935146330e-02 
1098.000  4.4543164300e-01  4.8520206450e-02 
1099.000  4.3512635500e-01  4.6182430270e-02 
1100.000  4.4341719500e-01  4.7138931270e-02 
1101.000  4.4407549600e-01  4.7369297030e-02 
1102.000  4.2491977800e-01  4.5234989170e-02 
1103.000  4.4286358100e-01  4.7243225100e-02 
1104.000  4.3766552600e-01  4.6477081300e-02 
1105.000  4.3191680900e-01  4.5358512880e-02 
1106.000  4.2309866200e-01  4.3949470520e-02 
1107.000  4.2393365900e-01  4.4130229950e-02 
1108.000  4.2360127400e-01  4.4144992830e-02 
1109.000  4.3009452200e-01  4.5185291290e-02 
1110.000  4.3185342300e-01  4.5244689940e-02 
1111.000  4.2388606300e-01  4.4139217380e-02 
1112.000  4.0753186800e-01  4.1403717040e-02 
1113.000  3.8883636000e-01  3.8008682250e-02 
1114.000  3.8863407200e-01  3.7455005650e-02 
1115.000  3.6304523800e-01  3.3018001560e-02 
1116.000  3.4489017300e-01  3.0207250600e-02 
1117.000  3.1591732200e-01  2.5462440490e-02 
1118.000  2.8198395400e-01  2.0958810810e-02 
1119.000  2.5814660100e-01  1.8252103810e-02 
1120.000  2.3798809400e-01  1.5775263790e-02 
1121.000  2.3490625900e-01  1.5316675190e-02 
1122.000  2.1114565300e-01  1.2755082130e-02 
1123.000  2.2499382200e-01  1.4129220010e-02 
1124.000  2.3394555400e-01  1.5047713280e-02 
1125.000  2.2479020400e-01  1.4262251850e-02 
1126.000  2.1874302400e-01  1.3808487890e-02 
1127.000  2.2791011300e-01  1.4495423320e-02 
1128.000  2.2712595800e-01  1.4649859430e-02 
1129.000  2.4993388500e-01  1.7196624760e-02 
1130.000  2.9871704700e-01  2.3251495360e-02 
1131.000  3.1564754100e-01  2.5412523270e-02 
1132.000  2.9769069600e-01  2.2846103670e-02 
1133.000  2.5548724600e-01  1.7969478610e-02 
1134.000  1.8685924500e-01  1.0592110630e-02 
1135.000  1.9450802100e-01  1.1270835880e-02 
1136.000  2.6164320100e-01  1.8700975420e-02 
1137.000  2.9988832100e-01  2.3384609220e-02 
1138.000  3.2037646800e-01  2.7169855120e-02 
1139.000  3.3640210300e-01  2.9367162700e-02 
1140.000  3.3138721500e-01  2.8471117020e-02 
1141.000  3.0983985900e-01  2.5826004030e-02 
1142.000  3.1397949800e-01  2.5863887790e-02 
1143.000  2.9508135000e-01  2.3463407520e-02 
1144.000  2.7781129700e-01  2.1242717740e-02 
1145.000  2.5695597900e-01  1.8507804870e-02 
1146.000  2.6496406700e-01  1.9357482910e-02 
1147.000  2.8405889800e-01  2.1719839100e-02 
1148.000  2.9666573600e-01  2.3584537510e-02 
1149.000  3.0358773900e-01  2.4523181920e-02 
1150.000  3.0233688400e-01  2.4499711990e-02 
1151.000  3.1019138200e-01  2.5787050250e-02 
1152.000  3.1382710600e-01  2.6412220000e-02 
1153.000  3.1950945300e-01  2.7368747710e-02 
1154.000  3.1975787800e-01  2.7300474170e-02 
1155.000  3.3257735800e-01  2.9377632140e-02 
1156.000  3.4102096500e-01  3.1234842300e-02 
1157.000  3.7040964300e-01  3.6232921600e-02 
1158.000  3.8076918900e-01  3.8160381320e-02 
1159.000  3.8398278500e-01  3.9259422300e-02 
1160.000  3.8256872300e-01  3.9442142490e-02 
1161.000  3.8309087800e-01  4.0251380920e-02 
1162.000  4.0339692400e-01  4.3013431550e-02 
1163.000  4.1295522000e-01  4.4788551330e-02 
1164.000  4.0639341800e-01  4.4237918850e-02 
1165.000  4.1473930900e-01  4.5252693180e-02 
1166.000  4.0553785100e-01  4.4431072240e-02 
1167.000  4.1307761700e-01  4.5372222900e-02 
1168.000  4.1628814000e-01  4.5691123960e-02 
1169.000  4.0295952100e-01  4.4342109680e-02 
1170.000  4.1480474900e-01  4.5748989110e-02 
1171.000  4.1947526900e-01  4.6523792270e-02 
1172.000  4.1652820100e-01  4.6051246640e-02 
1173.000  4.1202738400e-01  4.5416442870e-02 
1174.000  4.1232930200e-01  4.5461009980e-02 
1175.000  4.1177691700e-01  4.5791675570e-02 
1176.000  4.0566183900e-01  4.5470821380e-02 
1177.000  4.1633408700e-01  4.6493270870e-02 
1178.000  4.0556147700e-01  4.4946357730e-02 
1179.000  4.0375169000e-01  4.4748592380e-02 
1180.000  4.0806184100e-01  4.5103542330e-02 
1181.000  4.0245075800e-01  4.4169254300e-02 
1182.000  3.9944786400e-01  4.3532459260e-02 
1183.000  3.7666241400e-01  4.1084255220e-02 
1184.000  3.9562558600e-01  4.3326942440e-02 
1185.000  4.0576968200e-01  4.4880565640e-02 
1186.000  4.0190862300e-01  4.4323093410e-02 
1187.000  3.9704945500e-01  4.3350368500e-02 
1188.000  3.9386251100e-01  4.2901428220e-02 
1189.000  3.7374193100e-01  4.0959484100e-02 
1190.000  3.9985075200e-01  4.4512931820e-02 
1191.000  4.0840547500e-01  4.5673431400e-02 
1192.000  4.0947723900e-01  4.6100223540e-02 
1193.000  4.0892166400e-01  4.5958065030e-02 
1194.000  4.0763960700e-01  4.5771972660e-02 
1195.000  3.9984088400e-01  4.4602432250e-02 
1196.000  4.0003113200e-01  4.4671985630e-02 
1197.000  3.9835522200e-01  4.4346149440e-02 
1198.000  3.8463371500e-01  4.2792976380e-02 
1199.000  3.6850234000e-01  4.0836902620e-02 
1200.000  3.9284130100e-01  4.3640033720e-02 
1201.000  3.9609646500e-01  4.4056110380e-02 
1202.000  3.9700775800e-01  4.4238697050e-02 
1203.000  3.7658018700e-01  4.1912853240e-02 
1204.000  3.8343267700e-01  4.2770938870e-02 
1205.000  3.9761722000e-01  4.4857402800e-02 
1206.000  3.9766510900e-01  4.5092433930e-02 
1207.000  4.0134476300e-01  4.5603721620e-02 
1208.000  3.9477679800e-01  4.4778812410e-02 
1209.000  3.6898109300e-01  4.1735538480e-02 
1210.000  3.9280714000e-01  4.4218296050e-02 
1211.000  3.7939897300e-01  4.2682556150e-02 
1212.000  3.9183420100e-01  4.4138900760e-02 
1213.000  3.9542958500e-01  4.4750144960e-02 
1214.000  3.9336609500e-01  4.4494071960e-02 
1215.000  3.9544544400e-01  4.4813518520e-02 
1216.000  3.9721369700e-01  4.5346813200e-02 
1217.000  3.9882571700e-01  4.5823139190e-02 
1218.000  3.9840370400e-01  4.5920322420e-02 
1219.000  3.9517370800e-01  4.5638824460e-02 
1220.000  3.9790898200e-01  4.5957267760e-02 
1221.000  3.9743524300e-01  4.5928310390e-02 
1222.000  3.9541823300e-01  4.5703243260e-02 
1223.000  3.9375267900e-01  4.5553390500e-02 
1224.000  3.9828213600e-01  4.6258781430e-02 
1225.000  3.9640564100e-01  4.6090702060e-02 
1226.000  3.9820794500e-01  4.6368541720e-02 
1227.000  3.8537901700e-01  4.4975219730e-02 
1228.000  3.9824109600e-01  4.6604804990e-02 
1229.000  3.9839056500e-01  4.6722843170e-02 
1230.000  3.9769342900e-01  4.6755390170e-02 
1231.000  3.9806301300e-01  4.6866577150e-02 
1232.000  3.9371094600e-01  4.6386283870e-02 
1233.000  3.9689329600e-01  4.6785251620e-02 
1234.000  3.9656279900e-01  4.6887905120e-02 
1235.000  3.9411660200e-01  4.6652603150e-02 
1236.000  3.9661412600e-01  4.6987522130e-02 
1237.000  3.9686596700e-01  4.7068923950e-02 
1238.000  3.9670997800e-01  4.7075473790e-02 
1239.000  3.9223448000e-01  4.6562213900e-02 
1240.000  3.9045850300e-01  4.6379905700e-02 
1241.000  3.9386750700e-01  4.6801391600e-02 
1242.000  3.9147272100e-01  4.6529357910e-02 
1243.000  3.8701838800e-01  4.6013957980e-02 
1244.000  3.8337822400e-01  4.5580718990e-02 
1245.000  3.8985380000e-01  4.6355213170e-02 
1246.000  3.8669535200e-01  4.5953540800e-02 
1247.000  3.8461195800e-01  4.5676727290e-02 
1248.000  3.8742172400e-01  4.5983119960e-02 
1249.000  3.8591681300e-01  4.5790328980e-02 
1250.000  3.8423815000e-01  4.5565189360e-02 
1251.000  3.8140879500e-01  4.5211437230e-02 
1252.000  3.7997070200e-01  4.5006595610e-02 
1253.000  3.7651714600e-01  4.4559356690e-02 
1254.000  3.7687392000e-01  4.4520431520e-02 
1255.000  3.7578886100e-01  4.4342800140e-02 
1256.000  3.7459246600e-01  4.4165500640e-02 
1257.000  3.6974561600e-01  4.3527881620e-02 
1258.000  3.6982378200e-01  4.3402091980e-02 
1259.000  3.6458978300e-01  4.2681186680e-02 
1260.000  3.6372223100e-01  4.2457118990e-02 
1261.000  3.6150525500e-01  4.2069095610e-02 
1262.000  3.5047405900e-01  4.0575347900e-02 
1263.000  3.5345092800e-01  4.0868701930e-02 
1264.000  3.4711137300e-01  4.0112262730e-02 
1265.000  3.4743388900e-01  4.0143905640e-02 
1266.000  3.4829252600e-01  4.0170581820e-02 
1267.000  3.4021923900e-01  3.9168586730e-02 
1268.000  3.3513360100e-01  3.8517524720e-02 
1269.000  3.3748602700e-01  3.8758850100e-02 
1270.000  3.4566498200e-01  3.9876880650e-02 
1271.000  3.4958404900e-01  4.0397918700e-02 
1272.000  3.5016904700e-01  4.0544933320e-02 
1273.000  3.5133051200e-01  4.0780467990e-02 
1274.000  3.5103073800e-01  4.0871120450e-02 
1275.000  3.5397073600e-01  4.1252365110e-02 
1276.000  3.5505508100e-01  4.1382072450e-02 
1277.000  3.5509567900e-01  4.1360134120e-02 
1278.000  3.5440797200e-01  4.1240142820e-02 
1279.000  3.5238481000e-01  4.1008190160e-02 
1280.000  3.5128635500e-01  4.0978935240e-02 
1281.000  3.4221094200e-01  4.0009880070e-02 
1282.000  3.0465225400e-01  3.5698745730e-02 
1283.000  3.3486707900e-01  3.9274837490e-02 
1284.000  3.4874813300e-01  4.0903579710e-02 
1285.000  3.5158972900e-01  4.1249736790e-02 
1286.000  3.5104517300e-01  4.1115135190e-02 
1287.000  3.5231470500e-01  4.1146457670e-02 
1288.000  3.4682658500e-01  4.0126399990e-02 
1289.000  3.4787830900e-01  4.0124023440e-02 
1290.000  3.3976068900e-01  3.9158908840e-02 
1291.000  3.4499419300e-01  3.9781681060e-02 
1292.000  3.4786512900e-01  4.0218669890e-02 
1293.000  3.4830433200e-01  4.0244186400e-02 
1294.000  3.4136321000e-01  3.9245914460e-02 
1295.000  3.4270943900e-01  3.9124034880e-02 
1296.000  3.4051841900e-01  3.8600337980e-02 
1297.000  3.3642203700e-01  3.7925434110e-02 
1298.000  3.3323276200e-01  3.7529621120e-02 
1299.000  3.3645654300e-01  3.7856609340e-02 
1300.000  3.3476667300e-01  3.7625843050e-02 
1301.000  3.3378645500e-01  3.7440925600e-02 
1302.000  3.2810633800e-01  3.6632640840e-02 
1303.000  3.2213324200e-01  3.5540866850e-02 
1304.000  3.2076491300e-01  3.5199707030e-02 
1305.000  3.2201460700e-01  3.5245471950e-02 
1306.000  3.2179745100e-01  3.5127487180e-02 
1307.000  3.1978451400e-01  3.4799026490e-02 
1308.000  3.1681252100e-01  3.4210590360e-02 
1309.000  3.1288102300e-01  3.3444446560e-02 
1310.000  3.1115768700e-01  3.3217384340e-02 
1311.000  3.1030480800e-01  3.3112224580e-02 
1312.000  3.0487767200e-01  3.2161464690e-02 
1313.000  2.8877693700e-01  3.0057401660e-02 
1314.000  2.9329681300e-01  3.0160057070e-02 
1315.000  2.8552320600e-01  2.9507881160e-02 
1316.000  2.9549866300e-01  3.0771640780e-02 
1317.000  2.9850253300e-01  3.1060359950e-02 
1318.000  2.8911318200e-01  2.9651351930e-02 
1319.000  2.8547109800e-01  2.8693664550e-02 
1320.000  2.7475955700e-01  2.6929162980e-02 
1321.000  2.7022696700e-01  2.6189613340e-02 
1322.000  2.7529630800e-01  2.7103130340e-02 
1323.000  2.8218313200e-01  2.8208950040e-02 
1324.000  2.8544564100e-01  2.8751506810e-02 
1325.000  2.8306326100e-01  2.8337146760e-02 
1326.000  2.7598456700e-01  2.7185121540e-02 
1327.000  2.6145701600e-01  2.4737392430e-02 
1328.000  2.4833038200e-01  2.2311504360e-02 
1329.000  2.1424921000e-01  1.7487812040e-02 
1330.000  2.0820349400e-01  1.6394824980e-02 
1331.000  2.0271716900e-01  1.5587152480e-02 
1332.000  2.0052219100e-01  1.5505823140e-02 
1333.000  2.1153481000e-01  1.6673957820e-02 
1334.000  2.1995514800e-01  1.7788040160e-02 
1335.000  2.2590020800e-01  1.8611263280e-02 
1336.000  2.2579408400e-01  1.8717573170e-02 
1337.000  2.2834974600e-01  1.8971759800e-02 
1338.000  2.3210362000e-01  1.9549531940e-02 
1339.000  2.3261755000e-01  1.9686296460e-02 
1340.000  2.3423903500e-01  2.0058736800e-02 
1341.000  2.3819550800e-01  2.0196355820e-02 
1342.000  2.3809799100e-01  2.0186719890e-02 
1343.000  2.2906252000e-01  1.8442935940e-02 
1344.000  2.1520598900e-01  1.6308868410e-02 
1345.000  1.7805332300e-01  1.1634073260e-02 
1346.000  1.5187860600e-01  8.6918897630e-03 
1347.000  1.3471153000e-01  7.0657262800e-03 
1348.000  1.1167951700e-01  4.9101147650e-03 
1349.000  1.0157588390e-01  4.1514930730e-03 
1350.000  7.9122102000e-02  2.5531308650e-03 
1351.000  6.8306330400e-02  1.9681743380e-03 
1352.000  5.2245962200e-02  1.1642866130e-03 
1353.000  3.7031427400e-02  6.3743847610e-04 
1354.000  2.9610016700e-02  4.2558297510e-04 
1355.000  2.2989671400e-02  2.7271512150e-04 
1356.000  1.7384952500e-02  1.6592116650e-04 
1357.000  1.1883089730e-02  8.3595931530e-05 
1358.000  8.7943084300e-03  5.1047537480e-05 
1359.000  4.6371920100e-03  1.7331898210e-05 
1360.000  3.0667201700e-03  9.1127986090e-06 
1361.000  2.2822906300e-03  5.4234419950e-06 
1362.000  2.1000790200e-03  4.7698733400e-06 
1363.000  3.0298727400e-03  8.3248214800e-06 
1364.000  3.5132273300e-03  1.0423699390e-05 
1365.000  3.6785389800e-03  1.0997431350e-05 
1366.000  4.2481001000e-03  1.3735641730e-05 
1367.000  3.5684721900e-03  1.0760356670e-05 
1368.000  3.1641452900e-03  9.3005876990e-06 
1369.000  3.2446897600e-03  9.7844703120e-06 
1370.000  5.3662055500e-03  2.2704781960e-05 
1371.000  9.5567487900e-03  5.6879349050e-05 
1372.000  1.7696185600e-02  1.5726651250e-04 
1373.000  2.5103505700e-02  2.7762585880e-04 
1374.000  3.0483512400e-02  3.8412761690e-04 
1375.000  3.2500771200e-02  4.3124431370e-04 
1376.000  3.0145812400e-02  3.8230869170e-04 
1377.000  2.6837270500e-02  3.1222286820e-04 
1378.000  2.0455583600e-02  1.9896778460e-04 
1379.000  1.4046714170e-02  1.0736312720e-04 
1380.000  7.9668988200e-03  4.2861953380e-05 
1381.000  4.6085484500e-03  1.7867697400e-05 
1382.000  3.2226952600e-03  1.0081499810e-05 
1383.000  3.1180841000e-03  9.4154262920e-06 
1384.000  5.0718377600e-03  2.0303823050e-05 
1385.000  7.2001190800e-03  3.5578958690e-05 
1386.000  1.0997432990e-02  7.0148251950e-05 
1387.000  2.0206265900e-02  1.9299480320e-04 
1388.000  2.6781573600e-02  3.0301740770e-04 
1389.000  3.0763929700e-02  3.8610032200e-04 
1390.000  3.1403255000e-02  4.0344884990e-04 
1391.000  2.9315317900e-02  3.5860311990e-04 
1392.000  2.2163644700e-02  2.2661383450e-04 
1393.000  1.6942366300e-02  1.4765195550e-04 
1394.000  1.2979789210e-02  9.6308745440e-05 
1395.000  1.4631319600e-02  1.1667811130e-04 
1396.000  2.0077394200e-02  1.9279558960e-04 
1397.000  2.5909745700e-02  2.9324769970e-04 
1398.000  2.6682541300e-02  3.0636370180e-04 
1399.000  2.4913594000e-02  2.7762064340e-04 
1400.000  2.3296328400e-02  2.5210830570e-04 
1401.000  2.4765188500e-02  2.8242915870e-04 
1402.000  3.0702110400e-02  3.9364629980e-04 
1403.000  3.5348475100e-02  5.0969195370e-04 
1404.000  3.3248404000e-02  4.5791086550e-04 
1405.000  3.4826950600e-02  5.0526875260e-04 
1406.000  3.2294380500e-02  4.4153982400e-04 
1407.000  3.3492471200e-02  4.8116785290e-04 
1408.000  4.0143051000e-02  6.4418047670e-04 
1409.000  4.7056749900e-02  8.5127776860e-04 
1410.000  5.7714585000e-02  1.1924734120e-03 
1411.000  6.8649106500e-02  1.6366323230e-03 
1412.000  6.6322911000e-02  1.5776362420e-03 
1413.000  7.3147871800e-02  1.8840340380e-03 
1414.000  7.2118858800e-02  1.8076262470e-03 
1415.000  7.9726250600e-02  2.1970965860e-03 
1416.000  8.5660055300e-02  2.4822103980e-03 
1417.000  8.7865476900e-02  2.6123676300e-03 
1418.000  8.8648477400e-02  2.6352992060e-03 
1419.000  8.8463843100e-02  2.6721920970e-03 
1420.000  9.0564820300e-02  2.7716083530e-03 
1421.000  1.0185813340e-01  3.3947958950e-03 
1422.000  1.0428115280e-01  3.5841674800e-03 
1423.000  1.0544403640e-01  3.6895422940e-03 
1424.000  1.0508571450e-01  3.6538577080e-03 
1425.000  1.0389277920e-01  3.5429580210e-03 
1426.000  1.0016710190e-01  3.4173388480e-03 
1427.000  1.0609692070e-01  3.7367784980e-03 
1428.000  1.1205885360e-01  4.0338215830e-03 
1429.000  1.1366018120e-01  4.2087054250e-03 
1430.000  1.1089627900e-01  4.1041021350e-03 
1431.000  1.0331360730e-01  3.6644294260e-03 
1432.000  1.0101927280e-01  3.4865584370e-03 
1433.000  1.0073458520e-01  3.4665784840e-03 
1434.000  9.6082970800e-02  3.2333033080e-03 
1435.000  1.0315349190e-01  3.6222159860e-03 
1436.000  1.0572215870e-01  3.7771706580e-03 
1437.000  1.0740731900e-01  3.8711707590e-03 
1438.000  1.1386985150e-01  4.2812662120e-03 
1439.000  1.1597128910e-01  4.3754730220e-03 
1440.000  1.1119824140e-01  4.2485232350e-03 
1441.000  1.1810482930e-01  4.5448355670e-03 
1442.000  1.1328970650e-01  4.3017063140e-03 
1443.000  1.1532589600e-01  4.3894433980e-03 
1444.000  1.1792582070e-01  4.5423507690e-03 
1445.000  1.1816191970e-01  4.5684046750e-03 
1446.000  1.2367832060e-01  4.8983850480e-03 
1447.000  1.2705842100e-01  5.1415147780e-03 
1448.000  1.2850647200e-01  5.2220544820e-03 
1449.000  1.2598348060e-01  5.0527825360e-03 
1450.000  1.2047098880e-01  4.7295346260e-03 
1451.000  1.2181974340e-01  4.8416228290e-03 
1452.000  1.2715117200e-01  5.2705507280e-03 
1453.000  1.4168425600e-01  6.2274193760e-03 
1454.000  1.5417412200e-01  7.1748962400e-03 
1455.000  1.6014757500e-01  7.7137689590e-03 
1456.000  1.6725125300e-01  8.3291845320e-03 
1457.000  1.6994111100e-01  8.5088300700e-03 
1458.000  1.7326513600e-01  8.7384815220e-03 
1459.000  1.6839731700e-01  8.3142137530e-03 
1460.000  1.6072101300e-01  7.7896933560e-03 
1461.000  1.5763811100e-01  7.5760436060e-03 
1462.000  1.4915014900e-01  6.9699387550e-03 
1463.000  1.4816129600e-01  6.9445061680e-03 
1464.000  1.4624750500e-01  6.8093357090e-03 
1465.000  1.4300298600e-01  6.5217494960e-03 
1466.000  1.3327532500e-01  5.9156761170e-03 
1467.000  1.3230878200e-01  5.7604017260e-03 
1468.000  1.2416731590e-01  5.2871680260e-03 
1469.000  1.1778701060e-01  4.8190894130e-03 
1470.000  1.1437598280e-01  4.6192865370e-03 
1471.000  1.2137592650e-01  5.1847534180e-03 
1472.000  1.3365518100e-01  6.0858206750e-03 
1473.000  1.5020202400e-01  7.3753833770e-03 
1474.000  1.5743807100e-01  8.1672725680e-03 
1475.000  1.6023751600e-01  8.3496789930e-03 
1476.000  1.6049823100e-01  8.4014577870e-03 
1477.000  1.5705806200e-01  8.1373729710e-03 
1478.000  1.5091605700e-01  7.7421617510e-03 
1479.000  1.4792292200e-01  7.4649128910e-03 
1480.000  1.5100420500e-01  7.7658185960e-03 
1481.000  1.5382752800e-01  8.1261167530e-03 
1482.000  1.6077694000e-01  8.7477998730e-03 
1483.000  1.5899801800e-01  8.7475948330e-03 
1484.000  1.6002925100e-01  8.8583755490e-03 
1485.000  1.6232972900e-01  8.9969749450e-03 
1486.000  1.6370288000e-01  9.3134746550e-03 
1487.000  1.7372418400e-01  1.0361819270e-02 
1488.000  1.5224455900e-01  9.1594715120e-03 
1489.000  1.8683182200e-01  1.1933546070e-02 
1490.000  1.9766572300e-01  1.3277722360e-02 
1491.000  2.0472828800e-01  1.4144330980e-02 
1492.000  2.0101630100e-01  1.4018198970e-02 
1493.000  2.0844656900e-01  1.4808869360e-02 
1494.000  2.0814294800e-01  1.4893173220e-02 
1495.000  2.0986672100e-01  1.5296811100e-02 
1496.000  2.0950384300e-01  1.5658719060e-02 
1497.000  2.1461282700e-01  1.6148515700e-02 
1498.000  2.2169260800e-01  1.7048126220e-02 
1499.000  2.2268170400e-01  1.7480838780e-02 
1500.000  2.2954902800e-01  1.8317115780e-02 
1501.000  2.2824344400e-01  1.8220268250e-02 
1502.000  2.2456289500e-01  1.7895944600e-02 
1503.000  2.0060698100e-01  1.5985183720e-02 
1504.000  2.0994084900e-01  1.6859670640e-02 
1505.000  2.1256341000e-01  1.7340259550e-02 
1506.000  2.1549491400e-01  1.7665788650e-02 
1507.000  2.2831167000e-01  1.8985153200e-02 
1508.000  2.2630406100e-01  1.8999500270e-02 
1509.000  2.2882813900e-01  1.9404905320e-02 
1510.000  2.3292890000e-01  1.9875743870e-02 
1511.000  2.3507592200e-01  2.0207960130e-02 
1512.000  2.3139057700e-01  2.0006710050e-02 
1513.000  2.3130063100e-01  2.0094417570e-02 
1514.000  2.2813424300e-01  1.9885585780e-02 
1515.000  2.3343965200e-01  2.0468158720e-02 
1516.000  2.3153383100e-01  2.0373676300e-02 
1517.000  2.3091316700e-01  2.0423288350e-02 
1518.000  2.3663477100e-01  2.1093112950e-02 
1519.000  2.3485307400e-01  2.1114805220e-02 
1520.000  2.3845277300e-01  2.1670715330e-02 
1521.000  2.3506383500e-01  2.1512413020e-02 
1522.000  2.3370424400e-01  2.1448949810e-02 
1523.000  2.3973000600e-01  2.2092973710e-02 
1524.000  2.3764644700e-01  2.1933532710e-02 
1525.000  2.3191122800e-01  2.1428653720e-02 
1526.000  2.3854614900e-01  2.2092849730e-02 
1527.000  2.3643386100e-01  2.1980691910e-02 
1528.000  2.3853480200e-01  2.2277299880e-02 
1529.000  2.3778869300e-01  2.2247823720e-02 
1530.000  2.2293629500e-01  2.0947092060e-02 
1531.000  2.3857864200e-01  2.2499835970e-02 
1532.000  2.3744196400e-01  2.2480510710e-02 
1533.000  2.3648078900e-01  2.2456542970e-02 
1534.000  2.3300339200e-01  2.2188184740e-02 
1535.000  2.3399094600e-01  2.2345651630e-02 
1536.000  2.3712351500e-01  2.2708440780e-02 
1537.000  2.3806047700e-01  2.2886892320e-02 
1538.000  2.3173443500e-01  2.2370084760e-02 
1539.000  2.3674946600e-01  2.2943012240e-02 
1540.000  2.2820169700e-01  2.2186758040e-02 
1541.000  2.3301415400e-01  2.2707338330e-02 
1542.000  2.3440125700e-01  2.2886434560e-02 
1543.000  2.3376376300e-01  2.2879093170e-02 
1544.000  2.3676675100e-01  2.3236349110e-02 
1545.000  2.3767556900e-01  2.3404218670e-02 
1546.000  2.3789453900e-01  2.3505401610e-02 
1547.000  2.3558458600e-01  2.3350620270e-02 
1548.000  2.2862662500e-01  2.2725585940e-02 
1549.000  2.3448663600e-01  2.3360651020e-02 
1550.000  2.3316910500e-01  2.3277214050e-02 
1551.000  2.3194161500e-01  2.3186464310e-02 
1552.000  2.3589531300e-01  2.3612506870e-02 
1553.000  2.3466237300e-01  2.3528324130e-02 
1554.000  2.2606449000e-01  2.2695051190e-02 
1555.000  2.2983712600e-01  2.3117609020e-02 
1556.000  2.2544933700e-01  2.2727134700e-02 
1557.000  2.3283124200e-01  2.3532176970e-02 
1558.000  2.3098815500e-01  2.3393243790e-02 
1559.000  2.3100635100e-01  2.3439579010e-02 
1560.000  2.2701718500e-01  2.3087871550e-02 
1561.000  2.3231547400e-01  2.3656505580e-02 
1562.000  2.3220754900e-01  2.3656274800e-02 
1563.000  2.2873673000e-01  2.3322397230e-02 
1564.000  2.2407865200e-01  2.2857484820e-02 
1565.000  2.2733170000e-01  2.3192537310e-02 
1566.000  2.2302451300e-01  2.2787439350e-02 
1567.000  2.2266711100e-01  2.2757152560e-02 
1568.000  2.1751204600e-01  2.2219858170e-02 
1569.000  2.1769380200e-01  2.2221508030e-02 
1570.000  2.1163821000e-01  2.1602193830e-02 
1571.000  2.1730904500e-01  2.2214050290e-02 
1572.000  2.1714300900e-01  2.2216753010e-02 
1573.000  2.1384490900e-01  2.1924499510e-02 
1574.000  2.1468799200e-01  2.2067409520e-02 
1575.000  1.9946507300e-01  2.0545019150e-02 
1576.000  2.1429152200e-01  2.2096410750e-02 
1577.000  1.9357209900e-01  1.9975341800e-02 
1578.000  2.1192047000e-01  2.1885551450e-02 
1579.000  2.1324347200e-01  2.2047615050e-02 
1580.000  2.1779281400e-01  2.2558122630e-02 
1581.000  2.1634871700e-01  2.2429700850e-02 
1582.000  2.1219890700e-01  2.2064878460e-02 
1583.000  2.1500411200e-01  2.2419527050e-02 
1584.000  2.1327214000e-01  2.2303506850e-02 
1585.000  2.1971920100e-01  2.3034730910e-02 
1586.000  2.1695986400e-01  2.2782278060e-02 
1587.000  2.1469898400e-01  2.2600025180e-02 
1588.000  2.1154929900e-01  2.2320257190e-02 
1589.000  1.9354573500e-01  2.0450780870e-02 
1590.000  2.0851582300e-01  2.2060541150e-02 
1591.000  2.0384475300e-01  2.1590076450e-02 
1592.000  2.1451923200e-01  2.2730754850e-02 
1593.000  2.1913456600e-01  2.3223899840e-02 
1594.000  2.1725965300e-01  2.3030645370e-02 
1595.000  2.1823261100e-01  2.3141942980e-02 
1596.000  2.0442588300e-01  2.1702507020e-02 
1597.000  2.1201611400e-01  2.2508266450e-02 
1598.000  2.1493087300e-01  2.2808057790e-02 
1599.000  2.0649416400e-01  2.1895164490e-02 
1600.000  2.0894641600e-01  2.2145442960e-02 
1601.000  2.0015023700e-01  2.1236236570e-02 
1602.000  2.0501711400e-01  2.1782087330e-02 
1603.000  2.0378940000e-01  2.1704137800e-02 
1604.000  2.0683379400e-01  2.2087614060e-02 
1605.000  2.0377545300e-01  2.1793178560e-02 
1606.000  2.0313690100e-01  2.1763401030e-02 
1607.000  2.0382434100e-01  2.1833761220e-02 
1608.000  2.0601852300e-01  2.2066457750e-02 
1609.000  2.0522647200e-01  2.1990156170e-02 
1610.000  1.9256717000e-01  2.0645225520e-02 
1611.000  1.9871360700e-01  2.1340185170e-02 
1612.000  2.0118167400e-01  2.1644121170e-02 
1613.000  2.0620094700e-01  2.2222131730e-02 
1614.000  2.0417665800e-01  2.2010042190e-02 
1615.000  2.0794775500e-01  2.2447891240e-02 
1616.000  1.9522997800e-01  2.1097419740e-02 
1617.000  2.0133363200e-01  2.1811031340e-02 
1618.000  2.0760643400e-01  2.2517271040e-02 
1619.000  2.0732525800e-01  2.2542079930e-02 
1620.000  2.0243495500e-01  2.2063072200e-02 
1621.000  1.9970843000e-01  2.1807064060e-02 
1622.000  2.0473456400e-01  2.2370786670e-02 
1623.000  2.0901507600e-01  2.2864625930e-02 
1624.000  2.1054306900e-01  2.3051856990e-02 
1625.000  2.0552871600e-01  2.2547716140e-02 
1626.000  2.0782945500e-01  2.2790039060e-02 
1627.000  2.0759094200e-01  2.2787391660e-02 
1628.000  2.0916821900e-01  2.2970199580e-02 
1629.000  2.0903179500e-01  2.2962181090e-02 
1630.000  2.0316931300e-01  2.2314102170e-02 
1631.000  2.0634647100e-01  2.2675035480e-02 
1632.000  2.0617389300e-01  2.2624017720e-02 
1633.000  2.0345354200e-01  2.2316598890e-02 
1634.000  1.9849258400e-01  2.1754829410e-02 
1635.000  2.0381327500e-01  2.2332031250e-02 
1636.000  2.0304756000e-01  2.2234531400e-02 
1637.000  1.9373725100e-01  2.1201156620e-02 
1638.000  1.9232172200e-01  2.1042190550e-02 
1639.000  1.9003926500e-01  2.0767478940e-02 
1640.000  1.9098537200e-01  2.0860439300e-02 
1641.000  1.8962181500e-01  2.0704301830e-02 
1642.000  1.8938412300e-01  2.0715412140e-02 
1643.000  1.9418334200e-01  2.1268836980e-02 
1644.000  1.9111178900e-01  2.0956607820e-02 
1645.000  1.9141052200e-01  2.1007900240e-02 
1646.000  1.9371036200e-01  2.1293766020e-02 
1647.000  1.9551109100e-01  2.1502529140e-02 
1648.000  1.9462760000e-01  2.1403860090e-02 
1649.000  1.9015580800e-01  2.0919672010e-02 
1650.000  1.9497409700e-01  2.1462450030e-02 
1651.000  1.9062109800e-01  2.0986244200e-02 
1652.000  1.9441109800e-01  2.1396903990e-02 
1653.000  1.9240968100e-01  2.1190469740e-02 
1654.000  1.9456785200e-01  2.1435550690e-02 
1655.000  1.9088282000e-01  2.1048240660e-02 
1656.000  1.9470556900e-01  2.1483732220e-02 
1657.000  1.9329170200e-01  2.1334417340e-02 
1658.000  1.9451067100e-01  2.1487785340e-02 
1659.000  1.9097290700e-01  2.1103885650e-02 
1660.000  1.9318001700e-01  2.1342878340e-02 
1661.000  1.9393416000e-01  2.1420873640e-02 
1662.000  1.9247636100e-01  2.1234262470e-02 
1663.000  1.9120205800e-01  2.1082044600e-02 
1664.000  1.9031033500e-01  2.0970720290e-02 
1665.000  1.8836962700e-01  2.0738353730e-02 
1666.000  1.8760007000e-01  2.0666149140e-02 
1667.000  1.8951602500e-01  2.0921817780e-02 
1668.000  1.8630509300e-01  2.0582773210e-02 
1669.000  1.8683016400e-01  2.0665472030e-02 
1670.000  1.9103059700e-01  2.1157159810e-02 
1671.000  1.8963331900e-01  2.1016590120e-02 
1672.000  1.8065149500e-01  2.0040683750e-02 
1673.000  1.8581198000e-01  2.0615814210e-02 
1674.000  1.8656148100e-01  2.0708021160e-02 
1675.000  1.8482946900e-01  2.0535556790e-02 
1676.000  1.8184092300e-01  2.0206001280e-02 
1677.000  1.8277110700e-01  2.0312862400e-02 
1678.000  1.8378387800e-01  2.0437377930e-02 
1679.000  1.8134264400e-01  2.0164594650e-02 
1680.000  1.7512693600e-01  1.9484624860e-02 
1681.000  1.6905686100e-01  1.8813934330e-02 
1682.000  1.7393952200e-01  1.9355079650e-02 
1683.000  1.7822950100e-01  1.9824291230e-02 
1684.000  1.8152334200e-01  2.0183380130e-02 
1685.000  1.8204283300e-01  2.0215812680e-02 
1686.000  1.7984678900e-01  1.9965772630e-02 
1687.000  1.8054201100e-01  1.9998985290e-02 
1688.000  1.8063494000e-01  1.9972423550e-02 
1689.000  1.7845598600e-01  1.9723312380e-02 
1690.000  1.7831070700e-01  1.9665563580e-02 
1691.000  1.8061756500e-01  1.9916345600e-02 
1692.000  1.8094300400e-01  1.9954364780e-02 
1693.000  1.8030354200e-01  1.9891874310e-02 
1694.000  1.8003426200e-01  1.9864454270e-02 
1695.000  1.8008028200e-01  1.9851507190e-02 
1696.000  1.7902641100e-01  1.9718982700e-02 
1697.000  1.7790016700e-01  1.9563993450e-02 
1698.000  1.7895527400e-01  1.9655447010e-02 
1699.000  1.7779955000e-01  1.9510606770e-02 
1700.000  1.7554843200e-01  1.9247253420e-02 
