 lambda   Irr_dw            Rad_up 
 550.000  1.5545624000e+00  2.5185403440e-01 
 551.000  1.5441659000e+00  2.5015596010e-01 
 552.000  1.6099568000e+00  2.6084008790e-01 
 553.000  1.5462218000e+00  2.5049182130e-01 
 554.000  1.5960722000e+00  2.5858370970e-01 
 555.000  1.5999161000e+00  2.5917105100e-01 
 556.000  1.5552154000e+00  2.5189605710e-01 
 557.000  1.5085156000e+00  2.4434754940e-01 
 558.000  1.5652595000e+00  2.5350360110e-01 
 559.000  1.4790032000e+00  2.3952088930e-01 
 560.000  1.4850130000e+00  2.4050222780e-01 
 561.000  1.6315743000e+00  2.6419335940e-01 
 562.000  1.4971860000e+00  2.4239361570e-01 
 563.000  1.5659206000e+00  2.5347238160e-01 
 564.000  1.5434252000e+00  2.4975212100e-01 
 565.000  1.5613368000e+00  2.5261265560e-01 
 566.000  1.4391273000e+00  2.3279815670e-01 
 567.000  1.5432022000e+00  2.4942221070e-01 
 568.000  1.5384037000e+00  2.4791537480e-01 
 569.000  1.5061992000e+00  2.4114370730e-01 
 570.000  1.5138889000e+00  2.4262066650e-01 
 571.000  1.4607153000e+00  2.3521034240e-01 
 572.000  1.5427655000e+00  2.4734602360e-01 
 573.000  1.5590005000e+00  2.5027091980e-01 
 574.000  1.5502120000e+00  2.4893844600e-01 
 575.000  1.5119707000e+00  2.4270590210e-01 
 576.000  1.4842608000e+00  2.3822047420e-01 
 577.000  1.5458042000e+00  2.4837030030e-01 
 578.000  1.5007907000e+00  2.4157034300e-01 
 579.000  1.4893121000e+00  2.3994908140e-01 
 580.000  1.5405520000e+00  2.4839997860e-01 
 581.000  1.5127571000e+00  2.4421086120e-01 
 582.000  1.5353216000e+00  2.4793905640e-01 
 583.000  1.5458059000e+00  2.4966802980e-01 
 584.000  1.5406843000e+00  2.4880471800e-01 
 585.000  1.5303119000e+00  2.4707441710e-01 
 586.000  1.4643334000e+00  2.3641334530e-01 
 587.000  1.5211485000e+00  2.4496286010e-01 
 588.000  1.5043961000e+00  2.4004667660e-01 
 589.000  1.3326819000e+00  2.0980253600e-01 
 590.000  1.3913026000e+00  2.1884677120e-01 
 591.000  1.4786860000e+00  2.3464732360e-01 
 592.000  1.4499603000e+00  2.2894921880e-01 
 593.000  1.4656392000e+00  2.3377975460e-01 
 594.000  1.4787448000e+00  2.3532600400e-01 
 595.000  1.4499647000e+00  2.2907348630e-01 
 596.000  1.4862955000e+00  2.3725170900e-01 
 597.000  1.4905180000e+00  2.3737722780e-01 
 598.000  1.4601345000e+00  2.3357250980e-01 
 599.000  1.4605196000e+00  2.3407714840e-01 
 600.000  1.4610037000e+00  2.3511752320e-01 
 601.000  1.4528647000e+00  2.3448915100e-01 
 602.000  1.4369686000e+00  2.3214598080e-01 
 603.000  1.4456225000e+00  2.3379086300e-01 
 604.000  1.4913822000e+00  2.4140357970e-01 
 605.000  1.4875034000e+00  2.4081921390e-01 
 606.000  1.4701688000e+00  2.3806962590e-01 
 607.000  1.4618077000e+00  2.3672343440e-01 
 608.000  1.4563455000e+00  2.3582722470e-01 
 609.000  1.4412980000e+00  2.3340876770e-01 
 610.000  1.4181169000e+00  2.2963920590e-01 
 611.000  1.4410389000e+00  2.3336982730e-01 
 612.000  1.4221744000e+00  2.3033316040e-01 
 613.000  1.4012961000e+00  2.2694671630e-01 
 614.000  1.3501250000e+00  2.1868336490e-01 
 615.000  1.4152389000e+00  2.2920953370e-01 
 616.000  1.3455215000e+00  2.1794363400e-01 
 617.000  1.3530236000e+00  2.1916557310e-01 
 618.000  1.4167601000e+00  2.2945429990e-01 
 619.000  1.4036782000e+00  2.2736070250e-01 
 620.000  1.4243102000e+00  2.3065878300e-01 
 621.000  1.4486912000e+00  2.3459141540e-01 
 622.000  1.3721742000e+00  2.2216252140e-01 
 623.000  1.3827558000e+00  2.2379563900e-01 
 624.000  1.3841252000e+00  2.2402088930e-01 
 625.000  1.3465267000e+00  2.1790927120e-01 
 626.000  1.3532155000e+00  2.1881909180e-01 
 627.000  1.3755168000e+00  2.2164259340e-01 
 628.000  1.3562337000e+00  2.1705409240e-01 
 629.000  1.3906074000e+00  2.2310475160e-01 
 630.000  1.3445291000e+00  2.1639283750e-01 
 631.000  1.3939503000e+00  2.2459796140e-01 
 632.000  1.2982457000e+00  2.0856465150e-01 
 633.000  1.3937632000e+00  2.2471420290e-01 
 634.000  1.3519261000e+00  2.1821989440e-01 
 635.000  1.3765918000e+00  2.2219325260e-01 
 636.000  1.3280859000e+00  2.1451248170e-01 
 637.000  1.3718851000e+00  2.2168663020e-01 
 638.000  1.3933015000e+00  2.2552445980e-01 
 639.000  1.3817409000e+00  2.2362084960e-01 
 640.000  1.3383881000e+00  2.1684933470e-01 
 641.000  1.3576590000e+00  2.1995581050e-01 
 642.000  1.3413502000e+00  2.1744303890e-01 
 643.000  1.3646710000e+00  2.2094413760e-01 
 644.000  1.3489676000e+00  2.1836865230e-01 
 645.000  1.3605816000e+00  2.1987268070e-01 
 646.000  1.3082926000e+00  2.0980517580e-01 
 647.000  1.3257580000e+00  2.1149465940e-01 
 648.000  1.3231248000e+00  2.0993197630e-01 
 649.000  1.3495165000e+00  2.1508583070e-01 
 650.000  1.2509217000e+00  2.0125556950e-01 
 651.000  1.3474259000e+00  2.1676341250e-01 
 652.000  1.3210073000e+00  2.1074823000e-01 
 653.000  1.3480490000e+00  2.1710285950e-01 
 654.000  1.3302958000e+00  2.1396069340e-01 
 655.000  1.2950083000e+00  2.0754048160e-01 
 656.000  1.0994596800e+00  1.7639524840e-01 
 657.000  1.1734883800e+00  1.8862278750e-01 
 658.000  1.3072314000e+00  2.1083264160e-01 
 659.000  1.3104362000e+00  2.1173294070e-01 
 660.000  1.3207123000e+00  2.1356848140e-01 
 661.000  1.3266138000e+00  2.1507542420e-01 
 662.000  1.3457311000e+00  2.1841664120e-01 
 663.000  1.3307104000e+00  2.1590782170e-01 
 664.000  1.3095480000e+00  2.1256132510e-01 
 665.000  1.3152186000e+00  2.1354638670e-01 
 666.000  1.3310420000e+00  2.1624119570e-01 
 667.000  1.3046007000e+00  2.1198561100e-01 
 668.000  1.3119919000e+00  2.1331153870e-01 
 669.000  1.3306736000e+00  2.1641206360e-01 
 670.000  1.3150323000e+00  2.1384936520e-01 
 671.000  1.3007733000e+00  2.1157167050e-01 
 672.000  1.2966151400e+00  2.1090486150e-01 
 673.000  1.3058335500e+00  2.1240611270e-01 
 674.000  1.3083184000e+00  2.1283120730e-01 
 675.000  1.2883127000e+00  2.0957188420e-01 
 676.000  1.3125888700e+00  2.1353851320e-01 
 677.000  1.2864343600e+00  2.0930439760e-01 
 678.000  1.3076862700e+00  2.1276281740e-01 
 679.000  1.2891761700e+00  2.0972827150e-01 
 680.000  1.2792131300e+00  2.0804890440e-01 
 681.000  1.2805122100e+00  2.0818577580e-01 
 682.000  1.2778067800e+00  2.0771081540e-01 
 683.000  1.2861327100e+00  2.0900224300e-01 
 684.000  1.2628171000e+00  2.0509631350e-01 
 685.000  1.2770580000e+00  2.0749667360e-01 
 686.000  1.2207248800e+00  1.9806709290e-01 
 687.000  1.1278527500e+00  1.7767507930e-01 
 688.000  1.1580092800e+00  1.8420983890e-01 
 689.000  1.1524155000e+00  1.8276409910e-01 
 690.000  1.1731617700e+00  1.8701274110e-01 
 691.000  1.1970899700e+00  1.9176313780e-01 
 692.000  1.2002417900e+00  1.9233200070e-01 
 693.000  1.1990652100e+00  1.8989323430e-01 
 694.000  1.2009867400e+00  1.8815925600e-01 
 695.000  1.1881238700e+00  1.8716043090e-01 
 696.000  1.2066698300e+00  1.9073434450e-01 
 697.000  1.2300067200e+00  1.9790475460e-01 
 698.000  1.2026450900e+00  1.9271398930e-01 
 699.000  1.2057032600e+00  1.9012210080e-01 
 700.000  1.1945750400e+00  1.8882919310e-01 
 701.000  1.1635904700e+00  1.8325061040e-01 
 702.000  1.1607508500e+00  1.8326359560e-01 
 703.000  1.1925818400e+00  1.9078480530e-01 
 704.000  1.1965437400e+00  1.9152427670e-01 
 705.000  1.1991094900e+00  1.9086344910e-01 
 706.000  1.1875206200e+00  1.8921594240e-01 
 707.000  1.1717949700e+00  1.8707923890e-01 
 708.000  1.2082225000e+00  1.9329916380e-01 
 709.000  1.1701373000e+00  1.8801890560e-01 
 710.000  1.1914498700e+00  1.9051463320e-01 
 711.000  1.1848840100e+00  1.9036180110e-01 
 712.000  1.1728956700e+00  1.8922000120e-01 
 713.000  1.1640519500e+00  1.8714852910e-01 
 714.000  1.1824188900e+00  1.8984983830e-01 
 715.000  1.1349440200e+00  1.8119894410e-01 
 716.000  1.1581664600e+00  1.8383398440e-01 
 717.000  1.0851483900e+00  1.6644065860e-01 
 718.000  1.0523382100e+00  1.5802441410e-01 
 719.000  1.0304393800e+00  1.5350503540e-01 
 720.000  1.0234509500e+00  1.5076502990e-01 
 721.000  1.0851436400e+00  1.6795697020e-01 
 722.000  1.1229914100e+00  1.7685792540e-01 
 723.000  1.1075422400e+00  1.7268424990e-01 
 724.000  1.0771714300e+00  1.6329577640e-01 
 725.000  1.0706742600e+00  1.6296023560e-01 
 726.000  1.0668381500e+00  1.6217459110e-01 
 727.000  1.0876961400e+00  1.6599133300e-01 
 728.000  1.0632248400e+00  1.6158494570e-01 
 729.000  1.0341606700e+00  1.5885337830e-01 
 730.000  1.0697687800e+00  1.6404382320e-01 
 731.000  1.0490830500e+00  1.6056204220e-01 
 732.000  1.0918907200e+00  1.7013079830e-01 
 733.000  1.0967461300e+00  1.7393299870e-01 
 734.000  1.1299507000e+00  1.8073542790e-01 
 735.000  1.1169715200e+00  1.7811035160e-01 
 736.000  1.0893025600e+00  1.7274012760e-01 
 737.000  1.1086138800e+00  1.7653242490e-01 
 738.000  1.1124288500e+00  1.7818171690e-01 
 739.000  1.0792339900e+00  1.7331681820e-01 
 740.000  1.0957893900e+00  1.7698033140e-01 
 741.000  1.0906754900e+00  1.7677714540e-01 
 742.000  1.0741645200e+00  1.7436204530e-01 
 743.000  1.1090525300e+00  1.8060446170e-01 
 744.000  1.1209629900e+00  1.8281987000e-01 
 745.000  1.0928967000e+00  1.7845979310e-01 
 746.000  1.1089315500e+00  1.8122906490e-01 
 747.000  1.1256296300e+00  1.8397737120e-01 
 748.000  1.1061657900e+00  1.8091387940e-01 
 749.000  1.1066534100e+00  1.8105772400e-01 
 750.000  1.0900353400e+00  1.7827709960e-01 
 751.000  1.0872239600e+00  1.7783418270e-01 
 752.000  1.1043634500e+00  1.8075538640e-01 
 753.000  1.0940735800e+00  1.7911299130e-01 
 754.000  1.1112960100e+00  1.8196408080e-01 
 755.000  1.1049179300e+00  1.8093623350e-01 
 756.000  1.0832908100e+00  1.7741152950e-01 
 757.000  1.0912588500e+00  1.7873080440e-01 
 758.000  1.0889358400e+00  1.7829579160e-01 
 759.000  1.0059333400e+00  1.6212442020e-01 
 760.000  5.1275460000e-01  7.0206237790e-02 
 761.000  4.6311274000e-01  6.1951438900e-02 
 762.000  7.4034266000e-01  1.1122012330e-01 
 763.000  6.7141747000e-01  9.7711936950e-02 
 764.000  7.1783815000e-01  1.0612957760e-01 
 765.000  8.2023455000e-01  1.2560736850e-01 
 766.000  8.8751295000e-01  1.4042602540e-01 
 767.000  9.5141839000e-01  1.5275128170e-01 
 768.000  1.0225907400e+00  1.6575462340e-01 
 769.000  1.0403392800e+00  1.6969929500e-01 
 770.000  1.0454581000e+00  1.7103933720e-01 
 771.000  1.0510947300e+00  1.7225979610e-01 
 772.000  1.0481650300e+00  1.7186526490e-01 
 773.000  1.0442296600e+00  1.7126782230e-01 
 774.000  1.0557293200e+00  1.7320075990e-01 
 775.000  1.0162117800e+00  1.6675791930e-01 
 776.000  1.0581551200e+00  1.7369213870e-01 
 777.000  1.0508020700e+00  1.7249722290e-01 
 778.000  1.0451261000e+00  1.7156176760e-01 
 779.000  1.0484891800e+00  1.7210748290e-01 
 780.000  1.0354742300e+00  1.6999060060e-01 
 781.000  1.0338671100e+00  1.6977529910e-01 
 782.000  1.0462870100e+00  1.7179023740e-01 
 783.000  1.0218003700e+00  1.6780181880e-01 
 784.000  1.0273545000e+00  1.6867118840e-01 
 785.000  1.0291679000e+00  1.6873802190e-01 
 786.000  1.0100827200e+00  1.6529510500e-01 
 787.000  1.0219177900e+00  1.6647991940e-01 
 788.000  1.0049605000e+00  1.6335861210e-01 
 789.000  1.0049499900e+00  1.6206251530e-01 
 790.000  9.9426445000e-01  1.6022122190e-01 
 791.000  9.9022787000e-01  1.5982679750e-01 
 792.000  9.7551894000e-01  1.5766697690e-01 
 793.000  9.7684986000e-01  1.5840573120e-01 
 794.000  9.7172890000e-01  1.5869601440e-01 
 795.000  9.6342000000e-01  1.5664389040e-01 
 796.000  9.7165588000e-01  1.5628292850e-01 
 797.000  9.8007878000e-01  1.5815234380e-01 
 798.000  9.8575462000e-01  1.6019789120e-01 
 799.000  9.8375244000e-01  1.5961134340e-01 
 800.000  9.5437189000e-01  1.5406385800e-01 
 801.000  9.7261237000e-01  1.5711369320e-01 
 802.000  9.7025873000e-01  1.5665296940e-01 
 803.000  9.5694389000e-01  1.5463670350e-01 
 804.000  9.6732475000e-01  1.5672001650e-01 
 805.000  9.4412973000e-01  1.5369366460e-01 
 806.000  9.7168282000e-01  1.5861949160e-01 
 807.000  9.6574983000e-01  1.5769583130e-01 
 808.000  9.5887684000e-01  1.5632144170e-01 
 809.000  9.4116288000e-01  1.5313897710e-01 
 810.000  9.3530828000e-01  1.5186146550e-01 
 811.000  9.4687569000e-01  1.5311970520e-01 
 812.000  9.3902016000e-01  1.5094718930e-01 
 813.000  9.2912187000e-01  1.4829957580e-01 
 814.000  9.1996443000e-01  1.4553208920e-01 
 815.000  9.0012768000e-01  1.4081976320e-01 
 816.000  8.7902274000e-01  1.3561856080e-01 
 817.000  8.8506910000e-01  1.3664434810e-01 
 818.000  8.8075370000e-01  1.3610952760e-01 
 819.000  8.6120877000e-01  1.3373580930e-01 
 820.000  8.5877247000e-01  1.3543594360e-01 
 821.000  9.0408312000e-01  1.4513757320e-01 
 822.000  8.6610216000e-01  1.3714636230e-01 
 823.000  8.4192533000e-01  1.2852093510e-01 
 824.000  8.8534566000e-01  1.3940322880e-01 
 825.000  9.0320921000e-01  1.4521844480e-01 
 826.000  9.0552599000e-01  1.4508039860e-01 
 827.000  9.0012102000e-01  1.4383393860e-01 
 828.000  8.8568504000e-01  1.3963209530e-01 
 829.000  8.8974563000e-01  1.4094473270e-01 
 830.000  8.8054348000e-01  1.4025932310e-01 
 831.000  8.6616947000e-01  1.3815559390e-01 
 832.000  8.8432170000e-01  1.4114262390e-01 
 833.000  8.5948917000e-01  1.3765573120e-01 
 834.000  8.7529996000e-01  1.4073208620e-01 
 835.000  8.8270627000e-01  1.4296684270e-01 
 836.000  8.9112473000e-01  1.4403744510e-01 
 837.000  8.8350652000e-01  1.4277046200e-01 
 838.000  8.8932234000e-01  1.4425604250e-01 
 839.000  8.6305708000e-01  1.4030862430e-01 
 840.000  8.8667729000e-01  1.4425578310e-01 
 841.000  8.8744135000e-01  1.4403259280e-01 
 842.000  8.8319961000e-01  1.4365545650e-01 
 843.000  8.8017884000e-01  1.4395481870e-01 
 844.000  8.6688258000e-01  1.4213331600e-01 
 845.000  8.8061378000e-01  1.4455490110e-01 
 846.000  8.8903228000e-01  1.4613648990e-01 
 847.000  8.5899239000e-01  1.4141099550e-01 
 848.000  8.8322932000e-01  1.4507962040e-01 
 849.000  8.8495128000e-01  1.4543542480e-01 
 850.000  7.6468716000e-01  1.2551818850e-01 
 851.000  8.7547890000e-01  1.4351440430e-01 
 852.000  8.4230639000e-01  1.3812063600e-01 
 853.000  8.5285211000e-01  1.4012622070e-01 
 854.000  6.8560004000e-01  1.1265222930e-01 
 855.000  7.5503262000e-01  1.2421412660e-01 
 856.000  8.5739244000e-01  1.4134291080e-01 
 857.000  8.7131420000e-01  1.4380966190e-01 
 858.000  8.5745526000e-01  1.4159037780e-01 
 859.000  8.5754294000e-01  1.4176167300e-01 
 860.000  8.4996981000e-01  1.4060336300e-01 
 861.000  8.4985326000e-01  1.4060092160e-01 
 862.000  8.4707171000e-01  1.4016970830e-01 
 863.000  8.6325041000e-01  1.4289454650e-01 
 864.000  8.6152206000e-01  1.4260180660e-01 
 865.000  8.4546711000e-01  1.4001541140e-01 
 866.000  7.0916587000e-01  1.1747181700e-01 
 867.000  7.5516581000e-01  1.2503849030e-01 
 868.000  8.1899588000e-01  1.3564903260e-01 
 869.000  8.0749355000e-01  1.3375830080e-01 
 870.000  8.4078179000e-01  1.3931478880e-01 
 871.000  8.3958329000e-01  1.3911456300e-01 
 872.000  8.3619858000e-01  1.3851315310e-01 
 873.000  8.3952763000e-01  1.3909931950e-01 
 874.000  8.2110547000e-01  1.3602697750e-01 
 875.000  8.1353879000e-01  1.3482719420e-01 
 876.000  8.2026825000e-01  1.3590399170e-01 
 877.000  8.3659668000e-01  1.3856990050e-01 
 878.000  8.2214924000e-01  1.3612960820e-01 
 879.000  8.2404300000e-01  1.3646635440e-01 
 880.000  8.1920053000e-01  1.3555075070e-01 
 881.000  7.7658391000e-01  1.2848892210e-01 
 882.000  8.1942466000e-01  1.3549633790e-01 
 883.000  8.0073497000e-01  1.3251008610e-01 
 884.000  8.0753108000e-01  1.3372552490e-01 
 885.000  8.1572938000e-01  1.3481742860e-01 
 886.000  7.8887539000e-01  1.3021456910e-01 
 887.000  7.8085204000e-01  1.2904116820e-01 
 888.000  8.0421002000e-01  1.3285176090e-01 
 889.000  8.0965713000e-01  1.3389234920e-01 
 890.000  8.0698761000e-01  1.3332144170e-01 
 891.000  8.0215761000e-01  1.3223114010e-01 
 892.000  7.9779706000e-01  1.3096362300e-01 
 893.000  7.6163569000e-01  1.2340329740e-01 
 894.000  7.8378641000e-01  1.2621483610e-01 
 895.000  7.3374136000e-01  1.1603244020e-01 
 896.000  7.4777365000e-01  1.1626627350e-01 
 897.000  7.1508585000e-01  1.0931208800e-01 
 898.000  7.0900571000e-01  1.0748668670e-01 
 899.000  6.8752568000e-01  1.0192720790e-01 
 900.000  6.7331895000e-01  1.0010075380e-01 
 901.000  6.5369187000e-01  9.6644264220e-02 
 902.000  6.4250131000e-01  9.5127296450e-02 
 903.000  7.0809398000e-01  1.0881919860e-01 
 904.000  7.4239389000e-01  1.1671885680e-01 
 905.000  7.3959283000e-01  1.1628733830e-01 
 906.000  7.0718789000e-01  1.0962462620e-01 
 907.000  6.9602014000e-01  1.0521022800e-01 
 908.000  6.6409299000e-01  9.8726486210e-02 
 909.000  6.5159723000e-01  9.6922531130e-02 
 910.000  6.6153187000e-01  9.8644660950e-02 
 911.000  6.6961807000e-01  1.0099264530e-01 
 912.000  6.6624562000e-01  9.9895378110e-02 
 913.000  6.6044685000e-01  9.6790573120e-02 
 914.000  6.6665410000e-01  9.8817276000e-02 
 915.000  6.6385866000e-01  9.9361557010e-02 
 916.000  6.7330329000e-01  1.0100679020e-01 
 917.000  6.6706640000e-01  1.0057007600e-01 
 918.000  6.6923062000e-01  1.0154931640e-01 
 919.000  6.9717336000e-01  1.0819824980e-01 
 920.000  7.0473094000e-01  1.1111886600e-01 
 921.000  6.8619493000e-01  1.0780514530e-01 
 922.000  6.7976070000e-01  1.0678827670e-01 
 923.000  6.4755781000e-01  1.0115884400e-01 
 924.000  6.6566508000e-01  1.0292912290e-01 
 925.000  6.7375246000e-01  1.0402878570e-01 
 926.000  6.4957204000e-01  1.0014263150e-01 
 927.000  6.6286285000e-01  1.0088494870e-01 
 928.000  6.4994820000e-01  9.6844322200e-02 
 929.000  6.1644127000e-01  8.9059989930e-02 
 930.000  5.8332165000e-01  8.0664955140e-02 
 931.000  5.4696414000e-01  7.1250801090e-02 
 932.000  4.9395354000e-01  5.9002593990e-02 
 933.000  4.5809134000e-01  5.1408977510e-02 
 934.000  4.1481663000e-01  4.3571788790e-02 
 935.000  4.0460035000e-01  4.2138545990e-02 
 936.000  4.1728468000e-01  4.4587539670e-02 
 937.000  4.2241130000e-01  4.4891136170e-02 
 938.000  4.6063246000e-01  5.2699966430e-02 
 939.000  5.7082769000e-01  7.7842124940e-02 
 940.000  5.8280703000e-01  8.1150642400e-02 
 941.000  5.5677706000e-01  7.6230941770e-02 
 942.000  5.0501071000e-01  6.5710861210e-02 
 943.000  4.7696491000e-01  5.6504177090e-02 
 944.000  4.6011389000e-01  5.4123775480e-02 
 945.000  4.8440737000e-01  5.8867214200e-02 
 946.000  4.9197337000e-01  5.9928108220e-02 
 947.000  5.0631391000e-01  6.3621685030e-02 
 948.000  5.1948492000e-01  6.6471313480e-02 
 949.000  5.1966512000e-01  6.6373153690e-02 
 950.000  5.1876767000e-01  6.6572387700e-02 
 951.000  5.3794043000e-01  7.1772216800e-02 
 952.000  5.1383607000e-01  6.5829032900e-02 
 953.000  5.2901798000e-01  6.9832740780e-02 
 954.000  5.4128974000e-01  7.3637374880e-02 
 955.000  4.9216514000e-01  6.5436592100e-02 
 956.000  5.2159314000e-01  6.9042518620e-02 
 957.000  5.6489012000e-01  8.0098007200e-02 
 958.000  5.7468216000e-01  8.2150756840e-02 
 959.000  5.6956015000e-01  8.0717781070e-02 
 960.000  5.6199841000e-01  7.9464523320e-02 
 961.000  5.5232584000e-01  7.7746726990e-02 
 962.000  5.5825577000e-01  7.8982421880e-02 
 963.000  5.8030503000e-01  8.4657234190e-02 
 964.000  5.7687229000e-01  8.4539398190e-02 
 965.000  5.8164725000e-01  8.5053390500e-02 
 966.000  5.6598654000e-01  8.2935440060e-02 
 967.000  5.9908053000e-01  8.9599243160e-02 
 968.000  6.1898009000e-01  9.5737556460e-02 
 969.000  6.3462650000e-01  9.9678718570e-02 
 970.000  6.3696059000e-01  1.0015077970e-01 
 971.000  6.3100588000e-01  9.9196899410e-02 
 972.000  6.3215731000e-01  9.8961807250e-02 
 973.000  6.1844275000e-01  9.5876052860e-02 
 974.000  5.9958681000e-01  9.1866386410e-02 
 975.000  5.9650154000e-01  9.0712158200e-02 
 976.000  6.1123919000e-01  9.3839462280e-02 
 977.000  6.0772782000e-01  9.4769363400e-02 
 978.000  6.2170369000e-01  9.6856056210e-02 
 979.000  6.0666066000e-01  9.4923797610e-02 
 980.000  6.2749396000e-01  9.9786010740e-02 
 981.000  6.3449491000e-01  1.0128501130e-01 
 982.000  6.3034891000e-01  1.0028845210e-01 
 983.000  6.3489488000e-01  1.0187791440e-01 
 984.000  6.3706070000e-01  1.0313621520e-01 
 985.000  6.4039039000e-01  1.0421267700e-01 
 986.000  6.3984028000e-01  1.0482311250e-01 
 987.000  6.4923238000e-01  1.0667903900e-01 
 988.000  6.4157629000e-01  1.0551063540e-01 
 989.000  6.3369656000e-01  1.0427211000e-01 
 990.000  6.3956379000e-01  1.0532405850e-01 
 991.000  6.4650500000e-01  1.0674810790e-01 
 992.000  6.4098968000e-01  1.0592780300e-01 
 993.000  6.4111935000e-01  1.0599239350e-01 
 994.000  6.4584718000e-01  1.0702601620e-01 
 995.000  6.4212888000e-01  1.0659328460e-01 
 996.000  6.4198418000e-01  1.0658243560e-01 
 997.000  6.4199430000e-01  1.0649072270e-01 
 998.000  6.3886844000e-01  1.0586788940e-01 
 999.000  6.3698952000e-01  1.0552609250e-01 
1000.000  6.3212468000e-01  1.0476962280e-01 
1001.000  6.3412527000e-01  1.0487256620e-01 
1002.000  6.3076690000e-01  1.0394338990e-01 
1003.000  6.2394139000e-01  1.0293283080e-01 
1004.000  6.2005172000e-01  1.0253574370e-01 
1005.000  5.7986082000e-01  9.6003265380e-02 
1006.000  6.1031850000e-01  1.0110382080e-01 
1007.000  6.2099436000e-01  1.0281837460e-01 
1008.000  6.2173726000e-01  1.0264587400e-01 
1009.000  6.1543128000e-01  1.0121269990e-01 
1010.000  6.1882994000e-01  1.0197889710e-01 
1011.000  6.1812794000e-01  1.0232482150e-01 
1012.000  6.1930759000e-01  1.0270888520e-01 
1013.000  6.1558772000e-01  1.0224413300e-01 
1014.000  6.1983723000e-01  1.0303549190e-01 
1015.000  6.0843673000e-01  1.0118011470e-01 
1016.000  6.1266077000e-01  1.0197248080e-01 
1017.000  6.0672068000e-01  1.0104264070e-01 
1018.000  6.1428433000e-01  1.0225852970e-01 
1019.000  5.9946175000e-01  9.9664932250e-02 
1020.000  5.9846263000e-01  9.9559021000e-02 
1021.000  6.0496254000e-01  1.0074792480e-01 
1022.000  5.9495144000e-01  9.8892875670e-02 
1023.000  6.0558894000e-01  1.0050219730e-01 
1024.000  6.0203968000e-01  9.9818443300e-02 
1025.000  6.0319248000e-01  1.0029046630e-01 
1026.000  6.0447748000e-01  1.0064555360e-01 
1027.000  6.0057389000e-01  9.9976120000e-02 
1028.000  6.0218588000e-01  1.0032328800e-01 
1029.000  5.9354469000e-01  9.9035415650e-02 
1030.000  6.0000319000e-01  1.0026992800e-01 
1031.000  5.9835988000e-01  1.0009575650e-01 
1032.000  5.9644304000e-01  9.9855972290e-02 
1033.000  5.8549467000e-01  9.8051185610e-02 
1034.000  5.9121224000e-01  9.9051597600e-02 
1035.000  5.8348789000e-01  9.7778396610e-02 
1036.000  5.9312856000e-01  9.9421768190e-02 
1037.000  5.8063435000e-01  9.7351287840e-02 
1038.000  5.8637316000e-01  9.8334655760e-02 
1039.000  5.8875847000e-01  9.8734725950e-02 
1040.000  5.8178190000e-01  9.7568466190e-02 
1041.000  5.8480730000e-01  9.8077713010e-02 
1042.000  5.8653421000e-01  9.8374755860e-02 
1043.000  5.7640436000e-01  9.6686599730e-02 
1044.000  5.8213021000e-01  9.7651283260e-02 
1045.000  5.7957604000e-01  9.7230018620e-02 
1046.000  5.6270922000e-01  9.4418083190e-02 
1047.000  5.7302611000e-01  9.6165939330e-02 
1048.000  5.7869956000e-01  9.7143188480e-02 
1049.000  5.7497421000e-01  9.6549171450e-02 
1050.000  5.7255125000e-01  9.6142944340e-02 
1051.000  5.7152109000e-01  9.5942581180e-02 
1052.000  5.6881022000e-01  9.5473777770e-02 
1053.000  5.6739593000e-01  9.5232383730e-02 
1054.000  5.6316137000e-01  9.4455009460e-02 
1055.000  5.6725479000e-01  9.5136993410e-02 
1056.000  5.6572005000e-01  9.4856353760e-02 
1057.000  5.6464341000e-01  9.4600860600e-02 
1058.000  5.5856194000e-01  9.3433341980e-02 
1059.000  5.4100482000e-01  9.0533950810e-02 
1060.000  5.6057960000e-01  9.3926795960e-02 
1061.000  5.4090996000e-01  9.0633781430e-02 
1062.000  5.5581034000e-01  9.3049980160e-02 
1063.000  5.4639227000e-01  9.1461692810e-02 
1064.000  5.5312703000e-01  9.2512161250e-02 
1065.000  5.5228387000e-01  9.2253349300e-02 
1066.000  5.3536596000e-01  8.9435310360e-02 
1067.000  5.4799874000e-01  9.1493515010e-02 
1068.000  5.4524687000e-01  9.0810249330e-02 
1069.000  5.0389908000e-01  8.3795753480e-02 
1070.000  5.3386480000e-01  8.8804519650e-02 
1071.000  5.3432880000e-01  8.8745124820e-02 
1072.000  5.3571212000e-01  8.8842102050e-02 
1073.000  5.1800604000e-01  8.5884201050e-02 
1074.000  5.3622044000e-01  8.8928276060e-02 
1075.000  5.2016399000e-01  8.6461830140e-02 
1076.000  5.3119230000e-01  8.8168952940e-02 
1077.000  5.2949862000e-01  8.7722694400e-02 
1078.000  5.3025984000e-01  8.7657867430e-02 
1079.000  5.0975486000e-01  8.4242691040e-02 
1080.000  5.2319210000e-01  8.5964401250e-02 
1081.000  5.0385477000e-01  8.2757423400e-02 
1082.000  5.1100722000e-01  8.4132003780e-02 
1083.000  4.9634457000e-01  8.1452186580e-02 
1084.000  5.1427085000e-01  8.4098854060e-02 
1085.000  5.0502526000e-01  8.1929161070e-02 
1086.000  5.1222520000e-01  8.3235267640e-02 
1087.000  4.8346178000e-01  7.9234512330e-02 
1088.000  5.1285157000e-01  8.4096694950e-02 
1089.000  4.8999246000e-01  7.9521011350e-02 
1090.000  4.9999150000e-01  8.0997482300e-02 
1091.000  5.0390872000e-01  8.1806320190e-02 
1092.000  4.9052761000e-01  7.9232688900e-02 
1093.000  4.8062234000e-01  7.6759979250e-02 
1094.000  4.3577454100e-01  6.9246788020e-02 
1095.000  4.7197239000e-01  7.5044136050e-02 
1096.000  4.7329743000e-01  7.5317657470e-02 
1097.000  4.6322508000e-01  7.3497863770e-02 
1098.000  4.4586946800e-01  6.8823554990e-02 
1099.000  4.3553487900e-01  6.5666137700e-02 
1100.000  4.4383077000e-01  6.7019897460e-02 
1101.000  4.4449078300e-01  6.7326576230e-02 
1102.000  4.2531153500e-01  6.4303665160e-02 
1103.000  4.4327368200e-01  6.7146308900e-02 
1104.000  4.3806805600e-01  6.6083633420e-02 
1105.000  4.3230516200e-01  6.4553230290e-02 
1106.000  4.2347287800e-01  6.2598869320e-02 
1107.000  4.2430823900e-01  6.2847370150e-02 
1108.000  4.2397513900e-01  6.2864948270e-02 
1109.000  4.3047856300e-01  6.4308830260e-02 
1110.000  4.3223522300e-01  6.4411033630e-02 
1111.000  4.2425412900e-01  6.2870521550e-02 
1112.000  4.0786921300e-01  5.9077022550e-02 
1113.000  3.8912922300e-01  5.4340049740e-02 
1114.000  3.8891508100e-01  5.3591018680e-02 
1115.000  3.6327320500e-01  4.7331985470e-02 
1116.000  3.4508687700e-01  4.3350318910e-02 
1117.000  3.1606320100e-01  3.6625663760e-02 
1118.000  2.8209017500e-01  3.0213785170e-02 
1119.000  2.5823190500e-01  2.6340078350e-02 
1120.000  2.3805542700e-01  2.2788791660e-02 
1121.000  2.3496922700e-01  2.2132118230e-02 
1122.000  2.1119260000e-01  1.8444948200e-02 
1123.000  2.2504888600e-01  2.0426998140e-02 
1124.000  2.3400614800e-01  2.1751277920e-02 
1125.000  2.2484648700e-01  2.0619995120e-02 
1126.000  2.1879703900e-01  1.9966032030e-02 
1127.000  2.2796733400e-01  2.0958734510e-02 
1128.000  2.2718506000e-01  2.1179851530e-02 
1129.000  2.5000973700e-01  2.4841709140e-02 
1130.000  2.9883831700e-01  3.3507568360e-02 
1131.000  3.1578707500e-01  3.6596084590e-02 
1132.000  2.9780751800e-01  3.2935352330e-02 
1133.000  2.5556831300e-01  2.5951953890e-02 
1134.000  1.8689385100e-01  1.5333341600e-02 
1135.000  1.9454624400e-01  1.6313629150e-02 
1136.000  2.6172944300e-01  2.7002012250e-02 
1137.000  3.0001052600e-01  3.3699939730e-02 
1138.000  3.2053678300e-01  3.9078525540e-02 
1139.000  3.3658474800e-01  4.2203056340e-02 
1140.000  3.3155980600e-01  4.0929992680e-02 
1141.000  3.0998981000e-01  3.7150196080e-02 
1142.000  3.1412647400e-01  3.7216701510e-02 
1143.000  2.9520711600e-01  3.3794509890e-02 
1144.000  2.7791897400e-01  3.0628137590e-02 
1145.000  2.5704214300e-01  2.6725206380e-02 
1146.000  2.6505596200e-01  2.7942520140e-02 
1147.000  2.8416822600e-01  3.1317632680e-02 
1148.000  2.9679143400e-01  3.3971435550e-02 
1149.000  3.0372211000e-01  3.5309383390e-02 
1150.000  3.0247203100e-01  3.5268089290e-02 
1151.000  3.1033915700e-01  3.7091468810e-02 
1152.000  3.1398176800e-01  3.7976120000e-02 
1153.000  3.1967470000e-01  3.9330333710e-02 
1154.000  3.1992089700e-01  3.9226207730e-02 
1155.000  3.3276268200e-01  4.2168411250e-02 
1156.000  3.4122895400e-01  4.4785854340e-02 
1157.000  3.7067223500e-01  5.1835586550e-02 
1158.000  3.8105495700e-01  5.4513481140e-02 
1159.000  3.8428124800e-01  5.5999481200e-02 
1160.000  3.8287281500e-01  5.6219657900e-02 
1161.000  3.8340521500e-01  5.7278244020e-02 
1162.000  4.0373802200e-01  6.1125072480e-02 
1163.000  4.1331294600e-01  6.3555233000e-02 
1164.000  4.0674845900e-01  6.2757553100e-02 
1165.000  4.1510277100e-01  6.4176521300e-02 
1166.000  4.0589495000e-01  6.2986133580e-02 
1167.000  4.1344406700e-01  6.4304100040e-02 
1168.000  4.1665635800e-01  6.4758247380e-02 
1169.000  4.0331677600e-01  6.2831832890e-02 
1170.000  4.1517427500e-01  6.4812644960e-02 
1171.000  4.1985234400e-01  6.5887718200e-02 
1172.000  4.1689789000e-01  6.5232833860e-02 
1173.000  4.1239145900e-01  6.4347549440e-02 
1174.000  4.1269299700e-01  6.4410873410e-02 
1175.000  4.1214607300e-01  6.4846397400e-02 
1176.000  4.0603121500e-01  6.4363105770e-02 
1177.000  4.1670785700e-01  6.5827552800e-02 
1178.000  4.0591909600e-01  6.3669437410e-02 
1179.000  4.0410844300e-01  6.3390926360e-02 
1180.000  4.0841936800e-01  6.3906444550e-02 
1181.000  4.0279765200e-01  6.2612865450e-02 
1182.000  3.9978766500e-01  6.1742492680e-02 
1183.000  3.7698223100e-01  5.8269165040e-02 
1184.000  3.9596433700e-01  6.1435070040e-02 
1185.000  4.0612301100e-01  6.3598831180e-02 
1186.000  4.0225436800e-01  6.2823280330e-02 
1187.000  3.9738658500e-01  6.1489364620e-02 
1188.000  3.9419427300e-01  6.0869579320e-02 
1189.000  3.7406045700e-01  5.8098686220e-02 
1190.000  4.0020051400e-01  6.3087673190e-02 
1191.000  4.0876737500e-01  6.4727455140e-02 
1192.000  4.0984465300e-01  6.5319244380e-02 
1193.000  4.0928780300e-01  6.5138168330e-02 
1194.000  4.0800118300e-01  6.4880455020e-02 
1195.000  4.0018993300e-01  6.3246192930e-02 
1196.000  4.0037996000e-01  6.3340423580e-02 
1197.000  3.9870165800e-01  6.2890117650e-02 
1198.000  3.8496530300e-01  6.0689357760e-02 
1199.000  3.6881768300e-01  5.7928928380e-02 
1200.000  3.9317772900e-01  6.1896984100e-02 
1201.000  3.9643398100e-01  6.2482906340e-02 
1202.000  3.9734808900e-01  6.2734657290e-02 
1203.000  3.7690179800e-01  5.9441364290e-02 
1204.000  3.8376091300e-01  6.0649578090e-02 
1205.000  3.9796540900e-01  6.3563045500e-02 
1206.000  3.9801676700e-01  6.3876678470e-02 
1207.000  4.0170073100e-01  6.4593521120e-02 
1208.000  3.9512491700e-01  6.3433105470e-02 
1209.000  3.6930304300e-01  5.9134117130e-02 
1210.000  3.9314607300e-01  6.2671566010e-02 
1211.000  3.7972514700e-01  6.0497375490e-02 
1212.000  3.9217029300e-01  6.2554264070e-02 
1213.000  3.9577184100e-01  6.3400394440e-02 
1214.000  3.9370469300e-01  6.3036346440e-02 
1215.000  3.9578733500e-01  6.3478427890e-02 
1216.000  3.9756174900e-01  6.4199020390e-02 
1217.000  3.9918053000e-01  6.4845428470e-02 
1218.000  3.9876056400e-01  6.4971359250e-02 
1219.000  3.9552876600e-01  6.4567298890e-02 
1220.000  3.9826563300e-01  6.5023605350e-02 
1221.000  3.9779152700e-01  6.4982002260e-02 
1222.000  3.9577155700e-01  6.4664489750e-02 
1223.000  3.9410467600e-01  6.4441078190e-02 
1224.000  3.9864114100e-01  6.5412353520e-02 
1225.000  3.9676278900e-01  6.5162651060e-02 
1226.000  3.9856824500e-01  6.5540878300e-02 
1227.000  3.8572791600e-01  6.3552825930e-02 
1228.000  3.9860387900e-01  6.5833923340e-02 
1229.000  3.9875670600e-01  6.5985664370e-02 
1230.000  3.9806049300e-01  6.6013542180e-02 
1231.000  3.9843113200e-01  6.6162887570e-02 
1232.000  3.9407413500e-01  6.5482078550e-02 
1233.000  3.9725986300e-01  6.6043807980e-02 
1234.000  3.9693384800e-01  6.6170951840e-02 
1235.000  3.9448388200e-01  6.5834915160e-02 
1236.000  3.9698517000e-01  6.6306961060e-02 
1237.000  3.9723841400e-01  6.6417526250e-02 
1238.000  3.9708261100e-01  6.6427345280e-02 
1239.000  3.9260278100e-01  6.5704467770e-02 
1240.000  3.9082462700e-01  6.5433883670e-02 
1241.000  3.9423506800e-01  6.6018020630e-02 
1242.000  3.9183632000e-01  6.5624717710e-02 
1243.000  3.8737612700e-01  6.4888778690e-02 
1244.000  3.8373031200e-01  6.4269783020e-02 
1245.000  3.9020978500e-01  6.5357765200e-02 
1246.000  3.8704659700e-01  6.4809455870e-02 
1247.000  3.8495928500e-01  6.4436317440e-02 
1248.000  3.8776960500e-01  6.4888008120e-02 
1249.000  3.8626183300e-01  6.4631530760e-02 
1250.000  3.8457971700e-01  6.4331352230e-02 
1251.000  3.8174603200e-01  6.3840606690e-02 
1252.000  3.8030397000e-01  6.3560840610e-02 
1253.000  3.7684456900e-01  6.2938961030e-02 
1254.000  3.7719678800e-01  6.2900848390e-02 
1255.000  3.7610732400e-01  6.2661148070e-02 
1256.000  3.7490698900e-01  6.2419467930e-02 
1257.000  3.7005425900e-01  6.1542686460e-02 
1258.000  3.7012637000e-01  6.1400688170e-02 
1259.000  3.6488328200e-01  6.0412082670e-02 
1260.000  3.6400966200e-01  6.0127567290e-02 
1261.000  3.6178702400e-01  5.9612834930e-02 
1262.000  3.5073930300e-01  5.7531803130e-02 
1263.000  3.5371576000e-01  5.7946582790e-02 
1264.000  3.4736971600e-01  5.6869892120e-02 
1265.000  3.4769126300e-01  5.6909233090e-02 
1266.000  3.4854755300e-01  5.6948326110e-02 
1267.000  3.4046597600e-01  5.5528842930e-02 
1268.000  3.3537383500e-01  5.4609115600e-02 
1269.000  3.3772662400e-01  5.4953670500e-02 
1270.000  3.4591617900e-01  5.6524909970e-02 
1271.000  3.4984060400e-01  5.7256397250e-02 
1272.000  3.5042760600e-01  5.7454452510e-02 
1273.000  3.5159275700e-01  5.7774429320e-02 
1274.000  3.5129653000e-01  5.7890544890e-02 
1275.000  3.5424078900e-01  5.8428348540e-02 
1276.000  3.5532739300e-01  5.8615371700e-02 
1277.000  3.5536765800e-01  5.8590728760e-02 
1278.000  3.5467977900e-01  5.8429813390e-02 
1279.000  3.5265572700e-01  5.8097202300e-02 
1280.000  3.5155832200e-01  5.8030197140e-02 
1281.000  3.4247775200e-01  5.6633365630e-02 
1282.000  3.0489191300e-01  5.0508884430e-02 
1283.000  3.3513175300e-01  5.5550952910e-02 
1284.000  3.4902274000e-01  5.7841445920e-02 
1285.000  3.5186873900e-01  5.8326774600e-02 
1286.000  3.5132065800e-01  5.8145626070e-02 
1287.000  3.5258781100e-01  5.8204822540e-02 
1288.000  3.4708793700e-01  5.6806533810e-02 
1289.000  3.4813874000e-01  5.6816356660e-02 
1290.000  3.4001426000e-01  5.5455566410e-02 
1291.000  3.4525345500e-01  5.6351684570e-02 
1292.000  3.4812844800e-01  5.6975791930e-02 
1293.000  3.4856796800e-01  5.7029968260e-02 
1294.000  3.4161854200e-01  5.5652408600e-02 
1295.000  3.4296104400e-01  5.5521091460e-02 
1296.000  3.4076406200e-01  5.4807029720e-02 
1297.000  3.3666174600e-01  5.3864093780e-02 
1298.000  3.3346841400e-01  5.3302494050e-02 
1299.000  3.3669383500e-01  5.3769161220e-02 
1300.000  3.3500295000e-01  5.3441802980e-02 
1301.000  3.3402218400e-01  5.3185588840e-02 
1302.000  3.2833299800e-01  5.2061058040e-02 
1303.000  3.2234969800e-01  5.0553890230e-02 
1304.000  3.2098047100e-01  5.0096241000e-02 
1305.000  3.2222769500e-01  5.0176906590e-02 
1306.000  3.2201178300e-01  5.0028453830e-02 
1307.000  3.1999524400e-01  4.9569694520e-02 
1308.000  3.1701682400e-01  4.8755558010e-02 
1309.000  3.1308049500e-01  4.7697532650e-02 
1310.000  3.1135357700e-01  4.7373470310e-02 
1311.000  3.1050161300e-01  4.7224720000e-02 
1312.000  3.0506758700e-01  4.5910255430e-02 
1313.000  2.8895246400e-01  4.2949069980e-02 
1314.000  2.9347139100e-01  4.3145999910e-02 
1315.000  2.8569406100e-01  4.2195701600e-02 
1316.000  2.9567722400e-01  4.3974876400e-02 
1317.000  2.9868214100e-01  4.4389461520e-02 
1318.000  2.8928309100e-01  4.2427349090e-02 
1319.000  2.8563211900e-01  4.1117141720e-02 
1320.000  2.7490654100e-01  3.8643997190e-02 
1321.000  2.7036769800e-01  3.7602088930e-02 
1322.000  2.7544435200e-01  3.8887577060e-02 
1323.000  2.8233926100e-01  4.0442279820e-02 
1324.000  2.8560758200e-01  4.1198879240e-02 
1325.000  2.8322024100e-01  4.0624885560e-02 
1326.000  2.7613147900e-01  3.9011070250e-02 
1327.000  2.6158545900e-01  3.5564376830e-02 
1328.000  2.4843630000e-01  3.2131530760e-02 
1329.000  2.1432255600e-01  2.5266855240e-02 
1330.000  2.0826643300e-01  2.3718723300e-02 
1331.000  2.0277530900e-01  2.2568241120e-02 
1332.000  2.0058106400e-01  2.2446939470e-02 
1333.000  2.1160057700e-01  2.4122037890e-02 
1334.000  2.2002838100e-01  2.5712757110e-02 
1335.000  2.2597807500e-01  2.6886447910e-02 
1336.000  2.2587365600e-01  2.7036153790e-02 
1337.000  2.2843006600e-01  2.7405361180e-02 
1338.000  2.3218840700e-01  2.8228261950e-02 
1339.000  2.3270265600e-01  2.8430223460e-02 
1340.000  2.3432719200e-01  2.8958837510e-02 
1341.000  2.3828244500e-01  2.9181575780e-02 
1342.000  2.3818432200e-01  2.9169330600e-02 
1343.000  2.2913498500e-01  2.6700460430e-02 
1344.000  2.1526462000e-01  2.3649896620e-02 
1345.000  1.7808634500e-01  1.6926132200e-02 
1346.000  1.5189909400e-01  1.2673195840e-02 
1347.000  1.3472632100e-01  1.0313266750e-02 
1348.000  1.1168763200e-01  7.1835665700e-03 
1349.000  1.0158198140e-01  6.0807666780e-03 
1350.000  7.9124799100e-02  3.7543604370e-03 
1351.000  6.8308032900e-02  2.9003694060e-03 
1352.000  5.2246663700e-02  1.7236264940e-03 
1353.000  3.7031702100e-02  9.4808912280e-04 
1354.000  2.9610167500e-02  6.3502371310e-04 
1355.000  2.2989752400e-02  4.0831169490e-04 
1356.000  1.7384994100e-02  2.4937142430e-04 
1357.000  1.1883105950e-02  1.2630032000e-04 
1358.000  8.7943179400e-03  7.7374316750e-05 
1359.000  4.6371942200e-03  2.6453385130e-05 
1360.000  3.0667214100e-03  1.3956137930e-05 
1361.000  2.2822912700e-03  8.3330171180e-06 
1362.000  2.1000796500e-03  7.3346472350e-06 
1363.000  3.0298736700e-03  1.2770955450e-05 
1364.000  3.5132285800e-03  1.5976753090e-05 
1365.000  3.6785405500e-03  1.6857719050e-05 
1366.000  4.2481019700e-03  2.1035574380e-05 
1367.000  3.5684734300e-03  1.6498843210e-05 
1368.000  3.1641465400e-03  1.4268663710e-05 
1369.000  3.2446909900e-03  1.5008555730e-05 
1370.000  5.3662092400e-03  3.4658756110e-05 
1371.000  9.5567592200e-03  8.6373753850e-05 
1372.000  1.7696222800e-02  2.3724755640e-04 
1373.000  2.5103587400e-02  4.1728413110e-04 
1374.000  3.0483644100e-02  5.7610726360e-04 
1375.000  3.2500932300e-02  6.4627593760e-04 
1376.000  3.0145947500e-02  5.7354968790e-04 
1377.000  2.6837368500e-02  4.6926084160e-04 
1378.000  2.0455636000e-02  3.0008319020e-04 
1379.000  1.4046736370e-02  1.6265362500e-04 
1380.000  7.9669061400e-03  6.5338499840e-05 
1381.000  4.6085509000e-03  2.7391057460e-05 
1382.000  3.2226964700e-03  1.5511239880e-05 
1383.000  3.1180853200e-03  1.4499733220e-05 
1384.000  5.0718408000e-03  3.1147142870e-05 
1385.000  7.2001251000e-03  5.4417092350e-05 
1386.000  1.0997446370e-02  1.0687135910e-04 
1387.000  2.0206316300e-02  2.9203644390e-04 
1388.000  2.6781670300e-02  4.5723867420e-04 
1389.000  3.0764065500e-02  5.8165967460e-04 
1390.000  3.1403402400e-02  6.0772496460e-04 
1391.000  2.9315438500e-02  5.4095840450e-04 
1392.000  2.2163707300e-02  3.4318542480e-04 
1393.000  1.6942401100e-02  2.2437845170e-04 
1394.000  1.2979809390e-02  1.4685747030e-04 
1395.000  1.4631345700e-02  1.7777603860e-04 
1396.000  2.0077446800e-02  2.9289257530e-04 
1397.000  2.5909836400e-02  4.4432470200e-04 
1398.000  2.6682639100e-02  4.6429985760e-04 
1399.000  2.4913679800e-02  4.2119649050e-04 
1400.000  2.3296404800e-02  3.8289675120e-04 
1401.000  2.4765274500e-02  4.2889225480e-04 
1402.000  3.0702251900e-02  5.9691131110e-04 
1403.000  3.5348688000e-02  7.7170974020e-04 
1404.000  3.3248583300e-02  6.9457870720e-04 
1405.000  3.4827162600e-02  7.6628953220e-04 
1406.000  3.2294553200e-02  6.7106580730e-04 
1407.000  3.3492665300e-02  7.3122560980e-04 
1408.000  4.0143367200e-02  9.7749710080e-04 
1409.000  4.7057250000e-02  1.2895225290e-03 
1410.000  5.7715486800e-02  1.8020845650e-03 
1411.000  6.8650688400e-02  2.4658463000e-03 
1412.000  6.6324426100e-02  2.3781862260e-03 
1413.000  7.3149881600e-02  2.8360688690e-03 
1414.000  7.2120745500e-02  2.7243065830e-03 
1415.000  7.9728929400e-02  3.3050746920e-03 
1416.000  8.5663447700e-02  3.7305281160e-03 
1417.000  8.7869171500e-02  3.9258103370e-03 
1418.000  8.8652283300e-02  3.9620733260e-03 
1419.000  8.8467804600e-02  4.0180768970e-03 
1420.000  9.0569094500e-02  4.1679177280e-03 
1421.000  1.0186421010e-01  5.0950007440e-03 
1422.000  1.0428794760e-01  5.3763523100e-03 
1423.000  1.0545118990e-01  5.5333709720e-03 
1424.000  1.0509280190e-01  5.4821629520e-03 
1425.000  1.0389943010e-01  5.3199033740e-03 
1426.000  1.0017359540e-01  5.1325769420e-03 
1427.000  1.0610447050e-01  5.6091465950e-03 
1428.000  1.1206724060e-01  6.0533008580e-03 
1429.000  1.1366939320e-01  6.3130784030e-03 
1430.000  1.1090516610e-01  6.1580867770e-03 
1431.000  1.0332083190e-01  5.5051126480e-03 
1432.000  1.0102576170e-01  5.2423734660e-03 
1433.000  1.0074100050e-01  5.2130460740e-03 
1434.000  9.6088735800e-02  4.8655266760e-03 
1435.000  1.0316048820e-01  5.4445519450e-03 
1436.000  1.0572968040e-01  5.6751351360e-03 
1437.000  1.0741511590e-01  5.8154001240e-03 
1438.000  1.1387914180e-01  6.4248042110e-03 
1439.000  1.1598086340e-01  6.5659108160e-03 
1440.000  1.1120777090e-01  6.3737125400e-03 
1441.000  1.1811518660e-01  6.8164181710e-03 
1442.000  1.1329930710e-01  6.4533381460e-03 
1443.000  1.1533567330e-01  6.5840773580e-03 
1444.000  1.1793612100e-01  6.8108439450e-03 
1445.000  1.1817235610e-01  6.8486890790e-03 
1446.000  1.2368997140e-01  7.3384504320e-03 
1447.000  1.2707109400e-01  7.6980032920e-03 
1448.000  1.2851940700e-01  7.8170075420e-03 
1449.000  1.2599566200e-01  7.5654501910e-03 
1450.000  1.2048209570e-01  7.0843005180e-03 
1451.000  1.2183119410e-01  7.2497925760e-03 
1452.000  1.2716469400e-01  7.8832082750e-03 
1453.000  1.4170170200e-01  9.2999420170e-03 
1454.000  1.5419572400e-01  1.0695492740e-02 
1455.000  1.6017192600e-01  1.1485208510e-02 
1456.000  1.6727937800e-01  1.2385428430e-02 
1457.000  1.6996968400e-01  1.2649844170e-02 
1458.000  1.7329518600e-01  1.2986645700e-02 
1459.000  1.6842471800e-01  1.2366065030e-02 
1460.000  1.6074573200e-01  1.1593530650e-02 
1461.000  1.5766170800e-01  1.1277892110e-02 
1462.000  1.4917062600e-01  1.0384842870e-02 
1463.000  1.4818155200e-01  1.0344869610e-02 
1464.000  1.4626688000e-01  1.0144912720e-02 
1465.000  1.4302099800e-01  9.7218208310e-03 
1466.000  1.3329087400e-01  8.8240747450e-03 
1467.000  1.3232332300e-01  8.5961084370e-03 
1468.000  1.2418007790e-01  7.8934564590e-03 
1469.000  1.1779769770e-01  7.2009592060e-03 
1470.000  1.1438594240e-01  6.9038634300e-03 
1471.000  1.2138822060e-01  7.7365980150e-03 
1472.000  1.3367092200e-01  9.0644006730e-03 
1473.000  1.5022306700e-01  1.0958500860e-02 
1474.000  1.5746311400e-01  1.2110146520e-02 
1475.000  1.6026322000e-01  1.2376237870e-02 
1476.000  1.6052387800e-01  1.2449160580e-02 
1477.000  1.5708244000e-01  1.2060023310e-02 
1478.000  1.5093854800e-01  1.1476154330e-02 
1479.000  1.4794390900e-01  1.1069849010e-02 
1480.000  1.5102632700e-01  1.1506193160e-02 
1481.000  1.5385165800e-01  1.2026770590e-02 
1482.000  1.6080423500e-01  1.2929896350e-02 
1483.000  1.5902506400e-01  1.2922499660e-02 
1484.000  1.6005702900e-01  1.3080613140e-02 
1485.000  1.6235730600e-01  1.3283412930e-02 
1486.000  1.6373251000e-01  1.3733177190e-02 
1487.000  1.7375946600e-01  1.5246396060e-02 
1488.000  1.5227601400e-01  1.3469887730e-02 
1489.000  1.8687665900e-01  1.7499240880e-02 
1490.000  1.9771957000e-01  1.9426801680e-02 
1491.000  2.0478687100e-01  2.0655660630e-02 
1492.000  2.0107404500e-01  2.0459875110e-02 
1493.000  2.0850954100e-01  2.1586265560e-02 
1494.000  2.0820475000e-01  2.1701026920e-02 
1495.000  2.0993174300e-01  2.2264156340e-02 
1496.000  2.0957157600e-01  2.2754909520e-02 
1497.000  2.1468289900e-01  2.3461362840e-02 
1498.000  2.2176664900e-01  2.4731203080e-02 
1499.000  2.2275848200e-01  2.5324142460e-02 
1500.000  2.2962978600e-01  2.6506771090e-02 
1501.000  2.2832344700e-01  2.6373849870e-02 
1502.000  2.2464196400e-01  2.5914253230e-02 
1503.000  2.0067605100e-01  2.3154762270e-02 
1504.000  2.1001470200e-01  2.4412139890e-02 
1505.000  2.1263959800e-01  2.5077442170e-02 
1506.000  2.1557170600e-01  2.5537055970e-02 
1507.000  2.2839569900e-01  2.7414165500e-02 
1508.000  2.2638749300e-01  2.7415206910e-02 
1509.000  2.2891359000e-01  2.7977935790e-02 
1510.000  2.3301666700e-01  2.8643516540e-02 
1511.000  2.3516574400e-01  2.9105249400e-02 
1512.000  2.3147899200e-01  2.8803714750e-02 
1513.000  2.3138876800e-01  2.8918022160e-02 
1514.000  2.2822071900e-01  2.8610359190e-02 
1515.000  2.3352897100e-01  2.9442979810e-02 
1516.000  2.3162273400e-01  2.9313003540e-02 
1517.000  2.3100237500e-01  2.9388223650e-02 
1518.000  2.3672735600e-01  3.0349643710e-02 
1519.000  2.3494630400e-01  3.0377811430e-02 
1520.000  2.3854955600e-01  3.1160167690e-02 
1521.000  2.3516008500e-01  3.0908538820e-02 
1522.000  2.3379980800e-01  3.0803045270e-02 
1523.000  2.3982743000e-01  3.1709829330e-02 
1524.000  2.3774304900e-01  3.1470378880e-02 
1525.000  2.3200494200e-01  3.0739952090e-02 
1526.000  2.3864243100e-01  3.1697246550e-02 
1527.000  2.3653024400e-01  3.1536487580e-02 
1528.000  2.3863324600e-01  3.1960443500e-02 
1529.000  2.3788689200e-01  3.1924077990e-02 
1530.000  2.2302858000e-01  3.0057264330e-02 
1531.000  2.3867793200e-01  3.2291275020e-02 
1532.000  2.3754129600e-01  3.2268611910e-02 
1533.000  2.3658001700e-01  3.2242511750e-02 
1534.000  2.3310170900e-01  3.1866369250e-02 
1535.000  2.3408992700e-01  3.2101974490e-02 
1536.000  2.3722353500e-01  3.2611614230e-02 
1537.000  2.3816150900e-01  3.2853141780e-02 
1538.000  2.3183331900e-01  3.2095825200e-02 
1539.000  2.3685061400e-01  3.2902488710e-02 
1540.000  2.2829959200e-01  3.1805154800e-02 
1541.000  2.3311407400e-01  3.2550003050e-02 
1542.000  2.3450206000e-01  3.2807991030e-02 
1543.000  2.3386433900e-01  3.2797451020e-02 
1544.000  2.3686923400e-01  3.3308624270e-02 
1545.000  2.3777960400e-01  3.3546092990e-02 
1546.000  2.3799927000e-01  3.3683219910e-02 
1547.000  2.3568835300e-01  3.3453735350e-02 
1548.000  2.2872775800e-01  3.2550804140e-02 
1549.000  2.3459032800e-01  3.3455310820e-02 
1550.000  2.3327211100e-01  3.3331192020e-02 
1551.000  2.3204399600e-01  3.3204051970e-02 
1552.000  2.3599943600e-01  3.3820587160e-02 
1553.000  2.3476629800e-01  3.3705085750e-02 
1554.000  2.2616455100e-01  3.2517501830e-02 
1555.000  2.2993924400e-01  3.3126983640e-02 
1556.000  2.2554971800e-01  3.2560207370e-02 
1557.000  2.3293495400e-01  3.3697040560e-02 
1558.000  2.3109077000e-01  3.3484062190e-02 
1559.000  2.3110858500e-01  3.3536819460e-02 
1560.000  2.2711749500e-01  3.3018581390e-02 
1561.000  2.3241777400e-01  3.3829391480e-02 
1562.000  2.3230916700e-01  3.3838191990e-02 
1563.000  2.2883585900e-01  3.3367004390e-02 
1564.000  2.2417601200e-01  3.2710300450e-02 
1565.000  2.2742974000e-01  3.3198505400e-02 
1566.000  2.2312080600e-01  3.2618453980e-02 
1567.000  2.2276182300e-01  3.2570098880e-02 
1568.000  2.1760275800e-01  3.1798086170e-02 
1569.000  2.1778291900e-01  3.1797939300e-02 
1570.000  2.1172378300e-01  3.0907630920e-02 
1571.000  2.1739698600e-01  3.1775087360e-02 
1572.000  2.1723026900e-01  3.1774396900e-02 
1573.000  2.1393109200e-01  3.1349193570e-02 
1574.000  2.1477499200e-01  3.1545215610e-02 
1575.000  1.9954616800e-01  2.9362298970e-02 
1576.000  2.1437852800e-01  3.1579534530e-02 
1577.000  1.9365087400e-01  2.8559947970e-02 
1578.000  2.1200702600e-01  3.1304258350e-02 
1579.000  2.1333073200e-01  3.1548294070e-02 
1580.000  2.1788266300e-01  3.2289760590e-02 
1581.000  2.1643800500e-01  3.2117046360e-02 
1582.000  2.1228736500e-01  3.1589550020e-02 
1583.000  2.1509456100e-01  3.2092380520e-02 
1584.000  2.1336270300e-01  3.1921016690e-02 
1585.000  2.1981299800e-01  3.2963096620e-02 
1586.000  2.1705253200e-01  3.2599514010e-02 
1587.000  2.1479151800e-01  3.2333045960e-02 
1588.000  2.1164040400e-01  3.1927949910e-02 
1589.000  1.9362872400e-01  2.9252155300e-02 
1590.000  2.0860455200e-01  3.1552083970e-02 
1591.000  2.0393197900e-01  3.0875961300e-02 
1592.000  2.1461120500e-01  3.2505363460e-02 
1593.000  2.1922763600e-01  3.3209194180e-02 
1594.000  2.1735147500e-01  3.2930969240e-02 
1595.000  2.1832368300e-01  3.3087402340e-02 
1596.000  2.0451109900e-01  3.1025142670e-02 
1597.000  2.1210402500e-01  3.2175193790e-02 
1598.000  2.1501848500e-01  3.2602416990e-02 
1599.000  2.0657726200e-01  3.1297208790e-02 
1600.000  2.0902943300e-01  3.1654003140e-02 
1601.000  2.0022957600e-01  3.0350656510e-02 
1602.000  2.0509815900e-01  3.1119581220e-02 
1603.000  2.0387008400e-01  3.0994401930e-02 
1604.000  2.0691617700e-01  3.1527591710e-02 
1605.000  2.0385640200e-01  3.1096033100e-02 
1606.000  2.0321766100e-01  3.1042612080e-02 
1607.000  2.0390521500e-01  3.1154628750e-02 
1608.000  2.0609997700e-01  3.1498224260e-02 
1609.000  2.0530764300e-01  3.1399221420e-02 
1610.000  1.9264339200e-01  2.9488010410e-02 
1611.000  1.9879280800e-01  3.0486158370e-02 
1612.000  2.0126260600e-01  3.0926242830e-02 
1613.000  2.0628462400e-01  3.1758464810e-02 
1614.000  2.0425937200e-01  3.1465274810e-02 
1615.000  2.0803264900e-01  3.2098499300e-02 
1616.000  1.9531014800e-01  3.0174488070e-02 
1617.000  2.0141705200e-01  3.1183778760e-02 
1618.000  2.0769225800e-01  3.2185394290e-02 
1619.000  2.0741089300e-01  3.2208827970e-02 
1620.000  2.0251974900e-01  3.1512863160e-02 
1621.000  1.9979225000e-01  3.1137687680e-02 
1622.000  2.0482036500e-01  3.1941570280e-02 
1623.000  2.0910306700e-01  3.2643943790e-02 
1624.000  2.1063178100e-01  3.2909675600e-02 
1625.000  2.0561608600e-01  3.2183696750e-02 
1626.000  2.0791692200e-01  3.2532897950e-02 
1627.000  2.0767832600e-01  3.2523902890e-02 
1628.000  2.0925590600e-01  3.2782043460e-02 
1629.000  2.0911892000e-01  3.2768283840e-02 
1630.000  2.0325338300e-01  3.1843099590e-02 
1631.000  2.0643174000e-01  3.2355503080e-02 
1632.000  2.0625843000e-01  3.2300712590e-02 
1633.000  2.0353671000e-01  3.1875133510e-02 
1634.000  1.9857387400e-01  3.1086647030e-02 
1635.000  2.0389640300e-01  3.1924421310e-02 
1636.000  2.0312959300e-01  3.1798437120e-02 
1637.000  1.9381502200e-01  3.0332651140e-02 
1638.000  1.9239915200e-01  3.0116205220e-02 
1639.000  1.9011559700e-01  2.9736618040e-02 
1640.000  1.9106183700e-01  2.9881172180e-02 
1641.000  1.8969747400e-01  2.9666320800e-02 
1642.000  1.8945932500e-01  2.9662549970e-02 
1643.000  1.9426012000e-01  3.0436193470e-02 
1644.000  1.9118717000e-01  2.9971805570e-02 
1645.000  1.9148543700e-01  3.0028310780e-02 
1646.000  1.9378590000e-01  3.0420991900e-02 
1647.000  1.9558711900e-01  3.0721988680e-02 
1648.000  1.9470345900e-01  3.0585886000e-02 
1649.000  1.9022938400e-01  2.9897178650e-02 
1650.000  1.9504963500e-01  3.0675489430e-02 
1651.000  1.9069458300e-01  2.9997350690e-02 
1652.000  1.9448611600e-01  3.0587671280e-02 
1653.000  1.9248369400e-01  3.0292751310e-02 
1654.000  1.9464246000e-01  3.0643964770e-02 
1655.000  1.9095652100e-01  3.0089723590e-02 
1656.000  1.9478185000e-01  3.0712675090e-02 
1657.000  1.9336646300e-01  3.0500577930e-02 
1658.000  1.9458542200e-01  3.0719383240e-02 
1659.000  1.9104663000e-01  3.0172088620e-02 
1660.000  1.9325452600e-01  3.0516975400e-02 
1661.000  1.9400726700e-01  3.0635282520e-02 
1662.000  1.9254958600e-01  3.0388448720e-02 
1663.000  1.9127498500e-01  3.0188230510e-02 
1664.000  1.9038208100e-01  3.0046457290e-02 
1665.000  1.8844199400e-01  2.9732543950e-02 
1666.000  1.8767192400e-01  2.9633113860e-02 
1667.000  1.8958910800e-01  2.9984546660e-02 
1668.000  1.8637697200e-01  2.9487285610e-02 
1669.000  1.8690205300e-01  2.9593271260e-02 
1670.000  1.9110380700e-01  3.0279678340e-02 
1671.000  1.8970547500e-01  3.0069101330e-02 
1672.000  1.8072058500e-01  2.8656177520e-02 
1673.000  1.8588337100e-01  2.9464132310e-02 
1674.000  1.8663225300e-01  2.9580228810e-02 
1675.000  1.8489836500e-01  2.9316696170e-02 
1676.000  1.8190935800e-01  2.8841501240e-02 
1677.000  1.8284066000e-01  2.8996660230e-02 
1678.000  1.8385287200e-01  2.9176685330e-02 
1679.000  1.8141176600e-01  2.8789484020e-02 
1680.000  1.7519407100e-01  2.7820009230e-02 
1681.000  1.6912075700e-01  2.6863651280e-02 
1682.000  1.7400563000e-01  2.7638435360e-02 
1683.000  1.7829666800e-01  2.8311727520e-02 
1684.000  1.8159166000e-01  2.8827753070e-02 
1685.000  1.8211093300e-01  2.8880031590e-02 
1686.000  1.7991425500e-01  2.8528556820e-02 
1687.000  1.8060851400e-01  2.8588851930e-02 
1688.000  1.8070130300e-01  2.8562438960e-02 
1689.000  1.7852166500e-01  2.8213310240e-02 
1690.000  1.7837582100e-01  2.8142650600e-02 
1691.000  1.8068358500e-01  2.8499422070e-02 
1692.000  1.8100872800e-01  2.8549198150e-02 
1693.000  1.8036811600e-01  2.8454174040e-02 
1694.000  1.8009882800e-01  2.8410284040e-02 
1695.000  1.8014513900e-01  2.8390522000e-02 
1696.000  1.7909070600e-01  2.8213209150e-02 
1697.000  1.7796339900e-01  2.8007200240e-02 
1698.000  1.7901881200e-01  2.8153038020e-02 
1699.000  1.7786309000e-01  2.7959472660e-02 
1700.000  1.7561125400e-01  2.7594947810e-02 
