 lambda   Irr_dw            Rad_up 
 550.000  1.5554994000e+00  2.5598611450e-01 
 551.000  1.5450930000e+00  2.5426100160e-01 
 552.000  1.6109182000e+00  2.6511904910e-01 
 553.000  1.5471399000e+00  2.5460197450e-01 
 554.000  1.5970154000e+00  2.6282327270e-01 
 555.000  1.6008566000e+00  2.6342126460e-01 
 556.000  1.5561251000e+00  2.5603076170e-01 
 557.000  1.5093927000e+00  2.4835766600e-01 
 558.000  1.5661659000e+00  2.5766552730e-01 
 559.000  1.4798547000e+00  2.4345317080e-01 
 560.000  1.4858618000e+00  2.4444918820e-01 
 561.000  1.6325060000e+00  2.6855889890e-01 
 562.000  1.4980378000e+00  2.4642349240e-01 
 563.000  1.5668093000e+00  2.5771563720e-01 
 564.000  1.5442976000e+00  2.5396058650e-01 
 565.000  1.5622161000e+00  2.5689291380e-01 
 566.000  1.4399341000e+00  2.3676914980e-01 
 567.000  1.5440627000e+00  2.5370579530e-01 
 568.000  1.5392477000e+00  2.5220434570e-01 
 569.000  1.5070038000e+00  2.4535241700e-01 
 570.000  1.5146982000e+00  2.4687916560e-01 
 571.000  1.4615050000e+00  2.3933882140e-01 
 572.000  1.5435818000e+00  2.5169999690e-01 
 573.000  1.5598234000e+00  2.5468182370e-01 
 574.000  1.5510275000e+00  2.5333291630e-01 
 575.000  1.5127608000e+00  2.4699888610e-01 
 576.000  1.4850323000e+00  2.4243920900e-01 
 577.000  1.5466073000e+00  2.5277702330e-01 
 578.000  1.5015726000e+00  2.4585877990e-01 
 579.000  1.4900905000e+00  2.4421626280e-01 
 580.000  1.5413574000e+00  2.5282101440e-01 
 581.000  1.5135516000e+00  2.4856669620e-01 
 582.000  1.5361293000e+00  2.5237773130e-01 
 583.000  1.5466171000e+00  2.5414578250e-01 
 584.000  1.5414915000e+00  2.5328073120e-01 
 585.000  1.5311122000e+00  2.5153372190e-01 
 586.000  1.4650961000e+00  2.4068971250e-01 
 587.000  1.5219314000e+00  2.4941061400e-01 
 588.000  1.5051431000e+00  2.4443080140e-01 
 589.000  1.3333180000e+00  2.1366282650e-01 
 590.000  1.3919629000e+00  2.2288447570e-01 
 591.000  1.4794012000e+00  2.3897508240e-01 
 592.000  1.4506502000e+00  2.3319125370e-01 
 593.000  1.4663562000e+00  2.3810726930e-01 
 594.000  1.4794582000e+00  2.3969482420e-01 
 595.000  1.4506491000e+00  2.3334797670e-01 
 596.000  1.4870152000e+00  2.4167349240e-01 
 597.000  1.4912345000e+00  2.4181921390e-01 
 598.000  1.4608434000e+00  2.3794447330e-01 
 599.000  1.4612315000e+00  2.3846786500e-01 
 600.000  1.4617239000e+00  2.3953141780e-01 
 601.000  1.4535863000e+00  2.3890600590e-01 
 602.000  1.4376823000e+00  2.3653559880e-01 
 603.000  1.4463422000e+00  2.3822988890e-01 
 604.000  1.4921255000e+00  2.4600216670e-01 
 605.000  1.4882437000e+00  2.4542793270e-01 
 606.000  1.4708987000e+00  2.4264334110e-01 
 607.000  1.4625318000e+00  2.4129194640e-01 
 608.000  1.4570651000e+00  2.4039718630e-01 
 609.000  1.4420081000e+00  2.3795089720e-01 
 610.000  1.4188139000e+00  2.3412945560e-01 
 611.000  1.4417459000e+00  2.3794306950e-01 
 612.000  1.4228705000e+00  2.3485894780e-01 
 613.000  1.4019803000e+00  2.3141728210e-01 
 614.000  1.3507822000e+00  2.2300181580e-01 
 615.000  1.4159262000e+00  2.3374859620e-01 
 616.000  1.3461720000e+00  2.2226814270e-01 
 617.000  1.3536773000e+00  2.2352661130e-01 
 618.000  1.4174418000e+00  2.3403227230e-01 
 619.000  1.4043518000e+00  2.3190690610e-01 
 620.000  1.4249908000e+00  2.3528399660e-01 
 621.000  1.4493812000e+00  2.3931214900e-01 
 622.000  1.3728244000e+00  2.2664927670e-01 
 623.000  1.3834085000e+00  2.2833111570e-01 
 624.000  1.3847763000e+00  2.2857180790e-01 
 625.000  1.3471561000e+00  2.2235005190e-01 
 626.000  1.3538438000e+00  2.2329501340e-01 
 627.000  1.3761424000e+00  2.2619631960e-01 
 628.000  1.3568153000e+00  2.2153439330e-01 
 629.000  1.3912175000e+00  2.2772326660e-01 
 630.000  1.3451229000e+00  2.2087921140e-01 
 631.000  1.3945705000e+00  2.2926062010e-01 
 632.000  1.2988173000e+00  2.1290263370e-01 
 633.000  1.3943851000e+00  2.2938900760e-01 
 634.000  1.3525319000e+00  2.2276405330e-01 
 635.000  1.3772061000e+00  2.2682417300e-01 
 636.000  1.3286793000e+00  2.1898684690e-01 
 637.000  1.3724968000e+00  2.2631309510e-01 
 638.000  1.3939268000e+00  2.3023506160e-01 
 639.000  1.3823597000e+00  2.2829974370e-01 
 640.000  1.3389881000e+00  2.2138740540e-01 
 641.000  1.3582668000e+00  2.2457449340e-01 
 642.000  1.3419513000e+00  2.2202357480e-01 
 643.000  1.3652768000e+00  2.2561619570e-01 
 644.000  1.3495650000e+00  2.2300299070e-01 
 645.000  1.3611786000e+00  2.2455648800e-01 
 646.000  1.3088494000e+00  2.1430374150e-01 
 647.000  1.3263128000e+00  2.1605323790e-01 
 648.000  1.3236664000e+00  2.1447897340e-01 
 649.000  1.3500790000e+00  2.1975347900e-01 
 650.000  1.2514556000e+00  2.0562454220e-01 
 651.000  1.3479984000e+00  2.2148927310e-01 
 652.000  1.3215484000e+00  2.1537449650e-01 
 653.000  1.3486213000e+00  2.2187345890e-01 
 654.000  1.3308568000e+00  2.1868490600e-01 
 655.000  1.2955449000e+00  2.1214878850e-01 
 656.000  1.0999167100e+00  1.8032733150e-01 
 657.000  1.1739776200e+00  1.9284141540e-01 
 658.000  1.3077815000e+00  2.1556092830e-01 
 659.000  1.3109902000e+00  2.1649774170e-01 
 660.000  1.3212703000e+00  2.1839093020e-01 
 661.000  1.3271797000e+00  2.1993896480e-01 
 662.000  1.3463063000e+00  2.2336515810e-01 
 663.000  1.3312761000e+00  2.2081427000e-01 
 664.000  1.3101048000e+00  2.1739984130e-01 
 665.000  1.3157769000e+00  2.1841851810e-01 
 666.000  1.3316064000e+00  2.2118315120e-01 
 667.000  1.3051538000e+00  2.1684376530e-01 
 668.000  1.3125478000e+00  2.1820832820e-01 
 669.000  1.3312356000e+00  2.2138891600e-01 
 670.000  1.3155866000e+00  2.1878237920e-01 
 671.000  1.3013207000e+00  2.1646594240e-01 
 672.000  1.2971594000e+00  2.1579707340e-01 
 673.000  1.3063810000e+00  2.1735122680e-01 
 674.000  1.3088654000e+00  2.1779621890e-01 
 675.000  1.2888502000e+00  2.1447640990e-01 
 676.000  1.3131357300e+00  2.1854913330e-01 
 677.000  1.2869686300e+00  2.1422738650e-01 
 678.000  1.3082285300e+00  2.1778189090e-01 
 679.000  1.2897100600e+00  2.1469250490e-01 
 680.000  1.2797399100e+00  2.1298573300e-01 
 681.000  1.2810362500e+00  2.1313623050e-01 
 682.000  1.2783276200e+00  2.1265773010e-01 
 683.000  1.2866541400e+00  2.1399215700e-01 
 684.000  1.2633257400e+00  2.1000152590e-01 
 685.000  1.2775721200e+00  2.1246951290e-01 
 686.000  1.2212084800e+00  2.0282553100e-01 
 687.000  1.1282332200e+00  1.8198501590e-01 
 688.000  1.1584134600e+00  1.8867364500e-01 
 689.000  1.1528093500e+00  1.8720344540e-01 
 690.000  1.1735702500e+00  1.9155563350e-01 
 691.000  1.1975168400e+00  1.9642741390e-01 
 692.000  1.2006763400e+00  1.9702120970e-01 
 693.000  1.1994882400e+00  1.9455487060e-01 
 694.000  1.2013998800e+00  1.9280322270e-01 
 695.000  1.1885381600e+00  1.9178276060e-01 
 696.000  1.2070941500e+00  1.9545057680e-01 
 697.000  1.2304637400e+00  2.0278047180e-01 
 698.000  1.2030849000e+00  1.9747976680e-01 
 699.000  1.2061219000e+00  1.9485485840e-01 
 700.000  1.1949917300e+00  1.9353753660e-01 
 701.000  1.1639902300e+00  1.8783372500e-01 
 702.000  1.1611516900e+00  1.8785153200e-01 
 703.000  1.1930098900e+00  1.9555351260e-01 
 704.000  1.1969720700e+00  1.9631785580e-01 
 705.000  1.1995308700e+00  1.9565737920e-01 
 706.000  1.1879376900e+00  1.9397592160e-01 
 707.000  1.1722099500e+00  1.9179043580e-01 
 708.000  1.2086493900e+00  1.9817227170e-01 
 709.000  1.1705555800e+00  1.9276107790e-01 
 710.000  1.1918672200e+00  1.9533699040e-01 
 711.000  1.1853047700e+00  1.9518354800e-01 
 712.000  1.1733177800e+00  1.9401499940e-01 
 713.000  1.1644642200e+00  1.9190747070e-01 
 714.000  1.1828358800e+00  1.9469012450e-01 
 715.000  1.1353130300e+00  1.8583569340e-01 
 716.000  1.1585577800e+00  1.8855825810e-01 
 717.000  1.0854854800e+00  1.7077272030e-01 
 718.000  1.0526442000e+00  1.6217469790e-01 
 719.000  1.0307392800e+00  1.5755670170e-01 
 720.000  1.0237416900e+00  1.5476515200e-01 
 721.000  1.0854837200e+00  1.7235246280e-01 
 722.000  1.1233574300e+00  1.8147384640e-01 
 723.000  1.1078930200e+00  1.7721405030e-01 
 724.000  1.0774943000e+00  1.6762646480e-01 
 725.000  1.0709976300e+00  1.6728445430e-01 
 726.000  1.0671541200e+00  1.6648881530e-01 
 727.000  1.0880215500e+00  1.7040742490e-01 
 728.000  1.0635361400e+00  1.6589929200e-01 
 729.000  1.0344751800e+00  1.6309082030e-01 
 730.000  1.0700906100e+00  1.6842970280e-01 
 731.000  1.0493966400e+00  1.6486419680e-01 
 732.000  1.0922294600e+00  1.7467475890e-01 
 733.000  1.0971007500e+00  1.7856140140e-01 
 734.000  1.1303239900e+00  1.8554302980e-01 
 735.000  1.1173384700e+00  1.8286320500e-01 
 736.000  1.0896522500e+00  1.7736515810e-01 
 737.000  1.1089744500e+00  1.8126287840e-01 
 738.000  1.1127925800e+00  1.8295626830e-01 
 739.000  1.0795933900e+00  1.7796714780e-01 
 740.000  1.0961607400e+00  1.8172859190e-01 
 741.000  1.0910491500e+00  1.8151951600e-01 
 742.000  1.0745336000e+00  1.7904176330e-01 
 743.000  1.1094379600e+00  1.8545135500e-01 
 744.000  1.1213528800e+00  1.8772950740e-01 
 745.000  1.0932793300e+00  1.8325473020e-01 
 746.000  1.1093200600e+00  1.8610311890e-01 
 747.000  1.1260226800e+00  1.8893389890e-01 
 748.000  1.1065522600e+00  1.8578984070e-01 
 749.000  1.1070401400e+00  1.8594595340e-01 
 750.000  1.0904142900e+00  1.8309693910e-01 
 751.000  1.0876005400e+00  1.8265159610e-01 
 752.000  1.1047470100e+00  1.8566198730e-01 
 753.000  1.0944530700e+00  1.8398667910e-01 
 754.000  1.1116810100e+00  1.8692495730e-01 
 755.000  1.1053003000e+00  1.8587875370e-01 
 756.000  1.0836652200e+00  1.8227015690e-01 
 757.000  1.0916343100e+00  1.8363438420e-01 
 758.000  1.0893078700e+00  1.8319917300e-01 
 759.000  1.0062410500e+00  1.6661454770e-01 
 760.000  5.1282757000e-01  7.2233070370e-02 
 761.000  4.6317243000e-01  6.3752128600e-02 
 762.000  7.4050433000e-01  1.1437807460e-01 
 763.000  6.7154022000e-01  1.0051029210e-01 
 764.000  7.1798033000e-01  1.0916410060e-01 
 765.000  8.2043274000e-01  1.2917372130e-01 
 766.000  8.8775927000e-01  1.4438044740e-01 
 767.000  9.5169713000e-01  1.5704444890e-01 
 768.000  1.0229038700e+00  1.7040766910e-01 
 769.000  1.0406703900e+00  1.7446292110e-01 
 770.000  1.0457992500e+00  1.7584347530e-01 
 771.000  1.0514430000e+00  1.7710177610e-01 
 772.000  1.0485127300e+00  1.7670236210e-01 
 773.000  1.0445758600e+00  1.7609475710e-01 
 774.000  1.0560794300e+00  1.7808805850e-01 
 775.000  1.0165488700e+00  1.7146864320e-01 
 776.000  1.0585054400e+00  1.7860423280e-01 
 777.000  1.0511485800e+00  1.7738227840e-01 
 778.000  1.0454701900e+00  1.7642945860e-01 
 779.000  1.0488337700e+00  1.7699871830e-01 
 780.000  1.0358135100e+00  1.7482650760e-01 
 781.000  1.0342053400e+00  1.7461296080e-01 
 782.000  1.0466286900e+00  1.7669918820e-01 
 783.000  1.0221328200e+00  1.7260284420e-01 
 784.000  1.0276875300e+00  1.7350773620e-01 
 785.000  1.0294975700e+00  1.7358923340e-01 
 786.000  1.0104033200e+00  1.7005905150e-01 
 787.000  1.0222345200e+00  1.7129777530e-01 
 788.000  1.0052678500e+00  1.6809826660e-01 
 789.000  1.0052505600e+00  1.6678697200e-01 
 790.000  9.9455833000e-01  1.6490338130e-01 
 791.000  9.9052137000e-01  1.6450045780e-01 
 792.000  9.7580880000e-01  1.6228276060e-01 
 793.000  9.7714231000e-01  1.6304377750e-01 
 794.000  9.7202819000e-01  1.6333679200e-01 
 795.000  9.6371038000e-01  1.6123988340e-01 
 796.000  9.7193498000e-01  1.6089019780e-01 
 797.000  9.8036211000e-01  1.6281631470e-01 
 798.000  9.8604853000e-01  1.6491577150e-01 
 799.000  9.8404298000e-01  1.6432336430e-01 
 800.000  9.5465019000e-01  1.5862629700e-01 
 801.000  9.7289204000e-01  1.6177014160e-01 
 802.000  9.7053659000e-01  1.6130264280e-01 
 803.000  9.5721904000e-01  1.5922886660e-01 
 804.000  9.6760613000e-01  1.6137431340e-01 
 805.000  9.4440828000e-01  1.5825418090e-01 
 806.000  9.7197125000e-01  1.6332662960e-01 
 807.000  9.6603636000e-01  1.6237872310e-01 
 808.000  9.5915820000e-01  1.6097227480e-01 
 809.000  9.4143661000e-01  1.5770314030e-01 
 810.000  9.3557646000e-01  1.5639706420e-01 
 811.000  9.4714167000e-01  1.5769207760e-01 
 812.000  9.3927972000e-01  1.5549015810e-01 
 813.000  9.2937285000e-01  1.5278416440e-01 
 814.000  9.2020550000e-01  1.4995318600e-01 
 815.000  9.0035665000e-01  1.4512042240e-01 
 816.000  8.7924214000e-01  1.3978921510e-01 
 817.000  8.8528818000e-01  1.4085163880e-01 
 818.000  8.8097210000e-01  1.4031036380e-01 
 819.000  8.6142300000e-01  1.3786700440e-01 
 820.000  8.5899288000e-01  1.3961012270e-01 
 821.000  9.0432630000e-01  1.4959487920e-01 
 822.000  8.6632700000e-01  1.4138203430e-01 
 823.000  8.4212957000e-01  1.3253561400e-01 
 824.000  8.8557098000e-01  1.4372546390e-01 
 825.000  9.0345085000e-01  1.4969671630e-01 
 826.000  9.0576599000e-01  1.4956669620e-01 
 827.000  9.0035645000e-01  1.4829144290e-01 
 828.000  8.8590855000e-01  1.4398228450e-01 
 829.000  8.8997291000e-01  1.4533625790e-01 
 830.000  8.8077077000e-01  1.4462821960e-01 
 831.000  8.6639392000e-01  1.4246354680e-01 
 832.000  8.8455036000e-01  1.4554942320e-01 
 833.000  8.5971310000e-01  1.4195341490e-01 
 834.000  8.7553040000e-01  1.4512658690e-01 
 835.000  8.8294489000e-01  1.4743000790e-01 
 836.000  8.9136159000e-01  1.4854040530e-01 
 837.000  8.8374158000e-01  1.4724099730e-01 
 838.000  8.8957241000e-01  1.4877391050e-01 
 839.000  8.6329065000e-01  1.4470558170e-01 
 840.000  8.8691746000e-01  1.4878329470e-01 
 841.000  8.8768147000e-01  1.4856472780e-01 
 842.000  8.8343806000e-01  1.4817974850e-01 
 843.000  8.8042042000e-01  1.4848388670e-01 
 844.000  8.6712304000e-01  1.4660804750e-01 
 845.000  8.8085893000e-01  1.4911054990e-01 
 846.000  8.8928090000e-01  1.5074523930e-01 
 847.000  8.5923410000e-01  1.4587329100e-01 
 848.000  8.8347434000e-01  1.4966902160e-01 
 849.000  8.8519642000e-01  1.5004025270e-01 
 850.000  7.6489751000e-01  1.2950180050e-01 
 851.000  8.7571745000e-01  1.4807727050e-01 
 852.000  8.4253583000e-01  1.4251486210e-01 
 853.000  8.5308609000e-01  1.4458767700e-01 
 854.000  6.8578737000e-01  1.1624206540e-01 
 855.000  7.5523999000e-01  1.2817420960e-01 
 856.000  8.5762939000e-01  1.4585252380e-01 
 857.000  8.7155608000e-01  1.4839898680e-01 
 858.000  8.5769382000e-01  1.4611332700e-01 
 859.000  8.5778219000e-01  1.4629281620e-01 
 860.000  8.5020722000e-01  1.4510110470e-01 
 861.000  8.5009062000e-01  1.4510472110e-01 
 862.000  8.4730811000e-01  1.4466615300e-01 
 863.000  8.6349091000e-01  1.4748110960e-01 
 864.000  8.6176204000e-01  1.4718800350e-01 
 865.000  8.4570229000e-01  1.4452075200e-01 
 866.000  7.0936279000e-01  1.2125544740e-01 
 867.000  7.5537489000e-01  1.2907440190e-01 
 868.000  8.1922191000e-01  1.4002986150e-01 
 869.000  8.0771618000e-01  1.3808464050e-01 
 870.000  8.4101286000e-01  1.4382290650e-01 
 871.000  8.3981385000e-01  1.4362207030e-01 
 872.000  8.3642784000e-01  1.4301110840e-01 
 873.000  8.3975739000e-01  1.4361822510e-01 
 874.000  8.2132931000e-01  1.4045101930e-01 
 875.000  8.1375968000e-01  1.3921250920e-01 
 876.000  8.2049002000e-01  1.4033049010e-01 
 877.000  8.3682249000e-01  1.4309082030e-01 
 878.000  8.2236936000e-01  1.4057362370e-01 
 879.000  8.2426359000e-01  1.4092424010e-01 
 880.000  8.1941778000e-01  1.3998857120e-01 
 881.000  7.7678924000e-01  1.3269902040e-01 
 882.000  8.1964062000e-01  1.3994581600e-01 
 883.000  8.0094655000e-01  1.3686215210e-01 
 884.000  8.0774331000e-01  1.3811759950e-01 
 885.000  8.1594137000e-01  1.3926344300e-01 
 886.000  7.8907865000e-01  1.3451269530e-01 
 887.000  7.8105361000e-01  1.3330630490e-01 
 888.000  8.0441687000e-01  1.3725230410e-01 
 889.000  8.0986585000e-01  1.3832574460e-01 
 890.000  8.0719447000e-01  1.3774417110e-01 
 891.000  8.0236068000e-01  1.3662904360e-01 
 892.000  7.9799471000e-01  1.3533131410e-01 
 893.000  7.6181474000e-01  1.2754620360e-01 
 894.000  7.8396691000e-01  1.3046377560e-01 
 895.000  7.3390107000e-01  1.1996113590e-01 
 896.000  7.4793240000e-01  1.2023067470e-01 
 897.000  7.1522966000e-01  1.1305868530e-01 
 898.000  7.0914614000e-01  1.1118592830e-01 
 899.000  6.8765590000e-01  1.0546414180e-01 
 900.000  6.7344688000e-01  1.0357825470e-01 
 901.000  6.5381481000e-01  1.0000982670e-01 
 902.000  6.4262218000e-01  9.8442245480e-02 
 903.000  7.0823685000e-01  1.1257906340e-01 
 904.000  7.4255003000e-01  1.2073017880e-01 
 905.000  7.3974612000e-01  1.2028177640e-01 
 906.000  7.0733238000e-01  1.1340709690e-01 
 907.000  6.9615505000e-01  1.0887107090e-01 
 908.000  6.6421749000e-01  1.0218198390e-01 
 909.000  6.5171908000e-01  1.0031980900e-01 
 910.000  6.6165610000e-01  1.0210327910e-01 
 911.000  6.6974611000e-01  1.0452384190e-01 
 912.000  6.6637131000e-01  1.0340579220e-01 
 913.000  6.6056646000e-01  1.0021826170e-01 
 914.000  6.6677760000e-01  1.0231262210e-01 
 915.000  6.6398386000e-01  1.0286746220e-01 
 916.000  6.7342999000e-01  1.0457669070e-01 
 917.000  6.6719287000e-01  1.0412546540e-01 
 918.000  6.6935899000e-01  1.0513905330e-01 
 919.000  6.9731231000e-01  1.1199679570e-01 
 920.000  7.0487984000e-01  1.1501535800e-01 
 921.000  6.8633842000e-01  1.1159760280e-01 
 922.000  6.7989860000e-01  1.1055046080e-01 
 923.000  6.4769074000e-01  1.0474298860e-01 
 924.000  6.6579787000e-01  1.0658685300e-01 
 925.000  6.7388639000e-01  1.0773617550e-01 
 926.000  6.4970003000e-01  1.0372313690e-01 
 927.000  6.6298926000e-01  1.0450654600e-01 
 928.000  6.5006706000e-01  1.0035120390e-01 
 929.000  6.1654657000e-01  9.2320083620e-02 
 930.000  5.8341107000e-01  8.3653404240e-02 
 931.000  5.4703621000e-01  7.3925468440e-02 
 932.000  4.9400520000e-01  6.1257247920e-02 
 933.000  4.5813170000e-01  5.3397090910e-02 
 934.000  4.1484743000e-01  4.5275920870e-02 
 935.000  4.0462976000e-01  4.3792324070e-02 
 936.000  4.1731700000e-01  4.6336036680e-02 
 937.000  4.2244361000e-01  4.6656463620e-02 
 938.000  4.6067510000e-01  5.4755508420e-02 
 939.000  5.7091033000e-01  8.0801239010e-02 
 940.000  5.8289560000e-01  8.4231704710e-02 
 941.000  5.5685863000e-01  7.9139030460e-02 
 942.000  5.0507613000e-01  6.8242881770e-02 
 943.000  4.7701347000e-01  5.8719131470e-02 
 944.000  4.6015986000e-01  5.6252033230e-02 
 945.000  4.8445996000e-01  6.1175193790e-02 
 946.000  4.9202700000e-01  6.2280803680e-02 
 947.000  5.0637403000e-01  6.6111968990e-02 
 948.000  5.1954933000e-01  6.9070602420e-02 
 949.000  5.1972934000e-01  6.8974227910e-02 
 950.000  5.1883258000e-01  6.9184310910e-02 
 951.000  5.3801456000e-01  7.4574623110e-02 
 952.000  5.1389995000e-01  6.8419075010e-02 
 953.000  5.2908899000e-01  7.2570770260e-02 
 954.000  5.4136811000e-01  7.6514587400e-02 
 955.000  4.9223238000e-01  6.8006378170e-02 
 956.000  5.2166397000e-01  7.1758659360e-02 
 957.000  5.6498071000e-01  8.3218292240e-02 
 958.000  5.7477620000e-01  8.5350471500e-02 
 959.000  5.6965161000e-01  8.3870559690e-02 
 960.000  5.6208811000e-01  8.2573539730e-02 
 961.000  5.5241298000e-01  8.0793090820e-02 
 962.000  5.5834464000e-01  8.2075798030e-02 
 963.000  5.8040402000e-01  8.7955749510e-02 
 964.000  5.7697164000e-01  8.7831298830e-02 
 965.000  5.8174679000e-01  8.8369544980e-02 
 966.000  5.6608357000e-01  8.6169219970e-02 
 967.000  5.9918731000e-01  9.3077140810e-02 
 968.000  6.1909768000e-01  9.9426063540e-02 
 969.000  6.3475094000e-01  1.0350915530e-01 
 970.000  6.3708243000e-01  1.0400069430e-01 
 971.000  6.3112987000e-01  1.0301841740e-01 
 972.000  6.3227985000e-01  1.0278525540e-01 
 973.000  6.1855971000e-01  9.9595909120e-02 
 974.000  5.9969690000e-01  9.5446708680e-02 
 975.000  5.9661000000e-01  9.4261474610e-02 
 976.000  6.1135179000e-01  9.7510147090e-02 
 977.000  6.0784350000e-01  9.8470748900e-02 
 978.000  6.2182162000e-01  1.0064749910e-01 
 979.000  6.0677590000e-01  9.8643348690e-02 
 980.000  6.2761640000e-01  1.0369025420e-01 
 981.000  6.3462018000e-01  1.0524297330e-01 
 982.000  6.3047464000e-01  1.0420973210e-01 
 983.000  6.3502330000e-01  1.0585244750e-01 
 984.000  6.3719200000e-01  1.0715022280e-01 
 985.000  6.4052489000e-01  1.0826148220e-01 
 986.000  6.3997770000e-01  1.0888748930e-01 
 987.000  6.4940152000e-01  1.1081108090e-01 
 988.000  6.4171804000e-01  1.0959519960e-01 
 989.000  6.3383365000e-01  1.0830625150e-01 
 990.000  6.3970238000e-01  1.0939743800e-01 
 991.000  6.4664705000e-01  1.1087369540e-01 
 992.000  6.4113053000e-01  1.1002071380e-01 
 993.000  6.4126013000e-01  1.1008788300e-01 
 994.000  6.4599217000e-01  1.1115930940e-01 
 995.000  6.4227252000e-01  1.1070754240e-01 
 996.000  6.4212686000e-01  1.1069678500e-01 
 997.000  6.4213608000e-01  1.1060349270e-01 
 998.000  6.3900814000e-01  1.0995844270e-01 
 999.000  6.3712766000e-01  1.0960470580e-01 
1000.000  6.3226152000e-01  1.0881816100e-01 
1001.000  6.3425992000e-01  1.0892845920e-01 
1002.000  6.3089432000e-01  1.0796796420e-01 
1003.000  6.2407318000e-01  1.0691705320e-01 
1004.000  6.2018278000e-01  1.0650181580e-01 
1005.000  5.7998271000e-01  9.9716140750e-02 
1006.000  6.1044724000e-01  1.0501290890e-01 
1007.000  6.2112359000e-01  1.0679524230e-01 
1008.000  6.2186933000e-01  1.0661981200e-01 
1009.000  6.1555511000e-01  1.0513553620e-01 
1010.000  6.1895498000e-01  1.0592906950e-01 
1011.000  6.1825418000e-01  1.0628438570e-01 
1012.000  6.1943582000e-01  1.0668219760e-01 
1013.000  6.1571508000e-01  1.0619718930e-01 
1014.000  6.1996591000e-01  1.0701878360e-01 
1015.000  6.0856275000e-01  1.0509133910e-01 
1016.000  6.1278788000e-01  1.0591328430e-01 
1017.000  6.0684405000e-01  1.0494625850e-01 
1018.000  6.1441041000e-01  1.0621003720e-01 
1019.000  5.9958344000e-01  1.0351714320e-01 
1020.000  5.9858408000e-01  1.0340811920e-01 
1021.000  6.0508543000e-01  1.0464407350e-01 
1022.000  5.9507141000e-01  1.0272278590e-01 
1023.000  6.0570892000e-01  1.0439975740e-01 
1024.000  6.0215509000e-01  1.0369290920e-01 
1025.000  6.0331299000e-01  1.0418401340e-01 
1026.000  6.0459903000e-01  1.0455107120e-01 
1027.000  6.0069383000e-01  1.0385537720e-01 
1028.000  6.0230688000e-01  1.0421612550e-01 
1029.000  5.9364075000e-01  1.0287559510e-01 
1030.000  6.0012444000e-01  1.0415810390e-01 
1031.000  5.9847961000e-01  1.0397280120e-01 
1032.000  5.9656315000e-01  1.0372137450e-01 
1033.000  5.8561212000e-01  1.0184889980e-01 
1034.000  5.9133120000e-01  1.0288793180e-01 
1035.000  5.8360518000e-01  1.0157125090e-01 
1036.000  5.9324657000e-01  1.0327201080e-01 
1037.000  5.8074987000e-01  1.0112644200e-01 
1038.000  5.8648889000e-01  1.0214929200e-01 
1039.000  5.8887482000e-01  1.0256557460e-01 
1040.000  5.8189693000e-01  1.0135757450e-01 
1041.000  5.8492182000e-01  1.0187702180e-01 
1042.000  5.8664879000e-01  1.0219235230e-01 
1043.000  5.7651660000e-01  1.0046005250e-01 
1044.000  5.8224716000e-01  1.0151348110e-01 
1045.000  5.7968873000e-01  1.0101348110e-01 
1046.000  5.6281613000e-01  9.8077522280e-02 
1047.000  5.7313407000e-01  9.9890037540e-02 
1048.000  5.7880984000e-01  1.0091246800e-01 
1049.000  5.7508459000e-01  1.0029264830e-01 
1050.000  5.7265868000e-01  9.9861190800e-02 
1051.000  5.7162280000e-01  9.9666679380e-02 
1052.000  5.6886127000e-01  9.9187255860e-02 
1053.000  5.6751848000e-01  9.8945625310e-02 
1054.000  5.6326635000e-01  9.8155792240e-02 
1055.000  5.6735780000e-01  9.8862052920e-02 
1056.000  5.6581985000e-01  9.8577651980e-02 
1057.000  5.6474507000e-01  9.8321807860e-02 
1058.000  5.5866136000e-01  9.7116798400e-02 
1059.000  5.4110047000e-01  9.4108932500e-02 
1060.000  5.6067928000e-01  9.7641433720e-02 
1061.000  5.4100720000e-01  9.4219352720e-02 
1062.000  5.5590788000e-01  9.6733856200e-02 
1063.000  5.4648874000e-01  9.5086578370e-02 
1064.000  5.5322312000e-01  9.6184333800e-02 
1065.000  5.5237901000e-01  9.5919792180e-02 
1066.000  5.3545839000e-01  9.2993843080e-02 
1067.000  5.4809331000e-01  9.5138359070e-02 
1068.000  5.4534000000e-01  9.4434509280e-02 
1069.000  5.0398401000e-01  8.7144546510e-02 
1070.000  5.3395505000e-01  9.2353904720e-02 
1071.000  5.3441809000e-01  9.2295753480e-02 
1072.000  5.3580024000e-01  9.2399063110e-02 
1073.000  5.1809232000e-01  8.9323554990e-02 
1074.000  5.3631054000e-01  9.2490638730e-02 
1075.000  5.2025104000e-01  8.9923667910e-02 
1076.000  5.3127909000e-01  9.1702301030e-02 
1077.000  5.2958496000e-01  9.1241813660e-02 
1078.000  5.3034624000e-01  9.1178031920e-02 
1079.000  5.0983726000e-01  8.7626945500e-02 
1080.000  5.2327514000e-01  8.9424690250e-02 
1081.000  5.0393533000e-01  8.6092239380e-02 
1082.000  5.1108988000e-01  8.7523643490e-02 
1083.000  4.9642303000e-01  8.4743080140e-02 
1084.000  5.1435203000e-01  8.7503082280e-02 
1085.000  5.0510262000e-01  8.5255912780e-02 
1086.000  5.1230443000e-01  8.6617897030e-02 
1087.000  4.8353677000e-01  8.2451232910e-02 
1088.000  5.1293299000e-01  8.7511985780e-02 
1089.000  4.9006675000e-01  8.2759208680e-02 
1090.000  5.0006746000e-01  8.4298507690e-02 
1091.000  5.0398576000e-01  8.5140426640e-02 
1092.000  4.9060093000e-01  8.2467033390e-02 
1093.000  4.8069176000e-01  7.9903327940e-02 
1094.000  4.3583708900e-01  7.2088684080e-02 
1095.000  4.7204081000e-01  7.8127792360e-02 
1096.000  4.7336566000e-01  7.8411605830e-02 
1097.000  4.6329155000e-01  7.6527572630e-02 
1098.000  4.4593024300e-01  7.1681968690e-02 
1099.000  4.3559145700e-01  6.8413024900e-02 
1100.000  4.4388804100e-01  6.9824531560e-02 
1101.000  4.4454841600e-01  7.0144638060e-02 
1102.000  4.2536598000e-01  6.6998329160e-02 
1103.000  4.4333064000e-01  6.9961334230e-02 
1104.000  4.3812406800e-01  6.8859169010e-02 
1105.000  4.3235922000e-01  6.7273796080e-02 
1106.000  4.2352486000e-01  6.5244697570e-02 
1107.000  4.2436034600e-01  6.5505043030e-02 
1108.000  4.2402719900e-01  6.5525314330e-02 
1109.000  4.3053208700e-01  6.7028213500e-02 
1110.000  4.3228848800e-01  6.7138969420e-02 
1111.000  4.2430546800e-01  6.5541557310e-02 
1112.000  4.0791623600e-01  6.1602939610e-02 
1113.000  3.8916995000e-01  5.6682315830e-02 
1114.000  3.8895411800e-01  5.5911296840e-02 
1115.000  3.6330476300e-01  4.9402938840e-02 
1116.000  3.4511411100e-01  4.5263153080e-02 
1117.000  3.1608328700e-01  3.8264568330e-02 
1118.000  2.8210476100e-01  3.1582609180e-02 
1119.000  2.5824357900e-01  2.7542316440e-02 
1120.000  2.3806461600e-01  2.3837593080e-02 
1121.000  2.3497785500e-01  2.3154914860e-02 
1122.000  2.1119901800e-01  1.9304725650e-02 
1123.000  2.2505646300e-01  2.1379608150e-02 
1124.000  2.3401452600e-01  2.2765544890e-02 
1125.000  2.2485429000e-01  2.1584867480e-02 
1126.000  2.1880454800e-01  2.0902992250e-02 
1127.000  2.2797528900e-01  2.1943470000e-02 
1128.000  2.2719332700e-01  2.2175882340e-02 
1129.000  2.5002042000e-01  2.6005161290e-02 
1130.000  2.9885555900e-01  3.5059009550e-02 
1131.000  3.1580703400e-01  3.8287151340e-02 
1132.000  2.9782420500e-01  3.4470619200e-02 
1133.000  2.5557985100e-01  2.7176315310e-02 
1134.000  1.8689875000e-01  1.6074493410e-02 
1135.000  1.9455168300e-01  1.7102397920e-02 
1136.000  2.6174186300e-01  2.8283004760e-02 
1137.000  3.0002830000e-01  3.5286808010e-02 
1138.000  3.2056030600e-01  4.0903896330e-02 
1139.000  3.3661170200e-01  4.4170326230e-02 
1140.000  3.3158534500e-01  4.2846897130e-02 
1141.000  3.1001204400e-01  3.8903419490e-02 
1142.000  3.1414838100e-01  3.8982429500e-02 
1143.000  2.9522590100e-01  3.5410926820e-02 
1144.000  2.7793508000e-01  3.2105117800e-02 
1145.000  2.5705500400e-01  2.8027000430e-02 
1146.000  2.6506977600e-01  2.9305858610e-02 
1147.000  2.8418481500e-01  3.2844001770e-02 
1148.000  2.9681066300e-01  3.5625617980e-02 
1149.000  3.0374278700e-01  3.7032012940e-02 
1150.000  3.0249295000e-01  3.6993526460e-02 
1151.000  3.1036218100e-01  3.8904899600e-02 
1152.000  3.1400595700e-01  3.9834686280e-02 
1153.000  3.1970066800e-01  4.1256134030e-02 
1154.000  3.1994660800e-01  4.1150485990e-02 
1155.000  3.3279212700e-01  4.4235450740e-02 
1156.000  3.4126221600e-01  4.6976760860e-02 
1157.000  3.7071478600e-01  5.4358039860e-02 
1158.000  3.8110161700e-01  5.7164749150e-02 
1159.000  3.8433036700e-01  5.8721485140e-02 
1160.000  3.8292308900e-01  5.8955478670e-02 
1161.000  3.8345734500e-01  6.0058521270e-02 
1162.000  4.0379499900e-01  6.4086662290e-02 
1163.000  4.1337299300e-01  6.6627677920e-02 
1164.000  4.0680805800e-01  6.5792533870e-02 
1165.000  4.1516398300e-01  6.7281715390e-02 
1166.000  4.0595524500e-01  6.6034286500e-02 
1167.000  4.1350591300e-01  6.7417556760e-02 
1168.000  4.1671871200e-01  6.7897277830e-02 
1169.000  4.0337737800e-01  6.5878883360e-02 
1170.000  4.1523716300e-01  6.7958023070e-02 
1171.000  4.1991655300e-01  6.9084632870e-02 
1172.000  4.1696094000e-01  6.8402153020e-02 
1173.000  4.1245350700e-01  6.7477264400e-02 
1174.000  4.1275505600e-01  6.7546134950e-02 
1175.000  4.1220927100e-01  6.8000816350e-02 
1176.000  4.0609463900e-01  6.7492813110e-02 
1177.000  4.1677187700e-01  6.9032394410e-02 
1178.000  4.0598024200e-01  6.6775238040e-02 
1179.000  4.0416952800e-01  6.6485343930e-02 
1180.000  4.0848066600e-01  6.7029655460e-02 
1181.000  4.0285729200e-01  6.5679687500e-02 
1182.000  3.9984592400e-01  6.4774093630e-02 
1183.000  3.7703716400e-01  6.1132808690e-02 
1184.000  3.9602252200e-01  6.4455879210e-02 
1185.000  4.0618388800e-01  6.6724624630e-02 
1186.000  4.0231404000e-01  6.5916130070e-02 
1187.000  3.9744477100e-01  6.4524871830e-02 
1188.000  3.9425150300e-01  6.3879280090e-02 
1189.000  3.7411564500e-01  6.0972408290e-02 
1190.000  4.0026127400e-01  6.6204780580e-02 
1191.000  4.0883033000e-01  6.7924720760e-02 
1192.000  4.0990885400e-01  6.8543258670e-02 
1193.000  4.0935135100e-01  6.8355056760e-02 
1194.000  4.0806410000e-01  6.8084899900e-02 
1195.000  4.0025074000e-01  6.6373062130e-02 
1196.000  4.0044073000e-01  6.6471313480e-02 
1197.000  3.9876171600e-01  6.6000045780e-02 
1198.000  3.8502317400e-01  6.3690811160e-02 
1199.000  3.6887241300e-01  6.0795360570e-02 
1200.000  3.9323621700e-01  6.4958793640e-02 
1201.000  3.9649278000e-01  6.5577239990e-02 
1202.000  3.9740740800e-01  6.5844726560e-02 
1203.000  3.7695807400e-01  6.2392543790e-02 
1204.000  3.8381829000e-01  6.3663871770e-02 
1205.000  3.9802671600e-01  6.6720634460e-02 
1206.000  3.9807832000e-01  6.7051795960e-02 
1207.000  4.0176308700e-01  6.7807464600e-02 
1208.000  3.9518616400e-01  6.6594444270e-02 
1209.000  3.6935960300e-01  6.2086399080e-02 
1210.000  3.9320581900e-01  6.5807136540e-02 
1211.000  3.7978243400e-01  6.3521259310e-02 
1212.000  3.9222917800e-01  6.5676414490e-02 
1213.000  3.9583250000e-01  6.6558746340e-02 
1214.000  3.9376430800e-01  6.6173240660e-02 
1215.000  3.9584717600e-01  6.6633308410e-02 
1216.000  3.9762303000e-01  6.7381729130e-02 
1217.000  3.9924357900e-01  6.8053489690e-02 
1218.000  3.9882398100e-01  6.8180717470e-02 
1219.000  3.9559155500e-01  6.7752227780e-02 
1220.000  3.9832903800e-01  6.8228034970e-02 
1221.000  3.9785515000e-01  6.8189537050e-02 
1222.000  3.9583444200e-01  6.7861511230e-02 
1223.000  3.9416720100e-01  6.7631515500e-02 
1224.000  3.9870511600e-01  6.8653442380e-02 
1225.000  3.9682617500e-01  6.8394882200e-02 
1226.000  3.9863202300e-01  6.8796096800e-02 
1227.000  3.8579016600e-01  6.6712532040e-02 
1228.000  3.9866812900e-01  6.9110229490e-02 
1229.000  3.9882208200e-01  6.9273056030e-02 
1230.000  3.9812588500e-01  6.9305694580e-02 
1231.000  3.9849636800e-01  6.9463317870e-02 
1232.000  3.9413904300e-01  6.8749603270e-02 
1233.000  3.9732560700e-01  6.9340957640e-02 
1234.000  3.9700010900e-01  6.9474006650e-02 
1235.000  3.9455022500e-01  6.9121849060e-02 
1236.000  3.9705161400e-01  6.9619232180e-02 
1237.000  3.9730552800e-01  6.9736679080e-02 
1238.000  3.9714934800e-01  6.9747589110e-02 
1239.000  3.9266894800e-01  6.8990173340e-02 
1240.000  3.9089058200e-01  6.8706512450e-02 
1241.000  3.9430116600e-01  6.9317802430e-02 
1242.000  3.9190143100e-01  6.8902534480e-02 
1243.000  3.8744010500e-01  6.8126914980e-02 
1244.000  3.8379345400e-01  6.7475219730e-02 
1245.000  3.9027368700e-01  6.8616188050e-02 
1246.000  3.8710960400e-01  6.8040374760e-02 
1247.000  3.8502160100e-01  6.7648590090e-02 
1248.000  3.8783177900e-01  6.8123069760e-02 
1249.000  3.8632354100e-01  6.7854057310e-02 
1250.000  3.8464081700e-01  6.7538879390e-02 
1251.000  3.8180619800e-01  6.7026153560e-02 
1252.000  3.8036341200e-01  6.6734718320e-02 
1253.000  3.7690308600e-01  6.6084449770e-02 
1254.000  3.7725442500e-01  6.6047531130e-02 
1255.000  3.7616418400e-01  6.5798767090e-02 
1256.000  3.7496305200e-01  6.5547531130e-02 
1257.000  3.7010931900e-01  6.4630523680e-02 
1258.000  3.7018039300e-01  6.4486129760e-02 
1259.000  3.6493557300e-01  6.3452453610e-02 
1260.000  3.6406083100e-01  6.3158462520e-02 
1261.000  3.6183713500e-01  6.2622783660e-02 
1262.000  3.5078651000e-01  6.0441585540e-02 
1263.000  3.5376292300e-01  6.0878944400e-02 
1264.000  3.4741568100e-01  5.9748851780e-02 
1265.000  3.4773711800e-01  5.9791114810e-02 
1266.000  3.4859299100e-01  5.9834053040e-02 
1267.000  3.4050995100e-01  5.8344097140e-02 
1268.000  3.3541666800e-01  5.7379432680e-02 
1269.000  3.3776952500e-01  5.7743316650e-02 
1270.000  3.4596105600e-01  5.9393711090e-02 
1271.000  3.4988654700e-01  6.0165290830e-02 
1272.000  3.5047400600e-01  6.0376018520e-02 
1273.000  3.5163991200e-01  6.0713989260e-02 
1274.000  3.5134440200e-01  6.0838085170e-02 
1275.000  3.5428958100e-01  6.1407115940e-02 
1276.000  3.5537662500e-01  6.1607013700e-02 
1277.000  3.5541691400e-01  6.1585739140e-02 
1278.000  3.5472910100e-01  6.1420997620e-02 
1279.000  3.5270498400e-01  6.1074901580e-02 
1280.000  3.5160787700e-01  6.1005630490e-02 
1281.000  3.4252653200e-01  5.9539802550e-02 
1282.000  3.0493583200e-01  5.3103099820e-02 
1283.000  3.3518034800e-01  5.8407642360e-02 
1284.000  3.4907331200e-01  6.0819725040e-02 
1285.000  3.5192018700e-01  6.1334907530e-02 
1286.000  3.5137163900e-01  6.1150524140e-02 
1287.000  3.5263840200e-01  6.1219715120e-02 
1288.000  3.4713633900e-01  5.9759185790e-02 
1289.000  3.4818705700e-01  5.9775924680e-02 
1290.000  3.4006142900e-01  5.8349601750e-02 
1291.000  3.4530175200e-01  5.9299743650e-02 
1292.000  3.4817760000e-01  5.9962764740e-02 
1293.000  3.4861726400e-01  6.0027469640e-02 
1294.000  3.4166635600e-01  5.8587402340e-02 
1295.000  3.4300829300e-01  5.8459709170e-02 
1296.000  3.4081027800e-01  5.7716934200e-02 
1297.000  3.3670688800e-01  5.6732002260e-02 
1298.000  3.3351287700e-01  5.6146282200e-02 
1299.000  3.3673880300e-01  5.6644092560e-02 
1300.000  3.3504779500e-01  5.6304992680e-02 
1301.000  3.3406702400e-01  5.6045158390e-02 
1302.000  3.2837630400e-01  5.4872253420e-02 
1303.000  3.2239111900e-01  5.3297641750e-02 
1304.000  3.2102188500e-01  5.2827133180e-02 
1305.000  3.2226877100e-01  5.2922782900e-02 
1306.000  3.2205318500e-01  5.2777061460e-02 
1307.000  3.2003611100e-01  5.2302677150e-02 
1308.000  3.1705658500e-01  5.1455089570e-02 
1309.000  3.1311936400e-01  5.0350952150e-02 
1310.000  3.1139191800e-01  5.0017562870e-02 
1311.000  3.1054019200e-01  4.9866172790e-02 
1312.000  3.0510481200e-01  4.8487995150e-02 
1313.000  2.8898686800e-01  4.5368400570e-02 
1314.000  2.9350560500e-01  4.5588920590e-02 
1315.000  2.8572769700e-01  4.4587699890e-02 
1316.000  2.9571250600e-01  4.6469863890e-02 
1317.000  2.9871769200e-01  4.6913082120e-02 
1318.000  2.8931667000e-01  4.4849681850e-02 
1319.000  2.8566391600e-01  4.3475536350e-02 
1320.000  2.7493550600e-01  4.0871097560e-02 
1321.000  2.7039550600e-01  3.9780700680e-02 
1322.000  2.7547384400e-01  4.1146976470e-02 
1323.000  2.8237058600e-01  4.2798553470e-02 
1324.000  2.8564024100e-01  4.3607406620e-02 
1325.000  2.8325199800e-01  4.3011711120e-02 
1326.000  2.7616123500e-01  4.1316318510e-02 
1327.000  2.6161138200e-01  3.7682666780e-02 
1328.000  2.4845765200e-01  3.4062168120e-02 
1329.000  2.1433721100e-01  2.6805503850e-02 
1330.000  2.0827902500e-01  2.5173767090e-02 
1331.000  2.0278696800e-01  2.3963048930e-02 
1332.000  2.0059293900e-01  2.3840957640e-02 
1333.000  2.1161397800e-01  2.5625595090e-02 
1334.000  2.2004344100e-01  2.7320217130e-02 
1335.000  2.2599423800e-01  2.8573717120e-02 
1336.000  2.2589027600e-01  2.8740968700e-02 
1337.000  2.2844692700e-01  2.9142164230e-02 
1338.000  2.3220635300e-01  3.0024681090e-02 
1339.000  2.3272076900e-01  3.0248569490e-02 
1340.000  2.3434610000e-01  3.0819017410e-02 
1341.000  2.3830120500e-01  3.1073593140e-02 
1342.000  2.3820312300e-01  3.1075757980e-02 
1343.000  2.2915074700e-01  2.8465692520e-02 
1344.000  2.1527739500e-01  2.5232074740e-02 
1345.000  1.7809347400e-01  1.8076711650e-02 
1346.000  1.5190348600e-01  1.3546258930e-02 
1347.000  1.3472948900e-01  1.1031085970e-02 
1348.000  1.1168934500e-01  7.6915745740e-03 
1349.000  1.0158327310e-01  6.5155944820e-03 
1350.000  7.9125369900e-02  4.0293326380e-03 
1351.000  6.8308394800e-02  3.1154181960e-03 
1352.000  5.2246813200e-02  1.8545023200e-03 
1353.000  3.7031758500e-02  1.0218282940e-03 
1354.000  2.9610198200e-02  6.8524414300e-04 
1355.000  2.2989770100e-02  4.4116741420e-04 
1356.000  1.7385002900e-02  2.6982361080e-04 
1357.000  1.1883109690e-02  1.3692301510e-04 
1358.000  8.7943198400e-03  8.3985619250e-05 
1359.000  4.6371948600e-03  2.8788451110e-05 
1360.000  3.0667217200e-03  1.5208357010e-05 
1361.000  2.2822914200e-03  9.0940119700e-06 
1362.000  2.1000796500e-03  8.0086281520e-06 
1363.000  3.0298739800e-03  1.3934903780e-05 
1364.000  3.5132289000e-03  1.7431072890e-05 
1365.000  3.6785408600e-03  1.8396949400e-05 
1366.000  4.2481022800e-03  2.2953635080e-05 
1367.000  3.5684737300e-03  1.8015140670e-05 
1368.000  3.1641468500e-03  1.5586706810e-05 
1369.000  3.2446913000e-03  1.6397612170e-05 
1370.000  5.3662098500e-03  3.7810858340e-05 
1371.000  9.5567610600e-03  9.4099804760e-05 
1372.000  1.7696231500e-02  2.5803625580e-04 
1373.000  2.5103604800e-02  4.5354640480e-04 
1374.000  3.0483673900e-02  6.2607377770e-04 
1375.000  3.2500971400e-02  7.0251590010e-04 
1376.000  3.0145978800e-02  6.2394148110e-04 
1377.000  2.6837390500e-02  5.1098740100e-04 
1378.000  2.0455649400e-02  3.2722505930e-04 
1379.000  1.4046742530e-02  1.7766387760e-04 
1380.000  7.9669079700e-03  7.1523696180e-05 
1381.000  4.6085515200e-03  3.0047457670e-05 
1382.000  3.2226967700e-03  1.7041448500e-05 
1383.000  3.1180856200e-03  1.5941271560e-05 
1384.000  5.0718414100e-03  3.4220553930e-05 
1385.000  7.2001263100e-03  5.9766266490e-05 
1386.000  1.0997450020e-02  1.1731835450e-04 
1387.000  2.0206328300e-02  3.2025370000e-04 
1388.000  2.6781694500e-02  5.0141680240e-04 
1389.000  3.0764101900e-02  6.3805103300e-04 
1390.000  3.1403442900e-02  6.6704082490e-04 
1391.000  2.9315472200e-02  5.9453558920e-04 
1392.000  2.2163726500e-02  3.7781891230e-04 
1393.000  1.6942410700e-02  2.4741792680e-04 
1394.000  1.2979815330e-02  1.6219058630e-04 
1395.000  1.4631352800e-02  1.9650195540e-04 
1396.000  2.0077461100e-02  3.2392969730e-04 
1397.000  2.5909862700e-02  4.9176383020e-04 
1398.000  2.6682667700e-02  5.1443058250e-04 
1399.000  2.4913703600e-02  4.6722021700e-04 
1400.000  2.3296425700e-02  4.2522802950e-04 
1401.000  2.4765302400e-02  4.7730264070e-04 
1402.000  3.0702296700e-02  6.6566735510e-04 
1403.000  3.5348755900e-02  8.6248606440e-04 
1404.000  3.3248643800e-02  7.7800130840e-04 
1405.000  3.4827234800e-02  8.6026746030e-04 
1406.000  3.2294611600e-02  7.5498682260e-04 
1407.000  3.3492735500e-02  8.2453209160e-04 
1408.000  4.0143478800e-02  1.1049478050e-03 
1409.000  4.7057437000e-02  1.4614982600e-03 
1410.000  5.7715835300e-02  2.0483410360e-03 
1411.000  6.8651321000e-02  2.8090982440e-03 
1412.000  6.6325038300e-02  2.7129964830e-03 
1413.000  7.3150718200e-02  3.2417476180e-03 
1414.000  7.2121534000e-02  3.1177163120e-03 
1415.000  7.9730083000e-02  3.7907700540e-03 
1416.000  8.5664938400e-02  4.2873353960e-03 
1417.000  8.7870820000e-02  4.5192556380e-03 
1418.000  8.8653997100e-02  4.5676865580e-03 
1419.000  8.8469620700e-02  4.6396088600e-03 
1420.000  9.0571077000e-02  4.8205251690e-03 
1421.000  1.0186710840e-01  5.9034652710e-03 
1422.000  1.0429122640e-01  6.2366375920e-03 
1423.000  1.0545467820e-01  6.4248075490e-03 
1424.000  1.0509626760e-01  6.3693556790e-03 
1425.000  1.0390268310e-01  6.1833887100e-03 
1426.000  1.0017678730e-01  5.9699778560e-03 
1427.000  1.0610823240e-01  6.5319347380e-03 
1428.000  1.1207146960e-01  7.0564227100e-03 
1429.000  1.1367409930e-01  7.3672957420e-03 
1430.000  1.1090972060e-01  7.1912980080e-03 
1431.000  1.0332448670e-01  6.4254498480e-03 
1432.000  1.0102901830e-01  6.1170573230e-03 
1433.000  1.0074422880e-01  6.0836181640e-03 
1434.000  9.6091607300e-02  5.6771492960e-03 
1435.000  1.0316403740e-01  6.3581228260e-03 
1436.000  1.0573352160e-01  6.6303172110e-03 
1437.000  1.0741911020e-01  6.7962274550e-03 
1438.000  1.1388396250e-01  7.5143618580e-03 
1439.000  1.1598584730e-01  7.6811714170e-03 
1440.000  1.1121275810e-01  7.4589972500e-03 
1441.000  1.1812062000e-01  7.9780340190e-03 
1442.000  1.1330432310e-01  7.5518579480e-03 
1443.000  1.1534078990e-01  7.7051081660e-03 
1444.000  1.1794153260e-01  7.9718899730e-03 
1445.000  1.1817784840e-01  8.0167016980e-03 
1446.000  1.2369614460e-01  8.5927305220e-03 
1447.000  1.2707785000e-01  9.0161943440e-03 
1448.000  1.2852630600e-01  9.1561918260e-03 
1449.000  1.2600213900e-01  8.8602571490e-03 
1450.000  1.2048796460e-01  8.2947826390e-03 
1451.000  1.2183727350e-01  8.4889078140e-03 
1452.000  1.2717194600e-01  9.2343683240e-03 
1453.000  1.4171120300e-01  1.0899094580e-02 
1454.000  1.5420763600e-01  1.2540044780e-02 
1455.000  1.6018542400e-01  1.3468314170e-02 
1456.000  1.6729504600e-01  1.4527229310e-02 
1457.000  1.6998561200e-01  1.4836270330e-02 
1458.000  1.7331197400e-01  1.5230956080e-02 
1459.000  1.6843995600e-01  1.4498255730e-02 
1460.000  1.6075941400e-01  1.3588689800e-02 
1461.000  1.5767470600e-01  1.3211076740e-02 
1462.000  1.4918181000e-01  1.2155581470e-02 
1463.000  1.4819257500e-01  1.2102934840e-02 
1464.000  1.4627738100e-01  1.1862005230e-02 
1465.000  1.4303067500e-01  1.1359257700e-02 
1466.000  1.3329914400e-01  1.0302545550e-02 
1467.000  1.3233099400e-01  1.0029165270e-02 
1468.000  1.2418674390e-01  9.2025251390e-03 
1469.000  1.1780319770e-01  8.3868141170e-03 
1470.000  1.1439102260e-01  8.0352277760e-03 
1471.000  1.2139456530e-01  9.0032644270e-03 
1472.000  1.3367913200e-01  1.0546629910e-02 
1473.000  1.5023416500e-01  1.2747826580e-02 
1474.000  1.5747638200e-01  1.4082190510e-02 
1475.000  1.6027677700e-01  1.4380717280e-02 
1476.000  1.6053736000e-01  1.4454197880e-02 
1477.000  1.5709516600e-01  1.3990010260e-02 
1478.000  1.5095021100e-01  1.3301167490e-02 
1479.000  1.4795468900e-01  1.2818218230e-02 
1480.000  1.5103768200e-01  1.3314739230e-02 
1481.000  1.5386403800e-01  1.3908246990e-02 
1482.000  1.6081824600e-01  1.4943866730e-02 
1483.000  1.5903890300e-01  1.4923917770e-02 
1484.000  1.6007118200e-01  1.5094785690e-02 
1485.000  1.6237128100e-01  1.5316013340e-02 
1486.000  1.6374752400e-01  1.5824238780e-02 
1487.000  1.7377738300e-01  1.7559196470e-02 
1488.000  1.5229193300e-01  1.5500965120e-02 
1489.000  1.8689949000e-01  2.0132705690e-02 
1490.000  1.9774664500e-01  2.2340278630e-02 
1491.000  2.0481694800e-01  2.3741319660e-02 
1492.000  2.0110357300e-01  2.3495109560e-02 
1493.000  2.0854165700e-01  2.4767904280e-02 
1494.000  2.0823613100e-01  2.4874904630e-02 
1495.000  2.0996469100e-01  2.5498102190e-02 
1496.000  2.0960586400e-01  2.6036985400e-02 
1497.000  2.1471813400e-01  2.6818450930e-02 
1498.000  2.2180383400e-01  2.8242910390e-02 
1499.000  2.2279688900e-01  2.8891553880e-02 
1500.000  2.2967006600e-01  3.0210741040e-02 
1501.000  2.2836308800e-01  3.0036643980e-02 
1502.000  2.2468085900e-01  2.9491432190e-02 
1503.000  2.0070983000e-01  2.6331411360e-02 
1504.000  2.1005064600e-01  2.7741100310e-02 
1505.000  2.1267658300e-01  2.8475936890e-02 
1506.000  2.1560879300e-01  2.8975524900e-02 
1507.000  2.2843613500e-01  3.1082151410e-02 
1508.000  2.2642744400e-01  3.1059574130e-02 
1509.000  2.2895437100e-01  3.1672876360e-02 
1510.000  2.3305832600e-01  3.2401222230e-02 
1511.000  2.3520819500e-01  3.2904972080e-02 
1512.000  2.3152068700e-01  3.2545059200e-02 
1513.000  2.3143011900e-01  3.2655235290e-02 
1514.000  2.2826118300e-01  3.2288795470e-02 
1515.000  2.3357055500e-01  3.3209480290e-02 
1516.000  2.3166395800e-01  3.3044528960e-02 
1517.000  2.3104358000e-01  3.3110851290e-02 
1518.000  2.3676984300e-01  3.4175247190e-02 
1519.000  2.3498895500e-01  3.4188365940e-02 
1520.000  2.3859366700e-01  3.5049774170e-02 
1521.000  2.3520392300e-01  3.4752986910e-02 
1522.000  2.3384321800e-01  3.4620273590e-02 
1523.000  2.3987162000e-01  3.5624855040e-02 
1524.000  2.3778669400e-01  3.5340995790e-02 
1525.000  2.3204715700e-01  3.4506584170e-02 
1526.000  2.3868566400e-01  3.5567920680e-02 
1527.000  2.3657338000e-01  3.5374320980e-02 
1528.000  2.3867717600e-01  3.5836761470e-02 
1529.000  2.3793051400e-01  3.5782318120e-02 
1530.000  2.2306950200e-01  3.3677379610e-02 
1531.000  2.3872178800e-01  3.6166175840e-02 
1532.000  2.3758498300e-01  3.6126197810e-02 
1533.000  2.3662346400e-01  3.6082530980e-02 
1534.000  2.3314462600e-01  3.5647277830e-02 
1535.000  2.3413292300e-01  3.5896244050e-02 
1536.000  2.3726686000e-01  3.6449455260e-02 
1537.000  2.3820516100e-01  3.6702674870e-02 
1538.000  2.3187588800e-01  3.5840320590e-02 
1539.000  2.3689396500e-01  3.6724166870e-02 
1540.000  2.2834154200e-01  3.5483097080e-02 
1541.000  2.3315662300e-01  3.6299942020e-02 
1542.000  2.3454475300e-01  3.6573593140e-02 
1543.000  2.3390693200e-01  3.6547630310e-02 
1544.000  2.3691251700e-01  3.7102996830e-02 
1545.000  2.3782347200e-01  3.7353096010e-02 
1546.000  2.3804314000e-01  3.7490844730e-02 
1547.000  2.3573165700e-01  3.7220394130e-02 
1548.000  2.2876988100e-01  3.6201087950e-02 
1549.000  2.3463335100e-01  3.7191749570e-02 
1550.000  2.3331466400e-01  3.7038871770e-02 
1551.000  2.3208624200e-01  3.6886844640e-02 
1552.000  2.3604228800e-01  3.7560985570e-02 
1553.000  2.3480887100e-01  3.7422180180e-02 
1554.000  2.2620542800e-01  3.6093257900e-02 
1555.000  2.2998082000e-01  3.6759250640e-02 
1556.000  2.2559052600e-01  3.6118804930e-02 
1557.000  2.3297710000e-01  3.7367660520e-02 
1558.000  2.3113228100e-01  3.7119091030e-02 
1559.000  2.3114979600e-01  3.7165287020e-02 
1560.000  2.2715785200e-01  3.6578536990e-02 
1561.000  2.3245883500e-01  3.7466220860e-02 
1562.000  2.3234986600e-01  3.7466026310e-02 
1563.000  2.2887547900e-01  3.6934337620e-02 
1564.000  2.2421471800e-01  3.6197776790e-02 
1565.000  2.2746857300e-01  3.6728248600e-02 
1566.000  2.2315881100e-01  3.6076301570e-02 
1567.000  2.2279897400e-01  3.6011829380e-02 
1568.000  2.1763828000e-01  3.5147472380e-02 
1569.000  2.1781774200e-01  3.5136558530e-02 
1570.000  2.1175711700e-01  3.4142322540e-02 
1571.000  2.1743118800e-01  3.5093219760e-02 
1572.000  2.1726415800e-01  3.5085056300e-02 
1573.000  2.1396444800e-01  3.4608295440e-02 
1574.000  2.1480869400e-01  3.4817394260e-02 
1575.000  1.9957747400e-01  3.2401344300e-02 
1576.000  2.1441212000e-01  3.4841297150e-02 
1577.000  1.9368119300e-01  3.1504541400e-02 
1578.000  2.1204028000e-01  3.4526290890e-02 
1579.000  2.1336417400e-01  3.4789787290e-02 
1580.000  2.1791700000e-01  3.5601650240e-02 
1581.000  2.1647203600e-01  3.5402076720e-02 
1582.000  2.1232097100e-01  3.4810352330e-02 
1583.000  2.1512878200e-01  3.5354236600e-02 
1584.000  2.1339687700e-01  3.5155136110e-02 
1585.000  2.1984835800e-01  3.6292015080e-02 
1586.000  2.1708743600e-01  3.5881225590e-02 
1587.000  2.1482623200e-01  3.5577224730e-02 
1588.000  2.1167445800e-01  3.5120914460e-02 
1589.000  1.9365965100e-01  3.2167926790e-02 
1590.000  2.0863748700e-01  3.4686786650e-02 
1591.000  2.0396434700e-01  3.3937648770e-02 
1592.000  2.1464530100e-01  3.5722797390e-02 
1593.000  2.1926195800e-01  3.6490180970e-02 
1594.000  2.1738529900e-01  3.6178459170e-02 
1595.000  2.1835718900e-01  3.6344207760e-02 
1596.000  2.0454243800e-01  3.4073158260e-02 
1597.000  2.1213627300e-01  3.5330158230e-02 
1598.000  2.1505053600e-01  3.5793113710e-02 
1599.000  2.0660761800e-01  3.4354557040e-02 
1600.000  2.0905964100e-01  3.4740280150e-02 
1601.000  2.0025844700e-01  3.3304458620e-02 
1602.000  2.0512757500e-01  3.4141899110e-02 
1603.000  2.0389936900e-01  3.3998214720e-02 
1604.000  2.0694602800e-01  3.4576568600e-02 
1605.000  2.0388571900e-01  3.4097019200e-02 
1606.000  2.0324690600e-01  3.4032386780e-02 
1607.000  2.0393441300e-01  3.4150794980e-02 
1608.000  2.0612931100e-01  3.4523075100e-02 
1609.000  2.0533671900e-01  3.4410167690e-02 
1610.000  1.9267068300e-01  3.2311611180e-02 
1611.000  1.9882116100e-01  3.3401908870e-02 
1612.000  2.0129154700e-01  3.3880908970e-02 
1613.000  2.0631453200e-01  3.4789237980e-02 
1614.000  2.0428887000e-01  3.4464691160e-02 
1615.000  2.0806289800e-01  3.5154869080e-02 
1616.000  1.9533864100e-01  3.3044425960e-02 
1617.000  2.0144665900e-01  3.4144596100e-02 
1618.000  2.0772273300e-01  3.5236305240e-02 
1619.000  2.0744135300e-01  3.5256557460e-02 
1620.000  2.0254976800e-01  3.4489494320e-02 
1621.000  1.9982192800e-01  3.4074893950e-02 
1622.000  2.0485074700e-01  3.4951171880e-02 
1623.000  2.0913416200e-01  3.5716136930e-02 
1624.000  2.1066317100e-01  3.6003089900e-02 
1625.000  2.0564694000e-01  3.5205196380e-02 
1626.000  2.0794778200e-01  3.5584003450e-02 
1627.000  2.0770917600e-01  3.5569988250e-02 
1628.000  2.0928681700e-01  3.5848518370e-02 
1629.000  2.0914959500e-01  3.5829578400e-02 
1630.000  2.0328291500e-01  3.4814464570e-02 
1631.000  2.0646169100e-01  3.5373401640e-02 
1632.000  2.0628798900e-01  3.5314048770e-02 
1633.000  2.0356579500e-01  3.4849166870e-02 
1634.000  1.9860229300e-01  3.3987586980e-02 
1635.000  2.0392549700e-01  3.4903972630e-02 
1636.000  2.0315824900e-01  3.4766399380e-02 
1637.000  1.9384217700e-01  3.3164123540e-02 
1638.000  1.9242618500e-01  3.2927703860e-02 
1639.000  1.9014218100e-01  3.2512886050e-02 
1640.000  1.9108844700e-01  3.2671184540e-02 
1641.000  1.8972376500e-01  3.2431911470e-02 
1642.000  1.8948543000e-01  3.2420810700e-02 
1643.000  1.9428679400e-01  3.3259605410e-02 
1644.000  1.9121334600e-01  3.2745162960e-02 
1645.000  1.9151139200e-01  3.2799961090e-02 
1646.000  1.9381203700e-01  3.3222278590e-02 
1647.000  1.9561339800e-01  3.3545993800e-02 
1648.000  1.9472967000e-01  3.3392536160e-02 
1649.000  1.9025472900e-01  3.2635883330e-02 
1650.000  1.9507562600e-01  3.3480445860e-02 
1651.000  1.9071989600e-01  3.2739551540e-02 
1652.000  1.9451192300e-01  3.3382995610e-02 
1653.000  1.9250913400e-01  3.3060173030e-02 
1654.000  1.9466807600e-01  3.3442447660e-02 
1655.000  1.9098186200e-01  3.2836643220e-02 
1656.000  1.9480801400e-01  3.3515541080e-02 
1657.000  1.9339212200e-01  3.3282978060e-02 
1658.000  1.9461109900e-01  3.3520759580e-02 
1659.000  1.9107193900e-01  3.2922763820e-02 
1660.000  1.9328006700e-01  3.3298324580e-02 
1661.000  1.9403240800e-01  3.3429157260e-02 
1662.000  1.9257471100e-01  3.3163013460e-02 
1663.000  1.9129997900e-01  3.2947540280e-02 
1664.000  1.9040670500e-01  3.2795745850e-02 
1665.000  1.8846677000e-01  3.2456352230e-02 
1666.000  1.8769655400e-01  3.2349460600e-02 
1667.000  1.8961422100e-01  3.2732868190e-02 
1668.000  1.8640166900e-01  3.2190013890e-02 
1669.000  1.8692680700e-01  3.2305728910e-02 
1670.000  1.9112900900e-01  3.3053665160e-02 
1671.000  1.8973039600e-01  3.2824867250e-02 
1672.000  1.8074447300e-01  3.1281875610e-02 
1673.000  1.8590800500e-01  3.2163547520e-02 
1674.000  1.8665674300e-01  3.2289711000e-02 
1675.000  1.8492226500e-01  3.2001407620e-02 
1676.000  1.8193304200e-01  3.1483314510e-02 
1677.000  1.8286476300e-01  3.1654212950e-02 
1678.000  1.8387680900e-01  3.1852525710e-02 
1679.000  1.8143569400e-01  3.1430934910e-02 
1680.000  1.7521737500e-01  3.0373718260e-02 
1681.000  1.6914296500e-01  2.9331726070e-02 
1682.000  1.7402857000e-01  3.0180044170e-02 
1683.000  1.7832000700e-01  3.0917375560e-02 
1684.000  1.8161547600e-01  3.1483421330e-02 
1685.000  1.8213465400e-01  3.1543287280e-02 
1686.000  1.7993777100e-01  3.1162012100e-02 
1687.000  1.8063170300e-01  3.1231039050e-02 
1688.000  1.8072440300e-01  3.1205368040e-02 
1689.000  1.7854453000e-01  3.0826641080e-02 
1690.000  1.7839852500e-01  3.0752628330e-02 
1691.000  1.8070659500e-01  3.1145143510e-02 
1692.000  1.8103166200e-01  3.1201917650e-02 
1693.000  1.8039074200e-01  3.1100334170e-02 
1694.000  1.8012147200e-01  3.1054790500e-02 
1695.000  1.8016791000e-01  3.1035844800e-02 
1696.000  1.7911325200e-01  3.0846160890e-02 
1697.000  1.7798560000e-01  3.0625255580e-02 
1698.000  1.7904110300e-01  3.0789031980e-02 
1699.000  1.7788538400e-01  3.0581552510e-02 
1700.000  1.7563331400e-01  3.0186977390e-02 
