 lambda   Irr_dw            Rad_up 
 550.000  1.5430493000e+00  1.8722828670e-01 
 551.000  1.5327953000e+00  1.8593531800e-01 
 552.000  1.5981721000e+00  1.9387843320e-01 
 553.000  1.5349669000e+00  1.8614842220e-01 
 554.000  1.5845231000e+00  1.9215513610e-01 
 555.000  1.5884030000e+00  1.9254559330e-01 
 556.000  1.5440860000e+00  1.8709838870e-01 
 557.000  1.4977853000e+00  1.8148870850e-01 
 558.000  1.5541892000e+00  1.8824670410e-01 
 559.000  1.4686034000e+00  1.7783865360e-01 
 560.000  1.4746349000e+00  1.7856214900e-01 
 561.000  1.6202372000e+00  1.9611016850e-01 
 562.000  1.4868564000e+00  1.7992417910e-01 
 563.000  1.5551818000e+00  1.8811268620e-01 
 564.000  1.5329056000e+00  1.8530093380e-01 
 565.000  1.5507733000e+00  1.8742376710e-01 
 566.000  1.4294511000e+00  1.7269094850e-01 
 567.000  1.5329224000e+00  1.8497026060e-01 
 568.000  1.5283505000e+00  1.8376194760e-01 
 569.000  1.4966272000e+00  1.7855285640e-01 
 570.000  1.5042964000e+00  1.7964715580e-01 
 571.000  1.4513687000e+00  1.7425479130e-01 
 572.000  1.5331114000e+00  1.8313139340e-01 
 573.000  1.5492650000e+00  1.8531416320e-01 
 574.000  1.5405785000e+00  1.8430937190e-01 
 575.000  1.5026435000e+00  1.7966194150e-01 
 576.000  1.4751620000e+00  1.7631869510e-01 
 577.000  1.5363440000e+00  1.8382623290e-01 
 578.000  1.4915874000e+00  1.7883810420e-01 
 579.000  1.4801711000e+00  1.7762091060e-01 
 580.000  1.5311052000e+00  1.8391148380e-01 
 581.000  1.5034555000e+00  1.8081686400e-01 
 582.000  1.5258852000e+00  1.8353453060e-01 
 583.000  1.5363400000e+00  1.8482299800e-01 
 584.000  1.5312842000e+00  1.8413366700e-01 
 585.000  1.5210170000e+00  1.8281695560e-01 
 586.000  1.4554813000e+00  1.7491914370e-01 
 587.000  1.5120690000e+00  1.8113659670e-01 
 588.000  1.4957292000e+00  1.7728260800e-01 
 589.000  1.3253106000e+00  1.5469078060e-01 
 590.000  1.3836629000e+00  1.6134501650e-01 
 591.000  1.4704213000e+00  1.7314067080e-01 
 592.000  1.4419982000e+00  1.6880366520e-01 
 593.000  1.4573981000e+00  1.7253227230e-01 
 594.000  1.4705280000e+00  1.7361943050e-01 
 595.000  1.4421040000e+00  1.6884902950e-01 
 596.000  1.4780488000e+00  1.7506692500e-01 
 597.000  1.4823414000e+00  1.7506854250e-01 
 598.000  1.4520606000e+00  1.7233839420e-01 
 599.000  1.4524368000e+00  1.7273077390e-01 
 600.000  1.4528444000e+00  1.7356950380e-01 
 601.000  1.4447141000e+00  1.7317242430e-01 
 602.000  1.4289087000e+00  1.7143919370e-01 
 603.000  1.4375210000e+00  1.7268086240e-01 
 604.000  1.4830366000e+00  1.7833828740e-01 
 605.000  1.4792025000e+00  1.7787323000e-01 
 606.000  1.4620028000e+00  1.7586158750e-01 
 607.000  1.4537225000e+00  1.7484901430e-01 
 608.000  1.4483258000e+00  1.7416079710e-01 
 609.000  1.4333991000e+00  1.7237471010e-01 
 610.000  1.4103796000e+00  1.6956788640e-01 
 611.000  1.4332135000e+00  1.7231260680e-01 
 612.000  1.4144887000e+00  1.7006350710e-01 
 613.000  1.3937582000e+00  1.6753842160e-01 
 614.000  1.3428982000e+00  1.6143676760e-01 
 615.000  1.4076986000e+00  1.6917095950e-01 
 616.000  1.3383880000e+00  1.6085832210e-01 
 617.000  1.3458875000e+00  1.6175178530e-01 
 618.000  1.4093234000e+00  1.6930485530e-01 
 619.000  1.3963516000e+00  1.6776940920e-01 
 620.000  1.4169140000e+00  1.7016308590e-01 
 621.000  1.4412118000e+00  1.7304966740e-01 
 622.000  1.3651316000e+00  1.6385115050e-01 
 623.000  1.3756998000e+00  1.6499905400e-01 
 624.000  1.3771089000e+00  1.6517332460e-01 
 625.000  1.3397432000e+00  1.6065499880e-01 
 626.000  1.3464523000e+00  1.6126739500e-01 
 627.000  1.3687894000e+00  1.6325141910e-01 
 628.000  1.3499708000e+00  1.5973013310e-01 
 629.000  1.3840476000e+00  1.6418391420e-01 
 630.000  1.3381606000e+00  1.5931205750e-01 
 631.000  1.3873107000e+00  1.6534082030e-01 
 632.000  1.2921329000e+00  1.5348590090e-01 
 633.000  1.3871179000e+00  1.6541748050e-01 
 634.000  1.3454730000e+00  1.6066024780e-01 
 635.000  1.3700464000e+00  1.6358792110e-01 
 636.000  1.3217750000e+00  1.5794230650e-01 
 637.000  1.3653776000e+00  1.6323307800e-01 
 638.000  1.3866630000e+00  1.6607702640e-01 
 639.000  1.3751808000e+00  1.6463325500e-01 
 640.000  1.3320345000e+00  1.5970173650e-01 
 641.000  1.3512425000e+00  1.6197654720e-01 
 642.000  1.3350166000e+00  1.6012399290e-01 
 643.000  1.3582947000e+00  1.6266911320e-01 
 644.000  1.3426900000e+00  1.6073902890e-01 
 645.000  1.3543221000e+00  1.6182215880e-01 
 646.000  1.3024591000e+00  1.5423793030e-01 
 647.000  1.3199652000e+00  1.5536108400e-01 
 648.000  1.3174590000e+00  1.5413989260e-01 
 649.000  1.3436851000e+00  1.5795932010e-01 
 650.000  1.2453759300e+00  1.4795686340e-01 
 651.000  1.3414805000e+00  1.5936196900e-01 
 652.000  1.3153564000e+00  1.5480395510e-01 
 653.000  1.3421296000e+00  1.5963708500e-01 
 654.000  1.3245020000e+00  1.5727740480e-01 
 655.000  1.2894607000e+00  1.5250044250e-01 
 656.000  1.0947521300e+00  1.2962788390e-01 
 657.000  1.1684551600e+00  1.3864855960e-01 
 658.000  1.3015844400e+00  1.5505842590e-01 
 659.000  1.3047574600e+00  1.5574658200e-01 
 660.000  1.3149973200e+00  1.5712194820e-01 
 661.000  1.3208433000e+00  1.5828851320e-01 
 662.000  1.3398725000e+00  1.6076446530e-01 
 663.000  1.3249497400e+00  1.5889482120e-01 
 664.000  1.3038938500e+00  1.5643020630e-01 
 665.000  1.3095568000e+00  1.5715077210e-01 
 666.000  1.3253261700e+00  1.5916406250e-01 
 667.000  1.2990138900e+00  1.5600752260e-01 
 668.000  1.3063885100e+00  1.5701121520e-01 
 669.000  1.3250113100e+00  1.5930519100e-01 
 670.000  1.3094559900e+00  1.5737973020e-01 
 671.000  1.2952791300e+00  1.5571061710e-01 
 672.000  1.2911599200e+00  1.5521037290e-01 
 673.000  1.3003614800e+00  1.5630148320e-01 
 674.000  1.3028589600e+00  1.5661135860e-01 
 675.000  1.2829570200e+00  1.5419560240e-01 
 676.000  1.3071550300e+00  1.5711245730e-01 
 677.000  1.2811309300e+00  1.5399700930e-01 
 678.000  1.3023167000e+00  1.5652740480e-01 
 679.000  1.2839056900e+00  1.5427134700e-01 
 680.000  1.2740151600e+00  1.5303167720e-01 
 681.000  1.2753432200e+00  1.5311656190e-01 
 682.000  1.2726736300e+00  1.5274078370e-01 
 683.000  1.2809936700e+00  1.5366519170e-01 
 684.000  1.2578147400e+00  1.5079541020e-01 
 685.000  1.2720066400e+00  1.5254382320e-01 
 686.000  1.2159690600e+00  1.4554306030e-01 
 687.000  1.1240924900e+00  1.3024960330e-01 
 688.000  1.1540357500e+00  1.3511885070e-01 
 689.000  1.1485212800e+00  1.3405854800e-01 
 690.000  1.1691390300e+00  1.3721633910e-01 
 691.000  1.1928952700e+00  1.4074246220e-01 
 692.000  1.1959881800e+00  1.4115274050e-01 
 693.000  1.1949177200e+00  1.3916308590e-01 
 694.000  1.1969379200e+00  1.3777018740e-01 
 695.000  1.1840738100e+00  1.3708346560e-01 
 696.000  1.2025327300e+00  1.3973487850e-01 
 697.000  1.2255722400e+00  1.4525100710e-01 
 698.000  1.1983850400e+00  1.4136540220e-01 
 699.000  1.2016427400e+00  1.3926251220e-01 
 700.000  1.1905413600e+00  1.3833811950e-01 
 701.000  1.1597126600e+00  1.3419522090e-01 
 702.000  1.1568739100e+00  1.3423629760e-01 
 703.000  1.1884600600e+00  1.3989965820e-01 
 704.000  1.1924172400e+00  1.4045588680e-01 
 705.000  1.1950606400e+00  1.3989775090e-01 
 706.000  1.1835167600e+00  1.3870495610e-01 
 707.000  1.1678357900e+00  1.3716709900e-01 
 708.000  1.2041286600e+00  1.4175770570e-01 
 709.000  1.1661320600e+00  1.3793672180e-01 
 710.000  1.1874514300e+00  1.3968869020e-01 
 711.000  1.1808594100e+00  1.3963458250e-01 
 712.000  1.1688696800e+00  1.3886273190e-01 
 713.000  1.1601209400e+00  1.3728919980e-01 
 714.000  1.1784573600e+00  1.3923454280e-01 
 715.000  1.1311613600e+00  1.3280517580e-01 
 716.000  1.1544471600e+00  1.3464898680e-01 
 717.000  1.0819372900e+00  1.2152437590e-01 
 718.000  1.0493548500e+00  1.1511786650e-01 
 719.000  1.0275792000e+00  1.1170962520e-01 
 720.000  1.0206817500e+00  1.0960468290e-01 
 721.000  1.0819260600e+00  1.2271691130e-01 
 722.000  1.1195373500e+00  1.2938514710e-01 
 723.000  1.1042279500e+00  1.2621324920e-01 
 724.000  1.0741334900e+00  1.1902396390e-01 
 725.000  1.0676474100e+00  1.1882488250e-01 
 726.000  1.0638347100e+00  1.1823443600e-01 
 727.000  1.0846235800e+00  1.2104547880e-01 
 728.000  1.0602559200e+00  1.1779146580e-01 
 729.000  1.0312275500e+00  1.1591175080e-01 
 730.000  1.0667522700e+00  1.1967621610e-01 
 731.000  1.0461470200e+00  1.1713238530e-01 
 732.000  1.0887336100e+00  1.2430673980e-01 
 733.000  1.0934504400e+00  1.2729438780e-01 
 734.000  1.1264819300e+00  1.3236090090e-01 
 735.000  1.1135866100e+00  1.3039613340e-01 
 736.000  1.0860636600e+00  1.2640940090e-01 
 737.000  1.1052920000e+00  1.2921810910e-01 
 738.000  1.1090445400e+00  1.3049113460e-01 
 739.000  1.0759399300e+00  1.2696830750e-01 
 740.000  1.0923890100e+00  1.2971960450e-01 
 741.000  1.0872610300e+00  1.2963156130e-01 
 742.000  1.0707956600e+00  1.2788053890e-01 
 743.000  1.1055397800e+00  1.3250665280e-01 
 744.000  1.1174070500e+00  1.3415797420e-01 
 745.000  1.0894233000e+00  1.3097966000e-01 
 746.000  1.1054036600e+00  1.3301129150e-01 
 747.000  1.1220583100e+00  1.3501417540e-01 
 748.000  1.1026554200e+00  1.3275947570e-01 
 749.000  1.1031487900e+00  1.3286531070e-01 
 750.000  1.0866019300e+00  1.3080152890e-01 
 751.000  1.0838104600e+00  1.3047331240e-01 
 752.000  1.1008967900e+00  1.3262561040e-01 
 753.000  1.0906475000e+00  1.3142152400e-01 
 754.000  1.1078261900e+00  1.3351264950e-01 
 755.000  1.1014795600e+00  1.3275611880e-01 
 756.000  1.0799308700e+00  1.3016755680e-01 
 757.000  1.0878854300e+00  1.3113304140e-01 
 758.000  1.0855970600e+00  1.3080630490e-01 
 759.000  1.0031682000e+00  1.1876757050e-01 
 760.000  5.1207650000e-01  5.0890575410e-02 
 761.000  4.6255674000e-01  4.4844116210e-02 
 762.000  7.3886670000e-01  8.1015296940e-02 
 763.000  6.7029192000e-01  7.1054618840e-02 
 764.000  7.1653878000e-01  7.7237602230e-02 
 765.000  8.1844229000e-01  9.1616813660e-02 
 766.000  8.8530420000e-01  1.0272685240e-01 
 767.000  9.4893330000e-01  1.1185320280e-01 
 768.000  1.0198071000e+00  1.2146476750e-01 
 769.000  1.0373985700e+00  1.2442564390e-01 
 770.000  1.0424371800e+00  1.2544306950e-01 
 771.000  1.0480189700e+00  1.2635644530e-01 
 772.000  1.0450939200e+00  1.2607068630e-01 
 773.000  1.0411747100e+00  1.2563367460e-01 
 774.000  1.0526441800e+00  1.2705148320e-01 
 775.000  1.0132487400e+00  1.2232501220e-01 
 776.000  1.0550774000e+00  1.2742134860e-01 
 777.000  1.0477556300e+00  1.2654024510e-01 
 778.000  1.0421078700e+00  1.2584401700e-01 
 779.000  1.0454709800e+00  1.2623033140e-01 
 780.000  1.0325054500e+00  1.2468343350e-01 
 781.000  1.0309083100e+00  1.2451852420e-01 
 782.000  1.0433037200e+00  1.2597536470e-01 
 783.000  1.0188976400e+00  1.2307028960e-01 
 784.000  1.0244506300e+00  1.2369381710e-01 
 785.000  1.0262901400e+00  1.2369821930e-01 
 786.000  1.0072922600e+00  1.2114897160e-01 
 787.000  1.0191609800e+00  1.2192697140e-01 
 788.000  1.0022849900e+00  1.1961209870e-01 
 789.000  1.0023594700e+00  1.1855406950e-01 
 790.000  9.9171468000e-01  1.1718553920e-01 
 791.000  9.8768883000e-01  1.1691994480e-01 
 792.000  9.7301008000e-01  1.1534365840e-01 
 793.000  9.7431661000e-01  1.1592243960e-01 
 794.000  9.6914752000e-01  1.1623521420e-01 
 795.000  9.6091499000e-01  1.1464569850e-01 
 796.000  9.6923331000e-01  1.1427666470e-01 
 797.000  9.7762063000e-01  1.1568634030e-01 
 798.000  9.8322655000e-01  1.1726263430e-01 
 799.000  9.8125334000e-01  1.1680160520e-01 
 800.000  9.5199693000e-01  1.1267764280e-01 
 801.000  9.7019587000e-01  1.1491705320e-01 
 802.000  9.6785819000e-01  1.1456372830e-01 
 803.000  9.5458092000e-01  1.1310485080e-01 
 804.000  9.6492264000e-01  1.1467185970e-01 
 805.000  9.4174860000e-01  1.1252127840e-01 
 806.000  9.6921762000e-01  1.1615354920e-01 
 807.000  9.6330472000e-01  1.1548867030e-01 
 808.000  9.5647555000e-01  1.1445189670e-01 
 809.000  9.3882820000e-01  1.1209239200e-01 
 810.000  9.3301710000e-01  1.1112403870e-01 
 811.000  9.4460071000e-01  1.1198612980e-01 
 812.000  9.3681253000e-01  1.1035327150e-01 
 813.000  9.2698565000e-01  1.0833182530e-01 
 814.000  9.1790753000e-01  1.0624449920e-01 
 815.000  8.9817145000e-01  1.0271755980e-01 
 816.000  8.7717477000e-01  9.8814331050e-02 
 817.000  8.8321344000e-01  9.9565612790e-02 
 818.000  8.7890621000e-01  9.9166511540e-02 
 819.000  8.5939020000e-01  9.7494483950e-02 
 820.000  8.5690581000e-01  9.8855339050e-02 
 821.000  9.0202851000e-01  1.0606790920e-01 
 822.000  8.6421109000e-01  1.0010349270e-01 
 823.000  8.4022822000e-01  9.3544715880e-02 
 824.000  8.8344918000e-01  1.0171491240e-01 
 825.000  9.0117573000e-01  1.0616445160e-01 
 826.000  9.0351139000e-01  1.0601753230e-01 
 827.000  8.9814177000e-01  1.0507558440e-01 
 828.000  8.8380767000e-01  1.0189036560e-01 
 829.000  8.8784548000e-01  1.0287867740e-01 
 830.000  8.7864379000e-01  1.0242344670e-01 
 831.000  8.6429838000e-01  1.0089093020e-01 
 832.000  8.8241133000e-01  1.0306653590e-01 
 833.000  8.5762328000e-01  1.0056656650e-01 
 834.000  8.7338336000e-01  1.0284544370e-01 
 835.000  8.8073229000e-01  1.0451120760e-01 
 836.000  8.8915236000e-01  1.0530355070e-01 
 837.000  8.8156203000e-01  1.0436143490e-01 
 838.000  8.8735930000e-01  1.0548439790e-01 
 839.000  8.6113146000e-01  1.0260698700e-01 
 840.000  8.8469596000e-01  1.0548238370e-01 
 841.000  8.8548660000e-01  1.0529315950e-01 
 842.000  8.8123979000e-01  1.0502920530e-01 
 843.000  8.7819310000e-01  1.0532710270e-01 
 844.000  8.6491368000e-01  1.0402359010e-01 
 845.000  8.7860748000e-01  1.0580863190e-01 
 846.000  8.8700246000e-01  1.0699484250e-01 
 847.000  8.5702294000e-01  1.0356549070e-01 
 848.000  8.8123426000e-01  1.0621669770e-01 
 849.000  8.8295822000e-01  1.0650217440e-01 
 850.000  7.6297641000e-01  9.1885696410e-02 
 851.000  8.7353873000e-01  1.0503443910e-01 
 852.000  8.4044590000e-01  1.0110515590e-01 
 853.000  8.5095596000e-01  1.0257643890e-01 
 854.000  6.8408161000e-01  8.2474334720e-02 
 855.000  7.5335510000e-01  9.0961853030e-02 
 856.000  8.5547675000e-01  1.0350905610e-01 
 857.000  8.6936418000e-01  1.0534986110e-01 
 858.000  8.5553616000e-01  1.0372344210e-01 
 859.000  8.5561704000e-01  1.0385800170e-01 
 860.000  8.4806140000e-01  1.0303102870e-01 
 861.000  8.4795000000e-01  1.0302420040e-01 
 862.000  8.4517641000e-01  1.0269237520e-01 
 863.000  8.6132545000e-01  1.0471300510e-01 
 864.000  8.5960322000e-01  1.0446196750e-01 
 865.000  8.4358931000e-01  1.0259996800e-01 
 866.000  7.0759412000e-01  8.6090705870e-02 
 867.000  7.5349770000e-01  9.1586006160e-02 
 868.000  8.1719388000e-01  9.9379158020e-02 
 869.000  8.0572129000e-01  9.7991943360e-02 
 870.000  8.3894296000e-01  1.0209065250e-01 
 871.000  8.3775256000e-01  1.0193020630e-01 
 872.000  8.3437696000e-01  1.0143775940e-01 
 873.000  8.3770739000e-01  1.0190154270e-01 
 874.000  8.1933045000e-01  9.9634429930e-02 
 875.000  8.1178731000e-01  9.8794067380e-02 
 876.000  8.1851003000e-01  9.9567108150e-02 
 877.000  8.3480857000e-01  1.0148744960e-01 
 878.000  8.2040638000e-01  9.9724372860e-02 
 879.000  8.2230204000e-01  9.9988006590e-02 
 880.000  8.1748094000e-01  9.9277793880e-02 
 881.000  7.7496260000e-01  9.4115821840e-02 
 882.000  8.1772157000e-01  9.9201545720e-02 
 883.000  7.9907471000e-01  9.7056762700e-02 
 884.000  8.0586116000e-01  9.7996826170e-02 
 885.000  8.1405743000e-01  9.8688156130e-02 
 886.000  7.8727698000e-01  9.5330177310e-02 
 887.000  7.7926523000e-01  9.4462234500e-02 
 888.000  8.0258001000e-01  9.7206199650e-02 
 889.000  8.0801980000e-01  9.8032363890e-02 
 890.000  8.0536697000e-01  9.7593597410e-02 
 891.000  8.0056620000e-01  9.6749076840e-02 
 892.000  7.9624493000e-01  9.5782569890e-02 
 893.000  7.6022944000e-01  9.0100990300e-02 
 894.000  7.8237273000e-01  9.2114669800e-02 
 895.000  7.3248337000e-01  8.4596374510e-02 
 896.000  7.4654282000e-01  8.4617591860e-02 
 897.000  7.1395066000e-01  7.9479194640e-02 
 898.000  7.0789912000e-01  7.8077308650e-02 
 899.000  6.8649638000e-01  7.3871902470e-02 
 900.000  6.7231020000e-01  7.2546211240e-02 
 901.000  6.5272308000e-01  7.0009811400e-02 
 902.000  6.4154919000e-01  6.8920288090e-02 
 903.000  7.0697654000e-01  7.9090400700e-02 
 904.000  7.4117082000e-01  8.4967926030e-02 
 905.000  7.3838271000e-01  8.4717659000e-02 
 906.000  7.0606657000e-01  7.9784950260e-02 
 907.000  6.9496679000e-01  7.6397140500e-02 
 908.000  6.6311964000e-01  7.1563385010e-02 
 909.000  6.5064504000e-01  7.0255859380e-02 
 910.000  6.6056239000e-01  7.1519599910e-02 
 911.000  6.6862257000e-01  7.3338027950e-02 
 912.000  6.6526705000e-01  7.2453102110e-02 
 913.000  6.5951638000e-01  7.0066345210e-02 
 914.000  6.6569688000e-01  7.1596138000e-02 
 915.000  6.6289424000e-01  7.2099884030e-02 
 916.000  6.7232386000e-01  7.3295486450e-02 
 917.000  6.6609183000e-01  7.3008972170e-02 
 918.000  6.6824353000e-01  7.3765739440e-02 
 919.000  6.9611049000e-01  7.8831161500e-02 
 920.000  7.0362366000e-01  8.0993995670e-02 
 921.000  6.8512240000e-01  7.8557228090e-02 
 922.000  6.7870597000e-01  7.7842086790e-02 
 923.000  6.4656960000e-01  7.3631958010e-02 
 924.000  6.6466853000e-01  7.4929199220e-02 
 925.000  6.7274903000e-01  7.5707695010e-02 
 926.000  6.4861032000e-01  7.2841201780e-02 
 927.000  6.6191182000e-01  7.3358856200e-02 
 928.000  6.4905541000e-01  7.0257141110e-02 
 929.000  6.1564531000e-01  6.4414703370e-02 
 930.000  5.8264273000e-01  5.8163558960e-02 
 931.000  5.4641453000e-01  5.1267745970e-02 
 932.000  4.9355760000e-01  4.2336826320e-02 
 933.000  4.5778081000e-01  3.6818138120e-02 
 934.000  4.1457849000e-01  3.1149650570e-02 
 935.000  4.0437357000e-01  3.0117973330e-02 
 936.000  4.1703653000e-01  3.1885721210e-02 
 937.000  4.2216394000e-01  3.2097282410e-02 
 938.000  4.6030898000e-01  3.7756168370e-02 
 939.000  5.7021187000e-01  5.6036041260e-02 
 940.000  5.8215123000e-01  5.8473323820e-02 
 941.000  5.5617266000e-01  5.4889087680e-02 
 942.000  5.0452465000e-01  4.7244228360e-02 
 943.000  4.7660238000e-01  4.0525238040e-02 
 944.000  4.5977112000e-01  3.8809444430e-02 
 945.000  4.8401733000e-01  4.2248882290e-02 
 946.000  4.9157672000e-01  4.3014904020e-02 
 947.000  5.0587160000e-01  4.5707023620e-02 
 948.000  5.1901306000e-01  4.7778709410e-02 
 949.000  5.1919570000e-01  4.7709491730e-02 
 950.000  5.1829462000e-01  4.7860404970e-02 
 951.000  5.3740276000e-01  5.1654495240e-02 
 952.000  5.1337236000e-01  4.7332607270e-02 
 953.000  5.2850473000e-01  5.0255367280e-02 
 954.000  5.4072678000e-01  5.3047019960e-02 
 955.000  4.9168131000e-01  4.7112754820e-02 
 956.000  5.2108482000e-01  4.9711616520e-02 
 957.000  5.6424706000e-01  5.7829051970e-02 
 958.000  5.7401684000e-01  5.9346298220e-02 
 959.000  5.6891404000e-01  5.8285308840e-02 
 960.000  5.6136504000e-01  5.7377620700e-02 
 961.000  5.5171034000e-01  5.6125682830e-02 
 962.000  5.5762898000e-01  5.7033710480e-02 
 963.000  5.7961209000e-01  6.1258926390e-02 
 964.000  5.7617711000e-01  6.1196269990e-02 
 965.000  5.8095073000e-01  6.1557388310e-02 
 966.000  5.6530922000e-01  6.0035163880e-02 
 967.000  5.9833746000e-01  6.4980072020e-02 
 968.000  6.1816648000e-01  6.9625366210e-02 
 969.000  6.3376732000e-01  7.2563652040e-02 
 970.000  6.3609461000e-01  7.2912086490e-02 
 971.000  6.3015501000e-01  7.2215110780e-02 
 972.000  6.3131709000e-01  7.2022132870e-02 
 973.000  6.1763821000e-01  6.9729934690e-02 
 974.000  5.9882644000e-01  6.6754814150e-02 
 975.000  5.9575551000e-01  6.5873031620e-02 
 976.000  6.1046283000e-01  6.8193389890e-02 
 977.000  6.0693755000e-01  6.8940277100e-02 
 978.000  6.2090152000e-01  7.0453453060e-02 
 979.000  6.0587013000e-01  6.9066116330e-02 
 980.000  6.2664522000e-01  7.2674575810e-02 
 981.000  6.3363211000e-01  7.3783210750e-02 
 982.000  6.2950314000e-01  7.3041786190e-02 
 983.000  6.3402463000e-01  7.4239860530e-02 
 984.000  6.3616578000e-01  7.5203956600e-02 
 985.000  6.3947799000e-01  7.6018653870e-02 
 986.000  6.3890803000e-01  7.6508140560e-02 
 987.000  6.4822839000e-01  7.7883346560e-02 
 988.000  6.4063571000e-01  7.7033477780e-02 
 989.000  6.3276719000e-01  7.6130874630e-02 
 990.000  6.3862655000e-01  7.6902175900e-02 
 991.000  6.4554924000e-01  7.7960929870e-02 
 992.000  6.4004192000e-01  7.7365394590e-02 
 993.000  6.4017017000e-01  7.7412086490e-02 
 994.000  6.4488898000e-01  7.8183410640e-02 
 995.000  6.4116851000e-01  7.7880241390e-02 
 996.000  6.4102609000e-01  7.7869674680e-02 
 997.000  6.4104517000e-01  7.7790306090e-02 
 998.000  6.3792933000e-01  7.7323883060e-02 
 999.000  6.3605978000e-01  7.7068336490e-02 
1000.000  6.3120316000e-01  7.6516075130e-02 
1001.000  6.3321357000e-01  7.6567398070e-02 
1002.000  6.2987192000e-01  7.5854377750e-02 
1003.000  6.2306185000e-01  7.5120544430e-02 
1004.000  6.1916844000e-01  7.4844131470e-02 
1005.000  5.7903584000e-01  7.0080390930e-02 
1006.000  6.0945181000e-01  7.3802680970e-02 
1007.000  6.2011711000e-01  7.5045143130e-02 
1008.000  6.2087653000e-01  7.4891670230e-02 
1009.000  6.1459331000e-01  7.3813385010e-02 
1010.000  6.1798157000e-01  7.4381324770e-02 
1011.000  6.1727099000e-01  7.4663749690e-02 
1012.000  6.1843931000e-01  7.4953239440e-02 
1013.000  6.1472575000e-01  7.4622795100e-02 
1014.000  6.1896521000e-01  7.5210624690e-02 
1015.000  6.0758450000e-01  7.3864364620e-02 
1016.000  6.1180341000e-01  7.4455337520e-02 
1017.000  6.0587643000e-01  7.3786155700e-02 
1018.000  6.1343204000e-01  7.4675262450e-02 
1019.000  5.9863914000e-01  7.2775115970e-02 
1020.000  5.9764117000e-01  7.2690544130e-02 
1021.000  6.0413092000e-01  7.3548156740e-02 
1022.000  5.9414290000e-01  7.2158607480e-02 
1023.000  6.0477130000e-01  7.3300201420e-02 
1024.000  6.0123107000e-01  7.2775276180e-02 
1025.000  6.0237819000e-01  7.3121124270e-02 
1026.000  6.0365511000e-01  7.3383949280e-02 
1027.000  5.9976103000e-01  7.2901863100e-02 
1028.000  6.0136782000e-01  7.3169097900e-02 
1029.000  5.9274822000e-01  7.2249809270e-02 
1030.000  5.9919059000e-01  7.3172981260e-02 
1031.000  5.9754820000e-01  7.3063194270e-02 
1032.000  5.9563485000e-01  7.2899696350e-02 
1033.000  5.8470222000e-01  7.1575645450e-02 
1034.000  5.9041322000e-01  7.2302421570e-02 
1035.000  5.8270060000e-01  7.1357040410e-02 
1036.000  5.9233041000e-01  7.2556701660e-02 
1037.000  5.7985565000e-01  7.1039321900e-02 
1038.000  5.8558784000e-01  7.1750053410e-02 
1039.000  5.8797366000e-01  7.2033515930e-02 
1040.000  5.8100894000e-01  7.1175361630e-02 
1041.000  5.8403354000e-01  7.1537452700e-02 
1042.000  5.8576098000e-01  7.1747337340e-02 
1043.000  5.7564546000e-01  7.0509391780e-02 
1044.000  5.8136736000e-01  7.1205131530e-02 
1045.000  5.7882041000e-01  7.0906814580e-02 
1046.000  5.6197816000e-01  6.8867340090e-02 
1047.000  5.7228651000e-01  7.0153900150e-02 
1048.000  5.7795445000e-01  7.0878440860e-02 
1049.000  5.7423931000e-01  7.0457977290e-02 
1050.000  5.7182486000e-01  7.0175415040e-02 
1051.000  5.7079619000e-01  7.0018119810e-02 
1052.000  5.6807066000e-01  6.9666122440e-02 
1053.000  5.6670014000e-01  6.9478538510e-02 
1054.000  5.6245885000e-01  6.8927093510e-02 
1055.000  5.6655402000e-01  6.9386924740e-02 
1056.000  5.6502131000e-01  6.9171325680e-02 
1057.000  5.6395516000e-01  6.8975555420e-02 
1058.000  5.5789051000e-01  6.8112442020e-02 
1059.000  5.4035558000e-01  6.6003143310e-02 
1060.000  5.5990510000e-01  6.8488578800e-02 
1061.000  5.4026208000e-01  6.6090080260e-02 
1062.000  5.5515060000e-01  6.7847961430e-02 
1063.000  5.4574620000e-01  6.6684921260e-02 
1064.000  5.5247751000e-01  6.7432037350e-02 
1065.000  5.5164189000e-01  6.7222297670e-02 
1066.000  5.3474397000e-01  6.5158401490e-02 
1067.000  5.4736344000e-01  6.6644493100e-02 
1068.000  5.4462101000e-01  6.6118568420e-02 
1069.000  5.0332592000e-01  6.0999347690e-02 
1070.000  5.3325646000e-01  6.4655197140e-02 
1071.000  5.3372933000e-01  6.4612319950e-02 
1072.000  5.3511458000e-01  6.4683280940e-02 
1073.000  5.1743033000e-01  6.2536640170e-02 
1074.000  5.3562404000e-01  6.4763481140e-02 
1075.000  5.1957934000e-01  6.2987251280e-02 
1076.000  5.3060867000e-01  6.4227531430e-02 
1077.000  5.2891930000e-01  6.3895504000e-02 
1078.000  5.2968369000e-01  6.3839363100e-02 
1079.000  5.0920308000e-01  6.1354637150e-02 
1080.000  5.2263599000e-01  6.2583610530e-02 
1081.000  5.0331641000e-01  6.0247097020e-02 
1082.000  5.1045951000e-01  6.1249057770e-02 
1083.000  4.9582083000e-01  5.9274677280e-02 
1084.000  5.1373154000e-01  6.1175849910e-02 
1085.000  5.0450985000e-01  5.9558837890e-02 
1086.000  5.1170105000e-01  6.0505344390e-02 
1087.000  4.8295879000e-01  5.7623775480e-02 
1088.000  5.1231738000e-01  6.1174880980e-02 
1089.000  4.8949975000e-01  5.7820865630e-02 
1090.000  4.9949069000e-01  5.8899410250e-02 
1091.000  5.0340026000e-01  5.9506732940e-02 
1092.000  4.9004166000e-01  5.7628593440e-02 
1093.000  4.8016562000e-01  5.5802043910e-02 
1094.000  4.3536094400e-01  5.0316658020e-02 
1095.000  4.7152285000e-01  5.4521862030e-02 
1096.000  4.7284889000e-01  5.4717147830e-02 
1097.000  4.6278803500e-01  5.3371730800e-02 
1098.000  4.4546900500e-01  4.9875961300e-02 
1099.000  4.3516119800e-01  4.7486267090e-02 
1100.000  4.4345247400e-01  4.8471946720e-02 
1101.000  4.4411090900e-01  4.8708496090e-02 
1102.000  4.2495337300e-01  4.6515670780e-02 
1103.000  4.4289876200e-01  4.8581275940e-02 
1104.000  4.3770005800e-01  4.7796512600e-02 
1105.000  4.3195009000e-01  4.6651786800e-02 
1106.000  4.2313067000e-01  4.5207038880e-02 
1107.000  4.2396574400e-01  4.5393619540e-02 
1108.000  4.2363328800e-01  4.5409629820e-02 
1109.000  4.3012748000e-01  4.6478317260e-02 
1110.000  4.3188624100e-01  4.6541969300e-02 
1111.000  4.2391768800e-01  4.5409797670e-02 
1112.000  4.0756080900e-01  4.2605445860e-02 
1113.000  3.8886134400e-01  3.9121711730e-02 
1114.000  3.8865805000e-01  3.8557128910e-02 
1115.000  3.6306457900e-01  3.3997577670e-02 
1116.000  3.4490683600e-01  3.1108278270e-02 
1117.000  3.1592957200e-01  2.6228826520e-02 
1118.000  2.8199280600e-01  2.1595077510e-02 
1119.000  2.5815369500e-01  1.8809080120e-02 
1120.000  2.3799366700e-01  1.6258909230e-02 
1121.000  2.3491148300e-01  1.5787958150e-02 
1122.000  2.1114952200e-01  1.3149397850e-02 
1123.000  2.2499836700e-01  1.4567062380e-02 
1124.000  2.3395060000e-01  1.5515283580e-02 
1125.000  2.2479488500e-01  1.4706955910e-02 
1126.000  2.1874753600e-01  1.4240392680e-02 
1127.000  2.2791489200e-01  1.4950146680e-02 
1128.000  2.2713091900e-01  1.5110722540e-02 
1129.000  2.4994031100e-01  1.7738073350e-02 
1130.000  2.9872749400e-01  2.3980974200e-02 
1131.000  3.1565964300e-01  2.6211044310e-02 
1132.000  2.9770079400e-01  2.3568376540e-02 
1133.000  2.5549423300e-01  1.8542148590e-02 
1134.000  1.8686215800e-01  1.0932267190e-02 
1135.000  1.9451126400e-01  1.1633893970e-02 
1136.000  2.6165071800e-01  1.9302467350e-02 
1137.000  2.9989912100e-01  2.4135551450e-02 
1138.000  3.2039079100e-01  2.8040977480e-02 
1139.000  3.3641856700e-01  3.0309703830e-02 
1140.000  3.3140278100e-01  2.9388757710e-02 
1141.000  3.0985343300e-01  2.6663433070e-02 
1142.000  3.1399283700e-01  2.6707122800e-02 
1143.000  2.9509279400e-01  2.4233675000e-02 
1144.000  2.7782109600e-01  2.1945095060e-02 
1145.000  2.5696378400e-01  1.9125053410e-02 
1146.000  2.6497245000e-01  2.0005176540e-02 
1147.000  2.8406897700e-01  2.2447931290e-02 
1148.000  2.9667745400e-01  2.4376804350e-02 
1149.000  3.0360033900e-01  2.5350149150e-02 
1150.000  3.0234962800e-01  2.5328926090e-02 
1151.000  3.1020541000e-01  2.6660644530e-02 
1152.000  3.1384185800e-01  2.7308578490e-02 
1153.000  3.1952530200e-01  2.8298919680e-02 
1154.000  3.1977357500e-01  2.8229803090e-02 
1155.000  3.3259531700e-01  3.0378690720e-02 
1156.000  3.4104136000e-01  3.2299728390e-02 
1157.000  3.7043574800e-01  3.7465679170e-02 
1158.000  3.8079784600e-01  3.9457126620e-02 
1159.000  3.8401297100e-01  4.0591529850e-02 
1160.000  3.8259959900e-01  4.0781475070e-02 
1161.000  3.8312301300e-01  4.1613777160e-02 
1162.000  4.0343186700e-01  4.4465698240e-02 
1163.000  4.1299217600e-01  4.6296978000e-02 
1164.000  4.0643002900e-01  4.5728740690e-02 
1165.000  4.1477691700e-01  4.6778602600e-02 
1166.000  4.0557497700e-01  4.5929756160e-02 
1167.000  4.1311560300e-01  4.6903728490e-02 
1168.000  4.1632657700e-01  4.7235641480e-02 
1169.000  4.0299668500e-01  4.5842330930e-02 
1170.000  4.1484342000e-01  4.7298042300e-02 
1171.000  4.1951448600e-01  4.8099498750e-02 
1172.000  4.1656675700e-01  4.7613857270e-02 
1173.000  4.1206558600e-01  4.6960399630e-02 
1174.000  4.1236744800e-01  4.7008232120e-02 
1175.000  4.1181575000e-01  4.7349945070e-02 
1176.000  4.0570041800e-01  4.7018451690e-02 
1177.000  4.1637337900e-01  4.8078495030e-02 
1178.000  4.0559891000e-01  4.6482749940e-02 
1179.000  4.0378929200e-01  4.6280208590e-02 
1180.000  4.0809933000e-01  4.6649883270e-02 
1181.000  4.0248728200e-01  4.5686473850e-02 
1182.000  3.9948350400e-01  4.5030666350e-02 
1183.000  3.7669607300e-01  4.2499000550e-02 
1184.000  3.9566145500e-01  4.4818538670e-02 
1185.000  4.0580705900e-01  4.6424095150e-02 
1186.000  4.0194517500e-01  4.5849227910e-02 
1187.000  3.9708509300e-01  4.4846866610e-02 
1188.000  3.9389747000e-01  4.4384239200e-02 
1189.000  3.7377551200e-01  4.2375080110e-02 
1190.000  3.9988784900e-01  4.6048995970e-02 
1191.000  4.0844388300e-01  4.7251403810e-02 
1192.000  4.0951637000e-01  4.7694538120e-02 
1193.000  4.0896041100e-01  4.7550857540e-02 
1194.000  4.0767820000e-01  4.7360797880e-02 
1195.000  3.9987792600e-01  4.6154094700e-02 
1196.000  4.0006812100e-01  4.6227756500e-02 
1197.000  3.9839228100e-01  4.5893215180e-02 
1198.000  3.8466905400e-01  4.4287929530e-02 
1199.000  3.6853586200e-01  4.2266170500e-02 
1200.000  3.9287720800e-01  4.5168888090e-02 
1201.000  3.9613253900e-01  4.5599472050e-02 
1202.000  3.9704412300e-01  4.5788467410e-02 
1203.000  3.7661471100e-01  4.3381710050e-02 
1204.000  3.8346785700e-01  4.4269668580e-02 
1205.000  3.9765457000e-01  4.6426692960e-02 
1206.000  3.9770284900e-01  4.6669139860e-02 
1207.000  4.0138291500e-01  4.7198204040e-02 
1208.000  3.9481426700e-01  4.6345233920e-02 
1209.000  3.6901561700e-01  4.3196697240e-02 
1210.000  3.9284361000e-01  4.5767974850e-02 
1211.000  3.7943404600e-01  4.4178993230e-02 
1212.000  3.9187022600e-01  4.5686203000e-02 
1213.000  3.9546631700e-01  4.6317916870e-02 
1214.000  3.9340242400e-01  4.6053012850e-02 
1215.000  3.9548246900e-01  4.6383529660e-02 
1216.000  3.9725118200e-01  4.6933547970e-02 
1217.000  3.9886393600e-01  4.7425170900e-02 
1218.000  3.9844228900e-01  4.7525508880e-02 
1219.000  3.9521184000e-01  4.7234096530e-02 
1220.000  3.9794753800e-01  4.7564548490e-02 
1221.000  3.9747354600e-01  4.7535205840e-02 
1222.000  3.9545630500e-01  4.7302845000e-02 
1223.000  3.9379066400e-01  4.7147201540e-02 
1224.000  3.9832077600e-01  4.7876075740e-02 
1225.000  3.9644380000e-01  4.7701560970e-02 
1226.000  3.9824657900e-01  4.7988723750e-02 
1227.000  3.8541638200e-01  4.6545692440e-02 
1228.000  3.9827985700e-01  4.8231361390e-02 
1229.000  3.9843008500e-01  4.8353046420e-02 
1230.000  3.9773269700e-01  4.8385837550e-02 
1231.000  3.9810275500e-01  4.8501422880e-02 
1232.000  3.9375035300e-01  4.8005096440e-02 
1233.000  3.9693297200e-01  4.8418994900e-02 
1234.000  3.9660278900e-01  4.8524711610e-02 
1235.000  3.9415653800e-01  4.8282066350e-02 
1236.000  3.9665416400e-01  4.8629474640e-02 
1237.000  3.9690621400e-01  4.8714565280e-02 
1238.000  3.9675028000e-01  4.8722347260e-02 
1239.000  3.9227424000e-01  4.8192195890e-02 
1240.000  3.9049846800e-01  4.8003253940e-02 
1241.000  3.9390770400e-01  4.8441173550e-02 
1242.000  3.9151229000e-01  4.8161243440e-02 
1243.000  3.8705682900e-01  4.7629341130e-02 
1244.000  3.8341628600e-01  4.7182624820e-02 
1245.000  3.8989245200e-01  4.7986244200e-02 
1246.000  3.8673339900e-01  4.7574115750e-02 
1247.000  3.8464953600e-01  4.7291473390e-02 
1248.000  3.8745932800e-01  4.7612701420e-02 
1249.000  3.8595408100e-01  4.7416645050e-02 
1250.000  3.8427497200e-01  4.7187278750e-02 
1251.000  3.8144528600e-01  4.6821372990e-02 
1252.000  3.8000665600e-01  4.6609901430e-02 
1253.000  3.7655243200e-01  4.6147258760e-02 
1254.000  3.7690860300e-01  4.6108013150e-02 
1255.000  3.7582302000e-01  4.5924907680e-02 
1256.000  3.7462616800e-01  4.5741680150e-02 
1257.000  3.6977873900e-01  4.5083209990e-02 
1258.000  3.6985612600e-01  4.4955528260e-02 
1259.000  3.6462121300e-01  4.4211139680e-02 
1260.000  3.6375290600e-01  4.3981342320e-02 
1261.000  3.6153532600e-01  4.3584178920e-02 
1262.000  3.5050232400e-01  4.2041328430e-02 
1263.000  3.5347919600e-01  4.2347000120e-02 
1264.000  3.4713893500e-01  4.1564861300e-02 
1265.000  3.4746139000e-01  4.1599102020e-02 
1266.000  3.4831976600e-01  4.1628498080e-02 
1267.000  3.4024557500e-01  4.0592006680e-02 
1268.000  3.3515930300e-01  3.9919422150e-02 
1269.000  3.3751174800e-01  4.0171638490e-02 
1270.000  3.4569186000e-01  4.1331260680e-02 
1271.000  3.4961156900e-01  4.1871963500e-02 
1272.000  3.5019681700e-01  4.2024696350e-02 
1273.000  3.5135869600e-01  4.2269001010e-02 
1274.000  3.5105937000e-01  4.2363269810e-02 
1275.000  3.5399991700e-01  4.2759555820e-02 
1276.000  3.5508447300e-01  4.2895450590e-02 
1277.000  3.5512514700e-01  4.2874446870e-02 
1278.000  3.5443740200e-01  4.2751976010e-02 
1279.000  3.5241424100e-01  4.2512298580e-02 
1280.000  3.5131594100e-01  4.2481262210e-02 
1281.000  3.4223996500e-01  4.1476783750e-02 
1282.000  3.0467839500e-01  3.7007659910e-02 
1283.000  3.3489603200e-01  4.0715404510e-02 
1284.000  3.4877819700e-01  4.2404823300e-02 
1285.000  3.5162024000e-01  4.2765304570e-02 
1286.000  3.5107530400e-01  4.2628536220e-02 
1287.000  3.5234471500e-01  4.2664146420e-02 
1288.000  3.4685521300e-01  4.1611900330e-02 
1289.000  3.4790683200e-01  4.1612392430e-02 
1290.000  3.3978852800e-01  4.0613979340e-02 
1291.000  3.4502274500e-01  4.1265018460e-02 
1292.000  3.4789427700e-01  4.1722621920e-02 
1293.000  3.4833361200e-01  4.1754505160e-02 
1294.000  3.4139161400e-01  4.0725593570e-02 
1295.000  3.4273743300e-01  4.0605972290e-02 
1296.000  3.4054580000e-01  4.0068416600e-02 
1297.000  3.3644883400e-01  3.9372631070e-02 
1298.000  3.3325919700e-01  3.8965412140e-02 
1299.000  3.3648321200e-01  3.9308574680e-02 
1300.000  3.3479329300e-01  3.9072708130e-02 
1301.000  3.3381306400e-01  3.8885505680e-02 
1302.000  3.2813212000e-01  3.8052139280e-02 
1303.000  3.2215782700e-01  3.6925647740e-02 
1304.000  3.2078944100e-01  3.6577377320e-02 
1305.000  3.2203894300e-01  3.6630310060e-02 
1306.000  3.2182197400e-01  3.6513366700e-02 
1307.000  3.1980867000e-01  3.6176494600e-02 
1308.000  3.1683602700e-01  3.5570629120e-02 
1309.000  3.1290404400e-01  3.4780342100e-02 
1310.000  3.1118033200e-01  3.4547912600e-02 
1311.000  3.1032759800e-01  3.4442325590e-02 
1312.000  3.0489968200e-01  3.3460014340e-02 
1313.000  2.8879727400e-01  3.1276868820e-02 
1314.000  2.9331703300e-01  3.1391338350e-02 
1315.000  2.8554309700e-01  3.0714519500e-02 
1316.000  2.9551950700e-01  3.2031238560e-02 
1317.000  2.9852359500e-01  3.2335411070e-02 
1318.000  2.8913309500e-01  3.0875656130e-02 
1319.000  2.8548991500e-01  2.9885997770e-02 
1320.000  2.7477668000e-01  2.8055089950e-02 
1321.000  2.7024339100e-01  2.7289701460e-02 
1322.000  2.7531370200e-01  2.8243825910e-02 
1323.000  2.8220164200e-01  2.9398164750e-02 
1324.000  2.8546488300e-01  2.9966213230e-02 
1325.000  2.8308202700e-01  2.9539970400e-02 
1326.000  2.7600210400e-01  2.8345644000e-02 
1327.000  2.6147223800e-01  2.5800994870e-02 
1328.000  2.4834286700e-01  2.3276689530e-02 
1329.000  2.1425774600e-01  1.8251037600e-02 
1330.000  2.0821080700e-01  1.7114553450e-02 
1331.000  2.0272393200e-01  1.6276193620e-02 
1332.000  2.0052909900e-01  1.6194871900e-02 
1333.000  2.1154258000e-01  1.7418018340e-02 
1334.000  2.1996388000e-01  1.8584945680e-02 
1335.000  2.2590960400e-01  1.9448755260e-02 
1336.000  2.2580373600e-01  1.9564291000e-02 
1337.000  2.2835956100e-01  1.9834766390e-02 
1338.000  2.3211404800e-01  2.0443214420e-02 
1339.000  2.3262809200e-01  2.0591674800e-02 
1340.000  2.3425004200e-01  2.0985889430e-02 
1341.000  2.3820642600e-01  2.1139987950e-02 
1342.000  2.3810891900e-01  2.1138528820e-02 
1343.000  2.2907167500e-01  1.9322013850e-02 
1344.000  2.1521338700e-01  1.7093692780e-02 
1345.000  1.7805744600e-01  1.2199795720e-02 
1346.000  1.5188111100e-01  9.1178073880e-03 
1347.000  1.3471333100e-01  7.4142642020e-03 
1348.000  1.1168048100e-01  5.1531906130e-03 
1349.000  1.0157659670e-01  4.3581724170e-03 
1350.000  7.9122407800e-02  2.6805899140e-03 
1351.000  6.8306524100e-02  2.0665118690e-03 
1352.000  5.2246039500e-02  1.2224991320e-03 
1353.000  3.7031455700e-02  6.6937875750e-04 
1354.000  2.9610032000e-02  4.4696572420e-04 
1355.000  2.2989681500e-02  2.8645926710e-04 
1356.000  1.7384957500e-02  1.7431437970e-04 
1357.000  1.1883090990e-02  8.7844699620e-05 
1358.000  8.7943097000e-03  5.3652364760e-05 
1359.000  4.6371920100e-03  1.8222119660e-05 
1360.000  3.0667201700e-03  9.5829097550e-06 
1361.000  2.2822907900e-03  5.7050953620e-06 
1362.000  2.1000790200e-03  5.0187916490e-06 
1363.000  3.0298727400e-03  8.7605696170e-06 
1364.000  3.5132273300e-03  1.0971461420e-05 
1365.000  3.6785393000e-03  1.1578000150e-05 
1366.000  4.2481001000e-03  1.4463695700e-05 
1367.000  3.5684721900e-03  1.1333562430e-05 
1368.000  3.1641452900e-03  9.7983526070e-06 
1369.000  3.2446897600e-03  1.0310414250e-05 
1370.000  5.3662061700e-03  2.3928973820e-05 
1371.000  9.5567494000e-03  5.9965781870e-05 
1372.000  1.7696189300e-02  1.6586716470e-04 
1373.000  2.5103513100e-02  2.9294368620e-04 
1374.000  3.0483527300e-02  4.0551769730e-04 
1375.000  3.2500790700e-02  4.5546683670e-04 
1376.000  3.0145826900e-02  4.0394505860e-04 
1377.000  2.6837280300e-02  3.3001464610e-04 
1378.000  2.0455589700e-02  2.1037213500e-04 
1379.000  1.4046716640e-02  1.1355020110e-04 
1380.000  7.9669000400e-03  4.5343816280e-05 
1381.000  4.6085487600e-03  1.8911087890e-05 
1382.000  3.2226952600e-03  1.0675449860e-05 
1383.000  3.1180841000e-03  9.9753364920e-06 
1384.000  5.0718380700e-03  2.1525103600e-05 
1385.000  7.2001196800e-03  3.7743858990e-05 
1386.000  1.0997435420e-02  7.4471592900e-05 
1387.000  2.0206270700e-02  2.0508921150e-04 
1388.000  2.6781585700e-02  3.2227385040e-04 
1389.000  3.0763946600e-02  4.1095885630e-04 
1390.000  3.1403274000e-02  4.2971009020e-04 
1391.000  2.9315334800e-02  3.8227865100e-04 
1392.000  2.2163654400e-02  2.4172480400e-04 
1393.000  1.6942371100e-02  1.5759871900e-04 
1394.000  1.2979791580e-02  1.0286123310e-04 
1395.000  1.4631323200e-02  1.2474331260e-04 
1396.000  2.0077401400e-02  2.0638814570e-04 
1397.000  2.5909757600e-02  3.1434041260e-04 
1398.000  2.6682555600e-02  3.2872414590e-04 
1399.000  2.4913605900e-02  2.9813742640e-04 
1400.000  2.3296340000e-02  2.7096936110e-04 
1401.000  2.4765200200e-02  3.0415073040e-04 
1402.000  3.0702134000e-02  4.2487081890e-04 
1403.000  3.5348510200e-02  5.5140632390e-04 
1404.000  3.3248434300e-02  4.9619397520e-04 
1405.000  3.4826985500e-02  5.4865747690e-04 
1406.000  3.2294410800e-02  4.8018661140e-04 
1407.000  3.3492506200e-02  5.2438116070e-04 
1408.000  4.0143111400e-02  7.0381540060e-04 
1409.000  4.7056848000e-02  9.3261653180e-04 
1410.000  5.7714771100e-02  1.3104091880e-03 
1411.000  6.8649450600e-02  1.8030587430e-03 
1412.000  6.6323241700e-02  1.7401139740e-03 
1413.000  7.3148326300e-02  2.0822200780e-03 
1414.000  7.2119287600e-02  1.9995480780e-03 
1415.000  7.9726884400e-02  2.4358968730e-03 
1416.000  8.5660882800e-02  2.7572710510e-03 
1417.000  8.7866388200e-02  2.9061691760e-03 
1418.000  8.8649435500e-02  2.9353475570e-03 
1419.000  8.8464851400e-02  2.9805917740e-03 
1420.000  9.0565924600e-02  3.0959558490e-03 
1421.000  1.0185976570e-01  3.7991395000e-03 
1422.000  1.0428301370e-01  4.0155067440e-03 
1423.000  1.0544601110e-01  4.1372075080e-03 
1424.000  1.0508768110e-01  4.0994629860e-03 
1425.000  1.0389461530e-01  3.9763615130e-03 
1426.000  1.0016890680e-01  3.8378922940e-03 
1427.000  1.0609905330e-01  4.2013206480e-03 
1428.000  1.1206126030e-01  4.5396637920e-03 
1429.000  1.1366286120e-01  4.7413487430e-03 
1430.000  1.1089887090e-01  4.6262860300e-03 
1431.000  1.0331567570e-01  4.1284174920e-03 
1432.000  1.0102111360e-01  3.9267523290e-03 
1433.000  1.0073640750e-01  3.9046103950e-03 
1434.000  9.6084592500e-02  3.6411025520e-03 
1435.000  1.0315549470e-01  4.0824460980e-03 
1436.000  1.0572433770e-01  4.2588067050e-03 
1437.000  1.0740958000e-01  4.3659610750e-03 
1438.000  1.1387259640e-01  4.8321027760e-03 
1439.000  1.1597413030e-01  4.9393997190e-03 
1440.000  1.1120109210e-01  4.7976050380e-03 
1441.000  1.1810792750e-01  5.1322374340e-03 
1442.000  1.1329256930e-01  4.8563842770e-03 
1443.000  1.1532881490e-01  4.9551038740e-03 
1444.000  1.1792890520e-01  5.1280508040e-03 
1445.000  1.1816505150e-01  5.1572151180e-03 
1446.000  1.2368185240e-01  5.5308804510e-03 
1447.000  1.2706229200e-01  5.8063073160e-03 
1448.000  1.2851042700e-01  5.8970599170e-03 
1449.000  1.2598719100e-01  5.7045035360e-03 
1450.000  1.2047433520e-01  5.3377346990e-03 
1451.000  1.2182321310e-01  5.4644379620e-03 
1452.000  1.2715532800e-01  5.9509315490e-03 
1453.000  1.4168973400e-01  7.0345587730e-03 
1454.000  1.5418101800e-01  8.1082267760e-03 
1455.000  1.6015541400e-01  8.7187490460e-03 
1456.000  1.6726038000e-01  9.4163465500e-03 
1457.000  1.6995038300e-01  9.6187963490e-03 
1458.000  1.7327490700e-01  9.8780736920e-03 
1459.000  1.6840616600e-01  9.3953866960e-03 
1460.000  1.6072895600e-01  8.8001565930e-03 
1461.000  1.5764564300e-01  8.5543088910e-03 
1462.000  1.4915661500e-01  7.8644590380e-03 
1463.000  1.4816767200e-01  7.8324341770e-03 
1464.000  1.4625355800e-01  7.6759681700e-03 
1465.000  1.4300856200e-01  7.3471097950e-03 
1466.000  1.3328007300e-01  6.6597509380e-03 
1467.000  1.3231317000e-01  6.4807267190e-03 
1468.000  1.2417112130e-01  5.9442658420e-03 
1469.000  1.1779012690e-01  5.4130620960e-03 
1470.000  1.1437885650e-01  5.1853909490e-03 
1471.000  1.2137954010e-01  5.8199000360e-03 
1472.000  1.3365988500e-01  6.8306932450e-03 
1473.000  1.5020842400e-01  8.2771701810e-03 
1474.000  1.5744575200e-01  9.1633415220e-03 
1475.000  1.6024535400e-01  9.3618230820e-03 
1476.000  1.6050602400e-01  9.4134292600e-03 
1477.000  1.5706541200e-01  9.1103906630e-03 
1478.000  1.5092277800e-01  8.6612834930e-03 
1479.000  1.4792912200e-01  8.3441572190e-03 
1480.000  1.5101073900e-01  8.6757373810e-03 
1481.000  1.5383467100e-01  9.0734558110e-03 
1482.000  1.6078502800e-01  9.7628898620e-03 
1483.000  1.5900600700e-01  9.7563924790e-03 
1484.000  1.6003742000e-01  9.8734960560e-03 
1485.000  1.6233780300e-01  1.0020862580e-02 
1486.000  1.6371156400e-01  1.0367909430e-02 
1487.000  1.7373457800e-01  1.1530736920e-02 
1488.000  1.5225378500e-01  1.0185937880e-02 
1489.000  1.8684511500e-01  1.3269121170e-02 
1490.000  1.9768174200e-01  1.4761426930e-02 
1491.000  2.0474589400e-01  1.5715557100e-02 
1492.000  2.0103358600e-01  1.5562978740e-02 
1493.000  2.0846536400e-01  1.6428649900e-02 
1494.000  2.0816132100e-01  1.6508487700e-02 
1495.000  2.0988601500e-01  1.6943063740e-02 
1496.000  2.0952393100e-01  1.7330417630e-02 
1497.000  2.1463348000e-01  1.7857666020e-02 
1498.000  2.2171441900e-01  1.8836801530e-02 
1499.000  2.2270425500e-01  1.9298662190e-02 
1500.000  2.2957265000e-01  2.0204917910e-02 
1501.000  2.2826668700e-01  2.0085777280e-02 
1502.000  2.2458567600e-01  1.9716245650e-02 
1503.000  2.0062675100e-01  1.7600362780e-02 
1504.000  2.0996190000e-01  1.8551990510e-02 
1505.000  2.1258505200e-01  1.9068819050e-02 
1506.000  2.1551662900e-01  1.9414245610e-02 
1507.000  2.2833535300e-01  2.0851060870e-02 
1508.000  2.2632746800e-01  2.0853458400e-02 
1509.000  2.2885198300e-01  2.1284681320e-02 
1510.000  2.3295325100e-01  2.1787023540e-02 
1511.000  2.3510075900e-01  2.2141508100e-02 
1512.000  2.3141494300e-01  2.1911447530e-02 
1513.000  2.3132482200e-01  2.1997638700e-02 
1514.000  2.2815785100e-01  2.1759334560e-02 
1515.000  2.3346391900e-01  2.2387365340e-02 
1516.000  2.3155785800e-01  2.2274965290e-02 
1517.000  2.3093709400e-01  2.2320335390e-02 
1518.000  2.3665951000e-01  2.3043188100e-02 
1519.000  2.3487789100e-01  2.3057884220e-02 
1520.000  2.3847840900e-01  2.3655164720e-02 
1521.000  2.3508928500e-01  2.3475860600e-02 
1522.000  2.3372947400e-01  2.3399948120e-02 
1523.000  2.3975568100e-01  2.4095746990e-02 
1524.000  2.3767179000e-01  2.3914836880e-02 
1525.000  2.3193574900e-01  2.3357870100e-02 
1526.000  2.3857123600e-01  2.4076343540e-02 
1527.000  2.3645885000e-01  2.3948595050e-02 
1528.000  2.3856022600e-01  2.4266164780e-02 
1529.000  2.3781396000e-01  2.4228384020e-02 
1530.000  2.2295995900e-01  2.2806558610e-02 
1531.000  2.3860400400e-01  2.4489154820e-02 
1532.000  2.3746720200e-01  2.4460046770e-02 
1533.000  2.3650591400e-01  2.4425952910e-02 
1534.000  2.3302812700e-01  2.4126152040e-02 
1535.000  2.3401576700e-01  2.4289438250e-02 
1536.000  2.3714849800e-01  2.4673923490e-02 
1537.000  2.3808553200e-01  2.4857776640e-02 
1538.000  2.3175896900e-01  2.4286668780e-02 
1539.000  2.3677435600e-01  2.4898540500e-02 
1540.000  2.2822576700e-01  2.4068105700e-02 
1541.000  2.3303869100e-01  2.4624658580e-02 
1542.000  2.3442585200e-01  2.4810676570e-02 
1543.000  2.3378812900e-01  2.4794563290e-02 
1544.000  2.3679160700e-01  2.5173547740e-02 
1545.000  2.3770071400e-01  2.5347051620e-02 
1546.000  2.3791978500e-01  2.5447765350e-02 
1547.000  2.3560939000e-01  2.5271396640e-02 
1548.000  2.2865071800e-01  2.4586120610e-02 
1549.000  2.3451124900e-01  2.5264425280e-02 
1550.000  2.3319346500e-01  2.5165233610e-02 
1551.000  2.3196578100e-01  2.5060953140e-02 
1552.000  2.3591972700e-01  2.5515661240e-02 
1553.000  2.3468670500e-01  2.5418664930e-02 
1554.000  2.2608773700e-01  2.4512596130e-02 
1555.000  2.2986077500e-01  2.4963096620e-02 
1556.000  2.2547249100e-01  2.4534763340e-02 
1557.000  2.3285522600e-01  2.5396120070e-02 
1558.000  2.3101173500e-01  2.5238464360e-02 
1559.000  2.3102973600e-01  2.5280954360e-02 
1560.000  2.2704013300e-01  2.4893821720e-02 
1561.000  2.3233872800e-01  2.5500917430e-02 
1562.000  2.3223054300e-01  2.5495315550e-02 
1563.000  2.2875913200e-01  2.5130069730e-02 
1564.000  2.2410058000e-01  2.4624015810e-02 
1565.000  2.2735369800e-01  2.4979656220e-02 
1566.000  2.2304599800e-01  2.4537475590e-02 
1567.000  2.2268804600e-01  2.4498464580e-02 
1568.000  2.1753214200e-01  2.3913818360e-02 
1569.000  2.1771343500e-01  2.3909383770e-02 
1570.000  2.1165702400e-01  2.3236902240e-02 
1571.000  2.1732830900e-01  2.3890520100e-02 
1572.000  2.1716207900e-01  2.3889062880e-02 
1573.000  2.1386372100e-01  2.3570428850e-02 
1574.000  2.1470695200e-01  2.3719612120e-02 
1575.000  1.9948270100e-01  2.2079071040e-02 
1576.000  2.1431037200e-01  2.3742469790e-02 
1577.000  1.9358910900e-01  2.1460720060e-02 
1578.000  2.1193910400e-01  2.3510168080e-02 
1579.000  2.1326218400e-01  2.3681344990e-02 
1580.000  2.1781203800e-01  2.4226802830e-02 
1581.000  2.1636773500e-01  2.4083957670e-02 
1582.000  2.1221771400e-01  2.3686389920e-02 
1583.000  2.1502322900e-01  2.4061153410e-02 
1584.000  2.1329121500e-01  2.3930749890e-02 
1585.000  2.1973900600e-01  2.4709125520e-02 
1586.000  2.1697934000e-01  2.4432405470e-02 
1587.000  2.1471836000e-01  2.4230670930e-02 
1588.000  2.1156823900e-01  2.3924793240e-02 
1589.000  1.9356290000e-01  2.1915662770e-02 
1590.000  2.0853410300e-01  2.3634729390e-02 
1591.000  2.0386274800e-01  2.3127319340e-02 
1592.000  2.1453810200e-01  2.4345201490e-02 
1593.000  2.1915372200e-01  2.4869779590e-02 
1594.000  2.1727841600e-01  2.4659332280e-02 
1595.000  2.1825124100e-01  2.4774677280e-02 
1596.000  2.0444324900e-01  2.3229930880e-02 
1597.000  2.1203395300e-01  2.4088672640e-02 
1598.000  2.1494861700e-01  2.4405651090e-02 
1599.000  2.0651093700e-01  2.3425195690e-02 
1600.000  2.0896319000e-01  2.3689556120e-02 
1601.000  2.0016621100e-01  2.2713777540e-02 
1602.000  2.0503336900e-01  2.3293407440e-02 
1603.000  2.0380556800e-01  2.3206779480e-02 
1604.000  2.0685030700e-01  2.3613124850e-02 
1605.000  2.0379165800e-01  2.3294710160e-02 
1606.000  2.0315303500e-01  2.3259235380e-02 
1607.000  2.0384048300e-01  2.3332637790e-02 
1608.000  2.0603471800e-01  2.3579219820e-02 
1609.000  2.0524253800e-01  2.3495611190e-02 
1610.000  1.9258225700e-01  2.2058265690e-02 
1611.000  1.9872923700e-01  2.2800649640e-02 
1612.000  2.0119763100e-01  2.3120893480e-02 
1613.000  2.0621735200e-01  2.3731670380e-02 
1614.000  2.0419283900e-01  2.3508079530e-02 
1615.000  2.0796438300e-01  2.3973911290e-02 
1616.000  1.9524559200e-01  2.2528846740e-02 
1617.000  2.0134990900e-01  2.3286819460e-02 
1618.000  2.0762316500e-01  2.4037881850e-02 
1619.000  2.0734190200e-01  2.4060579300e-02 
1620.000  2.0245141700e-01  2.3545705800e-02 
1621.000  1.9972468400e-01  2.3269458770e-02 
1622.000  2.0475116900e-01  2.3869504930e-02 
1623.000  2.0903209400e-01  2.4394266130e-02 
1624.000  2.1056024500e-01  2.4591920850e-02 
1625.000  2.0554560100e-01  2.4051816940e-02 
1626.000  2.0784630300e-01  2.4308940890e-02 
1627.000  2.0760776800e-01  2.4303930280e-02 
1628.000  2.0918509500e-01  2.4496129990e-02 
1629.000  2.0904848100e-01  2.4485528950e-02 
1630.000  2.0318541900e-01  2.3793056490e-02 
1631.000  2.0636280000e-01  2.4176300050e-02 
1632.000  2.0619006900e-01  2.4122926710e-02 
1633.000  2.0346935800e-01  2.3795282360e-02 
1634.000  1.9850807200e-01  2.3196880340e-02 
1635.000  2.0382909300e-01  2.3812927250e-02 
1636.000  2.0306316800e-01  2.3708988190e-02 
1637.000  1.9375204900e-01  2.2607610700e-02 
1638.000  1.9233639200e-01  2.2438501360e-02 
1639.000  1.9005370300e-01  2.2145761490e-02 
1640.000  1.9099981500e-01  2.2245210650e-02 
1641.000  1.8963608600e-01  2.2077405930e-02 
1642.000  1.8939830700e-01  2.2085321430e-02 
1643.000  1.9419781400e-01  2.2671241760e-02 
1644.000  1.9112593000e-01  2.2334543230e-02 
1645.000  1.9142457900e-01  2.2385152820e-02 
1646.000  1.9372450900e-01  2.2686220170e-02 
1647.000  1.9552530800e-01  2.2906568530e-02 
1648.000  1.9464175700e-01  2.2799240110e-02 
1649.000  1.9016949000e-01  2.2281612400e-02 
1650.000  1.9498814500e-01  2.2857791900e-02 
1651.000  1.9063477700e-01  2.2350028990e-02 
1652.000  1.9442504100e-01  2.2786891940e-02 
1653.000  1.9242343700e-01  2.2566432950e-02 
1654.000  1.9458166400e-01  2.2826929090e-02 
1655.000  1.9089647000e-01  2.2413890840e-02 
1656.000  1.9471970000e-01  2.2876939770e-02 
1657.000  1.9330553400e-01  2.2717464450e-02 
1658.000  1.9452451400e-01  2.2880064010e-02 
1659.000  1.9098652600e-01  2.2470741270e-02 
1660.000  1.9319377600e-01  2.2724809650e-02 
1661.000  1.9394768000e-01  2.2808750150e-02 
1662.000  1.9248988100e-01  2.2612031940e-02 
1663.000  1.9121548500e-01  2.2451707840e-02 
1664.000  1.9032356800e-01  2.2335058210e-02 
1665.000  1.8838294700e-01  2.2089496610e-02 
1666.000  1.8761330300e-01  2.2013340000e-02 
1667.000  1.8952951300e-01  2.2284561160e-02 
1668.000  1.8631838500e-01  2.1922565460e-02 
1669.000  1.8684346500e-01  2.2009809490e-02 
1670.000  1.9104414500e-01  2.2531646730e-02 
1671.000  1.8964671900e-01  2.2382131580e-02 
1672.000  1.8066429700e-01  2.1342002870e-02 
1673.000  1.8582522500e-01  2.1953702930e-02 
1674.000  1.8657463900e-01  2.2050935750e-02 
1675.000  1.8484228900e-01  2.1866485600e-02 
1676.000  1.8185367600e-01  2.1515554430e-02 
1677.000  1.8278404000e-01  2.1630405430e-02 
1678.000  1.8379675100e-01  2.1763977050e-02 
1679.000  1.8135550100e-01  2.1474092480e-02 
1680.000  1.7513941300e-01  2.0750858310e-02 
1681.000  1.6906880100e-01  2.0037506100e-02 
1682.000  1.7395182600e-01  2.0614788060e-02 
1683.000  1.7824203700e-01  2.1115545270e-02 
1684.000  1.8153611000e-01  2.1499193190e-02 
1685.000  1.8205556400e-01  2.1535001750e-02 
1686.000  1.7985938600e-01  2.1269962310e-02 
1687.000  1.8055442100e-01  2.1307106020e-02 
1688.000  1.8064733900e-01  2.1280487060e-02 
1689.000  1.7846821700e-01  2.1016548160e-02 
1690.000  1.7832285700e-01  2.0956720350e-02 
1691.000  1.8062992500e-01  2.1224590300e-02 
1692.000  1.8095527800e-01  2.1265565870e-02 
1693.000  1.8031562700e-01  2.1199232100e-02 
1694.000  1.8004636100e-01  2.1170436860e-02 
1695.000  1.8009241100e-01  2.1157213210e-02 
1696.000  1.7903846600e-01  2.1018001560e-02 
1697.000  1.7791202800e-01  2.0854990010e-02 
1698.000  1.7896721600e-01  2.0954671860e-02 
1699.000  1.7781148100e-01  2.0802392960e-02 
1700.000  1.7556022000e-01  2.0523489000e-02 
