 lambda   Irr_dw            Rad_up 
 550.000  1.5552268000e+00  2.5438163760e-01 
 551.000  1.5448227000e+00  2.5266661070e-01 
 552.000  1.6106389000e+00  2.6345751950e-01 
 553.000  1.5468731000e+00  2.5300404360e-01 
 554.000  1.5967413000e+00  2.6117730710e-01 
 555.000  1.6005835000e+00  2.6176983640e-01 
 556.000  1.5558609000e+00  2.5442387390e-01 
 557.000  1.5091385000e+00  2.4680032350e-01 
 558.000  1.5659028000e+00  2.5604684450e-01 
 559.000  1.4796082000e+00  2.4192456050e-01 
 560.000  1.4856170000e+00  2.4291476440e-01 
 561.000  1.6322367000e+00  2.6687103270e-01 
 562.000  1.4977932000e+00  2.4487580870e-01 
 563.000  1.5665546000e+00  2.5609652710e-01 
 564.000  1.5440487000e+00  2.5236415100e-01 
 565.000  1.5619656000e+00  2.5527847290e-01 
 566.000  1.4397060000e+00  2.3528114320e-01 
 567.000  1.5438198000e+00  2.5211039730e-01 
 568.000  1.5390092000e+00  2.5061466980e-01 
 569.000  1.5067774000e+00  2.4380242920e-01 
 570.000  1.5144705000e+00  2.4531996150e-01 
 571.000  1.4612841000e+00  2.3782989500e-01 
 572.000  1.5433534000e+00  2.5011065670e-01 
 573.000  1.5595931000e+00  2.5307383730e-01 
 574.000  1.5507995000e+00  2.5173287960e-01 
 575.000  1.5125402000e+00  2.4543809510e-01 
 576.000  1.4848178000e+00  2.4090869140e-01 
 577.000  1.5463839000e+00  2.5117901610e-01 
 578.000  1.5013552000e+00  2.4430569460e-01 
 579.000  1.4898747000e+00  2.4267358400e-01 
 580.000  1.5411337000e+00  2.5122640990e-01 
 581.000  1.5133325000e+00  2.4699957280e-01 
 582.000  1.5359062000e+00  2.5078457640e-01 
 583.000  1.5463938000e+00  2.5254292300e-01 
 584.000  1.5412701000e+00  2.5168193050e-01 
 585.000  1.5308914000e+00  2.4994276430e-01 
 586.000  1.4648868000e+00  2.3916862490e-01 
 587.000  1.5217171000e+00  2.4783316040e-01 
 588.000  1.5049389000e+00  2.4287948610e-01 
 589.000  1.3331447000e+00  2.1230218510e-01 
 590.000  1.3917821000e+00  2.2146299740e-01 
 591.000  1.4792058000e+00  2.3745455930e-01 
 592.000  1.4504639000e+00  2.3170549010e-01 
 593.000  1.4661613000e+00  2.3659390260e-01 
 594.000  1.4792644000e+00  2.3817097470e-01 
 595.000  1.4504638000e+00  2.3186033630e-01 
 596.000  1.4868217000e+00  2.4013859560e-01 
 597.000  1.4910417000e+00  2.4028051760e-01 
 598.000  1.4606529000e+00  2.3643336490e-01 
 599.000  1.4610412000e+00  2.3695373540e-01 
 600.000  1.4615315000e+00  2.3801217650e-01 
 601.000  1.4533941000e+00  2.3739285280e-01 
 602.000  1.4374927000e+00  2.3503703310e-01 
 603.000  1.4461513000e+00  2.3672088620e-01 
 604.000  1.4919290000e+00  2.4444467160e-01 
 605.000  1.4880486000e+00  2.4387548830e-01 
 606.000  1.4707060000e+00  2.4110868840e-01 
 607.000  1.4623411000e+00  2.3976507570e-01 
 608.000  1.4568764000e+00  2.3887815860e-01 
 609.000  1.4418227000e+00  2.3644534300e-01 
 610.000  1.4186312000e+00  2.3264593510e-01 
 611.000  1.4415616000e+00  2.3643696590e-01 
 612.000  1.4226896000e+00  2.3337348940e-01 
 613.000  1.4018025000e+00  2.2995297240e-01 
 614.000  1.3506118000e+00  2.2158934020e-01 
 615.000  1.4157484000e+00  2.3226760860e-01 
 616.000  1.3460045000e+00  2.2086071780e-01 
 617.000  1.3535088000e+00  2.2211151120e-01 
 618.000  1.4172669000e+00  2.3255200200e-01 
 619.000  1.4041790000e+00  2.3043954470e-01 
 620.000  1.4248170000e+00  2.3379364010e-01 
 621.000  1.4492049000e+00  2.3779605100e-01 
 622.000  1.3726591000e+00  2.2521211240e-01 
 623.000  1.3832425000e+00  2.2688247680e-01 
 624.000  1.3846106000e+00  2.2712365720e-01 
 625.000  1.3469968000e+00  2.2094027710e-01 
 626.000  1.3536849000e+00  2.2187858580e-01 
 627.000  1.3759835000e+00  2.2475955200e-01 
 628.000  1.3566679000e+00  2.2012500000e-01 
 629.000  1.3910634000e+00  2.2627514650e-01 
 630.000  1.3449732000e+00  2.1947648620e-01 
 631.000  1.3944141000e+00  2.2780432130e-01 
 632.000  1.2986729000e+00  2.1155029300e-01 
 633.000  1.3942295000e+00  2.2793231200e-01 
 634.000  1.3523797000e+00  2.2134927370e-01 
 635.000  1.3770514000e+00  2.2538356020e-01 
 636.000  1.3285308000e+00  2.1759677120e-01 
 637.000  1.3723430000e+00  2.2487744140e-01 
 638.000  1.3937709000e+00  2.2877523800e-01 
 639.000  1.3822061000e+00  2.2685083010e-01 
 640.000  1.3388390000e+00  2.1998432920e-01 
 641.000  1.3581164000e+00  2.2315055850e-01 
 642.000  1.3418026000e+00  2.2061616520e-01 
 643.000  1.3651270000e+00  2.2418444820e-01 
 644.000  1.3494173000e+00  2.2158947750e-01 
 645.000  1.3610315000e+00  2.2313134770e-01 
 646.000  1.3087115000e+00  2.1293977360e-01 
 647.000  1.3261759000e+00  2.1467553710e-01 
 648.000  1.3235330000e+00  2.1310986330e-01 
 649.000  1.3499399000e+00  2.1835237120e-01 
 650.000  1.2513254000e+00  2.0431658940e-01 
 651.000  1.3478588000e+00  2.2008047490e-01 
 652.000  1.3214160000e+00  2.1400177000e-01 
 653.000  1.3484821000e+00  2.2046270750e-01 
 654.000  1.3307208000e+00  2.1729406740e-01 
 655.000  1.2954149000e+00  2.1079806520e-01 
 656.000  1.0998057200e+00  1.7917988590e-01 
 657.000  1.1738595100e+00  1.9161416630e-01 
 658.000  1.3076491000e+00  2.1419064330e-01 
 659.000  1.3108569000e+00  2.1512187190e-01 
 660.000  1.3211364000e+00  2.1700456240e-01 
 661.000  1.3270437000e+00  2.1854417420e-01 
 662.000  1.3461686000e+00  2.2194801330e-01 
 663.000  1.3311413000e+00  2.1941316220e-01 
 664.000  1.3099722000e+00  2.1602195740e-01 
 665.000  1.3156438000e+00  2.1703382870e-01 
 666.000  1.3314725000e+00  2.1978314210e-01 
 667.000  1.3050230000e+00  2.1546958920e-01 
 668.000  1.3124161000e+00  2.1682566830e-01 
 669.000  1.3311030000e+00  2.1998869320e-01 
 670.000  1.3154560000e+00  2.1739701840e-01 
 671.000  1.3011920000e+00  2.1509449770e-01 
 672.000  1.2970314200e+00  2.1442951970e-01 
 673.000  1.3062524000e+00  2.1597283940e-01 
 674.000  1.3087381000e+00  2.1641499330e-01 
 675.000  1.2887248900e+00  2.1311874390e-01 
 676.000  1.3130085700e+00  2.1716510010e-01 
 677.000  1.2868448600e+00  2.1287133790e-01 
 678.000  1.3081031300e+00  2.1640304570e-01 
 679.000  1.2895869200e+00  2.1333058170e-01 
 680.000  1.2796177100e+00  2.1163508610e-01 
 681.000  1.2809158600e+00  2.1178544620e-01 
 682.000  1.2782075200e+00  2.1131044010e-01 
 683.000  1.2865341300e+00  2.1263333130e-01 
 684.000  1.2632086400e+00  2.0866954040e-01 
 685.000  1.2774532600e+00  2.1111996460e-01 
 686.000  1.2210974400e+00  2.0153820800e-01 
 687.000  1.1281451500e+00  1.8082250980e-01 
 688.000  1.1583205900e+00  1.8747198490e-01 
 689.000  1.1527193100e+00  1.8600924680e-01 
 690.000  1.1734753800e+00  1.9033549500e-01 
 691.000  1.1974191900e+00  1.9517745970e-01 
 692.000  1.2005767000e+00  1.9576710510e-01 
 693.000  1.1993910000e+00  1.9331199650e-01 
 694.000  1.2013057500e+00  1.9156816100e-01 
 695.000  1.1884438100e+00  1.9055581670e-01 
 696.000  1.2069974600e+00  1.9420138550e-01 
 697.000  1.2303600400e+00  2.0149000550e-01 
 698.000  1.2029848700e+00  1.9622131350e-01 
 699.000  1.2060270200e+00  1.9360911560e-01 
 700.000  1.1948976400e+00  1.9230084230e-01 
 701.000  1.1639000500e+00  1.8663217160e-01 
 702.000  1.1610614400e+00  1.8665106200e-01 
 703.000  1.1929128300e+00  1.9430657960e-01 
 704.000  1.1968744000e+00  1.9506704710e-01 
 705.000  1.1994339300e+00  1.9440957640e-01 
 706.000  1.1878462700e+00  1.9273875430e-01 
 707.000  1.1721199400e+00  1.9057115170e-01 
 708.000  1.2085529900e+00  1.9691021730e-01 
 709.000  1.1704626600e+00  1.9153569030e-01 
 710.000  1.1917754500e+00  1.9409338380e-01 
 711.000  1.1852115900e+00  1.9394239810e-01 
 712.000  1.1732238100e+00  1.9278189090e-01 
 713.000  1.1643726600e+00  1.9068745420e-01 
 714.000  1.1827426700e+00  1.9345201110e-01 
 715.000  1.1352446400e+00  1.8465119930e-01 
 716.000  1.1584713800e+00  1.8735540770e-01 
 717.000  1.0854103600e+00  1.6967303470e-01 
 718.000  1.0525716000e+00  1.6112474060e-01 
 719.000  1.0306718200e+00  1.5653427120e-01 
 720.000  1.0236768900e+00  1.5375793460e-01 
 721.000  1.0854088000e+00  1.7124501040e-01 
 722.000  1.1232761900e+00  1.8031248470e-01 
 723.000  1.1078158600e+00  1.7607749940e-01 
 724.000  1.0774213600e+00  1.6654335020e-01 
 725.000  1.0709264500e+00  1.6620616150e-01 
 726.000  1.0670858600e+00  1.6541459660e-01 
 727.000  1.0879510300e+00  1.6930749510e-01 
 728.000  1.0634704100e+00  1.6482984920e-01 
 729.000  1.0344062600e+00  1.6204203800e-01 
 730.000  1.0700202900e+00  1.6734730530e-01 
 731.000  1.0493282600e+00  1.6380461120e-01 
 732.000  1.0921561100e+00  1.7355619810e-01 
 733.000  1.0970241900e+00  1.7742337040e-01 
 734.000  1.1302500600e+00  1.8436224370e-01 
 735.000  1.1172603500e+00  1.8169821170e-01 
 736.000  1.0895770800e+00  1.7623422240e-01 
 737.000  1.1088972800e+00  1.8010897830e-01 
 738.000  1.1127183000e+00  1.8179241940e-01 
 739.000  1.0795159600e+00  1.7683522030e-01 
 740.000  1.0960815600e+00  1.8057516480e-01 
 741.000  1.0909696400e+00  1.8036849980e-01 
 742.000  1.0744550600e+00  1.7790792850e-01 
 743.000  1.1093562900e+00  1.8427839660e-01 
 744.000  1.1212705500e+00  1.8654193120e-01 
 745.000  1.0931981000e+00  1.8209577940e-01 
 746.000  1.1092378700e+00  1.8492652890e-01 
 747.000  1.1259397700e+00  1.8774040220e-01 
 748.000  1.1064706600e+00  1.8461697390e-01 
 749.000  1.1069582300e+00  1.8477064510e-01 
 750.000  1.0903344800e+00  1.8194041440e-01 
 751.000  1.0875214800e+00  1.8149806210e-01 
 752.000  1.1046664400e+00  1.8448924260e-01 
 753.000  1.0943731300e+00  1.8282446290e-01 
 754.000  1.1116005200e+00  1.8574548340e-01 
 755.000  1.1052200500e+00  1.8470683290e-01 
 756.000  1.0835872900e+00  1.8111940000e-01 
 757.000  1.0915566500e+00  1.8247619630e-01 
 758.000  1.0892307800e+00  1.8204400630e-01 
 759.000  1.0061803600e+00  1.6555952450e-01 
 760.000  5.1281175000e-01  7.1762077330e-02 
 761.000  4.6315943000e-01  6.3334873200e-02 
 762.000  7.4046989000e-01  1.1364247890e-01 
 763.000  6.7151405000e-01  9.9860923770e-02 
 764.000  7.1795003000e-01  1.0846088410e-01 
 765.000  8.2039094000e-01  1.2834608460e-01 
 766.000  8.8770778000e-01  1.4346276860e-01 
 767.000  9.5163964000e-01  1.5604981990e-01 
 768.000  1.0228391900e+00  1.6933068850e-01 
 769.000  1.0406018000e+00  1.7336083980e-01 
 770.000  1.0457292400e+00  1.7473442080e-01 
 771.000  1.0513712900e+00  1.7598553470e-01 
 772.000  1.0484414100e+00  1.7558894350e-01 
 773.000  1.0445047800e+00  1.7498475650e-01 
 774.000  1.0560079800e+00  1.7696569820e-01 
 775.000  1.0164800500e+00  1.7038845830e-01 
 776.000  1.0584336600e+00  1.7747909550e-01 
 777.000  1.0510782400e+00  1.7626556400e-01 
 778.000  1.0454002200e+00  1.7531822200e-01 
 779.000  1.0487632700e+00  1.7588316350e-01 
 780.000  1.0357444600e+00  1.7372427370e-01 
 781.000  1.0341369100e+00  1.7351301570e-01 
 782.000  1.0465595800e+00  1.7558494570e-01 
 783.000  1.0220655200e+00  1.7151606750e-01 
 784.000  1.0276200600e+00  1.7241432190e-01 
 785.000  1.0294306500e+00  1.7249494930e-01 
 786.000  1.0103387200e+00  1.6898683170e-01 
 787.000  1.0221707400e+00  1.7021557620e-01 
 788.000  1.0052062400e+00  1.6703619380e-01 
 789.000  1.0051885800e+00  1.6573086550e-01 
 790.000  9.9450158000e-01  1.6386016850e-01 
 791.000  9.9046133000e-01  1.6345860290e-01 
 792.000  9.7575084000e-01  1.6125529480e-01 
 793.000  9.7708348000e-01  1.6201322940e-01 
 794.000  9.7196824000e-01  1.6230653380e-01 
 795.000  9.6365220000e-01  1.6022216800e-01 
 796.000  9.7187841000e-01  1.5987155150e-01 
 797.000  9.8030714000e-01  1.6178538510e-01 
 798.000  9.8598963000e-01  1.6387416080e-01 
 799.000  9.8398546000e-01  1.6328465270e-01 
 800.000  9.5459378000e-01  1.5762300110e-01 
 801.000  9.7283624000e-01  1.6074687190e-01 
 802.000  9.7047964000e-01  1.6028222660e-01 
 803.000  9.5716406000e-01  1.5822180180e-01 
 804.000  9.6754993000e-01  1.6035469060e-01 
 805.000  9.4435311000e-01  1.5725524900e-01 
 806.000  9.7191447000e-01  1.6229716490e-01 
 807.000  9.6597978000e-01  1.6135610960e-01 
 808.000  9.5910276000e-01  1.5995758060e-01 
 809.000  9.4138249000e-01  1.5670909120e-01 
 810.000  9.3552302000e-01  1.5540957640e-01 
 811.000  9.4709338000e-01  1.5668910220e-01 
 812.000  9.3922837000e-01  1.5450631710e-01 
 813.000  9.2932305000e-01  1.5181532290e-01 
 814.000  9.2015772000e-01  1.4900080870e-01 
 815.000  9.0031192000e-01  1.4419757080e-01 
 816.000  8.7919828000e-01  1.3889601140e-01 
 817.000  8.8524469000e-01  1.3995310970e-01 
 818.000  8.8093051000e-01  1.3941537480e-01 
 819.000  8.6138007000e-01  1.3698820500e-01 
 820.000  8.5894961000e-01  1.3872311400e-01 
 821.000  9.0427859000e-01  1.4864854430e-01 
 822.000  8.6628304000e-01  1.4048500060e-01 
 823.000  8.4208778000e-01  1.3168786620e-01 
 824.000  8.8552666000e-01  1.4281256100e-01 
 825.000  9.0340417000e-01  1.4875077820e-01 
 826.000  9.0571941000e-01  1.4862068180e-01 
 827.000  9.0031055000e-01  1.4735250850e-01 
 828.000  8.8586486000e-01  1.4306777950e-01 
 829.000  8.8992849000e-01  1.4441456600e-01 
 830.000  8.8072667000e-01  1.4371195980e-01 
 831.000  8.6635034000e-01  1.4156156920e-01 
 832.000  8.8450624000e-01  1.4462800600e-01 
 833.000  8.5966962000e-01  1.4105606080e-01 
 834.000  8.7548598000e-01  1.4421008300e-01 
 835.000  8.8289854000e-01  1.4650059510e-01 
 836.000  8.9131580000e-01  1.4760458370e-01 
 837.000  8.8369651000e-01  1.4631188960e-01 
 838.000  8.8953707000e-01  1.4783599850e-01 
 839.000  8.6324619000e-01  1.4379447940e-01 
 840.000  8.8687053000e-01  1.4784629820e-01 
 841.000  8.8763562000e-01  1.4762791440e-01 
 842.000  8.8339265000e-01  1.4724615480e-01 
 843.000  8.8037464000e-01  1.4755049130e-01 
 844.000  8.6707770000e-01  1.4568721010e-01 
 845.000  8.8081263000e-01  1.4817491150e-01 
 846.000  8.8923401000e-01  1.4980000310e-01 
 847.000  8.5918848000e-01  1.4495915220e-01 
 848.000  8.8342833000e-01  1.4873054500e-01 
 849.000  8.8515019000e-01  1.4910014340e-01 
 850.000  7.6485809000e-01  1.2868984990e-01 
 851.000  8.7567283000e-01  1.4714833070e-01 
 852.000  8.4249328000e-01  1.4162161250e-01 
 853.000  8.5304226000e-01  1.4368141170e-01 
 854.000  6.8575242000e-01  1.1551357270e-01 
 855.000  7.5520110000e-01  1.2737177280e-01 
 856.000  8.5758455000e-01  1.4493940730e-01 
 857.000  8.7151158000e-01  1.4747058110e-01 
 858.000  8.5764976000e-01  1.4520011900e-01 
 859.000  8.5773805000e-01  1.4537852480e-01 
 860.000  8.5016321000e-01  1.4419427490e-01 
 861.000  8.5004679000e-01  1.4419752500e-01 
 862.000  8.4726456000e-01  1.4376179500e-01 
 863.000  8.6344664000e-01  1.4655986020e-01 
 864.000  8.6171781000e-01  1.4626777650e-01 
 865.000  8.4565883000e-01  1.4361927800e-01 
 866.000  7.0932654000e-01  1.2049712370e-01 
 867.000  7.5533659000e-01  1.2826799010e-01 
 868.000  8.1918042000e-01  1.3915565490e-01 
 869.000  8.0767517000e-01  1.3722256470e-01 
 870.000  8.4097051000e-01  1.4292559810e-01 
 871.000  8.3977168000e-01  1.4272518920e-01 
 872.000  8.3638590000e-01  1.4211703490e-01 
 873.000  8.3971533000e-01  1.4272059630e-01 
 874.000  8.2128839000e-01  1.3957403560e-01 
 875.000  8.1371947000e-01  1.3834341430e-01 
 876.000  8.2044981000e-01  1.3945518490e-01 
 877.000  8.3678147000e-01  1.4219831850e-01 
 878.000  8.2232907000e-01  1.3969648740e-01 
 879.000  8.2422366000e-01  1.4004478450e-01 
 880.000  8.1937867000e-01  1.3911412050e-01 
 881.000  7.7675195000e-01  1.3187089540e-01 
 882.000  8.1960102000e-01  1.3907189940e-01 
 883.000  8.0090814000e-01  1.3600833130e-01 
 884.000  8.0770508000e-01  1.3725701900e-01 
 885.000  8.1590331000e-01  1.3839341740e-01 
 886.000  7.8904175000e-01  1.3367257690e-01 
 887.000  7.8101723000e-01  1.3247430420e-01 
 888.000  8.0437934000e-01  1.3639477540e-01 
 889.000  8.0982695000e-01  1.3746240230e-01 
 890.000  8.0715714000e-01  1.3688432310e-01 
 891.000  8.0232425000e-01  1.3577572630e-01 
 892.000  7.9795932000e-01  1.3448556520e-01 
 893.000  7.6178251000e-01  1.2674526980e-01 
 894.000  7.8393361000e-01  1.2964433290e-01 
 895.000  7.3387214000e-01  1.1920470430e-01 
 896.000  7.4790206000e-01  1.1946907040e-01 
 897.000  7.1520384000e-01  1.1234133150e-01 
 898.000  7.0912082000e-01  1.1047830200e-01 
 899.000  6.8763206000e-01  1.0478965000e-01 
 900.000  6.7342358000e-01  1.0291583250e-01 
 901.000  6.5379238000e-01  9.9369712830e-02 
 902.000  6.4260016000e-01  9.7811882020e-02 
 903.000  7.0821098000e-01  1.1186454770e-01 
 904.000  7.4252308000e-01  1.1996695710e-01 
 905.000  7.3972072000e-01  1.1952256770e-01 
 906.000  7.0730619000e-01  1.1269020080e-01 
 907.000  6.9613086000e-01  1.0817852020e-01 
 908.000  6.6419491000e-01  1.0152890010e-01 
 909.000  6.5169721000e-01  9.9678833010e-02 
 910.000  6.6163368000e-01  1.0145147710e-01 
 911.000  6.6972354000e-01  1.0385930630e-01 
 912.000  6.6634926000e-01  1.0274629210e-01 
 913.000  6.6054516000e-01  9.9575714110e-02 
 914.000  6.6675574000e-01  1.0165833280e-01 
 915.000  6.6396179000e-01  1.0221252440e-01 
 916.000  6.7340758000e-01  1.0391103360e-01 
 917.000  6.6717081000e-01  1.0346353150e-01 
 918.000  6.6933628000e-01  1.0447100830e-01 
 919.000  6.9728760000e-01  1.1129090120e-01 
 920.000  7.0485345000e-01  1.1429267880e-01 
 921.000  6.8631552000e-01  1.1089554600e-01 
 922.000  6.7987636000e-01  1.0985518650e-01 
 923.000  6.4767146000e-01  1.0408229060e-01 
 924.000  6.6577477000e-01  1.0591439060e-01 
 925.000  6.7386302000e-01  1.0705626680e-01 
 926.000  6.4967784000e-01  1.0306787110e-01 
 927.000  6.6296741000e-01  1.0384533690e-01 
 928.000  6.5004647000e-01  9.9713378910e-02 
 929.000  6.1652840000e-01  9.1728881840e-02 
 930.000  5.8339541000e-01  8.3112998960e-02 
 931.000  5.4702356000e-01  7.3445594790e-02 
 932.000  4.9399606000e-01  6.0856056210e-02 
 933.000  4.5812457000e-01  5.3045520780e-02 
 934.000  4.1484195000e-01  4.4976093290e-02 
 935.000  4.0462455000e-01  4.3502380370e-02 
 936.000  4.1731129000e-01  4.6029808040e-02 
 937.000  4.2243789000e-01  4.6348213200e-02 
 938.000  4.6066765000e-01  5.4396350860e-02 
 939.000  5.7089621000e-01  8.0279479980e-02 
 940.000  5.8288055000e-01  8.3689483640e-02 
 941.000  5.5684478000e-01  7.8628417970e-02 
 942.000  5.0506502000e-01  6.7801033020e-02 
 943.000  4.7700512000e-01  5.8335479740e-02 
 944.000  4.6015197000e-01  5.5884468080e-02 
 945.000  4.8445102000e-01  6.0776622770e-02 
 946.000  4.9201781000e-01  6.1875308990e-02 
 947.000  5.0636387000e-01  6.5682739260e-02 
 948.000  5.1953851000e-01  6.8623062130e-02 
 949.000  5.1971853000e-01  6.8527175900e-02 
 950.000  5.1882174000e-01  6.8736618040e-02 
 951.000  5.3800228000e-01  7.4093666080e-02 
 952.000  5.1388930000e-01  6.7976531980e-02 
 953.000  5.2907722000e-01  7.2102844240e-02 
 954.000  5.4135516000e-01  7.6022628780e-02 
 955.000  4.9222132000e-01  6.7568191530e-02 
 956.000  5.2165232000e-01  7.1296791080e-02 
 957.000  5.6496596000e-01  8.2686714170e-02 
 958.000  5.7476093000e-01  8.4806022640e-02 
 959.000  5.6963682000e-01  8.3335258480e-02 
 960.000  5.6207367000e-01  8.2046714780e-02 
 961.000  5.5239889000e-01  8.0276725770e-02 
 962.000  5.5833038000e-01  8.1552177430e-02 
 963.000  5.8038814000e-01  8.7397407530e-02 
 964.000  5.7695575000e-01  8.7274543760e-02 
 965.000  5.8173092000e-01  8.7808731080e-02 
 966.000  5.6606805000e-01  8.5622764590e-02 
 967.000  5.9917025000e-01  9.2490364070e-02 
 968.000  6.1907934000e-01  9.8803596500e-02 
 969.000  6.3473152000e-01  1.0286309050e-01 
 970.000  6.3706337000e-01  1.0335126500e-01 
 971.000  6.3110919000e-01  1.0237508390e-01 
 972.000  6.3226042000e-01  1.0214337920e-01 
 973.000  6.1854148000e-01  9.8972740170e-02 
 974.000  5.9967966000e-01  9.4848159790e-02 
 975.000  5.9659311000e-01  9.3669487000e-02 
 976.000  6.1133427000e-01  9.6898712160e-02 
 977.000  6.0782549000e-01  9.7855514530e-02 
 978.000  6.2180249000e-01  1.0001808930e-01 
 979.000  6.0675875000e-01  9.8027282710e-02 
 980.000  6.2759883000e-01  1.0304373170e-01 
 981.000  6.3460201000e-01  1.0458772280e-01 
 982.000  6.3045446000e-01  1.0356164550e-01 
 983.000  6.3500334000e-01  1.0519425200e-01 
 984.000  6.3717197000e-01  1.0648532870e-01 
 985.000  6.4050385000e-01  1.0759094240e-01 
 986.000  6.3995664000e-01  1.0821398930e-01 
 987.000  6.4934318000e-01  1.1012570950e-01 
 988.000  6.4169742000e-01  1.0891789250e-01 
 989.000  6.3381184000e-01  1.0763772580e-01 
 990.000  6.3968182000e-01  1.0872132870e-01 
 991.000  6.4662512000e-01  1.1018948360e-01 
 992.000  6.4110864000e-01  1.0934230040e-01 
 993.000  6.4123843000e-01  1.0940810390e-01 
 994.000  6.4596673000e-01  1.1047341920e-01 
 995.000  6.4225037000e-01  1.1002509310e-01 
 996.000  6.4210520000e-01  1.1001388550e-01 
 997.000  6.4211204000e-01  1.0992141720e-01 
 998.000  6.3898655000e-01  1.0928020480e-01 
 999.000  6.3710680000e-01  1.0892805480e-01 
1000.000  6.3224055000e-01  1.0814710240e-01 
1001.000  6.3423951000e-01  1.0825583650e-01 
1002.000  6.3087679000e-01  1.0730096440e-01 
1003.000  6.2405232000e-01  1.0625679020e-01 
1004.000  6.2016239000e-01  1.0584431460e-01 
1005.000  5.7996398000e-01  9.9100540160e-02 
1006.000  6.1042688000e-01  1.0436484530e-01 
1007.000  6.2110311000e-01  1.0613555150e-01 
1008.000  6.2184491000e-01  1.0596106720e-01 
1009.000  6.1553641000e-01  1.0448529050e-01 
1010.000  6.1893537000e-01  1.0527463530e-01 
1011.000  6.1823557000e-01  1.0562843320e-01 
1012.000  6.1941614000e-01  1.0602362820e-01 
1013.000  6.1569551000e-01  1.0554263310e-01 
1014.000  6.1994586000e-01  1.0635877230e-01 
1015.000  6.0854348000e-01  1.0444313810e-01 
1016.000  6.1276823000e-01  1.0526004030e-01 
1017.000  6.0682632000e-01  1.0430115510e-01 
1018.000  6.1439080000e-01  1.0555509950e-01 
1019.000  5.9956486000e-01  1.0287862400e-01 
1020.000  5.9856544000e-01  1.0277062990e-01 
1021.000  6.0506633000e-01  1.0399967190e-01 
1022.000  5.9505261000e-01  1.0208936310e-01 
1023.000  6.0569288000e-01  1.0375439450e-01 
1024.000  6.0213446000e-01  1.0305153660e-01 
1025.000  6.0329494000e-01  1.0353890990e-01 
1026.000  6.0458010000e-01  1.0390493010e-01 
1027.000  6.0067555000e-01  1.0321392060e-01 
1028.000  6.0228815000e-01  1.0357147220e-01 
1029.000  5.9361667000e-01  1.0224114230e-01 
1030.000  6.0010627000e-01  1.0351297000e-01 
1031.000  5.9846112000e-01  1.0333178710e-01 
1032.000  5.9654481000e-01  1.0308367160e-01 
1033.000  5.8559360000e-01  1.0121948240e-01 
1034.000  5.9131264000e-01  1.0225225830e-01 
1035.000  5.8358670000e-01  1.0094624330e-01 
1036.000  5.9322802000e-01  1.0263862610e-01 
1037.000  5.8073191000e-01  1.0050214390e-01 
1038.000  5.8647124000e-01  1.0151892090e-01 
1039.000  5.8885664000e-01  1.0193122100e-01 
1040.000  5.8187844000e-01  1.0072755430e-01 
1041.000  5.8490420000e-01  1.0125239560e-01 
1042.000  5.8663148000e-01  1.0156149290e-01 
1043.000  5.7649916000e-01  9.9821113590e-02 
1044.000  5.8222455000e-01  1.0080179600e-01 
1045.000  5.7967086000e-01  1.0037219240e-01 
1046.000  5.6279842000e-01  9.7447303770e-02 
1047.000  5.7311853000e-01  9.9279258730e-02 
1048.000  5.7879249000e-01  1.0029170990e-01 
1049.000  5.7506532000e-01  9.9669631960e-02 
1050.000  5.7264130000e-01  9.9253417970e-02 
1051.000  5.7161911000e-01  9.9048675540e-02 
1052.000  5.6888360000e-01  9.8573913570e-02 
1053.000  5.6749666000e-01  9.8334198000e-02 
1054.000  5.6324884000e-01  9.7569473270e-02 
1055.000  5.6734232000e-01  9.8251922610e-02 
1056.000  5.6580495000e-01  9.7970664980e-02 
1057.000  5.6473030000e-01  9.7716346740e-02 
1058.000  5.5864649000e-01  9.6518241880e-02 
1059.000  5.4108576000e-01  9.3529388430e-02 
1060.000  5.6066483000e-01  9.7039855960e-02 
1061.000  5.4099190000e-01  9.3639991760e-02 
1062.000  5.5589294000e-01  9.6137321470e-02 
1063.000  5.4647387000e-01  9.4500579830e-02 
1064.000  5.5320811000e-01  9.5590835570e-02 
1065.000  5.5236447000e-01  9.5327987670e-02 
1066.000  5.3544434000e-01  9.2419799800e-02 
1067.000  5.4807870000e-01  9.4550956730e-02 
1068.000  5.4532578000e-01  9.3851379390e-02 
1069.000  5.0397081000e-01  8.6605812070e-02 
1070.000  5.3394162000e-01  9.1784545900e-02 
1071.000  5.3440477000e-01  9.1725563050e-02 
1072.000  5.3578684000e-01  9.1828620910e-02 
1073.000  5.1807875000e-01  8.8772323610e-02 
1074.000  5.3629732000e-01  9.1919357300e-02 
1075.000  5.2023824000e-01  8.9369056700e-02 
1076.000  5.3126566000e-01  9.1136138920e-02 
1077.000  5.2957173000e-01  9.0678352360e-02 
1078.000  5.3033286000e-01  9.0615509030e-02 
1079.000  5.0982482000e-01  8.7086837770e-02 
1080.000  5.2326289000e-01  8.8873016360e-02 
1081.000  5.0392288000e-01  8.5561141970e-02 
1082.000  5.1107746000e-01  8.6983467100e-02 
1083.000  4.9641167000e-01  8.4219635010e-02 
1084.000  5.1433876000e-01  8.6962165830e-02 
1085.000  5.0509140000e-01  8.4728446960e-02 
1086.000  5.1229206000e-01  8.6081382750e-02 
1087.000  4.8352569000e-01  8.1940895080e-02 
1088.000  5.1292041000e-01  8.6970787050e-02 
1089.000  4.9005560000e-01  8.2247108460e-02 
1090.000  5.0005605000e-01  8.3777206420e-02 
1091.000  5.0397421000e-01  8.4614158630e-02 
1092.000  4.9058997000e-01  8.1957916260e-02 
1093.000  4.8068122000e-01  7.9408706670e-02 
1094.000  4.3582780000e-01  7.1642326350e-02 
1095.000  4.7203043000e-01  7.7643875120e-02 
1096.000  4.7335542000e-01  7.7925765990e-02 
1097.000  4.6328162000e-01  7.6052268980e-02 
1098.000  4.4592113200e-01  7.1234779360e-02 
1099.000  4.3558297200e-01  6.7984588620e-02 
1100.000  4.4387954100e-01  6.9387481690e-02 
1101.000  4.4453974100e-01  6.9705368040e-02 
1102.000  4.2535785700e-01  6.6578933720e-02 
1103.000  4.4332217100e-01  6.9523994450e-02 
1104.000  4.3811570500e-01  6.8428062440e-02 
1105.000  4.3235113600e-01  6.6851501460e-02 
1106.000  4.2351707800e-01  6.4834762570e-02 
1107.000  4.2435255100e-01  6.5093727110e-02 
1108.000  4.2401948700e-01  6.5113914490e-02 
1109.000  4.3052419100e-01  6.6608032230e-02 
1110.000  4.3228058000e-01  6.6718002320e-02 
1111.000  4.2429784200e-01  6.5129936220e-02 
1112.000  4.0790923200e-01  6.1214775090e-02 
1113.000  3.8916387000e-01  5.6323959350e-02 
1114.000  3.8894831300e-01  5.5557037350e-02 
1115.000  3.6330002000e-01  4.9090446470e-02 
1116.000  3.4511001200e-01  4.4973888400e-02 
1117.000  3.1608023800e-01  3.8018318180e-02 
1118.000  2.8210252500e-01  3.1378042220e-02 
1119.000  2.5824180300e-01  2.7363292690e-02 
1120.000  2.3806320100e-01  2.3682495120e-02 
1121.000  2.3497653000e-01  2.3004104610e-02 
1122.000  2.1119802100e-01  1.9180000310e-02 
1123.000  2.2505529900e-01  2.1240146640e-02 
1124.000  2.3401326200e-01  2.2617471690e-02 
1125.000  2.2485310300e-01  2.1444034580e-02 
1126.000  2.1880339800e-01  2.0766260150e-02 
1127.000  2.2797408500e-01  2.1800565720e-02 
1128.000  2.2719206900e-01  2.2031354900e-02 
1129.000  2.5001881700e-01  2.5836370470e-02 
1130.000  2.9885302200e-01  3.4833557130e-02 
1131.000  3.1580412000e-01  3.8041774750e-02 
1132.000  2.9782176500e-01  3.4248867030e-02 
1133.000  2.5557816200e-01  2.7000410080e-02 
1134.000  1.8689801700e-01  1.5969075200e-02 
1135.000  1.9455086500e-01  1.6990110400e-02 
1136.000  2.6174006300e-01  2.8100534440e-02 
1137.000  3.0002577200e-01  3.5060768130e-02 
1138.000  3.2055698600e-01  4.0642776490e-02 
1139.000  3.3660792100e-01  4.3890056610e-02 
1140.000  3.3158176100e-01  4.2572036740e-02 
1141.000  3.1000894500e-01  3.8655979160e-02 
1142.000  3.1414533300e-01  3.8734439850e-02 
1143.000  2.9522329000e-01  3.5185173030e-02 
1144.000  2.7793284900e-01  3.1899841310e-02 
1145.000  2.5705321000e-01  2.7846986770e-02 
1146.000  2.6506786300e-01  2.9118188860e-02 
1147.000  2.8418255700e-01  3.2634349820e-02 
1148.000  2.9680806600e-01  3.5399200440e-02 
1149.000  3.0374002300e-01  3.6796924590e-02 
1150.000  3.0249016800e-01  3.6758872990e-02 
1151.000  3.1035914300e-01  3.8659152980e-02 
1152.000  3.1400277700e-01  3.9583595280e-02 
1153.000  3.1969728800e-01  4.0995700840e-02 
1154.000  3.1994330000e-01  4.0896610260e-02 
1155.000  3.3278832400e-01  4.3957962040e-02 
1156.000  3.4125797400e-01  4.6683540340e-02 
1157.000  3.7070944800e-01  5.4021221160e-02 
1158.000  3.8109582500e-01  5.6811805730e-02 
1159.000  3.8432430300e-01  5.8360443120e-02 
1160.000  3.8291691600e-01  5.8593654630e-02 
1161.000  3.8345101500e-01  5.9691673280e-02 
1162.000  4.0378809400e-01  6.3696266170e-02 
1163.000  4.1336577800e-01  6.6223426820e-02 
1164.000  4.0680092700e-01  6.5393516540e-02 
1165.000  4.1515651500e-01  6.6874458310e-02 
1166.000  4.0594803600e-01  6.5634765620e-02 
1167.000  4.1349855600e-01  6.7009895320e-02 
1168.000  4.1671122200e-01  6.7486839290e-02 
1169.000  4.0337012000e-01  6.5480949400e-02 
1170.000  4.1522969300e-01  6.7547920230e-02 
1171.000  4.1990892700e-01  6.8668128970e-02 
1172.000  4.1695357600e-01  6.7989471440e-02 
1173.000  4.1244614200e-01  6.7069969180e-02 
1174.000  4.1274765400e-01  6.7138427730e-02 
1175.000  4.1220184100e-01  6.7591415410e-02 
1176.000  4.0608701500e-01  6.7087013240e-02 
1177.000  4.1676438500e-01  6.8617088320e-02 
1178.000  4.0597280300e-01  6.6373077390e-02 
1179.000  4.0416234600e-01  6.6085014340e-02 
1180.000  4.0847339000e-01  6.6625923160e-02 
1181.000  4.0285021200e-01  6.5283584590e-02 
1182.000  3.9983901100e-01  6.4383010860e-02 
1183.000  3.7703072100e-01  6.0763988490e-02 
1184.000  3.9601562700e-01  6.4067115780e-02 
1185.000  4.0617662300e-01  6.6323005680e-02 
1186.000  4.0230702800e-01  6.5519172670e-02 
1187.000  3.9743793900e-01  6.4135856630e-02 
1188.000  3.9424490600e-01  6.3493877410e-02 
1189.000  3.7410910100e-01  6.0604953770e-02 
1190.000  4.0025433800e-01  6.5806610110e-02 
1191.000  4.0882315100e-01  6.7516151430e-02 
1192.000  4.0990116300e-01  6.8131385800e-02 
1193.000  4.0934399300e-01  6.7944129940e-02 
1194.000  4.0805684800e-01  6.7675819400e-02 
1195.000  4.0024378000e-01  6.5973831180e-02 
1196.000  4.0043355200e-01  6.6071685790e-02 
1197.000  3.9875466600e-01  6.5603195190e-02 
1198.000  3.8501649600e-01  6.3307731630e-02 
1199.000  3.6886610800e-01  6.0429634090e-02 
1200.000  3.9322944200e-01  6.4568107600e-02 
1201.000  3.9648588200e-01  6.5183013920e-02 
1202.000  3.9740067100e-01  6.5449012760e-02 
1203.000  3.7695145600e-01  6.2017509460e-02 
1204.000  3.8381172200e-01  6.3281543730e-02 
1205.000  3.9801971200e-01  6.6320762630e-02 
1206.000  3.9807142200e-01  6.6649986270e-02 
1207.000  4.0175615700e-01  6.7401290890e-02 
1208.000  3.9517917000e-01  6.6195632930e-02 
1209.000  3.6935337200e-01  6.1714691160e-02 
1210.000  3.9319883800e-01  6.5412483220e-02 
1211.000  3.7977583500e-01  6.3140277860e-02 
1212.000  3.9222252000e-01  6.5282829280e-02 
1213.000  3.9582545400e-01  6.6160408020e-02 
1214.000  3.9375753800e-01  6.5777046200e-02 
1215.000  3.9584050300e-01  6.6234725950e-02 
1216.000  3.9761593900e-01  6.6979072570e-02 
1217.000  3.9923631500e-01  6.7647544860e-02 
1218.000  3.9881656600e-01  6.7774017330e-02 
1219.000  3.9558426800e-01  6.7348403930e-02 
1220.000  3.9832217500e-01  6.7821434020e-02 
1221.000  3.9784765700e-01  6.7783111570e-02 
1222.000  3.9582731300e-01  6.7457366940e-02 
1223.000  3.9415984400e-01  6.7228492740e-02 
1224.000  3.9869791100e-01  6.8244735720e-02 
1225.000  3.9681891200e-01  6.7988197330e-02 
1226.000  3.9862497000e-01  6.8386947630e-02 
1227.000  3.8578317800e-01  6.6315895080e-02 
1228.000  3.9866076300e-01  6.8699920650e-02 
1229.000  3.9881483600e-01  6.8861930850e-02 
1230.000  3.9811828600e-01  6.8894622800e-02 
1231.000  3.9848899900e-01  6.9051467900e-02 
1232.000  3.9413193500e-01  6.8341964720e-02 
1233.000  3.9731825200e-01  6.8930099490e-02 
1234.000  3.9699244200e-01  6.9062644960e-02 
1235.000  3.9454259500e-01  6.8712448120e-02 
1236.000  3.9704417600e-01  6.9206970210e-02 
1237.000  3.9729800900e-01  6.9323669430e-02 
1238.000  3.9714183400e-01  6.9335159300e-02 
1239.000  3.9266160100e-01  6.8581901550e-02 
1240.000  3.9088324200e-01  6.8300483700e-02 
1241.000  3.9429392300e-01  6.8907936100e-02 
1242.000  3.9189419900e-01  6.8495338440e-02 
1243.000  3.8743305900e-01  6.7724815370e-02 
1244.000  3.8378617400e-01  6.7077201840e-02 
1245.000  3.9026663200e-01  6.8211441040e-02 
1246.000  3.8710249300e-01  6.7638656620e-02 
1247.000  3.8501454800e-01  6.7249122620e-02 
1248.000  3.8782480200e-01  6.7720664980e-02 
1249.000  3.8631661200e-01  6.7452659610e-02 
1250.000  3.8463393800e-01  6.7139518740e-02 
1251.000  3.8179949500e-01  6.6629692080e-02 
1252.000  3.8035675100e-01  6.6339851380e-02 
1253.000  3.7689647500e-01  6.5693450930e-02 
1254.000  3.7724786700e-01  6.5656425480e-02 
1255.000  3.7615773600e-01  6.5408897400e-02 
1256.000  3.7495674300e-01  6.5158950810e-02 
1257.000  3.7010314000e-01  6.4247047420e-02 
1258.000  3.7017426500e-01  6.4103286740e-02 
1259.000  3.6492966000e-01  6.3075222020e-02 
1260.000  3.6405503500e-01  6.2782386780e-02 
1261.000  3.6183147400e-01  6.2249809270e-02 
1262.000  3.5078119800e-01  6.0081241610e-02 
1263.000  3.5375757200e-01  6.0515750890e-02 
1264.000  3.4741052800e-01  5.9392753600e-02 
1265.000  3.4773193000e-01  5.9434803010e-02 
1266.000  3.4858785200e-01  5.9477600100e-02 
1267.000  3.4050497500e-01  5.7996440890e-02 
1268.000  3.3541183300e-01  5.7037563320e-02 
1269.000  3.3776465400e-01  5.7399414060e-02 
1270.000  3.4595602200e-01  5.9040416720e-02 
1271.000  3.4988138900e-01  5.9807163240e-02 
1272.000  3.5046880000e-01  6.0016830440e-02 
1273.000  3.5163469000e-01  6.0353343960e-02 
1274.000  3.5133908500e-01  6.0477081300e-02 
1275.000  3.5428415800e-01  6.1042533870e-02 
1276.000  3.5537120600e-01  6.1241428380e-02 
1277.000  3.5541144500e-01  6.1220130920e-02 
1278.000  3.5472359800e-01  6.1056381230e-02 
1279.000  3.5269951400e-01  6.0712711330e-02 
1280.000  3.5160241700e-01  6.0643955230e-02 
1281.000  3.4252116300e-01  5.9187397000e-02 
1282.000  3.0493103300e-01  5.2789257050e-02 
1283.000  3.3517504400e-01  5.8062747960e-02 
1284.000  3.4906781200e-01  6.0460853580e-02 
1285.000  3.5191460100e-01  6.0973159790e-02 
1286.000  3.5136610500e-01  6.0790138240e-02 
1287.000  3.5263292400e-01  6.0858474730e-02 
1288.000  3.4713108900e-01  5.9406124110e-02 
1289.000  3.4818184300e-01  5.9422664640e-02 
1290.000  3.4005632900e-01  5.8004779820e-02 
1291.000  3.4529660700e-01  5.8949390410e-02 
1292.000  3.4817236600e-01  5.9608440400e-02 
1293.000  3.4861203800e-01  5.9672782900e-02 
1294.000  3.4166136200e-01  5.8240669250e-02 
1295.000  3.4300324700e-01  5.8113216400e-02 
1296.000  3.4080536100e-01  5.7374450680e-02 
1297.000  3.3670209800e-01  5.6395229340e-02 
1298.000  3.3350822200e-01  5.5813312530e-02 
1299.000  3.3673406600e-01  5.6308143620e-02 
1300.000  3.3504307700e-01  5.5971298220e-02 
1301.000  3.3406235000e-01  5.5712852480e-02 
1302.000  3.2837177800e-01  5.4546726230e-02 
1303.000  3.2238684200e-01  5.2981327060e-02 
1304.000  3.2101754700e-01  5.2513401030e-02 
1305.000  3.2226451300e-01  5.2608249660e-02 
1306.000  3.2204891500e-01  5.2463356020e-02 
1307.000  3.2003194300e-01  5.1991825100e-02 
1308.000  3.1705250900e-01  5.1149150850e-02 
1309.000  3.1311539400e-01  5.0051158910e-02 
1310.000  3.1138802200e-01  4.9719940190e-02 
1311.000  3.1053629100e-01  4.9569595340e-02 
1312.000  3.0510101100e-01  4.8199066160e-02 
1313.000  2.8898341500e-01  4.5097694400e-02 
1314.000  2.9350218100e-01  4.5316211700e-02 
1315.000  2.8572427800e-01  4.4321300510e-02 
1316.000  2.9570895900e-01  4.6192733760e-02 
1317.000  2.9871413200e-01  4.6633361820e-02 
1318.000  2.8931330400e-01  4.4581592560e-02 
1319.000  2.8566073300e-01  4.3215019230e-02 
1320.000  2.7493259500e-01  4.0625278470e-02 
1321.000  2.7039270800e-01  3.9541423800e-02 
1322.000  2.7547093000e-01  4.0900093080e-02 
1323.000  2.8236748900e-01  4.2542400360e-02 
1324.000  2.8563702200e-01  4.3346858980e-02 
1325.000  2.8324888700e-01  4.2754550930e-02 
1326.000  2.7615834100e-01  4.1069133760e-02 
1327.000  2.6160883700e-01  3.7456153870e-02 
1328.000  2.4845555600e-01  3.3856483460e-02 
1329.000  2.1433574400e-01  2.6641992570e-02 
1330.000  2.0827776800e-01  2.5019699100e-02 
1331.000  2.0278581200e-01  2.3816104890e-02 
1332.000  2.0059177800e-01  2.3695119860e-02 
1333.000  2.1161267400e-01  2.5469240190e-02 
1334.000  2.2004198000e-01  2.7154203410e-02 
1335.000  2.2599268700e-01  2.8400453570e-02 
1336.000  2.2588870700e-01  2.8566972730e-02 
1337.000  2.2844534700e-01  2.8965940480e-02 
1338.000  2.3220468300e-01  2.9843757630e-02 
1339.000  2.3271909000e-01  3.0066459660e-02 
1340.000  2.3434436300e-01  3.0633825300e-02 
1341.000  2.3829949000e-01  3.0886850360e-02 
1342.000  2.3820143300e-01  3.0889432910e-02 
1343.000  2.2914932400e-01  2.8294170380e-02 
1344.000  2.1527623200e-01  2.5079202650e-02 
1345.000  1.7809282400e-01  1.7965934750e-02 
1346.000  1.5190307200e-01  1.3462592120e-02 
1347.000  1.3472919400e-01  1.0962660790e-02 
1348.000  1.1168917900e-01  7.6431908610e-03 
1349.000  1.0158314930e-01  6.4743733410e-03 
1350.000  7.9125313900e-02  4.0032358170e-03 
1351.000  6.8308359100e-02  3.0949888230e-03 
1352.000  5.2246797800e-02  1.8420031070e-03 
1353.000  3.7031753400e-02  1.0147809980e-03 
1354.000  2.9610195700e-02  6.8044680360e-04 
1355.000  2.2989767600e-02  4.3802976610e-04 
1356.000  1.7385001600e-02  2.6787179710e-04 
1357.000  1.1883109690e-02  1.3590998950e-04 
1358.000  8.7943198400e-03  8.3355844020e-05 
1359.000  4.6371948600e-03  2.8566468510e-05 
1360.000  3.0667217200e-03  1.5089622700e-05 
1361.000  2.2822914200e-03  9.0221781280e-06 
1362.000  2.1000796500e-03  7.9452432690e-06 
1363.000  3.0298739800e-03  1.3825738800e-05 
1364.000  3.5132289000e-03  1.7295118420e-05 
1365.000  3.6785408600e-03  1.8253598360e-05 
1366.000  4.2481022800e-03  2.2775588560e-05 
1367.000  3.5684737300e-03  1.7874868590e-05 
1368.000  3.1641465400e-03  1.5465245580e-05 
1369.000  3.2446913000e-03  1.6270060090e-05 
1370.000  5.3662098500e-03  3.7522610280e-05 
1371.000  9.5567610600e-03  9.3399368230e-05 
1372.000  1.7696231500e-02  2.5617370010e-04 
1373.000  2.5103604800e-02  4.5033529400e-04 
1374.000  3.0483671400e-02  6.2169450520e-04 
1375.000  3.2500966500e-02  6.9763052460e-04 
1376.000  3.0145976400e-02  6.1958795790e-04 
1377.000  2.6837388100e-02  5.0739508870e-04 
1378.000  2.0455647000e-02  3.2489153740e-04 
1379.000  1.4046741300e-02  1.7637291550e-04 
1380.000  7.9669079700e-03  7.0990853010e-05 
1381.000  4.6085515200e-03  2.9818801210e-05 
1382.000  3.2226967700e-03  1.6910100360e-05 
1383.000  3.1180856200e-03  1.5818264340e-05 
1384.000  5.0718414100e-03  3.3961337060e-05 
1385.000  7.2001263100e-03  5.9320118280e-05 
1386.000  1.0997450020e-02  1.1645995080e-04 
1387.000  2.0206328300e-02  3.1799057130e-04 
1388.000  2.6781692100e-02  4.9793466930e-04 
1389.000  3.0764097000e-02  6.3366872070e-04 
1390.000  3.1403438100e-02  6.6247612240e-04 
1391.000  2.9315469800e-02  5.9046185020e-04 
1392.000  2.2163724100e-02  3.7518766520e-04 
1393.000  1.6942409500e-02  2.4567203220e-04 
1394.000  1.2979814140e-02  1.6103211050e-04 
1395.000  1.4631352800e-02  1.9510988890e-04 
1396.000  2.0077458700e-02  3.2167959210e-04 
1397.000  2.5909860300e-02  4.8840996620e-04 
1398.000  2.6682665300e-02  5.1093667750e-04 
1399.000  2.4913701200e-02  4.6404206750e-04 
1400.000  2.3296425700e-02  4.2233207820e-04 
1401.000  2.4765300100e-02  4.7408464550e-04 
1402.000  3.0702294300e-02  6.6126215460e-04 
1403.000  3.5348753500e-02  8.5689169170e-04 
1404.000  3.3248639200e-02  7.7295190100e-04 
1405.000  3.4827230100e-02  8.5473585130e-04 
1406.000  3.2294609300e-02  7.5011688470e-04 
1407.000  3.3492730800e-02  8.1927686930e-04 
1408.000  4.0143474100e-02  1.0980430840e-03 
1409.000  4.7057427600e-02  1.4525080920e-03 
1410.000  5.7715816700e-02  2.0362064840e-03 
1411.000  6.8651288400e-02  2.7929248810e-03 
1412.000  6.6325007000e-02  2.6974611280e-03 
1413.000  7.3150681900e-02  3.2235367300e-03 
1414.000  7.2121497100e-02  3.1001768110e-03 
1415.000  7.9730032500e-02  3.7699606420e-03 
1416.000  8.5664879000e-02  4.2641882900e-03 
1417.000  8.7870755600e-02  4.4950990680e-03 
1418.000  8.8653931800e-02  4.5433883670e-03 
1419.000  8.8469548100e-02  4.6150965690e-03 
1420.000  9.0571004600e-02  4.7952871320e-03 
1421.000  1.0186700770e-01  5.8732938770e-03 
1422.000  1.0429111750e-01  6.2050824170e-03 
1423.000  1.0545456280e-01  6.3924918170e-03 
1424.000  1.0509615210e-01  6.3373994830e-03 
1425.000  1.0390257420e-01  6.1522765160e-03 
1426.000  1.0017668120e-01  5.9399943350e-03 
1427.000  1.0610811760e-01  6.4995074270e-03 
1428.000  1.1207134330e-01  7.0216598510e-03 
1429.000  1.1367395800e-01  7.3313479420e-03 
1430.000  1.1090958120e-01  7.1562676430e-03 
1431.000  1.0332437200e-01  6.3937926290e-03 
1432.000  1.0102890970e-01  6.0866789820e-03 
1433.000  1.0074412010e-01  6.0534205440e-03 
1434.000  9.6091518800e-02  5.6487994190e-03 
1435.000  1.0316391970e-01  6.3267645840e-03 
1436.000  1.0573339690e-01  6.5977754590e-03 
1437.000  1.0741899220e-01  6.7629528050e-03 
1438.000  1.1388381850e-01  7.4779963490e-03 
1439.000  1.1598570200e-01  7.6440396310e-03 
1440.000  1.1121261390e-01  7.4230866430e-03 
1441.000  1.1812046040e-01  7.9396581650e-03 
1442.000  1.1330417620e-01  7.5154509540e-03 
1443.000  1.1534064060e-01  7.6679892540e-03 
1444.000  1.1794137430e-01  7.9335999490e-03 
1445.000  1.1817768920e-01  7.9782080650e-03 
1446.000  1.2369596660e-01  8.5517158510e-03 
1447.000  1.2707765200e-01  8.9733600620e-03 
1448.000  1.2852611100e-01  9.1127576830e-03 
1449.000  1.2600196100e-01  8.8180866240e-03 
1450.000  1.2048779840e-01  8.2551174160e-03 
1451.000  1.2183709860e-01  8.4484224320e-03 
1452.000  1.2717174800e-01  9.1907310490e-03 
1453.000  1.4171094500e-01  1.0848176000e-02 
1454.000  1.5420732100e-01  1.2482127190e-02 
1455.000  1.6018508000e-01  1.3406597140e-02 
1456.000  1.6729465700e-01  1.4461193080e-02 
1457.000  1.6998521000e-01  1.4768893240e-02 
1458.000  1.7331154300e-01  1.5161853790e-02 
1459.000  1.6843957100e-01  1.4432119370e-02 
1460.000  1.6075906900e-01  1.3526403430e-02 
1461.000  1.5767437400e-01  1.3150238990e-02 
1462.000  1.4918151600e-01  1.2099137310e-02 
1463.000  1.4819228300e-01  1.2046620370e-02 
1464.000  1.4627709800e-01  1.1806591990e-02 
1465.000  1.4303040800e-01  1.1305877690e-02 
1466.000  1.3329891400e-01  1.0253765110e-02 
1467.000  1.3233077800e-01  9.9814043050e-03 
1468.000  1.2418654940e-01  9.1583366390e-03 
1469.000  1.1780302740e-01  8.3461408620e-03 
1470.000  1.1439086970e-01  7.9960517880e-03 
1471.000  1.2139437240e-01  8.9598321910e-03 
1472.000  1.3367889200e-01  1.0496216770e-02 
1473.000  1.5023386400e-01  1.2687606810e-02 
1474.000  1.5747601600e-01  1.4016233440e-02 
1475.000  1.6027639700e-01  1.4313195230e-02 
1476.000  1.6053697100e-01  1.4386166570e-02 
1477.000  1.5709480500e-01  1.3923871990e-02 
1478.000  1.5094986500e-01  1.3237975120e-02 
1479.000  1.4795437300e-01  1.2756916050e-02 
1480.000  1.5103734500e-01  1.3251125340e-02 
1481.000  1.5386367600e-01  1.3841960910e-02 
1482.000  1.6081783700e-01  1.4872845650e-02 
1483.000  1.5903849700e-01  1.4852924350e-02 
1484.000  1.6007076400e-01  1.5022893910e-02 
1485.000  1.6237086100e-01  1.5242804530e-02 
1486.000  1.6374707600e-01  1.5748840330e-02 
1487.000  1.7377686100e-01  1.7476177220e-02 
1488.000  1.5229145900e-01  1.5427640910e-02 
1489.000  1.8689881800e-01  2.0038736340e-02 
1490.000  1.9774585800e-01  2.2237258910e-02 
1491.000  2.0481607900e-01  2.3632253650e-02 
1492.000  2.0110271200e-01  2.3387004850e-02 
1493.000  2.0854075000e-01  2.4654012680e-02 
1494.000  2.0823521200e-01  2.4760282520e-02 
1495.000  2.0996372900e-01  2.5380699160e-02 
1496.000  2.0960486200e-01  2.5917242050e-02 
1497.000  2.1471710100e-01  2.6694686890e-02 
1498.000  2.2180275300e-01  2.8112632750e-02 
1499.000  2.2279575300e-01  2.8758407590e-02 
1500.000  2.2966886400e-01  3.0071403500e-02 
1501.000  2.2836187700e-01  2.9897552490e-02 
1502.000  2.2467967700e-01  2.9354249950e-02 
1503.000  2.0070879900e-01  2.6208444600e-02 
1504.000  2.1004953200e-01  2.7611263280e-02 
1505.000  2.1267541000e-01  2.8342790600e-02 
1506.000  2.1560761700e-01  2.8839853290e-02 
1507.000  2.2843484100e-01  3.0936710360e-02 
1508.000  2.2642619500e-01  3.0914026260e-02 
1509.000  2.2895307800e-01  3.1524473190e-02 
1510.000  2.3305698100e-01  3.2249164580e-02 
1511.000  2.3520683000e-01  3.2750427250e-02 
1512.000  2.3151933300e-01  3.2392066960e-02 
1513.000  2.3142878400e-01  3.2501529690e-02 
1514.000  2.2825985000e-01  3.2136455540e-02 
1515.000  2.3356917900e-01  3.3052745820e-02 
1516.000  2.3166255300e-01  3.2888019560e-02 
1517.000  2.3104216500e-01  3.2953723910e-02 
1518.000  2.3676839400e-01  3.4012817380e-02 
1519.000  2.3498750200e-01  3.4025638580e-02 
1520.000  2.3859217300e-01  3.4882701870e-02 
1521.000  2.3520239800e-01  3.4587570190e-02 
1522.000  2.3384171700e-01  3.4455410000e-02 
1523.000  2.3987007800e-01  3.5455234530e-02 
1524.000  2.3778517600e-01  3.5172641750e-02 
1525.000  2.3204569200e-01  3.4341888430e-02 
1526.000  2.3868413800e-01  3.5397933960e-02 
1527.000  2.3657189300e-01  3.5204879760e-02 
1528.000  2.3867562500e-01  3.5664958950e-02 
1529.000  2.3792901300e-01  3.5610553740e-02 
1530.000  2.2306805800e-01  3.3515472410e-02 
1531.000  2.3872021600e-01  3.5991752620e-02 
1532.000  2.3758342600e-01  3.5951793670e-02 
1533.000  2.3662190400e-01  3.5907890320e-02 
1534.000  2.3314305100e-01  3.5474258420e-02 
1535.000  2.3413133000e-01  3.5721729280e-02 
1536.000  2.3726526900e-01  3.6272064210e-02 
1537.000  2.3820350300e-01  3.6523799900e-02 
1538.000  2.3187430400e-01  3.5665622710e-02 
1539.000  2.3689242700e-01  3.6545078280e-02 
1540.000  2.2833988800e-01  3.5310001370e-02 
1541.000  2.3315505200e-01  3.6122509000e-02 
1542.000  2.3454317100e-01  3.6394515990e-02 
1543.000  2.3390533100e-01  3.6368461610e-02 
1544.000  2.3691088500e-01  3.6920684810e-02 
1545.000  2.3782169300e-01  3.7169395450e-02 
1546.000  2.3804151200e-01  3.7306350710e-02 
1547.000  2.3572995400e-01  3.7037120820e-02 
1548.000  2.2876823000e-01  3.6022747040e-02 
1549.000  2.3463164200e-01  3.7008148190e-02 
1550.000  2.3331298000e-01  3.6855834960e-02 
1551.000  2.3208461600e-01  3.6704181670e-02 
1552.000  2.3604056800e-01  3.7374893190e-02 
1553.000  2.3480714500e-01  3.7236358640e-02 
1554.000  2.2620379700e-01  3.5913803100e-02 
1555.000  2.2997916300e-01  3.6575942990e-02 
1556.000  2.2558887000e-01  3.5938880920e-02 
1557.000  2.3297534200e-01  3.7181312560e-02 
1558.000  2.3113058400e-01  3.6934036250e-02 
1559.000  2.3114809800e-01  3.6979789730e-02 
1560.000  2.2715619900e-01  3.6396293640e-02 
1561.000  2.3245712700e-01  3.7279167180e-02 
1562.000  2.3234815700e-01  3.7278575900e-02 
1563.000  2.2887378500e-01  3.6749271390e-02 
1564.000  2.2421306000e-01  3.6016067500e-02 
1565.000  2.2746688100e-01  3.6543552400e-02 
1566.000  2.2315723100e-01  3.5894603730e-02 
1567.000  2.2279747800e-01  3.5830368040e-02 
1568.000  2.1763674200e-01  3.4970123290e-02 
1569.000  2.1781622900e-01  3.4959011080e-02 
1570.000  2.1175565300e-01  3.3969718930e-02 
1571.000  2.1742967200e-01  3.4915790560e-02 
1572.000  2.1726269200e-01  3.4907535550e-02 
1573.000  2.1396301900e-01  3.4433303830e-02 
1574.000  2.1480724700e-01  3.4641311650e-02 
1575.000  1.9957612800e-01  3.2237297060e-02 
1576.000  2.1441061700e-01  3.4664768220e-02 
1577.000  1.9367986500e-01  3.1344764710e-02 
1578.000  2.1203881800e-01  3.4350639340e-02 
1579.000  2.1336268700e-01  3.4612697600e-02 
1580.000  2.1791546900e-01  3.5420135500e-02 
1581.000  2.1647048500e-01  3.5221168520e-02 
1582.000  2.1231946300e-01  3.4632530210e-02 
1583.000  2.1512722100e-01  3.5173507690e-02 
1584.000  2.1339535100e-01  3.4975193020e-02 
1585.000  2.1984671600e-01  3.6106288910e-02 
1586.000  2.1708581600e-01  3.5697258000e-02 
1587.000  2.1482461500e-01  3.5394660950e-02 
1588.000  2.1167282700e-01  3.4940650940e-02 
1589.000  1.9365823900e-01  3.2002712250e-02 
1590.000  2.0863602000e-01  3.4508358000e-02 
1591.000  2.0396284700e-01  3.3763076780e-02 
1592.000  2.1464367700e-01  3.5539016720e-02 
1593.000  2.1926035900e-01  3.6302200320e-02 
1594.000  2.1738369000e-01  3.5992042540e-02 
1595.000  2.1835560000e-01  3.6156784060e-02 
1596.000  2.0454099700e-01  3.3897422790e-02 
1597.000  2.1213473700e-01  3.5147785190e-02 
1598.000  2.1504903000e-01  3.5608249660e-02 
1599.000  2.0660617300e-01  3.4176925660e-02 
1600.000  2.0905824400e-01  3.4560573580e-02 
1601.000  2.0025706200e-01  3.3132228850e-02 
1602.000  2.0512616300e-01  3.3965251920e-02 
1603.000  2.0389798200e-01  3.3822532650e-02 
1604.000  2.0694460500e-01  3.4398059840e-02 
1605.000  2.0388430400e-01  3.3920989990e-02 
1606.000  2.0324545500e-01  3.3856670380e-02 
1607.000  2.0393298100e-01  3.3974254610e-02 
1608.000  2.0612788000e-01  3.4344429020e-02 
1609.000  2.0533534300e-01  3.4231838230e-02 
1610.000  1.9266933300e-01  3.2143985750e-02 
1611.000  1.9881977600e-01  3.3228405000e-02 
1612.000  2.0129014300e-01  3.3704704280e-02 
1613.000  2.0631305000e-01  3.4608116150e-02 
1614.000  2.0428741300e-01  3.4285213470e-02 
1615.000  2.0806139500e-01  3.4971679690e-02 
1616.000  1.9533723900e-01  3.2871936800e-02 
1617.000  2.0144520900e-01  3.3966495510e-02 
1618.000  2.0772123200e-01  3.5052501680e-02 
1619.000  2.0743980000e-01  3.5072761540e-02 
1620.000  2.0254826100e-01  3.4309780120e-02 
1621.000  1.9982050000e-01  3.3897487640e-02 
1622.000  2.0484926900e-01  3.4769145970e-02 
1623.000  2.0913265400e-01  3.5530044560e-02 
1624.000  2.1066159500e-01  3.5815456390e-02 
1625.000  2.0564539000e-01  3.5021781920e-02 
1626.000  2.0794628400e-01  3.5398357390e-02 
1627.000  2.0770759400e-01  3.5384521480e-02 
1628.000  2.0928526600e-01  3.5661640170e-02 
1629.000  2.0914805900e-01  3.5642742160e-02 
1630.000  2.0328142000e-01  3.4632854460e-02 
1631.000  2.0646017300e-01  3.5188945770e-02 
1632.000  2.0628654200e-01  3.5129779820e-02 
1633.000  2.0356430900e-01  3.4667022710e-02 
1634.000  1.9860088800e-01  3.3809665680e-02 
1635.000  2.0392401200e-01  3.4721138000e-02 
1636.000  2.0315681000e-01  3.4584228520e-02 
1637.000  1.9384080800e-01  3.2990016940e-02 
1638.000  1.9242481900e-01  3.2754791260e-02 
1639.000  1.9014081000e-01  3.2341899870e-02 
1640.000  1.9108707100e-01  3.2499206540e-02 
1641.000  1.8972242800e-01  3.2261154170e-02 
1642.000  1.8948412500e-01  3.2250164030e-02 
1643.000  1.9428541000e-01  3.3084705350e-02 
1644.000  1.9121201000e-01  3.2573093410e-02 
1645.000  1.9151006500e-01  3.2627990720e-02 
1646.000  1.9381074400e-01  3.3048095700e-02 
1647.000  1.9561204200e-01  3.3369972230e-02 
1648.000  1.9472831100e-01  3.3217193600e-02 
1649.000  1.9025343000e-01  3.2464424130e-02 
1650.000  1.9507430200e-01  3.3304649350e-02 
1651.000  1.9071858000e-01  3.2567432400e-02 
1652.000  1.9451057400e-01  3.3207546230e-02 
1653.000  1.9250785400e-01  3.2886306760e-02 
1654.000  1.9466677500e-01  3.3266582490e-02 
1655.000  1.9098055100e-01  3.2663955690e-02 
1656.000  1.9480666300e-01  3.3339248660e-02 
1657.000  1.9339082000e-01  3.3107940670e-02 
1658.000  1.9460975800e-01  3.3344474790e-02 
1659.000  1.9107064600e-01  3.2749698640e-02 
1660.000  1.9327871300e-01  3.3123111720e-02 
1661.000  1.9403110800e-01  3.3253124240e-02 
1662.000  1.9257341000e-01  3.2988224030e-02 
1663.000  1.9129868400e-01  3.2773777010e-02 
1664.000  1.9040542100e-01  3.2622486110e-02 
1665.000  1.8846546900e-01  3.2284637450e-02 
1666.000  1.8769528900e-01  3.2178371430e-02 
1667.000  1.8961292100e-01  3.2559944150e-02 
1668.000  1.8640039900e-01  3.2020095830e-02 
1669.000  1.8692548700e-01  3.2135368350e-02 
1670.000  1.9112774000e-01  3.2879707340e-02 
1671.000  1.8972912300e-01  3.2652122500e-02 
1672.000  1.8074324100e-01  3.1117637630e-02 
1673.000  1.8590676300e-01  3.1994812010e-02 
1674.000  1.8665548100e-01  3.2120540620e-02 
1675.000  1.8492104000e-01  3.1834058760e-02 
1676.000  1.8193184200e-01  3.1318864820e-02 
1677.000  1.8286354100e-01  3.1488855360e-02 
1678.000  1.8387558700e-01  3.1686006550e-02 
1679.000  1.8143446100e-01  3.1266681670e-02 
1680.000  1.7521617700e-01  3.0214944840e-02 
1681.000  1.6914184200e-01  2.9178478240e-02 
1682.000  1.7402741100e-01  3.0022327420e-02 
1683.000  1.7831883900e-01  3.0755929950e-02 
1684.000  1.8161423600e-01  3.1318943020e-02 
1685.000  1.8213344100e-01  3.1378435130e-02 
1686.000  1.7993658600e-01  3.0999145510e-02 
1687.000  1.8063050900e-01  3.1067731860e-02 
1688.000  1.8072323800e-01  3.1042104720e-02 
1689.000  1.7854336800e-01  3.0665285110e-02 
1690.000  1.7839737000e-01  3.0591510770e-02 
1691.000  1.8070542900e-01  3.0982009890e-02 
1692.000  1.8103050600e-01  3.1038635250e-02 
1693.000  1.8038959500e-01  3.0937747960e-02 
1694.000  1.8012031600e-01  3.0892557140e-02 
1695.000  1.8016675700e-01  3.0873735430e-02 
1696.000  1.7911212400e-01  3.0684951780e-02 
1697.000  1.7798448300e-01  3.0464982990e-02 
1698.000  1.7903999900e-01  3.0627813340e-02 
1699.000  1.7788425600e-01  3.0421443940e-02 
1700.000  1.7563223200e-01  3.0028774260e-02 
