 lambda   Irr_dw            Rad_up 
 550.000  1.5293008000e+00  1.1665093230e-01 
 551.000  1.5192147000e+00  1.1581093600e-01 
 552.000  1.5840972000e+00  1.2077338410e-01 
 553.000  1.5215234000e+00  1.1591477970e-01 
 554.000  1.5707293000e+00  1.1966067500e-01 
 555.000  1.5746501000e+00  1.1984559630e-01 
 556.000  1.5307907000e+00  1.1639943700e-01 
 557.000  1.4849665000e+00  1.1291793060e-01 
 558.000  1.5409620000e+00  1.1706797790e-01 
 559.000  1.4561779000e+00  1.1057129670e-01 
 560.000  1.4622354000e+00  1.1102944950e-01 
 561.000  1.6066958000e+00  1.2189658360e-01 
 562.000  1.4745217000e+00  1.1185498810e-01 
 563.000  1.5423619000e+00  1.1691032410e-01 
 564.000  1.5203502000e+00  1.1510365300e-01 
 565.000  1.5381702000e+00  1.1644915770e-01 
 566.000  1.4179090000e+00  1.0726444240e-01 
 567.000  1.5206646000e+00  1.1483616640e-01 
 568.000  1.5163612000e+00  1.1398362730e-01 
 569.000  1.4852137000e+00  1.1049467470e-01 
 570.000  1.4928626000e+00  1.1119136050e-01 
 571.000  1.4402305000e+00  1.0799346920e-01 
 572.000  1.5216037000e+00  1.1334315490e-01 
 573.000  1.5376623000e+00  1.1472598270e-01 
 574.000  1.5290977000e+00  1.1408264920e-01 
 575.000  1.4915270000e+00  1.1116410060e-01 
 576.000  1.4643172000e+00  1.0907015990e-01 
 577.000  1.5250699000e+00  1.1371059420e-01 
 578.000  1.4806197000e+00  1.1069947810e-01 
 579.000  1.4692789000e+00  1.0992173000e-01 
 580.000  1.5198513000e+00  1.1387976070e-01 
 581.000  1.4923766000e+00  1.1198489380e-01 
 582.000  1.5146457000e+00  1.1360997770e-01 
 583.000  1.5250691000e+00  1.1444184110e-01 
 584.000  1.5200900000e+00  1.1395181270e-01 
 585.000  1.5099486000e+00  1.1309648900e-01 
 586.000  1.4449404000e+00  1.0821218110e-01 
 587.000  1.5012578000e+00  1.1191355900e-01 
 588.000  1.4854087000e+00  1.0923732760e-01 
 589.000  1.3165307000e+00  9.4957763670e-02 
 590.000  1.3745621000e+00  9.9038093570e-02 
 591.000  1.4605807000e+00  1.0651059720e-01 
 592.000  1.4325103000e+00  1.0366578670e-01 
 593.000  1.4475899000e+00  1.0621701810e-01 
 594.000  1.4607530000e+00  1.0683216860e-01 
 595.000  1.4327500000e+00  1.0368888090e-01 
 596.000  1.4682396000e+00  1.0780239110e-01 
 597.000  1.4726190000e+00  1.0768781280e-01 
 598.000  1.4424612000e+00  1.0613964840e-01 
 599.000  1.4428293000e+00  1.0642963410e-01 
 600.000  1.4431488000e+00  1.0706489560e-01 
 601.000  1.4350298000e+00  1.0692951200e-01 
 602.000  1.4193375000e+00  1.0586308290e-01 
 603.000  1.4279016000e+00  1.0668182370e-01 
 604.000  1.4731306000e+00  1.1024797060e-01 
 605.000  1.4693511000e+00  1.0991960910e-01 
 606.000  1.4523134000e+00  1.0872225950e-01 
 607.000  1.4441313000e+00  1.0808176420e-01 
 608.000  1.4388135000e+00  1.0763245390e-01 
 609.000  1.4240314000e+00  1.0654461670e-01 
 610.000  1.4012057000e+00  1.0478668210e-01 
 611.000  1.4239376000e+00  1.0648953250e-01 
 612.000  1.4053791000e+00  1.0511109920e-01 
 613.000  1.3848262000e+00  1.0353257750e-01 
 614.000  1.3343365000e+00  9.9780639650e-02 
 615.000  1.3987662000e+00  1.0452748110e-01 
 616.000  1.3299407000e+00  9.9414840700e-02 
 617.000  1.3374375000e+00  9.9976470950e-02 
 618.000  1.4005197000e+00  1.0459861760e-01 
 619.000  1.3876807000e+00  1.0369120030e-01 
 620.000  1.4081620000e+00  1.0512609100e-01 
 621.000  1.4323627000e+00  1.0693272400e-01 
 622.000  1.3567995000e+00  1.0124678800e-01 
 623.000  1.3673531000e+00  1.0191042330e-01 
 624.000  1.3688102000e+00  1.0207850650e-01 
 625.000  1.3317229000e+00  9.9312278750e-02 
 626.000  1.3384573000e+00  9.9642700200e-02 
 627.000  1.3608358000e+00  1.0077875520e-01 
 628.000  1.3425636000e+00  9.8436813350e-02 
 629.000  1.3762939000e+00  1.0122857670e-01 
 630.000  1.3306352000e+00  9.8362869260e-02 
 631.000  1.3794654000e+00  1.0207099150e-01 
 632.000  1.2849101800e+00  9.4697280880e-02 
 633.000  1.3792686000e+00  1.0212401580e-01 
 634.000  1.3378522000e+00  9.9231483460e-02 
 635.000  1.3623173000e+00  1.0105573270e-01 
 636.000  1.3143231000e+00  9.7590820310e-02 
 637.000  1.3576956000e+00  1.0088077550e-01 
 638.000  1.3788292000e+00  1.0266502380e-01 
 639.000  1.3674373000e+00  1.0171595000e-01 
 640.000  1.3245388000e+00  9.8760131840e-02 
 641.000  1.3436708000e+00  1.0016423800e-01 
 642.000  1.3275476000e+00  9.9031578060e-02 
 643.000  1.3507749000e+00  1.0058135220e-01 
 644.000  1.3352887000e+00  9.9353729250e-02 
 645.000  1.3469437000e+00  1.0001442720e-01 
 646.000  1.2955823400e+00  9.5098861690e-02 
 647.000  1.3131352200e+00  9.5638031010e-02 
 648.000  1.3107807300e+00  9.4807044980e-02 
 649.000  1.3368131600e+00  9.7216194150e-02 
 650.000  1.2388432000e+00  9.1291175840e-02 
 651.000  1.3344784100e+00  9.8336967470e-02 
 652.000  1.3087051400e+00  9.5341545100e-02 
 653.000  1.3351610100e+00  9.8549270630e-02 
 654.000  1.3176819900e+00  9.7020721440e-02 
 655.000  1.2829300800e+00  9.3995079040e-02 
 656.000  1.0892122600e+00  7.9916915890e-02 
 657.000  1.1625328900e+00  8.5529190060e-02 
 658.000  1.2949422200e+00  9.5775695800e-02 
 659.000  1.2980810400e+00  9.6236938480e-02 
 660.000  1.3082778600e+00  9.7124946590e-02 
 661.000  1.3140609600e+00  9.7939132690e-02 
 662.000  1.3329880200e+00  9.9506202700e-02 
 663.000  1.3181828500e+00  9.8325912480e-02 
 664.000  1.2972523000e+00  9.6812316890e-02 
 665.000  1.3029075000e+00  9.7261901860e-02 
 666.000  1.3186173900e+00  9.8568420410e-02 
 667.000  1.2924556000e+00  9.6583518980e-02 
 668.000  1.2998132200e+00  9.7263122560e-02 
 669.000  1.3183684700e+00  9.8716201780e-02 
 670.000  1.3029156400e+00  9.7474426270e-02 
 671.000  1.2888357300e+00  9.6466491700e-02 
 672.000  1.2847639900e+00  9.6158988950e-02 
 673.000  1.2939473400e+00  9.6832550050e-02 
 674.000  1.2964604300e+00  9.7042137150e-02 
 675.000  1.2766827000e+00  9.5532913210e-02 
 676.000  1.3007905800e+00  9.7358573910e-02 
 677.000  1.2749212000e+00  9.5447860720e-02 
 678.000  1.2960308500e+00  9.7011970520e-02 
 679.000  1.2777367500e+00  9.5595932010e-02 
 680.000  1.2679332100e+00  9.4839859010e-02 
 681.000  1.2692958500e+00  9.4878585820e-02 
 682.000  1.2666672900e+00  9.4611679080e-02 
 683.000  1.2749812100e+00  9.5154457090e-02 
 684.000  1.2519613600e+00  9.3394950870e-02 
 685.000  1.2660965500e+00  9.4457923890e-02 
 686.000  1.2104051800e+00  9.0024642940e-02 
 687.000  1.1196901900e+00  8.0146087650e-02 
 688.000  1.1493837400e+00  8.3252746580e-02 
 689.000  1.1439648800e+00  8.2617721560e-02 
 690.000  1.1644341800e+00  8.4626960750e-02 
 691.000  1.1879882300e+00  8.6869552610e-02 
 692.000  1.1910146500e+00  8.7132431030e-02 
 693.000  1.1900682000e+00  8.5637962340e-02 
 694.000  1.1922041800e+00  8.4631065370e-02 
 695.000  1.1793389300e+00  8.4279731750e-02 
 696.000  1.1976969900e+00  8.5966407780e-02 
 697.000  1.2203917200e+00  8.9740203860e-02 
 698.000  1.1934070000e+00  8.7244125370e-02 
 699.000  1.1968989100e+00  8.5684608460e-02 
 700.000  1.1858324500e+00  8.5158363340e-02 
 701.000  1.1551843400e+00  8.2537719730e-02 
 702.000  1.1523472300e+00  8.2619277950e-02 
 703.000  1.1836490600e+00  8.6322898860e-02 
 704.000  1.1876027400e+00  8.6699455260e-02 
 705.000  1.1903384800e+00  8.6264785770e-02 
 706.000  1.1788429800e+00  8.5561592100e-02 
 707.000  1.1632110000e+00  8.4659500120e-02 
 708.000  1.1993564500e+00  8.7549415590e-02 
 709.000  1.1614617900e+00  8.5269393920e-02 
 710.000  1.1827878900e+00  8.6251907350e-02 
 711.000  1.1761685300e+00  8.6304878230e-02 
 712.000  1.1641779900e+00  8.5927703860e-02 
 713.000  1.1555397200e+00  8.4889450070e-02 
 714.000  1.1738416200e+00  8.6047470090e-02 
 715.000  1.1268448600e+00  8.1967201230e-02 
 716.000  1.1501133500e+00  8.2991760250e-02 
 717.000  1.0781935500e+00  7.4386077880e-02 
 718.000  1.0458770600e+00  7.0116134640e-02 
 719.000  1.0242378300e+00  6.7882186890e-02 
 720.000  1.0174482100e+00  6.6456321720e-02 
 721.000  1.0781779200e+00  7.5276565550e-02 
 722.000  1.1155163800e+00  7.9606864930e-02 
 723.000  1.1003677100e+00  7.7512565610e-02 
 724.000  1.0705946800e+00  7.2675918580e-02 
 725.000  1.0641177000e+00  7.2638435360e-02 
 726.000  1.0603420200e+00  7.2275802610e-02 
 727.000  1.0810466700e+00  7.4051521300e-02 
 728.000  1.0568021700e+00  7.2028488160e-02 
 729.000  1.0278099500e+00  7.1046592710e-02 
 730.000  1.0632432800e+00  7.3344039920e-02 
 731.000  1.0427319300e+00  7.1795074460e-02 
 732.000  1.0850642900e+00  7.6455413820e-02 
 733.000  1.0896224600e+00  7.8590454100e-02 
 734.000  1.1224522000e+00  8.1843238830e-02 
 735.000  1.1096552100e+00  8.0574836730e-02 
 736.000  1.0823041500e+00  7.8048767090e-02 
 737.000  1.1014361700e+00  7.9833435060e-02 
 738.000  1.1051190800e+00  8.0717468260e-02 
 739.000  1.0721186700e+00  7.8603202820e-02 
 740.000  1.0884469100e+00  8.0402473450e-02 
 741.000  1.0833029200e+00  8.0450851440e-02 
 742.000  1.0668903700e+00  7.9409217830e-02 
 743.000  1.1014686500e+00  8.2362419130e-02 
 744.000  1.1132863600e+00  8.3443641660e-02 
 745.000  1.0853982900e+00  8.1513725280e-02 
 746.000  1.1013165600e+00  8.2790367130e-02 
 747.000  1.1179217700e+00  8.4035354610e-02 
 748.000  1.0985896200e+00  8.2633132930e-02 
 749.000  1.0990900900e+00  8.2715141300e-02 
 750.000  1.0826252000e+00  8.1413902280e-02 
 751.000  1.0798580100e+00  8.1218620300e-02 
 752.000  1.0968839200e+00  8.2581520080e-02 
 753.000  1.0866834800e+00  8.1844764710e-02 
 754.000  1.1038119100e+00  8.3157951350e-02 
 755.000  1.0975022200e+00  8.2696578980e-02 
 756.000  1.0760446600e+00  8.1093353270e-02 
 757.000  1.0839849200e+00  8.1704368590e-02 
 758.000  1.0817381800e+00  8.1502220150e-02 
 759.000  9.9999192000e-01  7.3781455990e-02 
 760.000  5.1129125000e-01  3.0928106310e-02 
 761.000  4.6191324000e-01  2.7176568980e-02 
 762.000  7.3715814000e-01  4.9751628880e-02 
 763.000  6.6898914000e-01  4.3485504150e-02 
 764.000  7.1503504000e-01  4.7354187010e-02 
 765.000  8.1636830000e-01  5.6440921780e-02 
 766.000  8.8275126000e-01  6.3682704930e-02 
 767.000  9.4606232000e-01  6.9490791320e-02 
 768.000  1.0165924300e+00  7.5588287350e-02 
 769.000  1.0340045700e+00  7.7531234740e-02 
 770.000  1.0389512500e+00  7.8219406130e-02 
 771.000  1.0444707400e+00  7.8824310300e-02 
 772.000  1.0415521700e+00  7.8659317020e-02 
 773.000  1.0376520800e+00  7.8397399900e-02 
 774.000  1.0490878100e+00  7.9292320250e-02 
 775.000  1.0098321300e+00  7.6351570130e-02 
 776.000  1.0515295600e+00  7.9559005740e-02 
 777.000  1.0442443700e+00  7.9010421750e-02 
 778.000  1.0386293900e+00  7.8568977360e-02 
 779.000  1.0419930200e+00  7.8799552920e-02 
 780.000  1.0290848400e+00  7.7854362490e-02 
 781.000  1.0274996600e+00  7.7756393430e-02 
 782.000  1.0398675600e+00  7.8649154660e-02 
 783.000  1.0155567000e+00  7.6884727480e-02 
 784.000  1.0211086200e+00  7.7271957400e-02 
 785.000  1.0229778300e+00  7.7229202270e-02 
 786.000  1.0040810800e+00  7.5624649050e-02 
 787.000  1.0159887100e+00  7.6001853940e-02 
 788.000  9.9920684000e-01  7.4539627080e-02 
 789.000  9.9937686000e-01  7.3750328060e-02 
 790.000  9.8878433000e-01  7.2882415770e-02 
 791.000  9.8476625000e-01  7.2759330750e-02 
 792.000  9.7012559000e-01  7.1787536620e-02 
 793.000  9.7140355000e-01  7.2207328800e-02 
 794.000  9.6618096000e-01  7.2545127870e-02 
 795.000  9.5803559000e-01  7.1440055850e-02 
 796.000  9.6645040000e-01  7.1085708620e-02 
 797.000  9.7479896000e-01  7.2030960080e-02 
 798.000  9.8032234000e-01  7.3127304080e-02 
 799.000  9.7838248000e-01  7.2801467900e-02 
 800.000  9.4927092000e-01  7.0152999880e-02 
 801.000  9.6742188000e-01  7.1564353940e-02 
 802.000  9.6510461000e-01  7.1326828000e-02 
 803.000  9.5186978000e-01  7.0445793150e-02 
 804.000  9.6216480000e-01  7.1490043640e-02 
 805.000  9.3901623000e-01  7.0241554260e-02 
 806.000  9.6638986000e-01  7.2545104980e-02 
 807.000  9.6049941000e-01  7.2154747010e-02 
 808.000  9.5372061000e-01  7.1469947810e-02 
 809.000  9.3615015000e-01  6.9962158200e-02 
 810.000  9.3038935000e-01  6.9316719060e-02 
 811.000  9.4198787000e-01  6.9795356750e-02 
 812.000  9.3428116000e-01  6.8716148380e-02 
 813.000  9.2453515000e-01  6.7344436650e-02 
 814.000  9.1554907000e-01  6.5969757080e-02 
 815.000  8.9592819000e-01  6.3672916410e-02 
 816.000  8.7505355000e-01  6.1119342800e-02 
 817.000  8.8108361000e-01  6.1592945100e-02 
 818.000  8.7678796000e-01  6.1333103180e-02 
 819.000  8.5730490000e-01  6.0382278440e-02 
 820.000  8.5476757000e-01  6.1389842990e-02 
 821.000  8.9967625000e-01  6.6042900090e-02 
 822.000  8.6204382000e-01  6.2165397640e-02 
 823.000  8.3827543000e-01  5.7763198850e-02 
 824.000  8.8127723000e-01  6.3134120940e-02 
 825.000  8.9884870000e-01  6.6185615540e-02 
 826.000  9.0120580000e-01  6.6033538820e-02 
 827.000  8.9587750000e-01  6.5409347530e-02 
 828.000  8.8165934000e-01  6.3277164460e-02 
 829.000  8.8567106000e-01  6.3934238430e-02 
 830.000  8.7646986000e-01  6.3717308040e-02 
 831.000  8.6215779000e-01  6.2783889770e-02 
 832.000  8.8022696000e-01  6.4143127440e-02 
 833.000  8.5549136000e-01  6.2671413420e-02 
 834.000  8.7119194000e-01  6.4149368290e-02 
 835.000  8.7847949000e-01  6.5235794070e-02 
 836.000  8.8689959000e-01  6.5771278380e-02 
 837.000  8.7934091000e-01  6.5175102230e-02 
 838.000  8.8509988000e-01  6.5941886900e-02 
 839.000  8.5893193000e-01  6.4168495180e-02 
 840.000  8.8243476000e-01  6.5963806150e-02 
 841.000  8.8324965000e-01  6.5815887450e-02 
 842.000  8.7900392000e-01  6.5673835750e-02 
 843.000  8.7592936000e-01  6.5976852420e-02 
 844.000  8.6266885000e-01  6.5206077580e-02 
 845.000  8.7632059000e-01  6.6347694400e-02 
 846.000  8.8468985000e-01  6.7141670230e-02 
 847.000  8.5477970000e-01  6.5041259770e-02 
 848.000  8.7896184000e-01  6.6665946960e-02 
 849.000  8.8068861000e-01  6.6892089840e-02 
 850.000  7.6102875000e-01  5.7673343660e-02 
 851.000  8.7132995000e-01  6.5894485470e-02 
 852.000  8.3832776000e-01  6.3462753300e-02 
 853.000  8.4879852000e-01  6.4388031010e-02 
 854.000  6.8235404000e-01  5.1788627620e-02 
 855.000  7.5144674000e-01  5.7156158450e-02 
 856.000  8.5329825000e-01  6.5040901180e-02 
 857.000  8.6714579000e-01  6.6252174380e-02 
 858.000  8.5335403000e-01  6.5230316160e-02 
 859.000  8.5342780000e-01  6.5330757140e-02 
 860.000  8.4589236000e-01  6.4845100400e-02 
 861.000  8.4578688000e-01  6.4840499880e-02 
 862.000  8.4302309000e-01  6.4613700870e-02 
 863.000  8.5913911000e-01  6.5932579040e-02 
 864.000  8.5742403000e-01  6.5724021910e-02 
 865.000  8.4145716000e-01  6.4610397340e-02 
 866.000  7.0580981000e-01  5.4237758640e-02 
 867.000  7.5160385000e-01  5.7628135680e-02 
 868.000  8.1514876000e-01  6.2573963170e-02 
 869.000  8.0371049000e-01  6.1703819270e-02 
 870.000  8.3685737000e-01  6.4339195250e-02 
 871.000  8.3567559000e-01  6.4217453000e-02 
 872.000  8.3230959000e-01  6.3825084690e-02 
 873.000  8.3564270000e-01  6.4174629210e-02 
 874.000  8.1731738000e-01  6.2722549440e-02 
 875.000  8.0980177000e-01  6.2256099700e-02 
 876.000  8.1651686000e-01  6.2720951080e-02 
 877.000  8.3278201000e-01  6.3880035400e-02 
 878.000  8.1842989000e-01  6.2813186650e-02 
 879.000  8.2032922000e-01  6.3007251740e-02 
 880.000  8.1553142000e-01  6.2501087190e-02 
 881.000  7.7312485000e-01  5.9282825470e-02 
 882.000  8.1579090000e-01  6.2425712590e-02 
 883.000  7.9719198000e-01  6.1155384060e-02 
 884.000  8.0396992000e-01  6.1839839940e-02 
 885.000  8.1216294000e-01  6.2121181490e-02 
 886.000  7.8546636000e-01  6.0044929500e-02 
 887.000  7.7746896000e-01  5.9494476320e-02 
 888.000  8.0073556000e-01  6.1163414000e-02 
 889.000  8.0616619000e-01  6.1799903870e-02 
 890.000  8.0353251000e-01  6.1505680080e-02 
 891.000  7.9876493000e-01  6.0915752410e-02 
 892.000  7.9448714000e-01  6.0268146510e-02 
 893.000  7.5863615000e-01  5.6493061070e-02 
 894.000  7.8077200000e-01  5.7718070980e-02 
 895.000  7.3105966000e-01  5.2911529540e-02 
 896.000  7.4514564000e-01  5.2726150510e-02 
 897.000  7.1266428000e-01  4.9446659090e-02 
 898.000  7.0664475000e-01  4.8479774480e-02 
 899.000  6.8532811000e-01  4.5649997710e-02 
 900.000  6.7116553000e-01  4.4826923370e-02 
 901.000  6.5162386000e-01  4.3221584320e-02 
 902.000  6.4046923000e-01  4.2563358310e-02 
 903.000  7.0571113000e-01  4.9178119660e-02 
 904.000  7.3978760000e-01  5.2997879030e-02 
 905.000  7.3701666000e-01  5.2948013310e-02 
 906.000  7.0479800000e-01  4.9769691470e-02 
 907.000  6.9377403000e-01  4.7429691310e-02 
 908.000  6.6201666000e-01  4.4258186340e-02 
 909.000  6.4956632000e-01  4.3454044340e-02 
 910.000  6.5946463000e-01  4.4259239200e-02 
 911.000  6.6749655000e-01  4.5556674960e-02 
 912.000  6.6415970000e-01  4.4877975460e-02 
 913.000  6.5846273000e-01  4.3226917270e-02 
 914.000  6.6461363000e-01  4.4258609770e-02 
 915.000  6.6180292000e-01  4.4732986450e-02 
 916.000  6.7121681000e-01  4.5478706360e-02 
 917.000  6.6499114000e-01  4.5344337460e-02 
 918.000  6.6712860000e-01  4.5879837040e-02 
 919.000  6.9491278000e-01  4.9367992400e-02 
 920.000  7.0237420000e-01  5.0750057220e-02 
 921.000  6.8391853000e-01  4.9200725560e-02 
 922.000  6.7751455000e-01  4.8800506590e-02 
 923.000  6.4544350000e-01  4.6003082280e-02 
 924.000  6.6354512000e-01  4.6855861660e-02 
 925.000  6.7161806000e-01  4.7317314150e-02 
 926.000  6.4752680000e-01  4.5474624630e-02 
 927.000  6.6084004000e-01  4.5799488070e-02 
 928.000  6.4804862000e-01  4.3648586270e-02 
 929.000  6.1474693000e-01  3.9755397800e-02 
 930.000  5.8187671000e-01  3.5655239110e-02 
 931.000  5.4579571000e-01  3.1328369140e-02 
 932.000  4.9311270000e-01  2.5769681930e-02 
 933.000  4.5743224000e-01  2.2348665240e-02 
 934.000  4.1431162000e-01  1.8856916430e-02 
 935.000  4.0411956000e-01  1.8232789990e-02 
 936.000  4.1675846000e-01  1.9329034810e-02 
 937.000  4.2188684000e-01  1.9459278110e-02 
 938.000  4.5994616000e-01  2.2977975850e-02 
 939.000  5.6951838000e-01  3.4348453520e-02 
 940.000  5.8141249000e-01  3.5926994320e-02 
 941.000  5.5549235000e-01  3.3680213930e-02 
 942.000  5.0397866000e-01  2.8927532200e-02 
 943.000  4.7619615000e-01  2.4740810390e-02 
 944.000  4.5938722000e-01  2.3688804630e-02 
 945.000  4.8358048000e-01  2.5825357440e-02 
 946.000  4.9113261000e-01  2.6303628920e-02 
 947.000  5.0537614000e-01  2.7988536830e-02 
 948.000  5.1848430000e-01  2.9281122210e-02 
 949.000  5.1867004000e-01  2.9247629170e-02 
 950.000  5.1776492000e-01  2.9351947780e-02 
 951.000  5.3680005000e-01  3.1726085660e-02 
 952.000  5.1285323000e-01  2.9044206620e-02 
 953.000  5.2792971000e-01  3.0876354220e-02 
 954.000  5.4009556000e-01  3.2645763400e-02 
 955.000  4.9113934000e-01  2.8974496840e-02 
 956.000  5.2051585000e-01  3.0583587650e-02 
 957.000  5.6352604000e-01  3.5754894260e-02 
 958.000  5.7327108000e-01  3.6742191310e-02 
 959.000  5.6818993000e-01  3.6053318020e-02 
 960.000  5.6065538000e-01  3.5490570070e-02 
 961.000  5.5102078000e-01  3.4704978940e-02 
 962.000  5.5692695000e-01  3.5290336610e-02 
 963.000  5.7883621000e-01  3.8078598020e-02 
 964.000  5.7539923000e-01  3.8074745180e-02 
 965.000  5.8017142000e-01  3.8287055970e-02 
 966.000  5.6455141000e-01  3.7358257290e-02 
 967.000  5.9750701000e-01  4.0601318360e-02 
 968.000  6.1725906000e-01  4.3752410890e-02 
 969.000  6.3280962000e-01  4.5689723970e-02 
 970.000  6.3513112000e-01  4.5919799800e-02 
 971.000  6.2920806000e-01  4.5489170070e-02 
 972.000  6.3038025000e-01  4.5352607730e-02 
 973.000  6.1674179000e-01  4.3865009310e-02 
 974.000  5.9797875000e-01  4.1933479310e-02 
 975.000  5.9492404000e-01  4.1336627960e-02 
 976.000  6.0959855000e-01  4.2864746090e-02 
 977.000  6.0605756000e-01  4.3430671690e-02 
 978.000  6.2000806000e-01  4.4389968870e-02 
 979.000  6.0499199000e-01  4.3548950200e-02 
 980.000  6.2570735000e-01  4.5919689180e-02 
 981.000  6.3267306000e-01  4.6641868590e-02 
 982.000  6.2856408000e-01  4.6154235840e-02 
 983.000  6.3305838000e-01  4.6961082460e-02 
 984.000  6.3517271000e-01  4.7629055020e-02 
 985.000  6.3846489000e-01  4.8182411190e-02 
 986.000  6.3787511000e-01  4.8547080990e-02 
 987.000  6.4716046000e-01  4.9445034030e-02 
 988.000  6.3959016000e-01  4.8910980220e-02 
 989.000  6.3173856000e-01  4.8339679720e-02 
 990.000  6.3758850000e-01  4.8833999630e-02 
 991.000  6.4448989000e-01  4.9530662540e-02 
 992.000  6.3899096000e-01  4.9158462520e-02 
 993.000  6.3911857000e-01  4.9189868930e-02 
 994.000  6.4382349000e-01  4.9701492310e-02 
 995.000  6.4010365000e-01  4.9527111050e-02 
 996.000  6.3996447000e-01  4.9518325810e-02 
 997.000  6.3999268000e-01  4.9454898830e-02 
 998.000  6.3688877000e-01  4.9145092010e-02 
 999.000  6.3502944000e-01  4.8977447510e-02 
1000.000  6.3018213000e-01  4.8628631590e-02 
1001.000  6.3220370000e-01  4.8636772160e-02 
1002.000  6.2888619000e-01  4.8146644590e-02 
1003.000  6.2208651000e-01  4.7690082550e-02 
1004.000  6.1818990000e-01  4.7535530090e-02 
1005.000  5.7812229000e-01  4.4522762300e-02 
1006.000  6.0849344000e-01  4.6919864650e-02 
1007.000  6.1914537000e-01  4.7657535550e-02 
1008.000  6.1990798000e-01  4.7566200260e-02 
1009.000  6.1366309000e-01  4.6805816650e-02 
1010.000  6.1704248000e-01  4.7195701600e-02 
1011.000  6.1632342000e-01  4.7413986210e-02 
1012.000  6.1747876000e-01  4.7614715580e-02 
1013.000  6.1377216000e-01  4.7419116970e-02 
1014.000  6.1800131000e-01  4.7813362120e-02 
1015.000  6.0664173000e-01  4.6977558140e-02 
1016.000  6.1085498000e-01  4.7373126980e-02 
1017.000  6.0494813000e-01  4.6964725490e-02 
1018.000  6.1249004000e-01  4.7541919710e-02 
1019.000  5.9773012000e-01  4.6334205630e-02 
1020.000  5.9673299000e-01  4.6269084930e-02 
1021.000  6.0321212000e-01  4.6798168180e-02 
1022.000  5.9324921000e-01  4.5867500310e-02 
1023.000  6.0386836000e-01  4.6549957280e-02 
1024.000  6.0034800000e-01  4.6181446080e-02 
1025.000  6.0147669000e-01  4.6399425510e-02 
1026.000  6.0274642000e-01  4.6572303770e-02 
1027.000  5.9886179000e-01  4.6281642910e-02 
1028.000  6.0046412000e-01  4.6476654050e-02 
1029.000  5.9181537000e-01  4.5924720760e-02 
1030.000  5.9829367000e-01  4.6545883180e-02 
1031.000  5.9665262000e-01  4.6505298610e-02 
1032.000  5.9474166000e-01  4.6420375820e-02 
1033.000  5.8382707000e-01  4.5570854190e-02 
1034.000  5.8953162000e-01  4.6030658720e-02 
1035.000  5.8183168000e-01  4.5419780730e-02 
1036.000  5.9144984000e-01  4.6176563260e-02 
1037.000  5.7899608000e-01  4.5204044340e-02 
1038.000  5.8472154000e-01  4.5648792270e-02 
1039.000  5.8710675000e-01  4.5820404050e-02 
1040.000  5.8015583000e-01  4.5266227720e-02 
1041.000  5.8317977000e-01  4.5487335210e-02 
1042.000  5.8490689000e-01  4.5611469270e-02 
1043.000  5.7480849000e-01  4.4815666200e-02 
1044.000  5.8052444000e-01  4.5249073030e-02 
1045.000  5.7798679000e-01  4.5077148440e-02 
1046.000  5.6117256000e-01  4.3801330570e-02 
1047.000  5.7146913000e-01  4.4640701290e-02 
1048.000  5.7713683000e-01  4.5123832700e-02 
1049.000  5.7342868000e-01  4.4879085540e-02 
1050.000  5.7101960000e-01  4.4720623020e-02 
1051.000  5.7000615000e-01  4.4619522090e-02 
1052.000  5.6731700000e-01  4.4390541080e-02 
1053.000  5.6590655000e-01  4.4271312710e-02 
1054.000  5.6168770000e-01  4.3899662020e-02 
1055.000  5.6577982000e-01  4.4198650360e-02 
1056.000  5.6425225000e-01  4.4056182860e-02 
1057.000  5.6319483000e-01  4.3931278230e-02 
1058.000  5.5715070000e-01  4.3379688260e-02 
1059.000  5.3964132000e-01  4.2052871700e-02 
1060.000  5.5916270000e-01  4.3662429810e-02 
1061.000  5.3954820000e-01  4.2141803740e-02 
1062.000  5.5442306000e-01  4.3262336730e-02 
1063.000  5.4503544000e-01  4.2517135620e-02 
1064.000  5.5176288000e-01  4.2970142360e-02 
1065.000  5.5093490000e-01  4.2810638430e-02 
1066.000  5.3405930000e-01  4.1482120510e-02 
1067.000  5.4666378000e-01  4.2410449980e-02 
1068.000  5.4393197000e-01  4.2041320800e-02 
1069.000  5.0269548000e-01  3.8773723600e-02 
1070.000  5.3258667000e-01  4.1116424560e-02 
1071.000  5.3306975000e-01  4.1095237730e-02 
1072.000  5.3445786000e-01  4.1146675110e-02 
1073.000  5.1679659000e-01  3.9795600890e-02 
1074.000  5.3496585000e-01  4.1231239320e-02 
1075.000  5.1893572000e-01  4.0129425050e-02 
1076.000  5.2996761000e-01  4.0918811800e-02 
1077.000  5.2828211000e-01  4.0702472690e-02 
1078.000  5.2905003000e-01  4.0660713200e-02 
1079.000  5.0859573000e-01  3.9084129330e-02 
1080.000  5.2202570000e-01  3.9841346740e-02 
1081.000  5.0272553000e-01  3.8355770110e-02 
1082.000  5.0985788000e-01  3.8995845790e-02 
1083.000  4.9524449000e-01  3.7710910800e-02 
1084.000  5.1313780000e-01  3.8891532900e-02 
1085.000  5.0394357000e-01  3.7818305970e-02 
1086.000  5.1112493000e-01  3.8415500640e-02 
1087.000  4.8240695000e-01  3.6618907930e-02 
1088.000  5.1173069000e-01  3.8904350280e-02 
1089.000  4.8895942000e-01  3.6750080110e-02 
1090.000  4.9894090000e-01  3.7451446530e-02 
1091.000  5.0284268000e-01  3.7870460510e-02 
1092.000  4.8950928000e-01  3.6677516940e-02 
1093.000  4.7966445000e-01  3.5491214750e-02 
1094.000  4.3490806600e-01  3.1976480480e-02 
1095.000  4.7103006100e-01  3.4640403750e-02 
1096.000  4.7235695000e-01  3.4752674100e-02 
1097.000  4.6230882100e-01  3.3879608150e-02 
1098.000  4.4502968900e-01  3.1543689730e-02 
1099.000  4.3475078900e-01  2.9906270980e-02 
1100.000  4.4303729000e-01  3.0539257050e-02 
1101.000  4.4369416600e-01  3.0708831790e-02 
1102.000  4.2456016500e-01  2.9320129390e-02 
1103.000  4.4248740600e-01  3.0635217670e-02 
1104.000  4.3729621600e-01  3.0121818540e-02 
1105.000  4.3156024300e-01  2.9353096010e-02 
1106.000  4.2275489600e-01  2.8403585430e-02 
1107.000  4.2358974000e-01  2.8531167980e-02 
1108.000  4.2325812300e-01  2.8547256470e-02 
1109.000  4.2974223900e-01  2.9254543300e-02 
1110.000  4.3150319500e-01  2.9283391950e-02 
1111.000  4.2354853300e-01  2.8550468440e-02 
1112.000  4.0722227700e-01  2.6708082200e-02 
1113.000  3.8856742200e-01  2.4449552540e-02 
1114.000  3.8837617600e-01  2.4071516040e-02 
1115.000  3.6283625000e-01  2.1185197830e-02 
1116.000  3.4470995400e-01  1.9370519640e-02 
1117.000  3.1578370600e-01  1.6298370360e-02 
1118.000  2.8188667500e-01  1.3387454990e-02 
1119.000  2.5806863100e-01  1.1650786400e-02 
1120.000  2.3792674900e-01  1.0068234440e-02 
1121.000  2.3484899500e-01  9.7795133590e-03 
1122.000  2.1110324000e-01  8.1533079150e-03 
1123.000  2.2494394200e-01  9.0304889680e-03 
1124.000  2.3389062800e-01  9.6198921200e-03 
1125.000  2.2473926200e-01  9.1218013760e-03 
1126.000  2.1869418700e-01  8.8351011280e-03 
1127.000  2.2785840200e-01  9.2774667740e-03 
1128.000  2.2707254100e-01  9.3788633350e-03 
1129.000  2.4986519200e-01  1.1015331270e-02 
1130.000  2.9860725000e-01  1.4930259700e-02 
1131.000  3.1552136900e-01  1.6330995560e-02 
1132.000  2.9758514500e-01  1.4677945140e-02 
1133.000  2.5541412300e-01  1.1531606670e-02 
1134.000  1.8682846900e-01  6.8107218740e-03 
1135.000  1.9447400900e-01  7.2460088730e-03 
1136.000  2.6156561700e-01  1.2017489430e-02 
1137.000  2.9977855700e-01  1.5062102320e-02 
1138.000  3.2023266900e-01  1.7530042650e-02 
1139.000  3.3623849200e-01  1.8970846180e-02 
1140.000  3.3123276900e-01  1.8398025510e-02 
1141.000  3.0970599300e-01  1.6696647640e-02 
1142.000  3.1384843800e-01  1.6726966860e-02 
1143.000  2.9496935500e-01  1.5170542720e-02 
1144.000  2.7771546400e-01  1.3727643970e-02 
1145.000  2.5687939100e-01  1.1948221210e-02 
1146.000  2.6488248600e-01  1.2508073810e-02 
1147.000  2.8396208600e-01  1.4061043740e-02 
1148.000  2.9655471500e-01  1.5294925690e-02 
1149.000  3.0346932500e-01  1.5920869830e-02 
1150.000  3.0221798400e-01  1.5919353490e-02 
1151.000  3.1006160700e-01  1.6778896330e-02 
1152.000  3.1369150000e-01  1.7201015470e-02 
1153.000  3.1936478500e-01  1.7842033390e-02 
1154.000  3.1961536800e-01  1.7809383390e-02 
1155.000  3.3241568600e-01  1.9196165080e-02 
1156.000  3.4083990700e-01  2.0438053130e-02 
1157.000  3.7018169400e-01  2.3782806400e-02 
1158.000  3.8052193500e-01  2.5120841980e-02 
1159.000  3.8372550500e-01  2.5924631120e-02 
1160.000  3.8230724100e-01  2.6090372090e-02 
1161.000  3.8282150200e-01  2.6707038880e-02 
1162.000  4.0310509100e-01  2.8610639570e-02 
1163.000  4.1265025800e-01  2.9867033000e-02 
1164.000  4.0609093700e-01  2.9517143250e-02 
1165.000  4.1443007400e-01  3.0215646740e-02 
1166.000  4.0523447000e-01  2.9691509250e-02 
1167.000  4.1276643300e-01  3.0338224410e-02 
1168.000  4.1597580000e-01  3.0555517200e-02 
1169.000  4.0265634400e-01  2.9669595720e-02 
1170.000  4.1449170000e-01  3.0625551220e-02 
1171.000  4.1915601200e-01  3.1169204710e-02 
1172.000  4.1621512400e-01  3.0850097660e-02 
1173.000  4.1171937200e-01  3.0423215870e-02 
1174.000  4.1202200300e-01  3.0460735320e-02 
1175.000  4.1146533100e-01  3.0714017870e-02 
1176.000  4.0535019200e-01  3.0527528760e-02 
1177.000  4.1601885000e-01  3.1209875110e-02 
1178.000  4.0526009400e-01  3.0156822200e-02 
1179.000  4.0345120100e-01  3.0030220030e-02 
1180.000  4.0776068200e-01  3.0266757970e-02 
1181.000  4.0215850800e-01  2.9624654770e-02 
1182.000  3.9916147800e-01  2.9179353710e-02 
1183.000  3.7639306300e-01  2.7543598180e-02 
1184.000  3.9534067200e-01  2.9062614440e-02 
1185.000  4.0547286500e-01  3.0137609480e-02 
1186.000  4.0161825000e-01  2.9757789610e-02 
1187.000  3.9676606000e-01  2.9077629090e-02 
1188.000  3.9358370300e-01  2.8767581940e-02 
1189.000  3.7347441400e-01  2.7478958130e-02 
1190.000  3.9955770100e-01  2.9901138310e-02 
1191.000  4.0810242100e-01  3.0684772490e-02 
1192.000  4.0916950900e-01  3.0981698990e-02 
1193.000  4.0861476600e-01  3.0872261050e-02 
1194.000  4.0733717900e-01  3.0746887210e-02 
1195.000  3.9954869100e-01  2.9949424740e-02 
1196.000  3.9973903600e-01  3.0003971100e-02 
1197.000  3.9806577100e-01  2.9781904220e-02 
1198.000  3.8435636000e-01  2.8742128370e-02 
1199.000  3.6823847700e-01  2.7423204420e-02 
1200.000  3.9256009600e-01  2.9315965650e-02 
1201.000  3.9581444700e-01  2.9605297090e-02 
1202.000  3.9672349400e-01  2.9740743640e-02 
1203.000  3.7631158000e-01  2.8180683140e-02 
1204.000  3.8315889800e-01  2.8770715710e-02 
1205.000  3.9732708400e-01  3.0213289260e-02 
1206.000  3.9737238800e-01  3.0392469410e-02 
1207.000  4.0104838600e-01  3.0749628070e-02 
1208.000  3.9448785100e-01  3.0194732670e-02 
1209.000  3.6871355000e-01  2.8140668870e-02 
1210.000  3.9252557600e-01  2.9807573320e-02 
1211.000  3.7912829400e-01  2.8774086000e-02 
1212.000  3.9155521900e-01  2.9765205380e-02 
1213.000  3.9514555300e-01  3.0195869450e-02 
1214.000  3.9308489100e-01  3.0028099060e-02 
1215.000  3.9516193000e-01  3.0255476000e-02 
1216.000  3.9692519600e-01  3.0644908910e-02 
1217.000  3.9853142500e-01  3.0989973070e-02 
1218.000  3.9810832300e-01  3.1066249850e-02 
1219.000  3.9488007600e-01  3.0881753920e-02 
1220.000  3.9761383200e-01  3.1094875340e-02 
1221.000  3.9714032100e-01  3.1077680590e-02 
1222.000  3.9512552300e-01  3.0926324840e-02 
1223.000  3.9346166400e-01  3.0836717610e-02 
1224.000  3.9798462800e-01  3.1337875370e-02 
1225.000  3.9610995300e-01  3.1236783980e-02 
1226.000  3.9791016100e-01  3.1439966200e-02 
1227.000  3.8509034600e-01  3.0512638090e-02 
1228.000  3.9794111600e-01  3.1638050080e-02 
1229.000  3.9808818900e-01  3.1732225420e-02 
1230.000  3.9739118400e-01  3.1770214080e-02 
1231.000  3.9776004800e-01  3.1856773380e-02 
1232.000  3.9341128900e-01  3.1537721630e-02 
1233.000  3.9659118800e-01  3.1815444950e-02 
1234.000  3.9625728500e-01  3.1903141020e-02 
1235.000  3.9381452800e-01  3.1750671390e-02 
1236.000  3.9630949900e-01  3.1983304980e-02 
1237.000  3.9655958400e-01  3.2046562190e-02 
1238.000  3.9640383400e-01  3.2055561070e-02 
1239.000  3.9193212800e-01  3.1709777830e-02 
1240.000  3.9015847100e-01  3.1603225710e-02 
1241.000  3.9356634600e-01  3.1908451080e-02 
1242.000  3.9117464400e-01  3.1740411760e-02 
1243.000  3.8672473500e-01  3.1406085970e-02 
1244.000  3.8308962700e-01  3.1125801090e-02 
1245.000  3.8956185500e-01  3.1666839600e-02 
1246.000  3.8640711300e-01  3.1382709500e-02 
1247.000  3.8432684000e-01  3.1184890750e-02 
1248.000  3.8713604500e-01  3.1384389880e-02 
1249.000  3.8563320200e-01  3.1245210650e-02 
1250.000  3.8395730600e-01  3.1082561490e-02 
1251.000  3.8113161700e-01  3.0835538860e-02 
1252.000  3.7969676800e-01  3.0690227510e-02 
1253.000  3.7624792200e-01  3.0379459380e-02 
1254.000  3.7660818100e-01  3.0342014310e-02 
1255.000  3.7552648600e-01  3.0214220050e-02 
1256.000  3.7433328700e-01  3.0088268280e-02 
1257.000  3.6949130400e-01  2.9633827210e-02 
1258.000  3.6957411000e-01  2.9519666670e-02 
1259.000  3.6434759500e-01  2.9004234310e-02 
1260.000  3.6348476300e-01  2.8825666430e-02 
1261.000  3.6127238600e-01  2.8539535520e-02 
1262.000  3.5025474300e-01  2.7505046840e-02 
1263.000  3.5323204700e-01  2.7714584350e-02 
1264.000  3.4689790700e-01  2.7214124680e-02 
1265.000  3.4722132500e-01  2.7248737340e-02 
1266.000  3.4808202000e-01  2.7275297160e-02 
1267.000  3.4001555900e-01  2.6603769300e-02 
1268.000  3.3493540800e-01  2.6167583470e-02 
1269.000  3.3728760200e-01  2.6336978910e-02 
1270.000  3.4545797200e-01  2.7112546920e-02 
1271.000  3.4937289400e-01  2.7477386470e-02 
1272.000  3.4995646100e-01  2.7590269090e-02 
1273.000  3.5111505200e-01  2.7766216280e-02 
1274.000  3.5081275400e-01  2.7841199870e-02 
1275.000  3.5374939600e-01  2.8106725690e-02 
1276.000  3.5483205300e-01  2.8197687150e-02 
1277.000  3.5487322700e-01  2.8182468410e-02 
1278.000  3.5418574700e-01  2.8099061970e-02 
1279.000  3.5216356400e-01  2.7949956890e-02 
1280.000  3.5106456200e-01  2.7957571030e-02 
1281.000  3.4199359700e-01  2.7324104310e-02 
1282.000  3.0445729400e-01  2.4404939650e-02 
1283.000  3.3465209700e-01  2.6871835710e-02 
1284.000  3.4852525500e-01  2.8006013870e-02 
1285.000  3.5136342500e-01  2.8253360750e-02 
1286.000  3.5082187900e-01  2.8160634990e-02 
1287.000  3.5209349800e-01  2.8177520750e-02 
1288.000  3.4661486700e-01  2.7453521730e-02 
1289.000  3.4766735800e-01  2.7448333740e-02 
1290.000  3.3955545600e-01  2.6789567950e-02 
1291.000  3.4478468700e-01  2.7214336400e-02 
1292.000  3.4765279200e-01  2.7518264770e-02 
1293.000  3.4809201200e-01  2.7531816480e-02 
1294.000  3.4115768800e-01  2.6831245420e-02 
1295.000  3.4250708500e-01  2.6727596280e-02 
1296.000  3.4032101600e-01  2.6362142560e-02 
1297.000  3.3622973200e-01  2.5904678340e-02 
1298.000  3.3304398400e-01  2.5647314070e-02 
1299.000  3.3626665100e-01  2.5882514950e-02 
1300.000  3.3457789300e-01  2.5738466260e-02 
1301.000  3.3359842700e-01  2.5621198650e-02 
1302.000  3.2792585700e-01  2.5061237340e-02 
1303.000  3.2196102600e-01  2.4293882370e-02 
1304.000  3.2059348800e-01  2.4050903320e-02 
1305.000  3.2184542200e-01  2.4080993650e-02 
1306.000  3.2162738700e-01  2.3995950700e-02 
1307.000  3.1961754000e-01  2.3776037220e-02 
1308.000  3.1665093900e-01  2.3371112820e-02 
1309.000  3.1272329400e-01  2.2836061480e-02 
1310.000  3.1100307100e-01  2.2693002700e-02 
1311.000  3.1014959200e-01  2.2632917400e-02 
1312.000  3.0472793300e-01  2.1964330670e-02 
1313.000  2.8863837600e-01  2.0498189930e-02 
1314.000  2.9315897800e-01  2.0547027590e-02 
1315.000  2.8538868400e-01  2.0127271650e-02 
1316.000  2.9535839400e-01  2.1022903440e-02 
1317.000  2.9836172800e-01  2.1230381010e-02 
1318.000  2.8897983900e-01  2.0237411500e-02 
1319.000  2.8534454300e-01  1.9546697620e-02 
1320.000  2.7464387100e-01  1.8313669200e-02 
1321.000  2.7011636200e-01  1.7810676570e-02 
1322.000  2.7518032800e-01  1.8461540220e-02 
1323.000  2.8206133500e-01  1.9252513890e-02 
1324.000  2.8531965000e-01  1.9653366090e-02 
1325.000  2.8294137200e-01  1.9368927000e-02 
1326.000  2.7587053900e-01  1.8565231320e-02 
1327.000  2.6135705100e-01  1.6862102510e-02 
1328.000  2.4824793700e-01  1.5197255130e-02 
1329.000  2.1419184900e-01  1.1886273380e-02 
1330.000  2.0815427200e-01  1.1134039880e-02 
1331.000  2.0267174100e-01  1.0585875510e-02 
1332.000  2.0047638900e-01  1.0543052670e-02 
1333.000  2.1148384200e-01  1.1357010840e-02 
1334.000  2.1989869200e-01  1.2138241770e-02 
1335.000  2.2584049400e-01  1.2719182010e-02 
1336.000  2.2573326900e-01  1.2804900170e-02 
1337.000  2.2828859200e-01  1.2988081930e-02 
1338.000  2.3203929300e-01  1.3400573730e-02 
1339.000  2.3255316300e-01  1.3499555590e-02 
1340.000  2.3417263100e-01  1.3770445820e-02 
1341.000  2.3813020800e-01  1.3869217870e-02 
1342.000  2.3803353400e-01  1.3884924890e-02 
1343.000  2.2900849400e-01  1.2682001110e-02 
1344.000  2.1516237100e-01  1.1221954350e-02 
1345.000  1.7802873300e-01  8.0028724670e-03 
1346.000  1.5186337100e-01  5.9876470570e-03 
1347.000  1.3470060700e-01  4.8779783250e-03 
1348.000  1.1167360400e-01  3.4045538900e-03 
1349.000  1.0157147200e-01  2.8869614600e-03 
1350.000  7.9120189800e-02  1.7861325740e-03 
1351.000  6.8305137700e-02  1.3806935550e-03 
1352.000  5.2245482500e-02  8.2051253320e-04 
1353.000  3.7031242600e-02  4.5099937920e-04 
1354.000  2.9609917000e-02  3.0185666680e-04 
1355.000  2.2989620700e-02  1.9388316570e-04 
1356.000  1.7384926000e-02  1.1823438110e-04 
1357.000  1.1883078510e-02  5.9728920460e-05 
1358.000  8.7943027300e-03  3.6530412730e-05 
1359.000  4.6371904300e-03  1.2435752900e-05 
1360.000  3.0667195500e-03  6.5469751130e-06 
1361.000  2.2822903100e-03  3.9030802440e-06 
1362.000  2.1000787100e-03  3.4360603900e-06 
1363.000  3.0298721200e-03  5.9976284390e-06 
1364.000  3.5132263900e-03  7.5138569810e-06 
1365.000  3.6785383600e-03  7.9338569190e-06 
1366.000  4.2480988500e-03  9.9147865550e-06 
1367.000  3.5684712600e-03  7.7755344100e-06 
1368.000  3.1641446600e-03  6.7269373690e-06 
1369.000  3.2446888500e-03  7.0822602140e-06 
1370.000  5.3662037200e-03  1.6429014500e-05 
1371.000  9.5567420400e-03  4.1155345740e-05 
1372.000  1.7696162000e-02  1.1372131110e-04 
1373.000  2.5103453600e-02  2.0078480240e-04 
1374.000  3.0483430300e-02  2.7799838780e-04 
1375.000  3.2500671100e-02  3.1247746940e-04 
1376.000  3.0145730400e-02  2.7754721050e-04 
1377.000  2.6837209300e-02  2.2714449470e-04 
1378.000  2.0455551900e-02  1.4510771630e-04 
1379.000  1.4046699380e-02  7.8493967650e-05 
1380.000  7.9668945500e-03  3.1412728130e-05 
1381.000  4.6085469200e-03  1.3126616370e-05 
1382.000  3.2226943600e-03  7.4212872420e-06 
1383.000  3.1180834900e-03  6.9430596200e-06 
1384.000  5.0718359400e-03  1.4995976350e-05 
1385.000  7.2001154700e-03  2.6321927090e-05 
1386.000  1.0997425680e-02  5.1983959970e-05 
1387.000  2.0206237100e-02  1.4323355260e-04 
1388.000  2.6781520300e-02  2.2529321910e-04 
1389.000  3.0763854500e-02  2.8762513400e-04 
1390.000  3.1403171800e-02  3.0118796230e-04 
1391.000  2.9315252700e-02  2.6865705850e-04 
1392.000  2.2163611100e-02  1.7035487290e-04 
1393.000  1.6942347100e-02  1.1134613310e-04 
1394.000  1.2979778520e-02  7.2840489450e-05 
1395.000  1.4631306600e-02  8.8543526830e-05 
1396.000  2.0077368000e-02  1.4686265590e-04 
1397.000  2.5909697900e-02  2.2425466780e-04 
1398.000  2.6682491200e-02  2.3510211710e-04 
1399.000  2.4913551200e-02  2.1374395490e-04 
1400.000  2.3296291300e-02  1.9473090770e-04 
1401.000  2.4765144400e-02  2.1966931220e-04 
1402.000  3.0702044400e-02  3.0850106480e-04 
1403.000  3.5348379100e-02  4.0260994430e-04 
1404.000  3.3248324800e-02  3.6404353380e-04 
1405.000  3.4826857400e-02  4.0471488240e-04 
1406.000  3.2294308100e-02  3.5584443810e-04 
1407.000  3.3492391600e-02  3.9072737100e-04 
1408.000  4.0142930000e-02  5.2769851680e-04 
1409.000  4.7056562900e-02  7.0387119050e-04 
1410.000  5.7714278300e-02  9.9618554120e-04 
1411.000  6.8648603700e-02  1.3783193830e-03 
1412.000  6.6322445900e-02  1.3346953390e-03 
1413.000  7.3147294200e-02  1.6047997470e-03 
1414.000  7.2118328500e-02  1.5455788370e-03 
1415.000  7.9725565500e-02  1.8930996660e-03 
1416.000  8.5659258900e-02  2.1531693940e-03 
1417.000  8.7864665200e-02  2.2788763050e-03 
1418.000  8.8647684100e-02  2.3101208210e-03 
1419.000  8.8463069900e-02  2.3551321030e-03 
1420.000  9.0564058000e-02  2.4562485220e-03 
1421.000  1.0185723090e-01  3.0276081560e-03 
1422.000  1.0428026020e-01  3.2090070250e-03 
1423.000  1.0544317610e-01  3.3146495820e-03 
1424.000  1.0508488880e-01  3.2898705010e-03 
1425.000  1.0389198470e-01  3.1946654320e-03 
1426.000  1.0016636590e-01  3.0910089020e-03 
1427.000  1.0609620610e-01  3.3920841220e-03 
1428.000  1.1205819010e-01  3.6751191620e-03 
1429.000  1.1365959720e-01  3.8498518470e-03 
1430.000  1.1089575840e-01  3.7632026670e-03 
1431.000  1.0331305180e-01  3.3536534310e-03 
1432.000  1.0101871540e-01  3.1876497270e-03 
1433.000  1.0073403760e-01  3.1707291600e-03 
1434.000  9.6082436300e-02  2.9555950160e-03 
1435.000  1.0315296950e-01  3.3213353160e-03 
1436.000  1.0572166910e-01  3.4689342980e-03 
1437.000  1.0740684530e-01  3.5592446330e-03 
1438.000  1.1386946980e-01  3.9482328890e-03 
1439.000  1.1597092930e-01  4.0385532380e-03 
1440.000  1.1119795920e-01  3.9267888070e-03 
1441.000  1.1810454820e-01  4.2022261620e-03 
1442.000  1.1328940320e-01  3.9742965700e-03 
1443.000  1.1532559630e-01  4.0556364060e-03 
1444.000  1.1792555900e-01  4.1995544430e-03 
1445.000  1.1816167670e-01  4.2243404390e-03 
1446.000  1.2367817050e-01  4.5354671480e-03 
1447.000  1.2705838000e-01  4.7662363050e-03 
1448.000  1.2850645700e-01  4.8420476910e-03 
1449.000  1.2598339380e-01  4.6812338830e-03 
1450.000  1.2047079630e-01  4.3764195440e-03 
1451.000  1.2181960590e-01  4.4814591410e-03 
1452.000  1.2715123100e-01  4.8890676500e-03 
1453.000  1.4168477000e-01  5.7953796390e-03 
1454.000  1.5417529200e-01  6.7025089260e-03 
1455.000  1.6014919500e-01  7.2222046850e-03 
1456.000  1.6725343700e-01  7.8182029720e-03 
1457.000  1.6994336300e-01  7.9867463110e-03 
1458.000  1.7326756300e-01  8.2051630020e-03 
1459.000  1.6839927500e-01  7.7883586880e-03 
1460.000  1.6072258800e-01  7.2821631430e-03 
1461.000  1.5763938500e-01  7.0637798310e-03 
1462.000  1.4915089700e-01  6.4714136120e-03 
1463.000  1.4816197100e-01  6.4369988440e-03 
1464.000  1.4624798900e-01  6.2961292270e-03 
1465.000  1.4300315500e-01  6.0097575190e-03 
1466.000  1.3327520300e-01  5.4315643310e-03 
1467.000  1.3230846400e-01  5.2726750370e-03 
1468.000  1.2416684080e-01  4.8243856430e-03 
1469.000  1.1778636720e-01  4.3793759350e-03 
1470.000  1.1437527280e-01  4.1872096060e-03 
1471.000  1.2137523600e-01  4.7009987830e-03 
1472.000  1.3365459700e-01  5.5224647520e-03 
1473.000  1.5020168900e-01  6.7063941960e-03 
1474.000  1.5743794300e-01  7.4346289630e-03 
1475.000  1.6023723000e-01  7.5815057750e-03 
1476.000  1.6049777600e-01  7.6078844070e-03 
1477.000  1.5705734300e-01  7.3413033490e-03 
1478.000  1.5091514700e-01  6.9591937070e-03 
1479.000  1.4792175400e-01  6.6814904210e-03 
1480.000  1.5100297900e-01  6.9405679700e-03 
1481.000  1.5382621400e-01  7.2553539280e-03 
1482.000  1.6077550100e-01  7.8067188260e-03 
1483.000  1.5899650300e-01  7.7895402910e-03 
1484.000  1.6002752600e-01  7.8695764540e-03 
1485.000  1.6232783000e-01  7.9686741830e-03 
1486.000  1.6370088800e-01  8.2438812260e-03 
1487.000  1.7372207200e-01  9.1808938980e-03 
1488.000  1.5224250600e-01  8.0976982120e-03 
1489.000  1.8682948100e-01  1.0575101850e-02 
1490.000  1.9766350200e-01  1.1785215380e-02 
1491.000  2.0472619500e-01  1.2551599500e-02 
1492.000  2.0101387400e-01  1.2404629710e-02 
1493.000  2.0844378300e-01  1.3088336940e-02 
1494.000  2.0813983400e-01  1.3120719910e-02 
1495.000  2.0986333000e-01  1.3454652790e-02 
1496.000  2.0950037000e-01  1.3763756750e-02 
1497.000  2.1460858400e-01  1.4143638610e-02 
1498.000  2.2168816700e-01  1.4916919710e-02 
1499.000  2.2267685500e-01  1.5275156020e-02 
1500.000  2.2954362400e-01  1.5975314140e-02 
1501.000  2.2823727800e-01  1.5836586950e-02 
1502.000  2.2455595900e-01  1.5498467450e-02 
1503.000  2.0060038400e-01  1.3794756890e-02 
1504.000  2.0993329800e-01  1.4518501280e-02 
1505.000  2.1255548200e-01  1.4925628660e-02 
1506.000  2.1548652100e-01  1.5176214220e-02 
1507.000  2.2830212100e-01  1.6298294070e-02 
1508.000  2.2629423300e-01  1.6286891940e-02 
1509.000  2.2881767300e-01  1.6612604140e-02 
1510.000  2.3291752700e-01  1.6982637410e-02 
1511.000  2.3506394300e-01  1.7251569750e-02 
1512.000  2.3137841300e-01  1.7059537890e-02 
1513.000  2.3128819700e-01  1.7113780980e-02 
1514.000  2.2812161400e-01  1.6910728450e-02 
1515.000  2.3342610200e-01  1.7376380920e-02 
1516.000  2.3151977600e-01  1.7252830510e-02 
1517.000  2.3089843600e-01  1.7253810880e-02 
1518.000  2.3661906000e-01  1.7784212110e-02 
1519.000  2.3483673200e-01  1.7767494200e-02 
1520.000  2.3843544400e-01  1.8216272350e-02 
1521.000  2.3504650100e-01  1.8085746770e-02 
1522.000  2.3368682100e-01  1.8024700160e-02 
1523.000  2.3971207200e-01  1.8561607360e-02 
1524.000  2.3762833000e-01  1.8415147780e-02 
1525.000  2.3189329600e-01  1.7974113460e-02 
1526.000  2.3852734600e-01  1.8499622340e-02 
1527.000  2.3641460200e-01  1.8378990170e-02 
1528.000  2.3851473500e-01  1.8601659770e-02 
1529.000  2.3776819900e-01  1.8543720250e-02 
1530.000  2.2291674600e-01  1.7434463500e-02 
1531.000  2.3855716100e-01  1.8688827510e-02 
1532.000  2.3742007100e-01  1.8635623930e-02 
1533.000  2.3645841600e-01  1.8575351720e-02 
1534.000  2.3298064400e-01  1.8312761310e-02 
1535.000  2.3396763000e-01  1.8401493070e-02 
1536.000  2.3709952400e-01  1.8683877940e-02 
1537.000  2.3803581600e-01  1.8817417140e-02 
1538.000  2.3171019900e-01  1.8380212780e-02 
1539.000  2.3672428100e-01  1.8837955470e-02 
1540.000  2.2817686900e-01  1.8202301030e-02 
1541.000  2.3298857400e-01  1.8605039600e-02 
1542.000  2.3437502800e-01  1.8724353790e-02 
1543.000  2.3373711900e-01  1.8692321780e-02 
1544.000  2.3673940000e-01  1.8958709720e-02 
1545.000  2.3764743500e-01  1.9072137830e-02 
1546.000  2.3786587400e-01  1.9136329650e-02 
1547.000  2.3555578700e-01  1.8992160800e-02 
1548.000  2.2859824700e-01  1.8466104510e-02 
1549.000  2.3445714000e-01  1.8961776730e-02 
1550.000  2.3313940400e-01  1.8872816090e-02 
1551.000  2.3191181400e-01  1.8776411060e-02 
1552.000  2.3586459500e-01  1.9094244000e-02 
1553.000  2.3463138000e-01  1.9000440600e-02 
1554.000  2.2603427900e-01  1.8301116940e-02 
1555.000  2.2980594000e-01  1.8617294310e-02 
1556.000  2.2541854300e-01  1.8291122440e-02 
1557.000  2.3279919300e-01  1.8936763760e-02 
1558.000  2.3095623400e-01  1.8820819850e-02 
1559.000  2.3097419000e-01  1.8853267670e-02 
1560.000  2.2698550000e-01  1.8566883090e-02 
1561.000  2.3228274400e-01  1.9010414120e-02 
1562.000  2.3217463800e-01  1.8984022140e-02 
1563.000  2.2870448600e-01  1.8692281720e-02 
1564.000  2.2404672100e-01  1.8294858930e-02 
1565.000  2.2729907900e-01  1.8537458420e-02 
1566.000  2.2299217400e-01  1.8197736740e-02 
1567.000  2.2263493200e-01  1.8163625720e-02 
1568.000  2.1748112400e-01  1.7723541260e-02 
1569.000  2.1766302500e-01  1.7713047030e-02 
1570.000  2.1160839800e-01  1.7209409710e-02 
1571.000  2.1727829400e-01  1.7693820950e-02 
1572.000  2.1711230400e-01  1.7689615250e-02 
1573.000  2.1381451600e-01  1.7452903750e-02 
1574.000  2.1465721600e-01  1.7563621520e-02 
1575.000  1.9943630300e-01  1.6348129270e-02 
1576.000  2.1426041300e-01  1.7571228030e-02 
1577.000  1.9354372800e-01  1.5861463550e-02 
1578.000  2.1188904000e-01  1.7352991100e-02 
1579.000  2.1321156400e-01  1.7456804280e-02 
1580.000  2.1775974400e-01  1.7836992260e-02 
1581.000  2.1631553400e-01  1.7708009720e-02 
1582.000  2.1216591100e-01  1.7409107210e-02 
1583.000  2.1497010200e-01  1.7677593230e-02 
1584.000  2.1323791600e-01  1.7575244900e-02 
1585.000  2.1968362200e-01  1.8139234540e-02 
1586.000  2.1692446100e-01  1.7926704410e-02 
1587.000  2.1466326600e-01  1.7772384640e-02 
1588.000  2.1151409600e-01  1.7541584010e-02 
1589.000  1.9351332800e-01  1.6059604640e-02 
1590.000  2.0848104400e-01  1.7310699460e-02 
1591.000  2.0381040700e-01  1.6936424260e-02 
1592.000  2.1448284700e-01  1.7824672700e-02 
1593.000  2.1909767300e-01  1.8203853610e-02 
1594.000  2.1722299700e-01  1.8045440670e-02 
1595.000  2.1819620700e-01  1.8126504900e-02 
1596.000  2.0439165300e-01  1.6994640350e-02 
1597.000  2.1198062000e-01  1.7619153980e-02 
1598.000  2.1489534400e-01  1.7846630100e-02 
1599.000  2.0646025900e-01  1.7124694820e-02 
1600.000  2.0891243100e-01  1.7313335420e-02 
1601.000  2.0011767800e-01  1.6599861150e-02 
1602.000  2.0498379300e-01  1.7031425480e-02 
1603.000  2.0375619800e-01  1.6977191930e-02 
1604.000  2.0679989000e-01  1.7284519200e-02 
1605.000  2.0374208900e-01  1.7058713910e-02 
1606.000  2.0310354000e-01  1.7039375310e-02 
1607.000  2.0379080000e-01  1.7076625820e-02 
1608.000  2.0598456900e-01  1.7240680690e-02 
1609.000  2.0519243800e-01  1.7164390560e-02 
1610.000  1.9253511500e-01  1.6099201200e-02 
1611.000  1.9868010800e-01  1.6628450390e-02 
1612.000  2.0114745100e-01  1.6851957320e-02 
1613.000  2.0616541700e-01  1.7288125990e-02 
1614.000  2.0414135700e-01  1.7106651310e-02 
1615.000  2.0791144800e-01  1.7432329180e-02 
1616.000  1.9519551100e-01  1.6369901660e-02 
1617.000  2.0129783200e-01  1.6927583690e-02 
1618.000  2.0756955400e-01  1.7476711270e-02 
1619.000  2.0728847300e-01  1.7500194550e-02 
1620.000  2.0239849800e-01  1.7132337570e-02 
1621.000  1.9967231700e-01  1.6938741680e-02 
1622.000  2.0469755600e-01  1.7373886110e-02 
1623.000  2.0897713900e-01  1.7755910870e-02 
1624.000  2.1050474700e-01  1.7899044040e-02 
1625.000  2.0549111900e-01  1.7509075160e-02 
1626.000  2.0779148200e-01  1.7691135410e-02 
1627.000  2.0755310300e-01  1.7690259930e-02 
1628.000  2.0913018900e-01  1.7831445690e-02 
1629.000  2.0899384200e-01  1.7823921200e-02 
1630.000  2.0313260200e-01  1.7318159100e-02 
1631.000  2.0630921500e-01  1.7600574490e-02 
1632.000  2.0613684000e-01  1.7544174190e-02 
1633.000  2.0341697300e-01  1.7292448040e-02 
1634.000  1.9845685400e-01  1.6843866350e-02 
1635.000  2.0377670200e-01  1.7277833940e-02 
1636.000  2.0301138600e-01  1.7188983920e-02 
1637.000  1.9370287800e-01  1.6378433230e-02 
1638.000  1.9228739100e-01  1.6244796750e-02 
1639.000  1.9000531000e-01  1.6020029070e-02 
1640.000  1.9095123800e-01  1.6080612180e-02 
1641.000  1.8958792600e-01  1.5948552130e-02 
1642.000  1.8935049500e-01  1.5972331050e-02 
1643.000  1.9414904600e-01  1.6413402560e-02 
1644.000  1.9107799200e-01  1.6186010360e-02 
1645.000  1.9137702000e-01  1.6238359450e-02 
1646.000  1.9367654500e-01  1.6470668790e-02 
1647.000  1.9547699100e-01  1.6625495910e-02 
1648.000  1.9459338900e-01  1.6541189190e-02 
1649.000  1.9012262800e-01  1.6160242080e-02 
1650.000  1.9493991300e-01  1.6573154450e-02 
1651.000  1.9058785900e-01  1.6203004840e-02 
1652.000  1.9437708900e-01  1.6517456050e-02 
1653.000  1.9237617400e-01  1.6357746120e-02 
1654.000  1.9453407800e-01  1.6546241760e-02 
1655.000  1.9084938900e-01  1.6247486110e-02 
1656.000  1.9467092300e-01  1.6583171840e-02 
1657.000  1.9325777400e-01  1.6466751100e-02 
1658.000  1.9447679600e-01  1.6584951400e-02 
1659.000  1.9093944400e-01  1.6287210460e-02 
1660.000  1.9314616000e-01  1.6469112400e-02 
1661.000  1.9390105500e-01  1.6525238040e-02 
1662.000  1.9244307400e-01  1.6365251540e-02 
1663.000  1.9116887000e-01  1.6233583450e-02 
1664.000  1.9027769500e-01  1.6133375170e-02 
1665.000  1.8833660700e-01  1.5939427380e-02 
1666.000  1.8756731900e-01  1.5881963730e-02 
1667.000  1.8948282600e-01  1.6094535830e-02 
1668.000  1.8627253400e-01  1.5846886630e-02 
1669.000  1.8679766600e-01  1.5924519540e-02 
1670.000  1.9099764600e-01  1.6317838670e-02 
1671.000  1.8960099100e-01  1.6226518630e-02 
1672.000  1.8062055300e-01  1.5492669110e-02 
1673.000  1.8578005100e-01  1.5955244060e-02 
1674.000  1.8652990400e-01  1.6045494080e-02 
1675.000  1.8479891000e-01  1.5931910510e-02 
1676.000  1.8181060600e-01  1.5684559820e-02 
1677.000  1.8274024500e-01  1.5768769260e-02 
1678.000  1.8375343200e-01  1.5868302350e-02 
1679.000  1.8131207900e-01  1.5656509400e-02 
1680.000  1.7509723400e-01  1.5130795480e-02 
1681.000  1.6902876300e-01  1.4612435340e-02 
1682.000  1.7391039600e-01  1.5034715650e-02 
1683.000  1.7819998800e-01  1.5400550840e-02 
1684.000  1.8149332800e-01  1.5680936810e-02 
1685.000  1.8201297700e-01  1.5705380440e-02 
1686.000  1.7981718000e-01  1.5509977340e-02 
1687.000  1.8051286100e-01  1.5528984070e-02 
1688.000  1.8060583100e-01  1.5502609250e-02 
1689.000  1.7842716300e-01  1.5306773190e-02 
1690.000  1.7828209400e-01  1.5255839350e-02 
1691.000  1.8058863100e-01  1.5457448010e-02 
1692.000  1.8091428000e-01  1.5496397970e-02 
1693.000  1.8027547000e-01  1.5457959180e-02 
1694.000  1.8000626400e-01  1.5446020130e-02 
1695.000  1.8005211100e-01  1.5442733760e-02 
1696.000  1.7899858400e-01  1.5333147050e-02 
1697.000  1.7787281100e-01  1.5203326230e-02 
1698.000  1.7892781600e-01  1.5265460970e-02 
1699.000  1.7777206800e-01  1.5145177840e-02 
1700.000  1.7552122700e-01  1.4933338170e-02 
