 lambda   Irr_dw            Rad_up 
 550.000  1.5268668000e+00  1.0838310240e-01 
 551.000  1.5168089000e+00  1.0758715820e-01 
 552.000  1.5816013000e+00  1.1219207000e-01 
 553.000  1.5191376000e+00  1.0765914920e-01 
 554.000  1.5682779000e+00  1.1113110350e-01 
 555.000  1.5722055000e+00  1.1128031920e-01 
 556.000  1.5284255000e+00  1.0805983730e-01 
 557.000  1.4826844000e+00  1.0482234950e-01 
 558.000  1.5386050000e+00  1.0865348050e-01 
 559.000  1.4539624000e+00  1.0260973360e-01 
 560.000  1.4600221000e+00  1.0302730560e-01 
 561.000  1.6042730000e+00  1.1307374570e-01 
 562.000  1.4723093000e+00  1.0373794560e-01 
 563.000  1.5400567000e+00  1.0838999180e-01 
 564.000  1.5180880000e+00  1.0667504120e-01 
 565.000  1.5358925000e+00  1.0789969640e-01 
 566.000  1.4158182000e+00  9.9357376100e-02 
 567.000  1.5184380000e+00  1.0633255770e-01 
 568.000  1.5141815000e+00  1.0549802400e-01 
 569.000  1.4831347000e+00  1.0219032290e-01 
 570.000  1.4907739000e+00  1.0281100460e-01 
 571.000  1.4381927000e+00  9.9869163510e-02 
 572.000  1.5194978000e+00  1.0477582550e-01 
 573.000  1.5355364000e+00  1.0604780580e-01 
 574.000  1.5269914000e+00  1.0543601230e-01 
 575.000  1.4894857000e+00  1.0271765900e-01 
 576.000  1.4623237000e+00  1.0076566310e-01 
 577.000  1.5229957000e+00  1.0503929140e-01 
 578.000  1.4785984000e+00  1.0226040650e-01 
 579.000  1.4672679000e+00  1.0152253720e-01 
 580.000  1.5177703000e+00  1.0518016820e-01 
 581.000  1.4903251000e+00  1.0341827390e-01 
 582.000  1.5125608000e+00  1.0488941190e-01 
 583.000  1.5229753000e+00  1.0564973450e-01 
 584.000  1.5180087000e+00  1.0516738130e-01 
 585.000  1.5078875000e+00  1.0435372920e-01 
 586.000  1.4429749000e+00  9.9832481380e-02 
 587.000  1.4992397000e+00  1.0320178220e-01 
 588.000  1.4834827000e+00  1.0065900420e-01 
 589.000  1.3148927000e+00  8.7411956790e-02 
 590.000  1.3728628000e+00  9.1154449460e-02 
 591.000  1.4587397000e+00  9.8059448240e-02 
 592.000  1.4307340000e+00  9.5380401610e-02 
 593.000  1.4457453000e+00  9.7761070250e-02 
 594.000  1.4589116000e+00  9.8295578000e-02 
 595.000  1.4309887000e+00  9.5337348940e-02 
 596.000  1.4663839000e+00  9.9161048890e-02 
 597.000  1.4707766000e+00  9.9007873540e-02 
 598.000  1.4406385000e+00  9.7590980530e-02 
 599.000  1.4410009000e+00  9.7845825200e-02 
 600.000  1.4412987000e+00  9.8434341430e-02 
 601.000  1.4331783000e+00  9.8311073300e-02 
 602.000  1.4175028000e+00  9.7306991580e-02 
 603.000  1.4260543000e+00  9.8048141480e-02 
 604.000  1.4712248000e+00  1.0131893920e-01 
 605.000  1.4674519000e+00  1.0098353580e-01 
 606.000  1.4504417000e+00  9.9871795650e-02 
 607.000  1.4422751000e+00  9.9258178710e-02 
 608.000  1.4369695000e+00  9.8815139770e-02 
 609.000  1.4222124000e+00  9.7798332210e-02 
 610.000  1.3994216000e+00  9.6157478330e-02 
 611.000  1.4221305000e+00  9.7701164250e-02 
 612.000  1.4036016000e+00  9.6418762210e-02 
 613.000  1.3830797000e+00  9.4945747380e-02 
 614.000  1.3326598000e+00  9.1492012020e-02 
 615.000  1.3970137000e+00  9.5814643860e-02 
 616.000  1.3282810000e+00  9.1114891050e-02 
 617.000  1.3357746000e+00  9.1611785890e-02 
 618.000  1.3987839000e+00  9.5816070560e-02 
 619.000  1.3859682000e+00  9.4975036620e-02 
 620.000  1.4064302000e+00  9.6257095340e-02 
 621.000  1.4306093000e+00  9.7896209720e-02 
 622.000  1.3551457000e+00  9.2669235230e-02 
 623.000  1.3656944000e+00  9.3243255620e-02 
 624.000  1.3671579000e+00  9.3390907290e-02 
 625.000  1.3301249000e+00  9.0846832280e-02 
 626.000  1.3368622000e+00  9.1117424010e-02 
 627.000  1.3592488000e+00  9.2116546630e-02 
 628.000  1.3410862000e+00  8.9918212890e-02 
 629.000  1.3747436000e+00  9.2456245420e-02 
 630.000  1.3291275000e+00  8.9851676940e-02 
 631.000  1.3778910000e+00  9.3220008850e-02 
 632.000  1.2834601700e+00  8.6460792540e-02 
 633.000  1.3776885000e+00  9.3241455080e-02 
 634.000  1.3363159000e+00  9.0597892760e-02 
 635.000  1.3607563000e+00  9.2253952030e-02 
 636.000  1.3128160300e+00  8.9082542420e-02 
 637.000  1.3561415000e+00  9.2078048710e-02 
 638.000  1.3772409000e+00  9.3697135930e-02 
 639.000  1.3658664000e+00  9.2803024290e-02 
 640.000  1.3230157200e+00  9.0115715030e-02 
 641.000  1.3421299000e+00  9.1375648500e-02 
 642.000  1.3260240100e+00  9.0324798580e-02 
 643.000  1.3492390000e+00  9.1714546200e-02 
 644.000  1.3337742800e+00  9.0566589360e-02 
 645.000  1.3454321300e+00  9.1148139950e-02 
 646.000  1.2941737700e+00  8.6594764710e-02 
 647.000  1.3117372400e+00  8.7028770450e-02 
 648.000  1.3094112300e+00  8.6234794620e-02 
 649.000  1.3354022900e+00  8.8420104980e-02 
 650.000  1.2374952300e+00  8.3069847110e-02 
 651.000  1.3330314400e+00  8.9465705870e-02 
 652.000  1.3073316200e+00  8.6680145260e-02 
 653.000  1.3337171100e+00  8.9635726930e-02 
 654.000  1.3162663300e+00  8.8209159850e-02 
 655.000  1.2815745900e+00  8.5422943120e-02 
 656.000  1.0880600400e+00  7.2619255070e-02 
 657.000  1.1612992600e+00  7.7716728210e-02 
 658.000  1.2935557600e+00  8.7042099000e-02 
 659.000  1.2966840500e+00  8.7452690120e-02 
 660.000  1.3068700800e+00  8.8252510070e-02 
 661.000  1.3126364100e+00  8.8995185850e-02 
 662.000  1.3315399300e+00  9.0407180790e-02 
 663.000  1.3167570600e+00  8.9308242800e-02 
 664.000  1.2958509200e+00  8.7916679380e-02 
 665.000  1.3015017100e+00  8.8307037350e-02 
 666.000  1.3171961200e+00  8.9487777710e-02 
 667.000  1.2910647300e+00  8.7659530640e-02 
 668.000  1.2984159800e+00  8.8270576480e-02 
 669.000  1.3169549700e+00  8.9579505920e-02 
 670.000  1.3015207600e+00  8.8416610720e-02 
 671.000  1.2874599100e+00  8.7493400570e-02 
 672.000  1.2833965500e+00  8.7195610050e-02 
 673.000  1.2925732800e+00  8.7786308290e-02 
 674.000  1.2950873400e+00  8.7961074830e-02 
 675.000  1.2753347100e+00  8.6572326660e-02 
 676.000  1.2994214800e+00  8.8211990360e-02 
 677.000  1.2735827900e+00  8.6467567440e-02 
 678.000  1.2946741100e+00  8.7863288880e-02 
 679.000  1.2764030000e+00  8.6557487490e-02 
 680.000  1.2666164600e+00  8.5857490540e-02 
 681.000  1.2679852300e+00  8.5875564580e-02 
 682.000  1.2653641200e+00  8.5609138490e-02 
 683.000  1.2736753100e+00  8.6076728820e-02 
 684.000  1.2506889100e+00  8.4476036070e-02 
 685.000  1.2648109200e+00  8.5416358950e-02 
 686.000  1.2091938900e+00  8.1366310120e-02 
 687.000  1.1187377700e+00  7.2317176820e-02 
 688.000  1.1483750400e+00  7.5136215210e-02 
 689.000  1.1429754200e+00  7.4556327820e-02 
 690.000  1.1634111700e+00  7.6372306820e-02 
 691.000  1.1869187000e+00  7.8396965030e-02 
 692.000  1.1899274700e+00  7.8619766240e-02 
 693.000  1.1890075000e+00  7.7180770870e-02 
 694.000  1.1911697300e+00  7.6216484070e-02 
 695.000  1.1783025100e+00  7.5902191160e-02 
 696.000  1.1966364700e+00  7.7420166020e-02 
 697.000  1.2192497400e+00  8.0905639650e-02 
 698.000  1.1923098700e+00  7.8612426760e-02 
 699.000  1.1958547100e+00  7.7118240360e-02 
 700.000  1.1847928200e+00  7.6639160160e-02 
 701.000  1.1541844100e+00  7.4246940610e-02 
 702.000  1.1513463300e+00  7.4322685240e-02 
 703.000  1.1825807900e+00  7.7700897220e-02 
 704.000  1.1865353500e+00  7.8035308840e-02 
 705.000  1.1892899100e+00  7.7605232240e-02 
 706.000  1.1778094900e+00  7.6967262270e-02 
 707.000  1.1621885400e+00  7.6160438540e-02 
 708.000  1.1982930700e+00  7.8756645200e-02 
 709.000  1.1604185400e+00  7.6713874820e-02 
 710.000  1.1817453500e+00  7.7554840090e-02 
 711.000  1.1751190100e+00  7.7609802250e-02 
 712.000  1.1631255800e+00  7.7281700130e-02 
 713.000  1.1545118300e+00  7.6312423710e-02 
 714.000  1.1728040300e+00  7.7323623660e-02 
 715.000  1.1259188600e+00  7.3609680180e-02 
 716.000  1.1491398800e+00  7.4481544490e-02 
 717.000  1.0773536700e+00  6.6594436650e-02 
 718.000  1.0450991800e+00  6.2656791690e-02 
 719.000  1.0234907000e+00  6.0599998470e-02 
 720.000  1.0167245800e+00  5.9269958500e-02 
 721.000  1.0773325800e+00  6.7377021790e-02 
 722.000  1.1146064000e+00  7.1308090210e-02 
 723.000  1.0994939800e+00  6.9375160220e-02 
 724.000  1.0697956900e+00  6.4909355160e-02 
 725.000  1.0633194000e+00  6.4887092590e-02 
 726.000  1.0595516600e+00  6.4548172000e-02 
 727.000  1.0802374200e+00  6.6136039730e-02 
 728.000  1.0560170500e+00  6.4305992130e-02 
 729.000  1.0270336200e+00  6.3464782710e-02 
 730.000  1.0624429200e+00  6.5500213620e-02 
 731.000  1.0419521700e+00  6.4103958130e-02 
 732.000  1.0842231900e+00  6.8326080320e-02 
 733.000  1.0887427200e+00  7.0306594850e-02 
 734.000  1.1215263400e+00  7.3235130310e-02 
 735.000  1.1087486000e+00  7.2067619320e-02 
 736.000  1.0814364400e+00  6.9772171020e-02 
 737.000  1.1005447300e+00  7.1365753170e-02 
 738.000  1.1042217100e+00  7.2167366030e-02 
 739.000  1.0712316600e+00  7.0279907230e-02 
 740.000  1.0875288800e+00  7.1900299070e-02 
 741.000  1.0823796800e+00  7.1962234500e-02 
 742.000  1.0659780900e+00  7.1031570430e-02 
 743.000  1.1005159900e+00  7.3684776310e-02 
 744.000  1.1123217700e+00  7.4655052190e-02 
 745.000  1.0844541900e+00  7.2930259700e-02 
 746.000  1.1003567000e+00  7.4064323430e-02 
 747.000  1.1169498400e+00  7.5162940980e-02 
 748.000  1.0976332400e+00  7.3897880550e-02 
 749.000  1.0981340300e+00  7.3963050840e-02 
 750.000  1.0816880400e+00  7.2783271790e-02 
 751.000  1.0789250800e+00  7.2594505310e-02 
 752.000  1.0959354300e+00  7.3799888610e-02 
 753.000  1.0857445400e+00  7.3127998350e-02 
 754.000  1.1028599200e+00  7.4287490840e-02 
 755.000  1.0965576200e+00  7.3860145570e-02 
 756.000  1.0751206600e+00  7.2414131160e-02 
 757.000  1.0830561900e+00  7.2945205690e-02 
 758.000  1.0808182800e+00  7.2747261050e-02 
 759.000  9.9923665000e-01  6.5776260380e-02 
 760.000  5.1111212000e-01  2.7349660870e-02 
 761.000  4.6176705000e-01  2.4001281740e-02 
 762.000  7.3675974000e-01  4.4145671840e-02 
 763.000  6.6868730000e-01  3.8527435300e-02 
 764.000  7.1468514000e-01  4.1973468780e-02 
 765.000  8.1588021000e-01  5.0104736330e-02 
 766.000  8.8214326000e-01  5.6643535610e-02 
 767.000  9.4537597000e-01  6.1843727110e-02 
 768.000  1.0158206800e+00  6.7295509340e-02 
 769.000  1.0331873400e+00  6.9040191650e-02 
 770.000  1.0381098300e+00  6.9654548650e-02 
 771.000  1.0436124100e+00  7.0191337590e-02 
 772.000  1.0406943800e+00  7.0038024900e-02 
 773.000  1.0367976800e+00  6.9794944760e-02 
 774.000  1.0482238600e+00  7.0582679750e-02 
 775.000  1.0090018300e+00  6.7956436160e-02 
 776.000  1.0506665900e+00  7.0808036800e-02 
 777.000  1.0433890700e+00  7.0309280400e-02 
 778.000  1.0377815900e+00  6.9902496340e-02 
 779.000  1.0411445000e+00  7.0091407780e-02 
 780.000  1.0282495400e+00  6.9246421810e-02 
 781.000  1.0266659600e+00  6.9141311650e-02 
 782.000  1.0390260600e+00  6.9906761170e-02 
 783.000  1.0147373300e+00  6.8335533140e-02 
 784.000  1.0202877700e+00  6.8658523560e-02 
 785.000  1.0221639000e+00  6.8586082460e-02 
 786.000  1.0032915300e+00  6.7137901310e-02 
 787.000  1.0152086800e+00  6.7418014530e-02 
 788.000  9.9844917000e-01  6.6095161440e-02 
 789.000  9.9864456000e-01  6.5333831790e-02 
 790.000  9.8806299000e-01  6.4539848330e-02 
 791.000  9.8404535000e-01  6.4434173580e-02 
 792.000  9.6941260000e-01  6.3565505980e-02 
 793.000  9.7068361000e-01  6.3945545200e-02 
 794.000  9.6544516000e-01  6.4279891970e-02 
 795.000  9.5732117000e-01  6.3253505710e-02 
 796.000  9.6576005000e-01  6.2888290410e-02 
 797.000  9.7409852000e-01  6.3736560820e-02 
 798.000  9.7960093000e-01  6.4733192440e-02 
 799.000  9.7766820000e-01  6.4421516420e-02 
 800.000  9.4858896000e-01  6.2041210170e-02 
 801.000  9.6673058000e-01  6.3282394410e-02 
 802.000  9.6441835000e-01  6.3054313660e-02 
 803.000  9.5119435000e-01  6.2273075100e-02 
 804.000  9.6147572000e-01  6.3206703190e-02 
 805.000  9.3833218000e-01  6.2121940610e-02 
 806.000  9.6568057000e-01  6.4158348080e-02 
 807.000  9.5979470000e-01  6.3808506010e-02 
 808.000  9.5302863000e-01  6.3178821560e-02 
 809.000  9.3547759000e-01  6.1822780610e-02 
 810.000  9.2972867000e-01  6.1226665500e-02 
 811.000  9.4133591000e-01  6.1615234380e-02 
 812.000  9.3364504000e-01  6.0628070830e-02 
 813.000  9.2391911000e-01  5.9365539550e-02 
 814.000  9.1495614000e-01  5.8113258360e-02 
 815.000  8.9536441000e-01  5.6039745330e-02 
 816.000  8.7452377000e-01  5.3733158110e-02 
 817.000  8.8054789000e-01  5.4140155790e-02 
 818.000  8.7625195000e-01  5.3895317080e-02 
 819.000  8.5677883000e-01  5.3075805660e-02 
 820.000  8.5422679000e-01  5.4006980900e-02 
 821.000  8.9907829000e-01  5.8144115450e-02 
 822.000  8.6149378000e-01  5.4654884340e-02 
 823.000  8.3778478000e-01  5.0651466370e-02 
 824.000  8.8072575000e-01  5.5458553310e-02 
 825.000  8.9825509000e-01  5.8224342350e-02 
 826.000  9.0061750000e-01  5.8050373080e-02 
 827.000  8.9529893000e-01  5.7469745640e-02 
 828.000  8.8111093000e-01  5.5524303440e-02 
 829.000  8.8511522000e-01  5.6098697660e-02 
 830.000  8.7591359000e-01  5.5914489750e-02 
 831.000  8.6160886000e-01  5.5090221410e-02 
 832.000  8.7966620000e-01  5.6271617890e-02 
 833.000  8.5494322000e-01  5.4998119350e-02 
 834.000  8.7062775000e-01  5.6303092960e-02 
 835.000  8.7789092000e-01  5.7261566160e-02 
 836.000  8.8631837000e-01  5.7732746120e-02 
 837.000  8.7876494000e-01  5.7193893430e-02 
 838.000  8.8451140000e-01  5.7876735690e-02 
 839.000  8.5836097000e-01  5.6317039490e-02 
 840.000  8.8184687000e-01  5.7878467560e-02 
 841.000  8.8266874000e-01  5.7726638790e-02 
 842.000  8.7842132000e-01  5.7597492220e-02 
 843.000  8.7533780000e-01  5.7891925810e-02 
 844.000  8.6208132000e-01  5.7219341280e-02 
 845.000  8.7572108000e-01  5.8217205050e-02 
 846.000  8.8408236000e-01  5.8918846130e-02 
 847.000  8.5418954000e-01  5.7081779480e-02 
 848.000  8.7836393000e-01  5.8481231690e-02 
 849.000  8.8009087000e-01  5.8683940890e-02 
 850.000  7.6051512000e-01  5.0571926120e-02 
 851.000  8.7074747000e-01  5.7761207580e-02 
 852.000  8.3776856000e-01  5.5632915500e-02 
 853.000  8.4822807000e-01  5.6435688020e-02 
 854.000  6.8189669000e-01  4.5392299650e-02 
 855.000  7.5094115000e-01  5.0102588650e-02 
 856.000  8.5271959000e-01  5.7005748750e-02 
 857.000  8.6655636000e-01  5.8078010560e-02 
 858.000  8.5277409000e-01  5.7173603060e-02 
 859.000  8.5284458000e-01  5.7258052830e-02 
 860.000  8.4531376000e-01  5.6836498260e-02 
 861.000  8.4520914000e-01  5.6826816560e-02 
 862.000  8.4244730000e-01  5.6615619660e-02 
 863.000  8.5855380000e-01  5.7782287600e-02 
 864.000  8.5683971000e-01  5.7576221470e-02 
 865.000  8.4088521000e-01  5.6615367890e-02 
 866.000  7.0533070000e-01  4.7530315400e-02 
 867.000  7.5109462000e-01  5.0470561980e-02 
 868.000  8.1459823000e-01  5.4811382290e-02 
 869.000  8.0316864000e-01  5.4045360570e-02 
 870.000  8.3629481000e-01  5.6366474150e-02 
 871.000  8.3511513000e-01  5.6242870330e-02 
 872.000  8.3175144000e-01  5.5859821320e-02 
 873.000  8.3508442000e-01  5.6176200870e-02 
 874.000  8.1677265000e-01  5.4886573790e-02 
 875.000  8.0926415000e-01  5.4491512300e-02 
 876.000  8.1597650000e-01  5.4880142210e-02 
 877.000  8.3223195000e-01  5.5866165160e-02 
 878.000  8.1789426000e-01  5.4938697810e-02 
 879.000  8.1979340000e-01  5.5109859470e-02 
 880.000  8.1500224000e-01  5.4636310580e-02 
 881.000  7.7262563000e-01  5.1820785520e-02 
 882.000  8.1526596000e-01  5.4532016750e-02 
 883.000  7.9667934000e-01  5.3437316890e-02 
 884.000  8.0345461000e-01  5.4055072780e-02 
 885.000  8.1164712000e-01  5.4230957030e-02 
 886.000  7.8497205000e-01  5.2418369290e-02 
 887.000  7.7697794000e-01  5.1922943120e-02 
 888.000  8.0023008000e-01  5.3344074250e-02 
 889.000  8.0565774000e-01  5.3927749630e-02 
 890.000  8.0302939000e-01  5.3650672910e-02 
 891.000  7.9827102000e-01  5.3103355410e-02 
 892.000  7.9400670000e-01  5.2513118740e-02 
 893.000  7.5820093000e-01  4.9136718750e-02 
 894.000  7.8033421000e-01  5.0175781250e-02 
 895.000  7.3067244000e-01  4.5947341920e-02 
 896.000  7.4476862000e-01  4.5698040010e-02 
 897.000  7.1231441000e-01  4.2814659120e-02 
 898.000  7.0630375000e-01  4.1931365970e-02 
 899.000  6.8501136000e-01  3.9390247340e-02 
 900.000  6.7085444000e-01  3.8669425960e-02 
 901.000  6.5132568000e-01  3.7262882230e-02 
 902.000  6.4017581000e-01  3.6694389340e-02 
 903.000  7.0536489000e-01  4.2518405910e-02 
 904.000  7.3940796000e-01  4.5881553650e-02 
 905.000  7.3663564000e-01  4.5870845790e-02 
 906.000  7.0444913000e-01  4.3070308690e-02 
 907.000  6.9344713000e-01  4.0949066160e-02 
 908.000  6.6171479000e-01  3.8139560700e-02 
 909.000  6.4927058000e-01  3.7439319610e-02 
 910.000  6.5916311000e-01  3.8135097500e-02 
 911.000  6.6718639000e-01  3.9309909820e-02 
 912.000  6.6385444000e-01  3.8663444520e-02 
 913.000  6.5817305000e-01  3.7162647250e-02 
 914.000  6.6431498000e-01  3.8073993680e-02 
 915.000  6.6150122000e-01  3.8536132810e-02 
 916.000  6.7090991000e-01  3.9169361110e-02 
 917.000  6.6468537000e-01  3.9060283660e-02 
 918.000  6.6681868000e-01  3.9536544800e-02 
 919.000  6.9457776000e-01  4.2665008540e-02 
 920.000  7.0202357000e-01  4.3861537930e-02 
 921.000  6.8358134000e-01  4.2501464840e-02 
 922.000  6.7718156000e-01  4.2162921910e-02 
 923.000  6.4512920000e-01  3.9672824860e-02 
 924.000  6.6322877000e-01  4.0412319180e-02 
 925.000  6.7129948000e-01  4.0789325710e-02 
 926.000  6.4722134000e-01  3.9170528410e-02 
 927.000  6.6053821000e-01  3.9438999180e-02 
 928.000  6.4776556000e-01  3.7491256710e-02 
 929.000  6.1449561000e-01  3.4031410220e-02 
 930.000  5.8166393000e-01  3.0408424380e-02 
 931.000  5.4562528000e-01  2.6649045940e-02 
 932.000  4.9299146000e-01  2.1849668500e-02 
 933.000  4.5733782000e-01  1.8904434200e-02 
 934.000  4.1423986000e-01  1.5913626670e-02 
 935.000  4.0405125000e-01  1.5378092770e-02 
 936.000  4.1668332000e-01  1.6308208470e-02 
 937.000  4.2181185000e-01  1.6410057070e-02 
 938.000  4.5984683000e-01  1.9415685650e-02 
 939.000  5.6932366000e-01  2.9164316180e-02 
 940.000  5.8120381000e-01  3.0529636380e-02 
 941.000  5.5530055000e-01  2.8590171810e-02 
 942.000  5.0382564000e-01  2.4509454730e-02 
 943.000  4.7608351000e-01  2.0904769900e-02 
 944.000  4.5928073000e-01  2.0006910320e-02 
 945.000  4.8345860000e-01  2.1827144620e-02 
 946.000  4.9100844000e-01  2.2229473110e-02 
 947.000  5.0523686000e-01  2.3670688630e-02 
 948.000  5.1833503000e-01  2.4771751400e-02 
 949.000  5.1852136000e-01  2.4739389420e-02 
 950.000  5.1761482000e-01  2.4826501850e-02 
 951.000  5.3662800000e-01  2.6861610410e-02 
 952.000  5.1270573000e-01  2.4562675480e-02 
 953.000  5.2776543000e-01  2.6132097240e-02 
 954.000  5.3991395000e-01  2.7656297680e-02 
 955.000  4.9098378000e-01  2.4526752470e-02 
 956.000  5.2035239000e-01  2.5886751170e-02 
 957.000  5.6331604000e-01  3.0351671220e-02 
 958.000  5.7305303000e-01  3.1205411910e-02 
 959.000  5.6797835000e-01  3.0599956510e-02 
 960.000  5.6044779000e-01  3.0115474700e-02 
 961.000  5.5081915000e-01  2.9438104630e-02 
 962.000  5.5672121000e-01  2.9940559390e-02 
 963.000  5.7860708000e-01  3.2376827240e-02 
 964.000  5.7516918000e-01  3.2382617950e-02 
 965.000  5.7994075000e-01  3.2552940370e-02 
 966.000  5.6432670000e-01  3.1765375140e-02 
 967.000  5.9725960000e-01  3.4586891170e-02 
 968.000  6.1698679000e-01  3.7369827270e-02 
 969.000  6.3252205000e-01  3.9057685850e-02 
 970.000  6.3484118000e-01  3.9252708440e-02 
 971.000  6.2892252000e-01  3.8872379300e-02 
 972.000  6.3009815000e-01  3.8733131410e-02 
 973.000  6.1647152000e-01  3.7427925110e-02 
 974.000  5.9772300000e-01  3.5739440920e-02 
 975.000  5.9467354000e-01  3.5198257450e-02 
 976.000  6.0933733000e-01  3.6516010280e-02 
 977.000  6.0579118000e-01  3.7025352480e-02 
 978.000  6.1973716000e-01  3.7830265050e-02 
 979.000  6.0472401000e-01  3.7113258360e-02 
 980.000  6.2541654000e-01  3.9162509920e-02 
 981.000  6.3237995000e-01  3.9786685940e-02 
 982.000  6.2827624000e-01  3.9361587520e-02 
 983.000  6.3276258000e-01  4.0071533200e-02 
 984.000  6.3486776000e-01  4.0667125700e-02 
 985.000  6.3815274000e-01  4.1155143740e-02 
 986.000  6.3755613000e-01  4.1489627840e-02 
 987.000  6.4681334000e-01  4.2267726900e-02 
 988.000  6.3926840000e-01  4.1811573030e-02 
 989.000  6.3141860000e-01  4.1322956090e-02 
 990.000  6.3726652000e-01  4.1746475220e-02 
 991.000  6.4416108000e-01  4.2348678590e-02 
 992.000  6.3866441000e-01  4.2029262540e-02 
 993.000  6.3879150000e-01  4.2052463530e-02 
 994.000  6.4349831000e-01  4.2494342800e-02 
 995.000  6.3977070000e-01  4.2348278050e-02 
 996.000  6.3963389000e-01  4.2336231230e-02 
 997.000  6.3966447000e-01  4.2272045140e-02 
 998.000  6.3656427000e-01  4.1999011990e-02 
 999.000  6.3470801000e-01  4.1848522190e-02 
1000.000  6.2986327000e-01  4.1547599790e-02 
1001.000  6.3188853000e-01  4.1533809660e-02 
1002.000  6.2858316000e-01  4.1090240480e-02 
1003.000  6.2178452000e-01  4.0693668370e-02 
1004.000  6.1788427000e-01  4.0560649870e-02 
1005.000  5.7783681000e-01  3.7982112880e-02 
1006.000  6.0819225000e-01  3.9994308470e-02 
1007.000  6.1884197000e-01  4.0648727420e-02 
1008.000  6.1960905000e-01  4.0518585210e-02 
1009.000  6.1337481000e-01  3.9880027770e-02 
1010.000  6.1674943000e-01  4.0197658540e-02 
1011.000  6.1602634000e-01  4.0397132870e-02 
1012.000  6.1717764000e-01  4.0569450380e-02 
1013.000  6.1347286000e-01  4.0403297420e-02 
1014.000  6.1769861000e-01  4.0742958070e-02 
1015.000  6.0634544000e-01  4.0031223300e-02 
1016.000  6.1055712000e-01  4.0375938420e-02 
1017.000  6.0464723000e-01  4.0030284880e-02 
1018.000  6.1219349000e-01  4.0521713260e-02 
1019.000  5.9744335000e-01  3.9486312870e-02 
1020.000  5.9644725000e-01  3.9425716400e-02 
1021.000  6.0292258000e-01  3.9865314480e-02 
1022.000  5.9296795000e-01  3.9049308780e-02 
1023.000  6.0358403000e-01  3.9608074190e-02 
1024.000  6.0006897000e-01  3.9274726870e-02 
1025.000  6.0119243000e-01  3.9455780030e-02 
1026.000  6.0245987000e-01  3.9601760860e-02 
1027.000  5.9857882000e-01  3.9357238770e-02 
1028.000  6.0017888000e-01  3.9529819490e-02 
1029.000  5.9156090000e-01  3.9070549010e-02 
1030.000  5.9800966000e-01  3.9609081270e-02 
1031.000  5.9636859000e-01  3.9580024720e-02 
1032.000  5.9445814000e-01  3.9509655000e-02 
1033.000  5.8355023000e-01  3.8776515960e-02 
1034.000  5.8925107000e-01  3.9158966060e-02 
1035.000  5.8155607000e-01  3.8621669770e-02 
1036.000  5.9116950000e-01  3.9262645720e-02 
1037.000  5.7872192000e-01  3.8425739290e-02 
1038.000  5.8444606000e-01  3.8793663020e-02 
1039.000  5.8683132000e-01  3.8928375240e-02 
1040.000  5.7988382000e-01  3.8447097780e-02 
1041.000  5.8290717000e-01  3.8627227780e-02 
1042.000  5.8463490000e-01  3.8726013180e-02 
1043.000  5.7454286000e-01  3.8043716430e-02 
1044.000  5.8025638000e-01  3.8404243470e-02 
1045.000  5.7772062000e-01  3.8262783050e-02 
1046.000  5.6091583000e-01  3.7186103820e-02 
1047.000  5.7120930000e-01  3.7904342650e-02 
1048.000  5.7687377000e-01  3.8321083070e-02 
1049.000  5.7317005000e-01  3.8120189670e-02 
1050.000  5.7076392000e-01  3.7991992950e-02 
1051.000  5.6974420000e-01  3.7891868590e-02 
1052.000  5.6706170000e-01  3.7682044980e-02 
1053.000  5.6564756000e-01  3.7562408450e-02 
1054.000  5.6144343000e-01  3.7242977140e-02 
1055.000  5.6553162000e-01  3.7471508030e-02 
1056.000  5.6400694000e-01  3.7335079190e-02 
1057.000  5.6295207000e-01  3.7215595250e-02 
1058.000  5.5691457000e-01  3.6733901980e-02 
1059.000  5.3941228000e-01  3.5604972840e-02 
1060.000  5.5892526000e-01  3.6965694430e-02 
1061.000  5.3931876000e-01  3.5674793240e-02 
1062.000  5.5419021000e-01  3.6616214750e-02 
1063.000  5.4480621000e-01  3.5976047520e-02 
1064.000  5.5153332000e-01  3.6341445920e-02 
1065.000  5.5070761000e-01  3.6186927800e-02 
1066.000  5.3383928000e-01  3.5051074980e-02 
1067.000  5.4643891000e-01  3.5819858550e-02 
1068.000  5.4370996000e-01  3.5484897610e-02 
1069.000  5.0249255000e-01  3.2714244840e-02 
1070.000  5.3237061000e-01  3.4691978450e-02 
1071.000  5.3285611000e-01  3.4670639040e-02 
1072.000  5.3424535000e-01  3.4710720060e-02 
1073.000  5.1659272000e-01  3.3571815490e-02 
1074.000  5.3475328000e-01  3.4785636900e-02 
1075.000  5.1872847000e-01  3.3864257810e-02 
1076.000  5.2975941000e-01  3.4523876190e-02 
1077.000  5.2807517000e-01  3.4333282470e-02 
1078.000  5.2884402000e-01  3.4288639070e-02 
1079.000  5.0839862000e-01  3.2956504820e-02 
1080.000  5.2182766000e-01  3.3576087950e-02 
1081.000  5.0253458000e-01  3.2318828580e-02 
1082.000  5.0966160000e-01  3.2853034970e-02 
1083.000  4.9505810000e-01  3.1750732420e-02 
1084.000  5.1294521000e-01  3.2724189760e-02 
1085.000  5.0375899000e-01  3.1791387560e-02 
1086.000  5.1093748000e-01  3.2286464690e-02 
1087.000  4.8222631000e-01  3.0787849430e-02 
1088.000  5.1153774000e-01  3.2715621950e-02 
1089.000  4.8878275000e-01  3.0885099410e-02 
1090.000  4.9876138000e-01  3.1474893570e-02 
1091.000  5.0266022000e-01  3.1835409160e-02 
1092.000  4.8933479000e-01  3.0824975970e-02 
1093.000  4.7950020000e-01  2.9806398390e-02 
1094.000  4.3475939200e-01  2.6835380550e-02 
1095.000  4.7086830200e-01  2.9060672760e-02 
1096.000  4.7219546000e-01  2.9150375370e-02 
1097.000  4.6215157600e-01  2.8395011900e-02 
1098.000  4.4488583400e-01  2.6371580120e-02 
1099.000  4.3461675100e-01  2.4935735700e-02 
1100.000  4.4290145600e-01  2.5463546750e-02 
1101.000  4.4355760200e-01  2.5610824580e-02 
1102.000  4.2443110300e-01  2.4445886610e-02 
1103.000  4.4235235800e-01  2.5545116420e-02 
1104.000  4.3716371500e-01  2.5104057310e-02 
1105.000  4.3143249200e-01  2.4436223980e-02 
1106.000  4.2263210400e-01  2.3622058870e-02 
1107.000  4.2346665800e-01  2.3729850770e-02 
1108.000  4.2313522700e-01  2.3742691040e-02 
1109.000  4.2961580900e-01  2.4344976430e-02 
1110.000  4.3137759300e-01  2.4359306340e-02 
1111.000  4.2342740800e-01  2.3732439040e-02 
1112.000  4.0711164600e-01  2.2153579710e-02 
1113.000  3.8847201500e-01  2.0229188920e-02 
1114.000  3.8828484400e-01  1.9895257950e-02 
1115.000  3.6276291100e-01  1.7468261720e-02 
1116.000  3.4464696300e-01  1.5950278280e-02 
1117.000  3.1573743700e-01  1.3384705540e-02 
1118.000  2.8185337400e-01  1.0963642120e-02 
1119.000  2.5804207100e-01  9.5280590060e-03 
1120.000  2.3790603700e-01  8.2228012080e-03 
1121.000  2.3482963700e-01  7.9833040240e-03 
1122.000  2.1108902200e-01  6.6493463520e-03 
1123.000  2.2492708800e-01  7.3651194570e-03 
1124.000  2.3387197000e-01  7.8458757400e-03 
1125.000  2.2472197700e-01  7.4367451670e-03 
1126.000  2.1867759000e-01  7.2009248730e-03 
1127.000  2.2784077400e-01  7.5602684020e-03 
1128.000  2.2705424500e-01  7.6423430440e-03 
1129.000  2.4984140300e-01  8.9825916290e-03 
1130.000  2.9856851900e-01  1.2206409450e-02 
1131.000  3.1547657400e-01  1.3359413150e-02 
1132.000  2.9754782000e-01  1.1991355900e-02 
1133.000  2.5538846800e-01  9.4000186920e-03 
1134.000  1.8681797700e-01  5.5376658440e-03 
1135.000  1.9446233700e-01  5.8909473420e-03 
1136.000  2.6153812300e-01  9.7944536210e-03 
1137.000  2.9973904000e-01  1.2300029750e-02 
1138.000  3.2018021200e-01  1.4343074800e-02 
1139.000  3.3617834900e-01  1.5534442900e-02 
1140.000  3.3117597900e-01  1.5057331090e-02 
1141.000  3.0965670200e-01  1.3653533940e-02 
1142.000  3.1380012000e-01  1.3670480730e-02 
1143.000  2.9492810800e-01  1.2382660870e-02 
1144.000  2.7768024700e-01  1.1189189910e-02 
1145.000  2.5685142400e-01  9.7191753390e-03 
1146.000  2.6485251400e-01  1.0176939960e-02 
1147.000  2.8392612700e-01  1.1452712060e-02 
1148.000  2.9651307500e-01  1.2469433780e-02 
1149.000  3.0342460900e-01  1.2982809070e-02 
1150.000  3.0217285100e-01  1.2982215880e-02 
1151.000  3.1001196800e-01  1.3692568780e-02 
1152.000  3.1363940000e-01  1.4040059090e-02 
1153.000  3.1930889600e-01  1.4568639760e-02 
1154.000  3.1956007500e-01  1.4543248180e-02 
1155.000  3.3235240700e-01  1.5688053130e-02 
1156.000  3.4076831800e-01  1.6718597410e-02 
1157.000  3.7008992400e-01  1.9501453400e-02 
1158.000  3.8042133700e-01  2.0629718780e-02 
1159.000  3.8361971000e-01  2.1322298050e-02 
1160.000  3.8219910900e-01  2.1471767430e-02 
1161.000  3.8270935800e-01  2.2017807010e-02 
1162.000  4.0298294900e-01  2.3619674680e-02 
1163.000  4.1252164600e-01  2.4692132950e-02 
1164.000  4.0596323100e-01  2.4407112120e-02 
1165.000  4.1429914100e-01  2.4990392680e-02 
1166.000  4.0510553000e-01  2.4564743040e-02 
1167.000  4.1263391400e-01  2.5103860860e-02 
1168.000  4.1584279100e-01  2.5280395510e-02 
1169.000  4.0252699300e-01  2.4550949100e-02 
1170.000  4.1435803100e-01  2.5344614030e-02 
1171.000  4.1901914100e-01  2.5800241470e-02 
1172.000  4.1608102400e-01  2.5527265550e-02 
1173.000  4.1158721900e-01  2.5165639880e-02 
1174.000  4.1188991800e-01  2.5193378450e-02 
1175.000  4.1133095400e-01  2.5413112640e-02 
1176.000  4.0521555500e-01  2.5267780300e-02 
1177.000  4.1588228500e-01  2.5822237010e-02 
1178.000  4.0512965700e-01  2.4934640880e-02 
1179.000  4.0332110700e-01  2.4826725010e-02 
1180.000  4.0763024200e-01  2.5014028550e-02 
1181.000  4.0203201400e-01  2.4468118670e-02 
1182.000  3.9903745900e-01  2.4084306720e-02 
1183.000  3.7627619400e-01  2.2731706620e-02 
1184.000  3.9521686600e-01  2.3988317490e-02 
1185.000  4.0534327600e-01  2.4888340000e-02 
1186.000  4.0149151700e-01  2.4565532680e-02 
1187.000  3.9664265500e-01  2.3982856750e-02 
1188.000  3.9346202300e-01  2.3716678620e-02 
1189.000  3.7335735000e-01  2.2656728740e-02 
1190.000  3.9942896000e-01  2.4670452120e-02 
1191.000  4.0796883400e-01  2.5316301350e-02 
1192.000  4.0903386600e-01  2.5564208980e-02 
1193.000  4.0847968900e-01  2.5462564470e-02 
1194.000  4.0720362100e-01  2.5354949950e-02 
1195.000  3.9941975000e-01  2.4686101910e-02 
1196.000  3.9960996500e-01  2.4731599810e-02 
1197.000  3.9793778700e-01  2.4542467120e-02 
1198.000  3.8423373500e-01  2.3683626170e-02 
1199.000  3.6812188900e-01  2.2590141300e-02 
1200.000  3.9243573900e-01  2.4151254650e-02 
1201.000  3.9568957900e-01  2.4387037280e-02 
1202.000  3.9659737800e-01  2.4497583390e-02 
1203.000  3.7619248500e-01  2.3206529620e-02 
1204.000  3.8303712800e-01  2.3691854480e-02 
1205.000  3.9719766600e-01  2.4894344330e-02 
1206.000  3.9724147000e-01  2.5045681000e-02 
1207.000  4.0091543200e-01  2.5338663100e-02 
1208.000  3.9435798000e-01  2.4873559950e-02 
1209.000  3.6859315900e-01  2.3172201160e-02 
1210.000  3.9239926100e-01  2.4532096860e-02 
1211.000  3.7900662500e-01  2.3681648250e-02 
1212.000  3.9142985800e-01  2.4501907350e-02 
1213.000  3.9501772600e-01  2.4866573330e-02 
1214.000  3.9295819200e-01  2.4730388640e-02 
1215.000  3.9503408100e-01  2.4923404690e-02 
1216.000  3.9679506400e-01  2.5260814670e-02 
1217.000  3.9839850300e-01  2.5558172230e-02 
1218.000  3.9797445900e-01  2.5626598360e-02 
1219.000  3.9474624700e-01  2.5477495190e-02 
1220.000  3.9747988600e-01  2.5651460650e-02 
1221.000  3.9700648100e-01  2.5632335660e-02 
1222.000  3.9499275500e-01  2.5501951220e-02 
1223.000  3.9332906700e-01  2.5428466800e-02 
1224.000  3.9784941600e-01  2.5848594670e-02 
1225.000  3.9597549700e-01  2.5766004560e-02 
1226.000  3.9777440300e-01  2.5935325620e-02 
1227.000  3.8495801600e-01  2.5173988340e-02 
1228.000  3.9780371700e-01  2.6107025150e-02 
1229.000  3.9794947600e-01  2.6186365130e-02 
1230.000  3.9725216800e-01  2.6220247270e-02 
1231.000  3.9762063700e-01  2.6292770390e-02 
1232.000  3.9327349500e-01  2.6028551100e-02 
1233.000  3.9645155500e-01  2.6256298070e-02 
1234.000  3.9611633300e-01  2.6333698270e-02 
1235.000  3.9367468100e-01  2.6207120900e-02 
1236.000  3.9616790000e-01  2.6396978380e-02 
1237.000  3.9641769900e-01  2.6448448180e-02 
1238.000  3.9626143800e-01  2.6453374860e-02 
1239.000  3.9179119200e-01  2.6165052410e-02 
1240.000  3.9001851300e-01  2.6081668850e-02 
1241.000  3.9342567100e-01  2.6336107250e-02 
1242.000  3.9103601600e-01  2.6199453350e-02 
1243.000  3.8658832900e-01  2.5925842290e-02 
1244.000  3.8295515200e-01  2.5695878980e-02 
1245.000  3.8942587900e-01  2.6141925810e-02 
1246.000  3.8627304000e-01  2.5895792010e-02 
1247.000  3.8419426800e-01  2.5720829010e-02 
1248.000  3.8700327900e-01  2.5873260500e-02 
1249.000  3.8550147800e-01  2.5747627260e-02 
1250.000  3.8382685100e-01  2.5601919170e-02 
1251.000  3.8100308200e-01  2.5391738890e-02 
1252.000  3.7956964500e-01  2.5265560150e-02 
1253.000  3.7612308100e-01  2.5002819060e-02 
1254.000  3.7648493600e-01  2.4962549210e-02 
1255.000  3.7540498500e-01  2.4849933620e-02 
1256.000  3.7421346700e-01  2.4740016940e-02 
1257.000  3.6937362500e-01  2.4351856230e-02 
1258.000  3.6945882600e-01  2.4238637920e-02 
1259.000  3.6423577500e-01  2.3798009870e-02 
1260.000  3.6337531300e-01  2.3633405690e-02 
1261.000  3.6116516300e-01  2.3379365920e-02 
1262.000  3.5015380500e-01  2.2512920380e-02 
1263.000  3.5313126600e-01  2.2683412550e-02 
1264.000  3.4679960400e-01  2.2274154660e-02 
1265.000  3.4712335200e-01  2.2303333280e-02 
1266.000  3.4798492400e-01  2.2322904590e-02 
1267.000  3.3992161400e-01  2.1771406170e-02 
1268.000  3.3484396500e-01  2.1411191940e-02 
1269.000  3.3719595300e-01  2.1546363830e-02 
1270.000  3.4536211300e-01  2.2184694290e-02 
1271.000  3.4927484100e-01  2.2483860020e-02 
1272.000  3.4985750900e-01  2.2578308110e-02 
1273.000  3.5101447900e-01  2.2725809100e-02 
1274.000  3.5071062100e-01  2.2789699550e-02 
1275.000  3.5364555300e-01  2.3004833220e-02 
1276.000  3.5472723100e-01  2.3074930190e-02 
1277.000  3.5476841400e-01  2.3056608200e-02 
1278.000  3.5408090000e-01  2.2981573100e-02 
1279.000  3.5205894800e-01  2.2858953480e-02 
1280.000  3.5095937600e-01  2.2875015260e-02 
1281.000  3.4189025000e-01  2.2366016390e-02 
1282.000  3.0436430100e-01  1.9985086440e-02 
1283.000  3.3454924400e-01  2.2011350630e-02 
1284.000  3.4841847200e-01  2.2944644930e-02 
1285.000  3.5125483800e-01  2.3146564480e-02 
1286.000  3.5071445400e-01  2.3063501360e-02 
1287.000  3.5198692000e-01  2.3067790990e-02 
1288.000  3.4651299200e-01  2.2452217100e-02 
1289.000  3.4756578700e-01  2.2439214710e-02 
1290.000  3.3945646900e-01  2.1894857410e-02 
1291.000  3.4468326300e-01  2.2229022980e-02 
1292.000  3.4754950700e-01  2.2468118670e-02 
1293.000  3.4798852900e-01  2.2464288710e-02 
1294.000  3.4105738000e-01  2.1869348530e-02 
1295.000  3.4240806000e-01  2.1759277340e-02 
1296.000  3.4022426200e-01  2.1443355560e-02 
1297.000  3.3613537000e-01  2.1059701920e-02 
1298.000  3.3295100500e-01  2.0845623020e-02 
1299.000  3.3617284400e-01  2.1031213760e-02 
1300.000  3.3448448000e-01  2.0909536360e-02 
1301.000  3.3350518100e-01  2.0807905200e-02 
1302.000  3.2783598800e-01  2.0337324140e-02 
1303.000  3.2187508600e-01  1.9690109250e-02 
1304.000  3.2050789300e-01  1.9476278310e-02 
1305.000  3.2176056700e-01  1.9488904950e-02 
1306.000  3.2154204700e-01  1.9406784060e-02 
1307.000  3.1953349600e-01  1.9221323010e-02 
1308.000  3.1656928500e-01  1.8880268100e-02 
1309.000  3.1264368500e-01  1.8430179600e-02 
1310.000  3.1092469300e-01  1.8311567310e-02 
1311.000  3.1007077600e-01  1.8258665080e-02 
1312.000  3.0465190600e-01  1.7696981430e-02 
1313.000  2.8856814200e-01  1.6493286130e-02 
1314.000  2.9308917100e-01  1.6504058840e-02 
1315.000  2.8532019000e-01  1.6171684270e-02 
1316.000  2.9528662600e-01  1.6900823590e-02 
1317.000  2.9828942400e-01  1.7062908170e-02 
1318.000  2.8891155000e-01  1.6236682890e-02 
1319.000  2.8527994500e-01  1.5649577140e-02 
1320.000  2.7458518700e-01  1.4631667140e-02 
1321.000  2.7006019600e-01  1.4216259000e-02 
1322.000  2.7512089400e-01  1.4744236950e-02 
1323.000  2.8199830500e-01  1.5387640950e-02 
1324.000  2.8525414600e-01  1.5714043620e-02 
1325.000  2.8287779400e-01  1.5472616200e-02 
1326.000  2.7581104400e-01  1.4807390210e-02 
1327.000  2.6130553200e-01  1.3412987710e-02 
1328.000  2.4820571500e-01  1.2061607360e-02 
1329.000  2.1416305500e-01  9.3972024920e-03 
1330.000  2.0812955300e-01  8.7858285900e-03 
1331.000  2.0264896800e-01  8.3418941500e-03 
1332.000  2.0045325800e-01  8.3066959380e-03 
1333.000  2.1145787900e-01  8.9518632890e-03 
1334.000  2.1986960700e-01  9.5732145310e-03 
1335.000  2.2580938100e-01  1.0034082410e-02 
1336.000  2.2570136800e-01  1.0099279400e-02 
1337.000  2.2825631000e-01  1.0238175390e-02 
1338.000  2.3200505400e-01  1.0563706400e-02 
1339.000  2.3251872200e-01  1.0634062770e-02 
1340.000  2.3413676700e-01  1.0846617700e-02 
1341.000  2.3809484800e-01  1.0905491830e-02 
1342.000  2.3799821200e-01  1.0910643580e-02 
1343.000  2.2897908100e-01  9.9374628070e-03 
1344.000  2.1513875500e-01  8.7736701970e-03 
1345.000  1.7801568100e-01  6.2331614490e-03 
1346.000  1.5185547100e-01  4.6528706550e-03 
1347.000  1.3469498500e-01  3.7863283160e-03 
1348.000  1.1167062700e-01  2.6403198240e-03 
1349.000  1.0156927140e-01  2.2375557420e-03 
1350.000  7.9119257100e-02  1.3833562140e-03 
1351.000  6.8304561800e-02  1.0690114500e-03 
1352.000  5.2245255600e-02  6.3484084610e-04 
1353.000  3.7031155300e-02  3.4860318900e-04 
1354.000  2.9609871000e-02  2.3312392830e-04 
1355.000  2.2989595400e-02  1.4959138630e-04 
1356.000  1.7384913400e-02  9.1115050020e-05 
1357.000  1.1883073530e-02  4.5948509130e-05 
1358.000  8.7943001900e-03  2.8067929670e-05 
1359.000  4.6371897900e-03  9.5294415950e-06 
1360.000  3.0667192400e-03  5.0095901820e-06 
1361.000  2.2822901500e-03  2.9812469150e-06 
1362.000  2.1000785500e-03  2.6225147300e-06 
1363.000  3.0298718100e-03  4.5798942450e-06 
1364.000  3.5132260700e-03  5.7370997970e-06 
1365.000  3.6785377400e-03  6.0547646140e-06 
1366.000  4.2480985300e-03  7.5658038260e-06 
1367.000  3.5684709500e-03  5.9279119600e-06 
1368.000  3.1641443500e-03  5.1249777900e-06 
1369.000  3.2446885400e-03  5.3935577160e-06 
1370.000  5.3662024900e-03  1.2528289110e-05 
1371.000  9.5567389700e-03  3.1417600810e-05 
1372.000  1.7696149500e-02  8.6915269490e-05 
1373.000  2.5103426300e-02  1.5347737070e-04 
1374.000  3.0483385600e-02  2.1242658790e-04 
1375.000  3.2500619800e-02  2.3861838880e-04 
1376.000  3.0145684600e-02  2.1173772220e-04 
1377.000  2.6837177500e-02  1.7309314010e-04 
1378.000  2.0455536100e-02  1.1041400580e-04 
1379.000  1.4046693210e-02  5.9618718920e-05 
1380.000  7.9668927200e-03  2.3801334200e-05 
1381.000  4.6085463100e-03  9.9200233820e-06 
1382.000  3.2226940600e-03  5.5969334210e-06 
1383.000  3.1180828800e-03  5.2303364500e-06 
1384.000  5.0718350300e-03  1.1301154270e-05 
1385.000  7.2001136600e-03  1.9836673510e-05 
1386.000  1.0997422030e-02  3.9180785420e-05 
1387.000  2.0206220300e-02  1.0800746080e-04 
1388.000  2.6781488900e-02  1.6978900130e-04 
1389.000  3.0763806000e-02  2.1658751370e-04 
1390.000  3.1403121800e-02  2.2656632960e-04 
1391.000  2.9315209300e-02  2.0173510910e-04 
1392.000  2.2163589400e-02  1.2765756250e-04 
1393.000  1.6942335100e-02  8.3268493410e-05 
1394.000  1.2979771400e-02  5.4359413680e-05 
1395.000  1.4631297100e-02  6.5985240040e-05 
1396.000  2.0077351200e-02  1.0931511220e-04 
1397.000  2.5909664500e-02  1.6668726500e-04 
1398.000  2.6682455400e-02  1.7445710300e-04 
1399.000  2.4913520200e-02  1.5833908320e-04 
1400.000  2.3296263500e-02  1.4401020110e-04 
1401.000  2.4765111900e-02  1.6193328800e-04 
1402.000  3.0701987800e-02  2.2667090590e-04 
1403.000  3.5348292600e-02  2.9480111600e-04 
1404.000  3.3248250300e-02  2.6569414140e-04 
1405.000  3.4826771200e-02  2.9435917740e-04 
1406.000  3.2294235700e-02  2.5798612830e-04 
1407.000  3.3492307400e-02  2.8228804470e-04 
1408.000  4.0142790500e-02  3.7979957460e-04 
1409.000  4.7056333900e-02  5.0455284120e-04 
1410.000  5.7713846100e-02  7.1091908220e-04 
1411.000  6.8647817600e-02  9.8029559850e-04 
1412.000  6.6321681800e-02  9.4726634030e-04 
1413.000  7.3146243900e-02  1.1356062890e-03 
1414.000  7.2117346000e-02  1.0917009120e-03 
1415.000  7.9724113800e-02  1.3327741620e-03 
1416.000  8.5657367100e-02  1.5113481280e-03 
1417.000  8.7862564800e-02  1.5956501960e-03 
1418.000  8.8645510900e-02  1.6139054300e-03 
1419.000  8.8460763600e-02  1.6414452790e-03 
1420.000  9.0561541900e-02  1.7076503040e-03 
1421.000  1.0185350760e-01  2.0996370320e-03 
1422.000  1.0427600640e-01  2.2218973640e-03 
1423.000  1.0543864800e-01  2.2917888160e-03 
1424.000  1.0508039100e-01  2.2722296710e-03 
1425.000  1.0388778640e-01  2.2048659320e-03 
1426.000  1.0016224960e-01  2.1295988560e-03 
1427.000  1.0609132140e-01  2.3345460890e-03 
1428.000  1.1205267820e-01  2.5256495480e-03 
1429.000  1.1365343890e-01  2.6417999270e-03 
1430.000  1.1088980570e-01  2.5795702930e-03 
1431.000  1.0330831150e-01  2.2997403140e-03 
1432.000  1.0101451690e-01  2.1862790580e-03 
1433.000  1.0072987600e-01  2.1741092210e-03 
1434.000  9.6078740700e-02  2.0266535280e-03 
1435.000  1.0314837520e-01  2.2748372550e-03 
1436.000  1.0571668580e-01  2.3744688030e-03 
1437.000  1.0740164340e-01  2.4351160530e-03 
1438.000  1.1386315110e-01  2.6987545490e-03 
1439.000  1.1596439070e-01  2.7594172950e-03 
1440.000  1.1119139990e-01  2.6817147730e-03 
1441.000  1.1809739100e-01  2.8698451520e-03 
1442.000  1.1328280260e-01  2.7146627900e-03 
1443.000  1.1531886880e-01  2.7704043390e-03 
1444.000  1.1791843580e-01  2.8686225410e-03 
1445.000  1.1815443820e-01  2.8856613640e-03 
1446.000  1.2366999880e-01  3.0979478360e-03 
1447.000  1.2704940300e-01  3.2555925850e-03 
1448.000  1.2849727500e-01  3.3075683120e-03 
1449.000  1.2597478910e-01  3.1980345250e-03 
1450.000  1.2046303430e-01  2.9903426170e-03 
1451.000  1.2181155270e-01  3.0621471410e-03 
1452.000  1.2714156260e-01  3.3406414990e-03 
1453.000  1.4167199800e-01  3.9618384840e-03 
1454.000  1.5415914500e-01  4.5866746900e-03 
1455.000  1.6013082600e-01  4.9465198520e-03 
1456.000  1.6723205200e-01  5.3595132830e-03 
1457.000  1.6992160100e-01  5.4761309620e-03 
1458.000  1.7324463100e-01  5.6276359560e-03 
1459.000  1.6837848800e-01  5.3393921850e-03 
1460.000  1.6070394600e-01  4.9903965000e-03 
1461.000  1.5762170800e-01  4.8425025940e-03 
1462.000  1.4913574200e-01  4.4360785480e-03 
1463.000  1.4814700700e-01  4.4154062270e-03 
1464.000  1.4623374700e-01  4.3208169940e-03 
1465.000  1.4299009000e-01  4.1252570150e-03 
1466.000  1.3326407200e-01  3.7293052670e-03 
1467.000  1.3229817300e-01  3.6219530110e-03 
1468.000  1.2415792500e-01  3.3158252240e-03 
1469.000  1.1777905650e-01  3.0122118000e-03 
1470.000  1.1436853040e-01  2.8821885590e-03 
1471.000  1.2136675440e-01  3.2386095520e-03 
1472.000  1.3364351900e-01  3.8099637030e-03 
1473.000  1.5018657500e-01  4.6376190190e-03 
1474.000  1.5741977800e-01  5.1530489920e-03 
1475.000  1.6021864800e-01  5.2607049940e-03 
1476.000  1.6047930100e-01  5.2847228050e-03 
1477.000  1.5703991000e-01  5.1033077240e-03 
1478.000  1.5089918300e-01  4.8410744670e-03 
1479.000  1.4790701400e-01  4.6503129010e-03 
1480.000  1.5098740600e-01  4.8377289770e-03 
1481.000  1.5380920100e-01  5.0659585000e-03 
1482.000  1.6075619200e-01  5.4612884520e-03 
1483.000  1.5897738400e-01  5.4563031200e-03 
1484.000  1.6000796100e-01  5.5190496440e-03 
1485.000  1.6230847800e-01  5.5938625340e-03 
1486.000  1.6368004500e-01  5.7984681130e-03 
1487.000  1.7369709100e-01  6.4738879200e-03 
1488.000  1.5222029600e-01  5.7178764340e-03 
1489.000  1.8679744500e-01  7.4872636800e-03 
1490.000  1.9762483100e-01  8.3626947400e-03 
1491.000  2.0468359600e-01  8.9288406370e-03 
1492.000  2.0097199000e-01  8.8374490740e-03 
1493.000  2.0839812800e-01  9.3460855480e-03 
1494.000  2.0809514600e-01  9.3819055560e-03 
1495.000  2.0981629500e-01  9.6407785420e-03 
1496.000  2.0945127600e-01  9.8895292280e-03 
1497.000  2.1455804600e-01  1.0173661230e-02 
1498.000  2.2163470900e-01  1.0758968350e-02 
1499.000  2.2262152800e-01  1.1045064930e-02 
1500.000  2.2948549400e-01  1.1575969700e-02 
1501.000  2.2818003400e-01  1.1478673930e-02 
1502.000  2.2449974400e-01  1.1235142710e-02 
1503.000  2.0055145900e-01  1.0002091410e-02 
1504.000  2.0988118600e-01  1.0537773130e-02 
1505.000  2.1250179800e-01  1.0856950760e-02 
1506.000  2.1543258400e-01  1.1053799630e-02 
1507.000  2.2824331800e-01  1.1895316120e-02 
1508.000  2.2623596700e-01  1.1906201360e-02 
1509.000  2.2875814400e-01  1.2164952280e-02 
1510.000  2.3285669000e-01  1.2452557560e-02 
1511.000  2.3500184100e-01  1.2664926530e-02 
1512.000  2.3131739400e-01  1.2536591530e-02 
1513.000  2.3122757000e-01  1.2589338300e-02 
1514.000  2.2806222900e-01  1.2450627330e-02 
1515.000  2.3336496600e-01  1.2801311490e-02 
1516.000  2.3145910000e-01  1.2710810660e-02 
1517.000  2.3083779200e-01  1.2712980270e-02 
1518.000  2.3655630000e-01  1.3108220100e-02 
1519.000  2.3477366300e-01  1.3100558280e-02 
1520.000  2.3837007400e-01  1.3445164680e-02 
1521.000  2.3498149500e-01  1.3367285730e-02 
1522.000  2.3362241100e-01  1.3336070060e-02 
1523.000  2.3964645200e-01  1.3749283790e-02 
1524.000  2.3756345500e-01  1.3653301240e-02 
1525.000  2.3183050800e-01  1.3335236550e-02 
1526.000  2.3846298400e-01  1.3725589750e-02 
1527.000  2.3635027600e-01  1.3638735770e-02 
1528.000  2.3844920800e-01  1.3807332040e-02 
1529.000  2.3770301400e-01  1.3764223100e-02 
1530.000  2.2285551500e-01  1.2943364140e-02 
1531.000  2.3849145500e-01  1.3873372080e-02 
1532.000  2.3735442300e-01  1.3833128930e-02 
1533.000  2.3639303500e-01  1.3785934450e-02 
1534.000  2.3291607400e-01  1.3588288310e-02 
1535.000  2.3390275100e-01  1.3651073460e-02 
1536.000  2.3703408100e-01  1.3873328210e-02 
1537.000  2.3796993000e-01  1.3986896510e-02 
1538.000  2.3164581800e-01  1.3676384930e-02 
1539.000  2.3665855600e-01  1.4031707760e-02 
1540.000  2.2811331000e-01  1.3571477890e-02 
1541.000  2.3292398800e-01  1.3876897810e-02 
1542.000  2.3431000000e-01  1.3969417570e-02 
1543.000  2.3367229600e-01  1.3949677470e-02 
1544.000  2.3667347200e-01  1.4153081890e-02 
1545.000  2.3758070700e-01  1.4243447300e-02 
1546.000  2.3779878400e-01  1.4300489430e-02 
1547.000  2.3548941500e-01  1.4202140810e-02 
1548.000  2.2853366600e-01  1.3817877770e-02 
1549.000  2.3439105100e-01  1.4197110180e-02 
1550.000  2.3307396500e-01  1.4138455390e-02 
1551.000  2.3184678500e-01  1.4067273140e-02 
1552.000  2.3579860700e-01  1.4303833010e-02 
1553.000  2.3456571200e-01  1.4232528690e-02 
1554.000  2.2597115900e-01  1.3707324030e-02 
1555.000  2.2974155900e-01  1.3943764690e-02 
1556.000  2.2535531500e-01  1.3706959720e-02 
1557.000  2.3273401400e-01  1.4204876900e-02 
1558.000  2.3089186300e-01  1.4130725860e-02 
1559.000  2.3091023600e-01  1.4167737960e-02 
1560.000  2.2692273000e-01  1.3965746880e-02 
1561.000  2.3221892700e-01  1.4304536820e-02 
1562.000  2.3211133200e-01  1.4282053950e-02 
1563.000  2.2864273000e-01  1.4061285970e-02 
1564.000  2.2398633700e-01  1.3760169980e-02 
1565.000  2.2723841800e-01  1.3940235140e-02 
1566.000  2.2293271900e-01  1.3687918660e-02 
1567.000  2.2257659300e-01  1.3669689180e-02 
1568.000  2.1742536600e-01  1.3344942090e-02 
1569.000  2.1760835900e-01  1.3343215940e-02 
1570.000  2.1155605900e-01  1.2970574380e-02 
1571.000  2.1722455100e-01  1.3342653270e-02 
1572.000  2.1705902000e-01  1.3344473840e-02 
1573.000  2.1376196600e-01  1.3172030450e-02 
1574.000  2.1460412200e-01  1.3262224200e-02 
1575.000  1.9938692300e-01  1.2350092890e-02 
1576.000  2.1420745000e-01  1.3275672910e-02 
1577.000  1.9349585400e-01  1.1977089880e-02 
1578.000  2.1183652200e-01  1.3095743180e-02 
1579.000  2.1315863500e-01  1.3166885380e-02 
1580.000  2.1770528300e-01  1.3446855550e-02 
1581.000  2.1626149600e-01  1.3344859120e-02 
1582.000  2.1211244200e-01  1.3125205040e-02 
1583.000  2.1491549700e-01  1.3333099370e-02 
1584.000  2.1318336800e-01  1.3261694910e-02 
1585.000  2.1962716200e-01  1.3692709920e-02 
1586.000  2.1686868600e-01  1.3536783220e-02 
1587.000  2.1460772800e-01  1.3426557540e-02 
1588.000  2.1145939800e-01  1.3258020400e-02 
1589.000  1.9346363400e-01  1.2141954420e-02 
1590.000  2.0842793600e-01  1.3092535020e-02 
1591.000  2.0375829800e-01  1.2812873840e-02 
1592.000  2.1442794000e-01  1.3487755780e-02 
1593.000  2.1904220500e-01  1.3777502060e-02 
1594.000  2.1716840200e-01  1.3660607340e-02 
1595.000  2.1814205900e-01  1.3725340840e-02 
1596.000  2.0434101100e-01  1.2872287750e-02 
1597.000  2.1192850900e-01  1.3348367690e-02 
1598.000  2.1484346000e-01  1.3523537640e-02 
1599.000  2.0641112500e-01  1.2978667260e-02 
1600.000  2.0886341900e-01  1.3124199870e-02 
1601.000  2.0007087100e-01  1.2587023740e-02 
1602.000  2.0493601200e-01  1.2923203470e-02 
1603.000  2.0370863100e-01  1.2892114640e-02 
1604.000  2.0675133200e-01  1.3135955810e-02 
1605.000  2.0369442500e-01  1.2973191260e-02 
1606.000  2.0305601200e-01  1.2966848370e-02 
1607.000  2.0374326600e-01  1.2988976480e-02 
1608.000  2.0593669400e-01  1.3107467650e-02 
1609.000  2.0514481300e-01  1.3043953900e-02 
1610.000  1.9249040800e-01  1.2229385380e-02 
1611.000  1.9863369700e-01  1.2627742770e-02 
1612.000  2.0109999800e-01  1.2793387410e-02 
1613.000  2.0611638700e-01  1.3120184900e-02 
1614.000  2.0409289400e-01  1.2976496700e-02 
1615.000  2.0786171200e-01  1.3218769070e-02 
1616.000  1.9514859300e-01  1.2408662800e-02 
1617.000  2.0124901400e-01  1.2839181900e-02 
1618.000  2.0751932100e-01  1.3261908530e-02 
1619.000  2.0723830000e-01  1.3287856100e-02 
1620.000  2.0234883100e-01  1.3016457560e-02 
1621.000  1.9962325200e-01  1.2875539780e-02 
1622.000  2.0464731200e-01  1.3207323070e-02 
1623.000  2.0892564900e-01  1.3499528880e-02 
1624.000  2.1045286800e-01  1.3609701160e-02 
1625.000  2.0543996600e-01  1.3316608430e-02 
1626.000  2.0774034700e-01  1.3454125400e-02 
1627.000  2.0750193200e-01  1.3457223890e-02 
1628.000  2.0907893700e-01  1.3567214970e-02 
1629.000  2.0894290100e-01  1.3563771250e-02 
1630.000  2.0308355100e-01  1.3180143360e-02 
1631.000  2.0625946800e-01  1.3396925930e-02 
1632.000  2.0608757900e-01  1.3342717170e-02 
1633.000  2.0336852100e-01  1.3142177580e-02 
1634.000  1.9840950300e-01  1.2791998860e-02 
1635.000  2.0372824000e-01  1.3112664220e-02 
1636.000  2.0296355900e-01  1.3036177640e-02 
1637.000  1.9365754500e-01  1.2413433070e-02 
1638.000  1.9224227700e-01  1.2304625510e-02 
1639.000  1.8996087600e-01  1.2125677110e-02 
1640.000  1.9090676000e-01  1.2163822170e-02 
1641.000  1.8954392800e-01  1.2059507370e-02 
1642.000  1.8930677700e-01  1.2092138290e-02 
1643.000  1.9410439900e-01  1.2440331460e-02 
1644.000  1.9103423300e-01  1.2281605720e-02 
1645.000  1.9133352500e-01  1.2334477420e-02 
1646.000  1.9363272400e-01  1.2523015020e-02 
1647.000  1.9543288600e-01  1.2640137670e-02 
1648.000  1.9454943100e-01  1.2574427600e-02 
1649.000  1.9008003400e-01  1.2283977510e-02 
1650.000  1.9489618400e-01  1.2597386360e-02 
1651.000  1.9054533200e-01  1.2314208030e-02 
1652.000  1.9433369200e-01  1.2551254270e-02 
1653.000  1.9233333100e-01  1.2429464340e-02 
1654.000  1.9449084900e-01  1.2572067260e-02 
1655.000  1.9080675800e-01  1.2345012660e-02 
1656.000  1.9462686100e-01  1.2599569320e-02 
1657.000  1.9321450700e-01  1.2510040280e-02 
1658.000  1.9443347500e-01  1.2599607470e-02 
1659.000  1.9089675500e-01  1.2372247700e-02 
1660.000  1.9310304400e-01  1.2508476260e-02 
1661.000  1.9385859200e-01  1.2545536040e-02 
1662.000  1.9240060600e-01  1.2409823420e-02 
1663.000  1.9112658800e-01  1.2296904560e-02 
1664.000  1.9023602200e-01  1.2207834240e-02 
1665.000  1.8829467500e-01  1.2047357560e-02 
1666.000  1.8752562000e-01  1.1999748230e-02 
1667.000  1.8944035600e-01  1.2169389720e-02 
1668.000  1.8623076800e-01  1.1989192010e-02 
1669.000  1.8675585500e-01  1.2055490490e-02 
1670.000  1.9095500300e-01  1.2363419530e-02 
1671.000  1.8955887200e-01  1.2300221440e-02 
1672.000  1.8058024900e-01  1.1754178050e-02 
1673.000  1.8573847700e-01  1.2114320760e-02 
1674.000  1.8648862700e-01  1.2192584990e-02 
1675.000  1.8475861800e-01  1.2116734500e-02 
1676.000  1.8177061400e-01  1.1930723190e-02 
1677.000  1.8269962100e-01  1.1991557120e-02 
1678.000  1.8371303400e-01  1.2063976290e-02 
1679.000  1.8127167100e-01  1.1900071140e-02 
1680.000  1.7505794700e-01  1.1498087880e-02 
1681.000  1.6899129800e-01  1.1102085110e-02 
1682.000  1.7387164100e-01  1.1420479770e-02 
1683.000  1.7816058100e-01  1.1695388790e-02 
1684.000  1.8145320900e-01  1.1905286790e-02 
1685.000  1.8197300400e-01  1.1919384960e-02 
1686.000  1.7977754200e-01  1.1766195300e-02 
1687.000  1.8047377600e-01  1.1771815300e-02 
1688.000  1.8056685500e-01  1.1743638040e-02 
1689.000  1.7838858000e-01  1.1589552880e-02 
1690.000  1.7824384400e-01  1.1542603490e-02 
1691.000  1.8054987400e-01  1.1695222850e-02 
1692.000  1.8087561700e-01  1.1726402280e-02 
1693.000  1.8023737900e-01  1.1699512480e-02 
1694.000  1.7996818100e-01  1.1692220690e-02 
1695.000  1.8001385300e-01  1.1689784050e-02 
1696.000  1.7896064600e-01  1.1596742630e-02 
1697.000  1.7783542200e-01  1.1486518860e-02 
1698.000  1.7889026300e-01  1.1521794320e-02 
1699.000  1.7773450400e-01  1.1419935230e-02 
1700.000  1.7548408000e-01  1.1249592780e-02 
