 lambda   Irr_dw            Rad_up 
 550.000  1.5263437000e+00  1.0625444030e-01 
 551.000  1.5162918000e+00  1.0547348790e-01 
 552.000  1.5810648000e+00  1.0998949430e-01 
 553.000  1.5186254000e+00  1.0554498290e-01 
 554.000  1.5677517000e+00  1.0895094300e-01 
 555.000  1.5716798000e+00  1.0909503940e-01 
 556.000  1.5279165000e+00  1.0593595120e-01 
 557.000  1.4821942000e+00  1.0276421360e-01 
 558.000  1.5380979000e+00  1.0651746370e-01 
 559.000  1.4534851000e+00  1.0059309390e-01 
 560.000  1.4595458000e+00  1.0100424960e-01 
 561.000  1.6037517000e+00  1.1084595490e-01 
 562.000  1.4718343000e+00  1.0168759920e-01 
 563.000  1.5395614000e+00  1.0624016570e-01 
 564.000  1.5176023000e+00  1.0454987340e-01 
 565.000  1.5354047000e+00  1.0574637600e-01 
 566.000  1.4153706000e+00  9.7367134090e-02 
 567.000  1.5179626000e+00  1.0419230650e-01 
 568.000  1.5137158000e+00  1.0336465450e-01 
 569.000  1.4826912000e+00  1.0010370640e-01 
 570.000  1.4903295000e+00  1.0070714570e-01 
 571.000  1.4377582000e+00  9.7831756590e-02 
 572.000  1.5190491000e+00  1.0262772370e-01 
 573.000  1.5350831000e+00  1.0387435150e-01 
 574.000  1.5265426000e+00  1.0327155300e-01 
 575.000  1.4890502000e+00  1.0060500340e-01 
 576.000  1.4618987000e+00  9.8690040590e-02 
 577.000  1.5225532000e+00  1.0287339780e-01 
 578.000  1.4781680000e+00  1.0015433500e-01 
 579.000  1.4668400000e+00  9.9427528380e-02 
 580.000  1.5173274000e+00  1.0301240540e-01 
 581.000  1.4898869000e+00  1.0128505710e-01 
 582.000  1.5121161000e+00  1.0271939850e-01 
 583.000  1.5225291000e+00  1.0346215820e-01 
 584.000  1.5175649000e+00  1.0298290250e-01 
 585.000  1.5074489000e+00  1.0218112950e-01 
 586.000  1.4425575000e+00  9.7751495360e-02 
 587.000  1.4988108000e+00  1.0103871150e-01 
 588.000  1.4830745000e+00  9.8530235290e-02 
 589.000  1.3145459000e+00  8.5539985660e-02 
 590.000  1.3725017000e+00  8.9199295040e-02 
 591.000  1.4583462000e+00  9.5970718380e-02 
 592.000  1.4303570000e+00  9.3339187620e-02 
 593.000  1.4453542000e+00  9.5684707640e-02 
 594.000  1.4585219000e+00  9.6205551150e-02 
 595.000  1.4306154000e+00  9.3299079900e-02 
 596.000  1.4659912000e+00  9.7059265140e-02 
 597.000  1.4703857000e+00  9.6903114320e-02 
 598.000  1.4402526000e+00  9.5524902340e-02 
 599.000  1.4406134000e+00  9.5778411870e-02 
 600.000  1.4409073000e+00  9.6361190800e-02 
 601.000  1.4327863000e+00  9.6240524290e-02 
 602.000  1.4171150000e+00  9.5252090450e-02 
 603.000  1.4256632000e+00  9.5973945620e-02 
 604.000  1.4708220000e+00  9.9172760010e-02 
 605.000  1.4670505000e+00  9.8835174560e-02 
 606.000  1.4500462000e+00  9.7744606020e-02 
 607.000  1.4418833000e+00  9.7135536190e-02 
 608.000  1.4365800000e+00  9.6695045470e-02 
 609.000  1.4218284000e+00  9.5694221500e-02 
 610.000  1.3990448000e+00  9.4081535340e-02 
 611.000  1.4217492000e+00  9.5589729310e-02 
 612.000  1.4032269000e+00  9.4333755490e-02 
 613.000  1.3827121000e+00  9.2890853880e-02 
 614.000  1.3323071000e+00  8.9511009220e-02 
 615.000  1.3966459000e+00  9.3735527040e-02 
 616.000  1.3279317000e+00  8.9138000490e-02 
 617.000  1.3354249000e+00  8.9622718810e-02 
 618.000  1.3984199000e+00  9.3731376650e-02 
 619.000  1.3856090000e+00  9.2908737180e-02 
 620.000  1.4060681000e+00  9.4159210210e-02 
 621.000  1.4302428000e+00  9.5761070250e-02 
 622.000  1.3548002000e+00  9.0644622800e-02 
 623.000  1.3653473000e+00  9.1201576230e-02 
 624.000  1.3668130000e+00  9.1347114560e-02 
 625.000  1.3297906000e+00  8.8857788090e-02 
 626.000  1.3365287000e+00  8.9117553710e-02 
 627.000  1.3589168000e+00  9.0086204530e-02 
 628.000  1.3407783000e+00  8.7924285890e-02 
 629.000  1.3744191000e+00  9.0406501770e-02 
 630.000  1.3288126000e+00  8.7865028380e-02 
 631.000  1.3775619000e+00  9.1157310490e-02 
 632.000  1.2831569200e+00  8.4544418330e-02 
 633.000  1.3773589000e+00  9.1177116390e-02 
 634.000  1.3359953000e+00  8.8594017030e-02 
 635.000  1.3604313000e+00  9.0214355470e-02 
 636.000  1.3125025500e+00  8.7113548280e-02 
 637.000  1.3558177000e+00  9.0043518070e-02 
 638.000  1.3769094000e+00  9.1628051760e-02 
 639.000  1.3655386000e+00  9.0748481750e-02 
 640.000  1.3226976200e+00  8.8126083370e-02 
 641.000  1.3418083000e+00  8.9356079100e-02 
 642.000  1.3257061700e+00  8.8327476500e-02 
 643.000  1.3489200000e+00  8.9683441160e-02 
 644.000  1.3334595400e+00  8.8556030270e-02 
 645.000  1.3451179300e+00  8.9122505190e-02 
 646.000  1.2938810700e+00  8.4654342650e-02 
 647.000  1.3114435800e+00  8.5067459110e-02 
 648.000  1.3091261200e+00  8.4284317020e-02 
 649.000  1.3351095200e+00  8.6422004700e-02 
 650.000  1.2372152100e+00  8.1204261780e-02 
 651.000  1.3327314200e+00  8.7454963680e-02 
 652.000  1.3070467200e+00  8.4718490600e-02 
 653.000  1.3334177100e+00  8.7618988040e-02 
 654.000  1.3159729600e+00  8.6217453000e-02 
 655.000  1.2812936800e+00  8.3486656190e-02 
 656.000  1.0878211700e+00  7.0972549440e-02 
 657.000  1.1610437900e+00  7.5955215450e-02 
 658.000  1.2932685800e+00  8.5074851990e-02 
 659.000  1.2963949100e+00  8.5475509640e-02 
 660.000  1.3065791200e+00  8.6256599430e-02 
 661.000  1.3123414700e+00  8.6993186950e-02 
 662.000  1.3312403400e+00  8.8379173280e-02 
 663.000  1.3164621400e+00  8.7307502750e-02 
 664.000  1.2955609100e+00  8.5950820920e-02 
 665.000  1.3012114700e+00  8.6335807800e-02 
 666.000  1.3169024400e+00  8.7499214170e-02 
 667.000  1.2907771800e+00  8.5712348940e-02 
 668.000  1.2981274100e+00  8.6318206790e-02 
 669.000  1.3166634400e+00  8.7603080750e-02 
 670.000  1.3012329600e+00  8.6466567990e-02 
 671.000  1.2871764000e+00  8.5564384460e-02 
 672.000  1.2831151000e+00  8.5272163390e-02 
 673.000  1.2922910300e+00  8.5848381040e-02 
 674.000  1.2948053100e+00  8.6019081120e-02 
 675.000  1.2750572100e+00  8.4657333370e-02 
 676.000  1.2991400400e+00  8.6260810850e-02 
 677.000  1.2733077900e+00  8.4555480960e-02 
 678.000  1.2943956600e+00  8.5919052120e-02 
 679.000  1.2761292900e+00  8.4638900760e-02 
 680.000  1.2663466300e+00  8.3954338070e-02 
 681.000  1.2677167500e+00  8.3968681340e-02 
 682.000  1.2650972600e+00  8.3703781130e-02 
 683.000  1.2734077600e+00  8.4156822200e-02 
 684.000  1.2504286100e+00  8.2589904790e-02 
 685.000  1.2645468500e+00  8.3505599980e-02 
 686.000  1.2089450600e+00  7.9536964420e-02 
 687.000  1.1185418100e+00  7.0664161680e-02 
 688.000  1.1481675700e+00  7.3422943120e-02 
 689.000  1.1427718000e+00  7.2855056760e-02 
 690.000  1.1632001700e+00  7.4630973820e-02 
 691.000  1.1866981100e+00  7.6611824040e-02 
 692.000  1.1897057200e+00  7.6829154970e-02 
 693.000  1.1887907700e+00  7.5403724670e-02 
 694.000  1.1909575700e+00  7.4450248720e-02 
 695.000  1.1780902500e+00  7.4145988460e-02 
 696.000  1.1964186600e+00  7.5630638120e-02 
 697.000  1.2190164400e+00  7.9057128910e-02 
 698.000  1.1920853900e+00  7.6808593750e-02 
 699.000  1.1956405200e+00  7.5330505370e-02 
 700.000  1.1845806100e+00  7.4863494870e-02 
 701.000  1.1539796300e+00  7.2523117070e-02 
 702.000  1.1511418300e+00  7.2601394650e-02 
 703.000  1.1823631100e+00  7.5915473940e-02 
 704.000  1.1863159300e+00  7.6245536800e-02 
 705.000  1.1890739700e+00  7.5820343020e-02 
 706.000  1.1775935200e+00  7.5200286870e-02 
 707.000  1.1619816000e+00  7.4412986760e-02 
 708.000  1.1980759000e+00  7.6956619260e-02 
 709.000  1.1602064400e+00  7.4965820310e-02 
 710.000  1.1815323600e+00  7.5782958980e-02 
 711.000  1.1749046000e+00  7.5840133670e-02 
 712.000  1.1629106900e+00  7.5523490910e-02 
 713.000  1.1543024000e+00  7.4571281430e-02 
 714.000  1.1725924800e+00  7.5555068970e-02 
 715.000  1.1256967100e+00  7.1917907710e-02 
 716.000  1.1489413700e+00  7.2760589600e-02 
 717.000  1.0771824300e+00  6.5021903990e-02 
 718.000  1.0449458300e+00  6.1154083250e-02 
 719.000  1.0233377900e+00  5.9134864810e-02 
 720.000  1.0165772600e+00  5.7826187130e-02 
 721.000  1.0771598800e+00  6.5789657590e-02 
 722.000  1.1144209300e+00  6.9641021730e-02 
 723.000  1.0993167600e+00  6.7741897580e-02 
 724.000  1.0696323400e+00  6.3351898190e-02 
 725.000  1.0631611200e+00  6.3333198550e-02 
 726.000  1.0593876100e+00  6.3000259400e-02 
 727.000  1.0800720500e+00  6.4552474980e-02 
 728.000  1.0558568300e+00  6.2761211400e-02 
 729.000  1.0268750000e+00  6.1948589320e-02 
 730.000  1.0622798500e+00  6.3932327270e-02 
 731.000  1.0417936200e+00  6.2571670530e-02 
 732.000  1.0840527700e+00  6.6710517880e-02 
 733.000  1.0885643400e+00  6.8664627080e-02 
 734.000  1.1213319500e+00  7.1533119200e-02 
 735.000  1.1085654800e+00  7.0390190120e-02 
 736.000  1.0812609000e+00  6.8145126340e-02 
 737.000  1.1003624000e+00  6.9705741880e-02 
 738.000  1.1040398000e+00  7.0495903020e-02 
 739.000  1.0710519000e+00  6.8656776430e-02 
 740.000  1.0873431100e+00  7.0247016910e-02 
 741.000  1.0821929000e+00  7.0317184450e-02 
 742.000  1.0657936900e+00  6.9413909910e-02 
 743.000  1.1003231700e+00  7.2015060420e-02 
 744.000  1.1121260500e+00  7.2970664980e-02 
 745.000  1.0842632900e+00  7.1290794370e-02 
 746.000  1.1001627100e+00  7.2402359010e-02 
 747.000  1.1167526900e+00  7.3480491640e-02 
 748.000  1.0974390900e+00  7.2247451780e-02 
 749.000  1.0979400100e+00  7.2316017150e-02 
 750.000  1.0814982200e+00  7.1164253230e-02 
 751.000  1.0787363700e+00  7.0979141240e-02 
 752.000  1.0957434200e+00  7.2160469060e-02 
 753.000  1.0855549100e+00  7.1503829960e-02 
 754.000  1.1026677300e+00  7.2637191770e-02 
 755.000  1.0963670000e+00  7.2219581600e-02 
 756.000  1.0749344600e+00  7.0806777950e-02 
 757.000  1.0828688700e+00  7.1325798030e-02 
 758.000  1.0806331700e+00  7.1132598880e-02 
 759.000  9.9908821000e-01  6.4303413390e-02 
 760.000  5.1107579000e-01  2.6696380620e-02 
 761.000  4.6173744000e-01  2.3422483440e-02 
 762.000  7.3667914000e-01  4.3120952610e-02 
 763.000  6.6862622000e-01  3.7622970580e-02 
 764.000  7.1461436000e-01  4.0992168430e-02 
 765.000  8.1578161000e-01  4.8948467250e-02 
 766.000  8.8202075000e-01  5.5358810420e-02 
 767.000  9.4523782000e-01  6.0448432920e-02 
 768.000  1.0156656400e+00  6.5782485960e-02 
 769.000  1.0330229000e+00  6.7492851260e-02 
 770.000  1.0379402500e+00  6.8094558720e-02 
 771.000  1.0434399100e+00  6.8620376590e-02 
 772.000  1.0405216100e+00  6.8469253540e-02 
 773.000  1.0366258800e+00  6.8231025700e-02 
 774.000  1.0480507400e+00  6.9001434330e-02 
 775.000  1.0088349000e+00  6.6432434080e-02 
 776.000  1.0504931000e+00  6.9220214840e-02 
 777.000  1.0432170100e+00  6.8731864930e-02 
 778.000  1.0376111600e+00  6.8332939150e-02 
 779.000  1.0409740100e+00  6.8516304020e-02 
 780.000  1.0280811500e+00  6.7688850400e-02 
 781.000  1.0264986600e+00  6.7584411620e-02 
 782.000  1.0388565100e+00  6.8330108640e-02 
 783.000  1.0145725200e+00  6.6794151310e-02 
 784.000  1.0201229900e+00  6.7108474730e-02 
 785.000  1.0220003500e+00  6.7032203670e-02 
 786.000  1.0031333200e+00  6.5613632200e-02 
 787.000  1.0150524800e+00  6.5879653930e-02 
 788.000  9.9829750000e-01  6.4583572390e-02 
 789.000  9.9849805000e-01  6.3829483030e-02 
 790.000  9.8791976000e-01  6.3050624850e-02 
 791.000  9.8390018000e-01  6.2948806760e-02 
 792.000  9.6927106000e-01  6.2100101470e-02 
 793.000  9.7053943000e-01  6.2474082950e-02 
 794.000  9.6529788000e-01  6.2808742520e-02 
 795.000  9.5717834000e-01  6.1797172550e-02 
 796.000  9.6562181000e-01  6.1431991580e-02 
 797.000  9.7395945000e-01  6.2263759610e-02 
 798.000  9.7945636000e-01  6.3244422910e-02 
 799.000  9.7752590000e-01  6.2936244960e-02 
 800.000  9.4845317000e-01  6.0604812620e-02 
 801.000  9.6659419000e-01  6.1818241120e-02 
 802.000  9.6427953000e-01  6.1593364720e-02 
 803.000  9.5105898000e-01  6.0831634520e-02 
 804.000  9.6133817000e-01  6.1747920990e-02 
 805.000  9.3819512000e-01  6.0693534850e-02 
 806.000  9.6553881000e-01  6.2684864040e-02 
 807.000  9.5965411000e-01  6.2344615940e-02 
 808.000  9.5289032000e-01  6.1725822450e-02 
 809.000  9.3534332000e-01  6.0398708340e-02 
 810.000  9.2959616000e-01  5.9813159940e-02 
 811.000  9.4120334000e-01  6.0184429170e-02 
 812.000  9.3351708000e-01  5.9219161990e-02 
 813.000  9.2379606000e-01  5.7977722170e-02 
 814.000  9.1483779000e-01  5.6748615260e-02 
 815.000  8.9525216000e-01  5.4716201780e-02 
 816.000  8.7441701000e-01  5.2454872130e-02 
 817.000  8.8043912000e-01  5.2851337430e-02 
 818.000  8.7614645000e-01  5.2609474180e-02 
 819.000  8.5667376000e-01  5.1815490720e-02 
 820.000  8.5411811000e-01  5.2734954830e-02 
 821.000  8.9895894000e-01  5.6787143710e-02 
 822.000  8.6138387000e-01  5.3369724270e-02 
 823.000  8.3768270000e-01  4.9440925600e-02 
 824.000  8.8061554000e-01  5.4155231480e-02 
 825.000  8.9813727000e-01  5.6876777650e-02 
 826.000  9.0049956000e-01  5.6704029080e-02 
 827.000  8.9518354000e-01  5.6135868070e-02 
 828.000  8.8100169000e-01  5.4227138520e-02 
 829.000  8.8500432000e-01  5.4792373660e-02 
 830.000  8.7580249000e-01  5.4617931370e-02 
 831.000  8.6149956000e-01  5.3817352290e-02 
 832.000  8.7955469000e-01  5.4975524900e-02 
 833.000  8.5483317000e-01  5.3740467070e-02 
 834.000  8.7051502000e-01  5.5023147580e-02 
 835.000  8.7777894000e-01  5.5965488430e-02 
 836.000  8.8620235000e-01  5.6432704930e-02 
 837.000  8.7865144000e-01  5.5909339900e-02 
 838.000  8.8440041000e-01  5.6585140230e-02 
 839.000  8.5824762000e-01  5.5064598080e-02 
 840.000  8.8173090000e-01  5.6594657900e-02 
 841.000  8.8255236000e-01  5.6441974640e-02 
 842.000  8.7830506000e-01  5.6315380100e-02 
 843.000  8.7522023000e-01  5.6608642580e-02 
 844.000  8.6196482000e-01  5.5951435090e-02 
 845.000  8.7560221000e-01  5.6927242280e-02 
 846.000  8.8396198000e-01  5.7614471440e-02 
 847.000  8.5407277000e-01  5.5819526670e-02 
 848.000  8.7824557000e-01  5.7183956150e-02 
 849.000  8.7997231000e-01  5.7383651730e-02 
 850.000  7.6041347000e-01  4.9446842190e-02 
 851.000  8.7063182000e-01  5.6472785950e-02 
 852.000  8.3765762000e-01  5.4392990110e-02 
 853.000  8.4811506000e-01  5.5175998690e-02 
 854.000  6.8180621000e-01  4.4379787450e-02 
 855.000  7.5084104000e-01  4.8986473080e-02 
 856.000  8.5260559000e-01  5.5734050750e-02 
 857.000  8.6643996000e-01  5.6785034180e-02 
 858.000  8.5265854000e-01  5.5899227140e-02 
 859.000  8.5272898000e-01  5.5981372830e-02 
 860.000  8.4519913000e-01  5.5570129390e-02 
 861.000  8.4509471000e-01  5.5553722380e-02 
 862.000  8.4233339000e-01  5.5339046480e-02 
 863.000  8.5843813000e-01  5.6475757600e-02 
 864.000  8.5672435000e-01  5.6263759610e-02 
 865.000  8.4077202000e-01  5.5322032930e-02 
 866.000  7.0523581000e-01  4.6440155030e-02 
 867.000  7.5099392000e-01  4.9301715850e-02 
 868.000  8.1448954000e-01  5.3538829800e-02 
 869.000  8.0306159000e-01  5.2784385680e-02 
 870.000  8.3618328000e-01  5.5048797610e-02 
 871.000  8.3500404000e-01  5.4925914760e-02 
 872.000  8.3164104000e-01  5.4545642850e-02 
 873.000  8.3497432000e-01  5.4859031680e-02 
 874.000  8.1666523000e-01  5.3597324370e-02 
 875.000  8.0915772000e-01  5.3216445920e-02 
 876.000  8.1586960000e-01  5.3593952180e-02 
 877.000  8.3212349000e-01  5.4553840640e-02 
 878.000  8.1778832000e-01  5.3651126860e-02 
 879.000  8.1968772000e-01  5.3820079800e-02 
 880.000  8.1489778000e-01  5.3352779390e-02 
 881.000  7.7252693000e-01  5.0604370120e-02 
 882.000  8.1516223000e-01  5.3245994570e-02 
 883.000  7.9657818000e-01  5.2181575780e-02 
 884.000  8.0335243000e-01  5.2790214540e-02 
 885.000  8.1154460000e-01  5.2948707580e-02 
 886.000  7.8487458000e-01  5.1180553440e-02 
 887.000  7.7688094000e-01  5.0694690700e-02 
 888.000  8.0013100000e-01  5.2076267240e-02 
 889.000  8.0555865000e-01  5.2652717590e-02 
 890.000  8.0293031000e-01  5.2379543300e-02 
 891.000  7.9817354000e-01  5.1840179440e-02 
 892.000  7.9391167000e-01  5.1260971070e-02 
 893.000  7.5811501000e-01  4.7951000210e-02 
 894.000  7.8024816000e-01  4.8961879730e-02 
 895.000  7.3059433000e-01  4.4828838350e-02 
 896.000  7.4469325000e-01  4.4571025850e-02 
 897.000  7.1224572000e-01  4.1753360750e-02 
 898.000  7.0623657000e-01  4.0884651180e-02 
 899.000  6.8494876000e-01  3.8391105650e-02 
 900.000  6.7079345000e-01  3.7687526700e-02 
 901.000  6.5126674000e-01  3.6313140870e-02 
 902.000  6.4011793000e-01  3.5759090420e-02 
 903.000  7.0529663000e-01  4.1457668300e-02 
 904.000  7.3933213000e-01  4.4746135710e-02 
 905.000  7.3656078000e-01  4.4742748260e-02 
 906.000  7.0438091000e-01  4.2003219600e-02 
 907.000  6.9338258000e-01  3.9917797090e-02 
 908.000  6.6165527000e-01  3.7165630340e-02 
 909.000  6.4921218000e-01  3.6482887270e-02 
 910.000  6.5910389000e-01  3.7161720280e-02 
 911.000  6.6712511000e-01  3.8319572450e-02 
 912.000  6.6379418000e-01  3.7680004120e-02 
 913.000  6.5811610000e-01  3.6205730440e-02 
 914.000  6.6425623000e-01  3.7100204470e-02 
 915.000  6.6144176000e-01  3.7562713620e-02 
 916.000  6.7084994000e-01  3.8180744170e-02 
 917.000  6.6462533000e-01  3.8077667240e-02 
 918.000  6.6675792000e-01  3.8546798710e-02 
 919.000  6.9451285000e-01  4.1621833800e-02 
 920.000  7.0195272000e-01  4.2790256500e-02 
 921.000  6.8350982000e-01  4.1456825260e-02 
 922.000  6.7711569000e-01  4.1125183110e-02 
 923.000  6.4506620000e-01  3.8679325100e-02 
 924.000  6.6316722000e-01  3.9399421690e-02 
 925.000  6.7123724000e-01  3.9760078430e-02 
 926.000  6.4716149000e-01  3.8173416140e-02 
 927.000  6.6047919000e-01  3.8431335450e-02 
 928.000  6.4770988000e-01  3.6513202670e-02 
 929.000  6.1444620000e-01  3.3119880680e-02 
 930.000  5.8162215000e-01  2.9571443560e-02 
 931.000  5.4559170000e-01  2.5907932280e-02 
 932.000  4.9296760000e-01  2.1234470370e-02 
 933.000  4.5731925000e-01  1.8367464070e-02 
 934.000  4.1422573000e-01  1.5457667350e-02 
 935.000  4.0403778000e-01  1.4937582020e-02 
 936.000  4.1666852000e-01  1.5843193050e-02 
 937.000  4.2179709000e-01  1.5942369460e-02 
 938.000  4.5982731000e-01  1.8869197850e-02 
 939.000  5.6928536000e-01  2.8361413960e-02 
 940.000  5.8116276000e-01  2.9695621490e-02 
 941.000  5.5526285000e-01  2.7804656980e-02 
 942.000  5.0379563000e-01  2.3830385210e-02 
 943.000  4.7606136000e-01  2.0319755550e-02 
 944.000  4.5925982000e-01  1.9445926670e-02 
 945.000  4.8343465000e-01  2.1216815950e-02 
 946.000  4.9098398000e-01  2.1607679370e-02 
 947.000  5.0520952000e-01  2.3010431290e-02 
 948.000  5.1830568000e-01  2.4081424710e-02 
 949.000  5.1849220000e-01  2.4049592970e-02 
 950.000  5.1758534000e-01  2.4134132390e-02 
 951.000  5.3659423000e-01  2.6113964080e-02 
 952.000  5.1267672000e-01  2.3875427250e-02 
 953.000  5.2773309000e-01  2.5401878360e-02 
 954.000  5.3987828000e-01  2.6885498050e-02 
 955.000  4.9095328000e-01  2.3840034480e-02 
 956.000  5.2032033000e-01  2.5160987850e-02 
 957.000  5.6327471000e-01  2.9511981960e-02 
 958.000  5.7301028000e-01  3.0343610760e-02 
 959.000  5.6793678000e-01  2.9750324250e-02 
 960.000  5.6040700000e-01  2.9277181630e-02 
 961.000  5.5077957000e-01  2.8616842270e-02 
 962.000  5.5668080000e-01  2.9106050490e-02 
 963.000  5.7856203000e-01  3.1486551280e-02 
 964.000  5.7512395000e-01  3.1493753430e-02 
 965.000  5.7989544000e-01  3.1657489780e-02 
 966.000  5.6428266000e-01  3.0891817090e-02 
 967.000  5.9721104000e-01  3.3647094730e-02 
 968.000  6.1693298000e-01  3.6371166230e-02 
 969.000  6.3246421000e-01  3.8019260410e-02 
 970.000  6.3478446000e-01  3.8208660130e-02 
 971.000  6.2886544000e-01  3.7838291170e-02 
 972.000  6.3004176000e-01  3.7700721740e-02 
 973.000  6.1641831000e-01  3.6426754000e-02 
 974.000  5.9767326000e-01  3.4778476720e-02 
 975.000  5.9462411000e-01  3.4248004910e-02 
 976.000  6.0928655000e-01  3.5534824370e-02 
 977.000  6.0573871000e-01  3.6036666870e-02 
 978.000  6.1968345000e-01  3.6819774630e-02 
 979.000  6.0467262000e-01  3.6123493190e-02 
 980.000  6.2536032000e-01  3.8124549870e-02 
 981.000  6.3232441000e-01  3.8728214260e-02 
 982.000  6.2822000000e-01  3.8307621000e-02 
 983.000  6.3270458000e-01  3.8996391300e-02 
 984.000  6.3480835000e-01  3.9574607850e-02 
 985.000  6.3809243000e-01  4.0046707150e-02 
 986.000  6.3749342000e-01  4.0370468140e-02 
 987.000  6.4682923000e-01  4.1123443600e-02 
 988.000  6.3920413000e-01  4.0674396510e-02 
 989.000  6.3135641000e-01  4.0193778990e-02 
 990.000  6.3720463000e-01  4.0600223540e-02 
 991.000  6.4409709000e-01  4.1187782290e-02 
 992.000  6.3860090000e-01  4.0877494810e-02 
 993.000  6.3872816000e-01  4.0900333400e-02 
 994.000  6.4342925000e-01  4.1331722260e-02 
 995.000  6.3970638000e-01  4.1190979000e-02 
 996.000  6.3956928000e-01  4.1179325100e-02 
 997.000  6.3960080000e-01  4.1115856170e-02 
 998.000  6.3650104000e-01  4.0849319460e-02 
 999.000  6.3464565000e-01  4.0702690120e-02 
1000.000  6.2980126000e-01  4.0410240170e-02 
1001.000  6.3182696000e-01  4.0395908360e-02 
1002.000  6.2851679000e-01  3.9962478640e-02 
1003.000  6.2172253000e-01  3.9578395840e-02 
1004.000  6.1782448000e-01  3.9451492310e-02 
1005.000  5.7778120000e-01  3.6945018770e-02 
1006.000  6.0813339000e-01  3.8903537750e-02 
1007.000  6.1878295000e-01  3.9540233610e-02 
1008.000  6.1955004000e-01  3.9412338260e-02 
1009.000  6.1331849000e-01  3.8789657590e-02 
1010.000  6.1669155000e-01  3.9100532530e-02 
1011.000  6.1596737000e-01  3.9296813960e-02 
1012.000  6.1711886000e-01  3.9464775090e-02 
1013.000  6.1341463000e-01  3.9303371430e-02 
1014.000  6.1763967000e-01  3.9634834290e-02 
1015.000  6.0628787000e-01  3.8943107600e-02 
1016.000  6.1049915000e-01  3.9279575350e-02 
1017.000  6.0458794000e-01  3.8943866730e-02 
1018.000  6.1213595000e-01  3.9422336580e-02 
1019.000  5.9738813000e-01  3.8414470670e-02 
1020.000  5.9639177000e-01  3.8353958130e-02 
1021.000  6.0286645000e-01  3.8779663090e-02 
1022.000  5.9291344000e-01  3.7981872560e-02 
1023.000  6.0352934000e-01  3.8521633150e-02 
1024.000  6.0000715000e-01  3.8193862920e-02 
1025.000  6.0113739000e-01  3.8369083400e-02 
1026.000  6.0240461000e-01  3.8511043550e-02 
1027.000  5.9852367000e-01  3.8274234770e-02 
1028.000  6.0012366000e-01  3.8443683620e-02 
1029.000  5.9150442000e-01  3.7999488830e-02 
1030.000  5.9795468000e-01  3.8525325780e-02 
1031.000  5.9631376000e-01  3.8498287200e-02 
1032.000  5.9440437000e-01  3.8430408480e-02 
1033.000  5.8349583000e-01  3.7716125490e-02 
1034.000  5.8919717000e-01  3.8087203980e-02 
1035.000  5.8150246000e-01  3.7561912540e-02 
1036.000  5.9111572000e-01  3.8184680940e-02 
1037.000  5.7866955000e-01  3.7368930820e-02 
1038.000  5.8439261000e-01  3.7725399020e-02 
1039.000  5.8677813000e-01  3.7854885100e-02 
1040.000  5.7983185000e-01  3.7385253910e-02 
1041.000  5.8285468000e-01  3.7557601930e-02 
1042.000  5.8458172000e-01  3.7649768830e-02 
1043.000  5.7449112000e-01  3.6983757020e-02 
1044.000  5.8020460000e-01  3.7330738070e-02 
1045.000  5.7766916000e-01  3.7192367550e-02 
1046.000  5.6086652000e-01  3.6145526890e-02 
1047.000  5.7115879000e-01  3.6843215940e-02 
1048.000  5.7682418000e-01  3.7247707370e-02 
1049.000  5.7312040000e-01  3.7052204130e-02 
1050.000  5.7071490000e-01  3.6926792140e-02 
1051.000  5.6969653000e-01  3.6828624730e-02 
1052.000  5.6701409000e-01  3.6622592930e-02 
1053.000  5.6560924000e-01  3.6505146030e-02 
1054.000  5.6138906000e-01  3.6193531040e-02 
1055.000  5.6548258000e-01  3.6412933350e-02 
1056.000  5.6395938000e-01  3.6278694150e-02 
1057.000  5.6290505000e-01  3.6161174770e-02 
1058.000  5.5686873000e-01  3.5691898350e-02 
1059.000  5.3936792000e-01  3.4595272060e-02 
1060.000  5.5887915000e-01  3.5918266300e-02 
1061.000  5.3927508000e-01  3.4665164950e-02 
1062.000  5.5414514000e-01  3.5580226900e-02 
1063.000  5.4476288000e-01  3.4958053590e-02 
1064.000  5.5148914000e-01  3.5312057500e-02 
1065.000  5.5066368000e-01  3.5159660340e-02 
1066.000  5.3379700000e-01  3.4055339810e-02 
1067.000  5.4639511000e-01  3.4801063540e-02 
1068.000  5.4366736000e-01  3.4473133090e-02 
1069.000  5.0245351000e-01  3.1780822750e-02 
1070.000  5.3232936000e-01  3.3704036710e-02 
1071.000  5.3281583000e-01  3.3683704380e-02 
1072.000  5.3420490000e-01  3.3723255160e-02 
1073.000  5.1655323000e-01  3.2617744450e-02 
1074.000  5.3471274000e-01  3.3798595430e-02 
1075.000  5.1868778000e-01  3.2905410770e-02 
1076.000  5.2971949000e-01  3.3546096800e-02 
1077.000  5.2803606000e-01  3.3360404970e-02 
1078.000  5.2880530000e-01  3.3316482540e-02 
1079.000  5.0836037000e-01  3.2022563930e-02 
1080.000  5.2178947000e-01  3.2622077940e-02 
1081.000  5.0249736000e-01  3.1399957660e-02 
1082.000  5.0962438000e-01  3.1918403630e-02 
1083.000  4.9502181000e-01  3.0844301220e-02 
1084.000  5.1290833000e-01  3.1786720280e-02 
1085.000  5.0372409000e-01  3.0875930790e-02 
1086.000  5.1090169000e-01  3.1355665210e-02 
1087.000  4.8219175000e-01  2.9902296070e-02 
1088.000  5.1150160000e-01  3.1776237490e-02 
1089.000  4.8874901000e-01  2.9995992660e-02 
1090.000  4.9872650000e-01  3.0569557190e-02 
1091.000  5.0262517000e-01  3.0921247480e-02 
1092.000  4.8930146000e-01  2.9938728330e-02 
1093.000  4.7946858400e-01  2.8946292880e-02 
1094.000  4.3473099200e-01  2.6057632450e-02 
1095.000  4.7083749400e-01  2.8216285710e-02 
1096.000  4.7216451000e-01  2.8300935750e-02 
1097.000  4.6212160400e-01  2.7564769740e-02 
1098.000  4.4485830200e-01  2.5589452740e-02 
1099.000  4.3459115800e-01  2.4184354780e-02 
1100.000  4.4287545900e-01  2.4696172710e-02 
1101.000  4.4353145500e-01  2.4839971540e-02 
1102.000  4.2440649600e-01  2.3708625790e-02 
1103.000  4.4232654300e-01  2.4775091170e-02 
1104.000  4.3713835200e-01  2.4344852450e-02 
1105.000  4.3140806100e-01  2.3692163470e-02 
1106.000  4.2260853400e-01  2.2898441310e-02 
1107.000  4.2344316100e-01  2.3003120420e-02 
1108.000  4.2311165600e-01  2.3015211110e-02 
1109.000  4.2959164000e-01  2.3601373670e-02 
1110.000  4.3135351900e-01  2.3613515850e-02 
1111.000  4.2340425900e-01  2.3002899170e-02 
1112.000  4.0709050400e-01  2.1464483260e-02 
1113.000  3.8845377600e-01  1.9591955180e-02 
1114.000  3.8826734400e-01  1.9265237810e-02 
1115.000  3.6274886100e-01  1.6909965520e-02 
1116.000  3.4463494300e-01  1.5438131330e-02 
1117.000  3.1572859100e-01  1.2950633050e-02 
1118.000  2.8184701000e-01  1.0604203220e-02 
1119.000  2.5803700200e-01  9.2140874860e-03 
1120.000  2.3790207200e-01  7.9509015080e-03 
1121.000  2.3482593100e-01  7.7188611030e-03 
1122.000  2.1108630900e-01  6.4290294650e-03 
1123.000  2.2492389900e-01  7.1204805370e-03 
1124.000  2.3386841400e-01  7.5848879810e-03 
1125.000  2.2471867300e-01  7.1890039440e-03 
1126.000  2.1867443000e-01  6.9606757160e-03 
1127.000  2.2783742300e-01  7.3076753620e-03 
1128.000  2.2705077400e-01  7.3866114620e-03 
1129.000  2.4983686800e-01  8.6821556090e-03 
1130.000  2.9856116200e-01  1.1801399230e-02 
1131.000  3.1546804500e-01  1.2915242200e-02 
1132.000  2.9754069900e-01  1.1589567180e-02 
1133.000  2.5538358700e-01  9.0814342500e-03 
1134.000  1.8681599400e-01  5.3492531780e-03 
1135.000  1.9446013100e-01  5.6893420220e-03 
1136.000  2.6153288600e-01  9.4585332870e-03 
1137.000  2.9973152400e-01  1.1879879950e-02 
1138.000  3.2017021500e-01  1.3854413030e-02 
1139.000  3.3616687900e-01  1.5005002980e-02 
1140.000  3.3116514700e-01  1.4541567800e-02 
1141.000  3.0964731100e-01  1.3185454370e-02 
1142.000  3.1379089000e-01  1.3201416970e-02 
1143.000  2.9492022900e-01  1.1956306460e-02 
1144.000  2.7767355000e-01  1.0802313800e-02 
1145.000  2.5684607900e-01  9.3807392120e-03 
1146.000  2.6484681300e-01  9.8234519960e-03 
1147.000  2.8391926700e-01  1.1057171820e-02 
1148.000  2.9650512500e-01  1.2040951730e-02 
1149.000  3.0341609300e-01  1.2537665370e-02 
1150.000  3.0216427800e-01  1.2537804600e-02 
1151.000  3.1000253100e-01  1.3224016190e-02 
1152.000  3.1362946800e-01  1.3558929440e-02 
1153.000  3.1929826000e-01  1.4068916320e-02 
1154.000  3.1954954800e-01  1.4043569560e-02 
1155.000  3.3234036000e-01  1.5149471280e-02 
1156.000  3.4075473100e-01  1.6145141600e-02 
1157.000  3.7007248500e-01  1.8837524410e-02 
1158.000  3.8040221800e-01  1.9931482320e-02 
1159.000  3.8359963000e-01  2.0605148320e-02 
1160.000  3.8217857500e-01  2.0750511170e-02 
1161.000  3.8268801600e-01  2.1284997940e-02 
1162.000  4.0295974400e-01  2.2839117050e-02 
1163.000  4.1249721800e-01  2.3881916050e-02 
1164.000  4.0593896500e-01  2.3606670380e-02 
1165.000  4.1427422600e-01  2.4171527860e-02 
1166.000  4.0508101500e-01  2.3760841370e-02 
1167.000  4.1260884400e-01  2.4282785420e-02 
1168.000  4.1581740500e-01  2.4452686310e-02 
1169.000  4.0250249400e-01  2.3747413640e-02 
1170.000  4.1433240200e-01  2.4515117650e-02 
1171.000  4.1899321100e-01  2.4957361220e-02 
1172.000  4.1605542700e-01  2.4692249300e-02 
1173.000  4.1156204900e-01  2.4341447830e-02 
1174.000  4.1186491000e-01  2.4368150710e-02 
1175.000  4.1130557700e-01  2.4582744600e-02 
1176.000  4.0518966100e-01  2.4444171910e-02 
1177.000  4.1585654200e-01  2.4979288100e-02 
1178.000  4.0510487300e-01  2.4118364330e-02 
1179.000  4.0329643600e-01  2.4013799670e-02 
1180.000  4.0760516000e-01  2.4194005970e-02 
1181.000  4.0200786500e-01  2.3662971500e-02 
1182.000  3.9901390800e-01  2.3288589480e-02 
1183.000  3.7625405300e-01  2.1979732510e-02 
1184.000  3.9519338400e-01  2.3194761280e-02 
1185.000  4.0531877800e-01  2.4066732410e-02 
1186.000  4.0146734200e-01  2.3752458570e-02 
1187.000  3.9661931400e-01  2.3184989930e-02 
1188.000  3.9343904000e-01  2.2925329210e-02 
1189.000  3.7333531800e-01  2.1900476460e-02 
1190.000  3.9940471500e-01  2.3849166870e-02 
1191.000  4.0794383800e-01  2.4472869870e-02 
1192.000  4.0900824000e-01  2.4712398530e-02 
1193.000  4.0845416000e-01  2.4611688610e-02 
1194.000  4.0717851400e-01  2.4506563190e-02 
1195.000  3.9939532800e-01  2.3857931140e-02 
1196.000  3.9958572100e-01  2.3901634220e-02 
1197.000  3.9791373400e-01  2.3717643740e-02 
1198.000  3.8421052100e-01  2.2886989590e-02 
1199.000  3.6809990300e-01  2.1828926090e-02 
1200.000  3.9241223700e-01  2.3337516780e-02 
1201.000  3.9566592800e-01  2.3566022870e-02 
1202.000  3.9657354300e-01  2.3673942570e-02 
1203.000  3.7616993800e-01  2.2426509860e-02 
1204.000  3.8301421700e-01  2.2896633150e-02 
1205.000  3.9717309500e-01  2.4062377930e-02 
1206.000  3.9721678200e-01  2.4210577010e-02 
1207.000  4.0089034800e-01  2.4494878770e-02 
1208.000  3.9433328000e-01  2.4045122150e-02 
1209.000  3.6857060000e-01  2.2400037770e-02 
1210.000  3.9237551800e-01  2.3713747020e-02 
1211.000  3.7898359500e-01  2.2889997480e-02 
1212.000  3.9140611900e-01  2.3681989670e-02 
1213.000  3.9499386000e-01  2.4034479140e-02 
1214.000  3.9293430800e-01  2.3901590350e-02 
1215.000  3.9501007800e-01  2.4087388990e-02 
1216.000  3.9677074500e-01  2.4414676670e-02 
1217.000  3.9837343500e-01  2.4702514650e-02 
1218.000  3.9794929000e-01  2.4767848970e-02 
1219.000  3.9472158100e-01  2.4622438430e-02 
1220.000  3.9745453300e-01  2.4788417820e-02 
1221.000  3.9698105000e-01  2.4770076750e-02 
1222.000  3.9496769500e-01  2.4644014360e-02 
1223.000  3.9330443400e-01  2.4574205400e-02 
1224.000  3.9782397200e-01  2.4982530590e-02 
1225.000  3.9594987300e-01  2.4903953550e-02 
1226.000  3.9774892200e-01  2.5069099430e-02 
1227.000  3.8493372400e-01  2.4334867480e-02 
1228.000  3.9777823900e-01  2.5238700870e-02 
1229.000  3.9792414800e-01  2.5316778180e-02 
1230.000  3.9722560100e-01  2.5350976940e-02 
1231.000  3.9759490200e-01  2.5421550750e-02 
1232.000  3.9324799600e-01  2.5166347500e-02 
1233.000  3.9642577700e-01  2.5386678700e-02 
1234.000  3.9608987400e-01  2.5462587360e-02 
1235.000  3.9364864200e-01  2.5340387340e-02 
1236.000  3.9614163200e-01  2.5523923870e-02 
1237.000  3.9639107900e-01  2.5573801040e-02 
1238.000  3.9623514100e-01  2.5578380580e-02 
1239.000  3.9176522300e-01  2.5299385070e-02 
1240.000  3.8999279500e-01  2.5220203400e-02 
1241.000  3.9339963200e-01  2.5470432280e-02 
1242.000  3.9100995500e-01  2.5342550280e-02 
1243.000  3.8656287300e-01  2.5081975940e-02 
1244.000  3.8293012500e-01  2.4863397600e-02 
1245.000  3.8940057400e-01  2.5298559190e-02 
1246.000  3.8624810700e-01  2.5061761860e-02 
1247.000  3.8416961000e-01  2.4893846510e-02 
1248.000  3.8697857200e-01  2.5042760850e-02 
1249.000  3.8547698400e-01  2.4922603610e-02 
1250.000  3.8380257300e-01  2.4783050540e-02 
1251.000  3.8097913900e-01  2.4578756330e-02 
1252.000  3.7954589000e-01  2.4455827710e-02 
1253.000  3.7609974300e-01  2.4200763700e-02 
1254.000  3.7646208900e-01  2.4160484310e-02 
1255.000  3.7538238900e-01  2.4050754550e-02 
1256.000  3.7419118600e-01  2.3943710330e-02 
1257.000  3.6935185000e-01  2.3565723420e-02 
1258.000  3.6943741600e-01  2.3453153610e-02 
1259.000  3.6421505800e-01  2.3023986820e-02 
1260.000  3.6335500900e-01  2.2861801150e-02 
1261.000  3.6114527200e-01  2.2612586980e-02 
1262.000  3.5013511100e-01  2.1771186830e-02 
1263.000  3.5311261600e-01  2.1936170580e-02 
1264.000  3.4678137200e-01  2.1540468220e-02 
1265.000  3.4710523000e-01  2.1569019320e-02 
1266.000  3.4796694800e-01  2.1587705610e-02 
1267.000  3.3990421200e-01  2.1054224010e-02 
1268.000  3.3482700400e-01  2.0705348970e-02 
1269.000  3.3717897100e-01  2.0835611340e-02 
1270.000  3.4534440500e-01  2.1453363420e-02 
1271.000  3.4925676100e-01  2.1741966250e-02 
1272.000  3.4983918100e-01  2.1832778930e-02 
1273.000  3.5099594300e-01  2.1975219730e-02 
1274.000  3.5069177300e-01  2.2036470410e-02 
1275.000  3.5362644100e-01  2.2243249890e-02 
1276.000  3.5470786400e-01  2.2309419630e-02 
1277.000  3.5474913000e-01  2.2289773940e-02 
1278.000  3.5406155800e-01  2.2215255740e-02 
1279.000  3.5203966300e-01  2.2095773700e-02 
1280.000  3.5094000300e-01  2.2112417220e-02 
1281.000  3.4187121000e-01  2.1621898650e-02 
1282.000  3.0434721500e-01  1.9321510310e-02 
1283.000  3.3453036200e-01  2.1281465530e-02 
1284.000  3.4839877200e-01  2.2184524540e-02 
1285.000  3.5123482300e-01  2.2379373550e-02 
1286.000  3.5069473700e-01  2.2297548290e-02 
1287.000  3.5196738400e-01  2.2299829480e-02 
1288.000  3.4649428100e-01  2.1700660710e-02 
1289.000  3.4754709700e-01  2.1686296460e-02 
1290.000  3.3943825100e-01  2.1158918380e-02 
1291.000  3.4466467700e-01  2.1480054860e-02 
1292.000  3.4753058000e-01  2.1710012440e-02 
1293.000  3.4796954600e-01  2.1704294200e-02 
1294.000  3.4103898400e-01  2.1125968930e-02 
1295.000  3.4238995100e-01  2.1015878680e-02 
1296.000  3.4020658600e-01  2.0708330150e-02 
1297.000  3.3611805000e-01  2.0336671830e-02 
1298.000  3.3293396700e-01  2.0129837040e-02 
1299.000  3.3615565200e-01  2.0308891300e-02 
1300.000  3.3446731500e-01  2.0191425320e-02 
1301.000  3.3348803400e-01  2.0091670990e-02 
1302.000  3.2781948900e-01  1.9633888240e-02 
1303.000  3.2185929300e-01  1.9004333500e-02 
1304.000  3.2049220000e-01  1.8794408800e-02 
1305.000  3.2174500900e-01  1.8803905490e-02 
1306.000  3.2152643500e-01  1.8721691130e-02 
1307.000  3.1951809900e-01  1.8540933610e-02 
1308.000  3.1655433900e-01  1.8209234240e-02 
1309.000  3.1262906500e-01  1.7771715160e-02 
1310.000  3.1091030500e-01  1.7656293870e-02 
1311.000  3.1005635300e-01  1.7604787830e-02 
1312.000  3.0463799900e-01  1.7059579850e-02 
1313.000  2.8855528800e-01  1.5895213130e-02 
1314.000  2.9307641700e-01  1.5901119230e-02 
1315.000  2.8530764300e-01  1.5581979750e-02 
1316.000  2.9527349100e-01  1.6286483760e-02 
1317.000  2.9827620000e-01  1.6442110060e-02 
1318.000  2.8889906500e-01  1.5641217230e-02 
1319.000  2.8526813300e-01  1.5070059780e-02 
1320.000  2.7457444200e-01  1.4084917070e-02 
1321.000  2.7004992000e-01  1.3682871820e-02 
1322.000  2.7511002100e-01  1.4192253110e-02 
1323.000  2.8198681200e-01  1.4813484190e-02 
1324.000  2.8524215300e-01  1.5128806110e-02 
1325.000  2.8286616600e-01  1.4893925670e-02 
1326.000  2.7580019200e-01  1.4249615670e-02 
1327.000  2.6129613500e-01  1.2902172090e-02 
1328.000  2.4819801600e-01  1.1598879810e-02 
1329.000  2.1415781200e-01  9.0320978160e-03 
1330.000  2.0812507000e-01  8.4419918060e-03 
1331.000  2.0264483000e-01  8.0134143830e-03 
1332.000  2.0044906100e-01  7.9791069030e-03 
1333.000  2.1145315400e-01  8.5990571980e-03 
1334.000  2.1986430800e-01  9.1962928770e-03 
1335.000  2.2580371500e-01  9.6388769150e-03 
1336.000  2.2569556600e-01  9.7006750110e-03 
1337.000  2.2825043800e-01  9.8327379230e-03 
1338.000  2.3199882400e-01  1.0144844060e-02 
1339.000  2.3251245600e-01  1.0210548400e-02 
1340.000  2.3413024400e-01  1.0413854600e-02 
1341.000  2.3808839900e-01  1.0466794010e-02 
1342.000  2.3799177900e-01  1.0470211030e-02 
1343.000  2.2897374000e-01  9.5321865080e-03 
1344.000  2.1513447200e-01  8.4134321210e-03 
1345.000  1.7801330900e-01  5.9746561050e-03 
1346.000  1.5185404100e-01  4.4592275620e-03 
1347.000  1.3469397000e-01  3.6286547180e-03 
1348.000  1.1167009800e-01  2.5312595370e-03 
1349.000  1.0156887930e-01  2.1453964710e-03 
1350.000  7.9119089000e-02  1.3272731300e-03 
1351.000  6.8304459900e-02  1.0260018110e-03 
1352.000  5.2245214300e-02  6.0970222950e-04 
1353.000  3.7031140000e-02  3.3499142530e-04 
1354.000  2.9609863300e-02  2.2409315410e-04 
1355.000  2.2989592900e-02  1.4384190740e-04 
1356.000  1.7384912100e-02  8.7641865020e-05 
1357.000  1.1883072290e-02  4.4216834010e-05 
1358.000  8.7942995600e-03  2.7016026900e-05 
1359.000  4.6371894800e-03  9.1773914170e-06 
1360.000  3.0667192400e-03  4.8255617730e-06 
1361.000  2.2822901500e-03  2.8722391000e-06 
1362.000  2.1000785500e-03  2.5264734870e-06 
1363.000  3.0298718100e-03  4.4105439450e-06 
1364.000  3.5132260700e-03  5.5237044580e-06 
1365.000  3.6785377400e-03  5.8288066650e-06 
1366.000  4.2480982200e-03  7.2817783800e-06 
1367.000  3.5684706400e-03  5.7052541520e-06 
1368.000  3.1641440400e-03  4.9320659600e-06 
1369.000  3.2446885400e-03  5.1897149530e-06 
1370.000  5.3662024900e-03  1.2047492900e-05 
1371.000  9.5567383600e-03  3.0192073430e-05 
1372.000  1.7696148300e-02  8.3453767000e-05 
1373.000  2.5103423900e-02  1.4727909860e-04 
1374.000  3.0483378100e-02  2.0375922320e-04 
1375.000  3.2500610100e-02  2.2882030900e-04 
1376.000  3.0145677400e-02  2.0303608480e-04 
1377.000  2.6837172600e-02  1.6598998010e-04 
1378.000  2.0455532500e-02  1.0590987650e-04 
1379.000  1.4046691980e-02  5.7207457720e-05 
1380.000  7.9668921100e-03  2.2850884120e-05 
1381.000  4.6085460100e-03  9.5268450680e-06 
1382.000  3.2226940600e-03  5.3756041450e-06 
1383.000  3.1180828800e-03  5.0225201990e-06 
1384.000  5.0718350300e-03  1.0844220410e-05 
1385.000  7.2001136600e-03  1.9022502010e-05 
1386.000  1.0997420810e-02  3.7544567140e-05 
1387.000  2.0206217900e-02  1.0337968920e-04 
1388.000  2.6781481700e-02  1.6240212320e-04 
1389.000  3.0763798700e-02  2.0705093440e-04 
1390.000  3.1403112300e-02  2.1651630100e-04 
1391.000  2.9315202100e-02  1.9273416700e-04 
1392.000  2.2163587000e-02  1.2196991590e-04 
1393.000  1.6942332700e-02  7.9558312890e-05 
1394.000  1.2979770220e-02  5.1936764270e-05 
1395.000  1.4631295900e-02  6.3009142880e-05 
1396.000  2.0077348800e-02  1.0429462050e-04 
1397.000  2.5909659700e-02  1.5889626740e-04 
1398.000  2.6682450600e-02  1.6622775790e-04 
1399.000  2.4913515500e-02  1.5082225200e-04 
1400.000  2.3296258900e-02  1.3712966440e-04 
1401.000  2.4765107200e-02  1.5405353900e-04 
1402.000  3.0701978300e-02  2.1539241080e-04 
1403.000  3.5348278500e-02  2.7979761360e-04 
1404.000  3.3248238700e-02  2.5201305750e-04 
1405.000  3.4826754900e-02  2.7892693880e-04 
1406.000  3.2294224000e-02  2.4432061610e-04 
1407.000  3.3492293400e-02  2.6707100870e-04 
1408.000  4.0142767300e-02  3.5886859890e-04 
1409.000  4.7056296400e-02  4.7609436510e-04 
1410.000  5.7713771800e-02  6.6977900270e-04 
1411.000  6.8647678100e-02  9.2234754560e-04 
1412.000  6.6321547800e-02  8.9082032440e-04 
1413.000  7.3146057600e-02  1.0668969150e-03 
1414.000  7.2117170700e-02  1.0253002640e-03 
1415.000  7.9723856600e-02  1.2503153090e-03 
1416.000  8.5657032800e-02  1.4165495630e-03 
1417.000  8.7862196500e-02  1.4945749040e-03 
1418.000  8.8645123400e-02  1.5108559130e-03 
1419.000  8.8460354400e-02  1.5356906650e-03 
1420.000  9.0561089600e-02  1.5966001750e-03 
1421.000  1.0185283840e-01  1.9611541030e-03 
1422.000  1.0427525450e-01  2.0741193290e-03 
1423.000  1.0543783890e-01  2.1383416650e-03 
1424.000  1.0507959870e-01  2.1193993090e-03 
1425.000  1.0388704070e-01  2.0561234950e-03 
1426.000  1.0016151690e-01  1.9851852660e-03 
1427.000  1.0609045460e-01  2.1749551300e-03 
1428.000  1.1205169130e-01  2.3517928120e-03 
1429.000  1.1365234710e-01  2.4586644170e-03 
1430.000  1.1088874590e-01  2.3999001980e-03 
1431.000  1.0330747150e-01  2.1400523190e-03 
1432.000  1.0101376460e-01  2.0347547530e-03 
1433.000  1.0072914100e-01  2.0233414170e-03 
1434.000  9.6078085600e-02  1.8862693310e-03 
1435.000  1.0314756190e-01  2.1164634230e-03 
1436.000  1.0571580210e-01  2.2087416650e-03 
1437.000  1.0740072760e-01  2.2648842330e-03 
1438.000  1.1386202510e-01  2.5092926030e-03 
1439.000  1.1596323660e-01  2.5654652120e-03 
1440.000  1.1119023670e-01  2.4928922650e-03 
1441.000  1.1809611990e-01  2.6671514510e-03 
1442.000  1.1328163360e-01  2.5225653650e-03 
1443.000  1.1531768030e-01  2.5738315580e-03 
1444.000  1.1791716510e-01  2.6643993850e-03 
1445.000  1.1815315630e-01  2.6796495910e-03 
1446.000  1.2366854700e-01  2.8759624960e-03 
1447.000  1.2704780970e-01  3.0215504170e-03 
1448.000  1.2849565200e-01  3.0691366200e-03 
1449.000  1.2597326990e-01  2.9670083520e-03 
1450.000  1.2046165860e-01  2.7739429470e-03 
1451.000  1.2181012660e-01  2.8405711650e-03 
1452.000  1.2713985300e-01  3.0987551210e-03 
1453.000  1.4166973500e-01  3.6751263140e-03 
1454.000  1.5415627200e-01  4.2554125790e-03 
1455.000  1.6012755900e-01  4.5899782180e-03 
1456.000  1.6722823600e-01  4.9739756580e-03 
1457.000  1.6991773700e-01  5.0825152400e-03 
1458.000  1.7324055400e-01  5.2235379220e-03 
1459.000  1.6837479300e-01  4.9558739660e-03 
1460.000  1.6070062900e-01  4.6318202020e-03 
1461.000  1.5761855800e-01  4.4951667790e-03 
1462.000  1.4913305300e-01  4.1181921960e-03 
1463.000  1.4814434800e-01  4.0997166630e-03 
1464.000  1.4623121900e-01  4.0125055310e-03 
1465.000  1.4298777600e-01  3.8313944340e-03 
1466.000  1.3326210400e-01  3.4641158580e-03 
1467.000  1.3229635470e-01  3.3649907110e-03 
1468.000  1.2415635390e-01  3.0811886790e-03 
1469.000  1.1777777420e-01  2.7998192310e-03 
1470.000  1.1436734890e-01  2.6795859340e-03 
1471.000  1.2136526580e-01  3.0113468170e-03 
1472.000  1.3364155610e-01  3.5435156820e-03 
1473.000  1.5018388800e-01  4.3151903150e-03 
1474.000  1.5741656200e-01  4.7969584470e-03 
1475.000  1.6021535100e-01  4.8985843660e-03 
1476.000  1.6047602400e-01  4.9222965240e-03 
1477.000  1.5703681600e-01  4.7544260030e-03 
1478.000  1.5089634400e-01  4.5110969540e-03 
1479.000  1.4790440200e-01  4.3341794010e-03 
1480.000  1.5098464500e-01  4.5103526120e-03 
1481.000  1.5380618300e-01  4.7249574660e-03 
1482.000  1.6075275900e-01  5.0957779880e-03 
1483.000  1.5897398900e-01  5.0927443500e-03 
1484.000  1.6000448300e-01  5.1528534890e-03 
1485.000  1.6230504500e-01  5.2240705490e-03 
1486.000  1.6367634200e-01  5.4174723630e-03 
1487.000  1.7369264000e-01  6.0515403750e-03 
1488.000  1.5221634500e-01  5.3466320040e-03 
1489.000  1.8679172200e-01  7.0044913290e-03 
1490.000  1.9761791900e-01  7.8266730310e-03 
1491.000  2.0467598100e-01  8.3609151840e-03 
1492.000  2.0096450100e-01  8.2783308030e-03 
1493.000  2.0838996500e-01  8.7592582700e-03 
1494.000  2.0808713100e-01  8.7957839970e-03 
1495.000  2.0980788200e-01  9.0426950450e-03 
1496.000  2.0944247700e-01  9.2815399170e-03 
1497.000  2.1454898700e-01  9.5509099960e-03 
1498.000  2.2162511400e-01  1.0106318470e-02 
1499.000  2.2261160100e-01  1.0380737300e-02 
1500.000  2.2947507000e-01  1.0884882930e-02 
1501.000  2.2816977300e-01  1.0794674870e-02 
1502.000  2.2448966500e-01  1.0566621780e-02 
1503.000  2.0054269600e-01  9.4078731540e-03 
1504.000  2.0987188800e-01  9.9142913820e-03 
1505.000  2.1249219900e-01  1.0219470980e-02 
1506.000  2.1542293300e-01  1.0408135410e-02 
1507.000  2.2823278600e-01  1.1205580710e-02 
1508.000  2.2622553900e-01  1.1220027920e-02 
1509.000  2.2874747500e-01  1.1468364720e-02 
1510.000  2.3284579200e-01  1.1743324280e-02 
1511.000  2.3499074900e-01  1.1948671340e-02 
1512.000  2.3130649100e-01  1.1832217220e-02 
1513.000  2.3121671300e-01  1.1886706350e-02 
1514.000  2.2805160900e-01  1.1760020260e-02 
1515.000  2.3335406200e-01  1.2094918250e-02 
1516.000  2.3144828100e-01  1.2011711120e-02 
1517.000  2.3082696000e-01  1.2016257290e-02 
1518.000  2.3654506400e-01  1.2392821310e-02 
1519.000  2.3476244500e-01  1.2388560300e-02 
1520.000  2.3835845600e-01  1.2719140050e-02 
1521.000  2.3496992300e-01  1.2649273870e-02 
1522.000  2.3361094900e-01  1.2622854230e-02 
1523.000  2.3963477500e-01  1.3017380710e-02 
1524.000  2.3755191800e-01  1.2929403310e-02 
1525.000  2.3181935300e-01  1.2630373000e-02 
1526.000  2.3845155100e-01  1.3000638010e-02 
1527.000  2.3633887300e-01  1.2919255260e-02 
1528.000  2.3843757900e-01  1.3079935070e-02 
1529.000  2.3769144800e-01  1.3039535520e-02 
1530.000  2.2284468200e-01  1.2262686730e-02 
1531.000  2.3847980500e-01  1.3143913270e-02 
1532.000  2.3734287000e-01  1.3105947490e-02 
1533.000  2.3638149600e-01  1.3061144830e-02 
1534.000  2.3290462500e-01  1.2873729710e-02 
1535.000  2.3389130200e-01  1.2933031080e-02 
1536.000  2.3702250700e-01  1.3146462440e-02 
1537.000  2.3795824700e-01  1.3257216450e-02 
1538.000  2.3163450200e-01  1.2966086390e-02 
1539.000  2.3664690900e-01  1.3306135180e-02 
1540.000  2.2810208000e-01  1.2872665410e-02 
1541.000  2.3291264700e-01  1.3163693430e-02 
1542.000  2.3429853900e-01  1.3252555850e-02 
1543.000  2.3366086800e-01  1.3235015870e-02 
1544.000  2.3666187200e-01  1.3429309840e-02 
1545.000  2.3756885900e-01  1.3516504290e-02 
1546.000  2.3778701100e-01  1.3572718620e-02 
1547.000  2.3547779100e-01  1.3481607440e-02 
1548.000  2.2852230200e-01  1.3118919370e-02 
1549.000  2.3437944400e-01  1.3480963710e-02 
1550.000  2.3306248900e-01  1.3427210810e-02 
1551.000  2.3183546700e-01  1.3360258100e-02 
1552.000  2.3578709600e-01  1.3585119250e-02 
1553.000  2.3455427900e-01  1.3517662050e-02 
1554.000  2.2596011600e-01  1.3018979070e-02 
1555.000  2.2973030800e-01  1.3243817330e-02 
1556.000  2.2534425400e-01  1.3020796780e-02 
1557.000  2.3272256200e-01  1.3496862410e-02 
1558.000  2.3088057700e-01  1.3429354670e-02 
1559.000  2.3089907200e-01  1.3467411040e-02 
1560.000  2.2691179100e-01  1.3278368950e-02 
1561.000  2.3220785600e-01  1.3601807590e-02 
1562.000  2.3210035100e-01  1.3580332760e-02 
1563.000  2.2863205600e-01  1.3370439530e-02 
1564.000  2.2397584000e-01  1.3084084510e-02 
1565.000  2.2722783900e-01  1.3255254750e-02 
1566.000  2.2292234800e-01  1.3016191480e-02 
1567.000  2.2256651000e-01  1.3000661850e-02 
1568.000  2.1741572500e-01  1.2693456650e-02 
1569.000  2.1759890200e-01  1.2693400380e-02 
1570.000  2.1154699000e-01  1.2340552330e-02 
1571.000  2.1721528800e-01  1.2696184160e-02 
1572.000  2.1704982800e-01  1.2699183460e-02 
1573.000  2.1375288200e-01  1.2536461830e-02 
1574.000  2.1459497800e-01  1.2623851780e-02 
1575.000  1.9937839900e-01  1.1756956100e-02 
1576.000  2.1419833500e-01  1.2638714790e-02 
1577.000  1.9348755800e-01  1.1401339530e-02 
1578.000  2.1182742800e-01  1.2465097430e-02 
1579.000  2.1314952900e-01  1.2531690600e-02 
1580.000  2.1769592200e-01  1.2797125820e-02 
1581.000  2.1625218100e-01  1.2699489590e-02 
1582.000  2.1210323900e-01  1.2491745000e-02 
1583.000  2.1490611500e-01  1.2690936090e-02 
1584.000  2.1317400900e-01  1.2624325750e-02 
1585.000  2.1961746200e-01  1.3035928730e-02 
1586.000  2.1685911300e-01  1.2888704300e-02 
1587.000  2.1459819300e-01  1.2785243030e-02 
1588.000  2.1144999100e-01  1.2626169200e-02 
1589.000  1.9345510500e-01  1.1564384460e-02 
1590.000  2.0841886900e-01  1.2470912930e-02 
1591.000  2.0374939000e-01  1.2205338480e-02 
1592.000  2.1441855500e-01  1.2848950390e-02 
1593.000  2.1903282400e-01  1.3125690460e-02 
1594.000  2.1715905600e-01  1.3015070920e-02 
1595.000  2.1813282800e-01  1.3077569010e-02 
1596.000  2.0433236500e-01  1.2265657420e-02 
1597.000  2.1191964200e-01  1.2720103260e-02 
1598.000  2.1483464300e-01  1.2887722020e-02 
1599.000  2.0640274300e-01  1.2369147300e-02 
1600.000  2.0885509300e-01  1.2508499150e-02 
1601.000  2.0006290000e-01  1.1997590070e-02 
1602.000  2.0492793100e-01  1.2320097920e-02 
1603.000  2.0370056100e-01  1.2292670250e-02 
1604.000  2.0674311300e-01  1.2527445790e-02 
1605.000  2.0368633000e-01  1.2374279020e-02 
1606.000  2.0304793500e-01  1.2370157240e-02 
1607.000  2.0373520900e-01  1.2390440940e-02 
1608.000  2.0592860700e-01  1.2502681730e-02 
1609.000  2.0513673800e-01  1.2441448210e-02 
1610.000  1.9248284400e-01  1.1663869860e-02 
1611.000  1.9862586800e-01  1.2043310170e-02 
1612.000  2.0109200200e-01  1.2200686450e-02 
1613.000  2.0610811100e-01  1.2511723520e-02 
1614.000  2.0408472700e-01  1.2373832700e-02 
1615.000  2.0785332000e-01  1.2604133610e-02 
1616.000  1.9514067400e-01  1.1831087110e-02 
1617.000  2.0124081600e-01  1.2243216510e-02 
1618.000  2.0751087200e-01  1.2647769930e-02 
1619.000  2.0722983000e-01  1.2674262050e-02 
1620.000  2.0234052200e-01  1.2417057040e-02 
1621.000  1.9961502800e-01  1.2284019470e-02 
1622.000  2.0463886700e-01  1.2600955010e-02 
1623.000  2.0891705300e-01  1.2880288120e-02 
1624.000  2.1044412700e-01  1.2985895160e-02 
1625.000  2.0543135900e-01  1.2707139020e-02 
1626.000  2.0773175000e-01  1.2838389400e-02 
1627.000  2.0749334600e-01  1.2842326160e-02 
1628.000  2.0907031000e-01  1.2948055270e-02 
1629.000  2.0893439100e-01  1.2945459370e-02 
1630.000  2.0307535700e-01  1.2579899790e-02 
1631.000  2.0625117500e-01  1.2787307740e-02 
1632.000  2.0607936900e-01  1.2733769420e-02 
1633.000  2.0336043000e-01  1.2540925030e-02 
1634.000  1.9840162600e-01  1.2205219270e-02 
1635.000  2.0372014600e-01  1.2509737010e-02 
1636.000  2.0295559600e-01  1.2435265540e-02 
1637.000  1.9364999800e-01  1.1839951520e-02 
1638.000  1.9223475100e-01  1.1734981540e-02 
1639.000  1.8995348400e-01  1.1562901500e-02 
1640.000  1.9089936600e-01  1.1598045350e-02 
1641.000  1.8953664500e-01  1.1497871400e-02 
1642.000  1.8929950700e-01  1.1531855580e-02 
1643.000  1.9409702000e-01  1.1866759300e-02 
1644.000  1.9102693500e-01  1.1718011860e-02 
1645.000  1.9132628700e-01  1.1771087650e-02 
1646.000  1.9362546200e-01  1.1953384400e-02 
1647.000  1.9542555700e-01  1.2065148350e-02 
1648.000  1.9454215000e-01  1.2002300260e-02 
1649.000  1.9007295200e-01  1.1725034710e-02 
1650.000  1.9488896700e-01  1.2024164200e-02 
1651.000  1.9053829000e-01  1.1753813740e-02 
1652.000  1.9432648500e-01  1.1979994770e-02 
1653.000  1.9232625000e-01  1.1863945010e-02 
1654.000  1.9448370300e-01  1.2000184060e-02 
1655.000  1.9079968600e-01  1.1783699990e-02 
1656.000  1.9461956500e-01  1.2026813510e-02 
1657.000  1.9320734200e-01  1.1941475870e-02 
1658.000  1.9442632300e-01  1.2027123450e-02 
1659.000  1.9088968900e-01  1.1810149190e-02 
1660.000  1.9309595200e-01  1.1940091130e-02 
1661.000  1.9385161800e-01  1.1974568370e-02 
1662.000  1.9239363600e-01  1.1842418670e-02 
1663.000  1.9111964200e-01  1.1732265470e-02 
1664.000  1.9022919000e-01  1.1644916530e-02 
1665.000  1.8828778600e-01  1.1489307400e-02 
1666.000  1.8751877300e-01  1.1443192480e-02 
1667.000  1.8943337200e-01  1.1606643680e-02 
1668.000  1.8622391500e-01  1.1436192510e-02 
1669.000  1.8674897800e-01  1.1500933650e-02 
1670.000  1.9094797600e-01  1.1796625140e-02 
1671.000  1.8955197400e-01  1.1737674710e-02 
1672.000  1.8057362000e-01  1.1218686100e-02 
1673.000  1.8573163000e-01  1.1564325330e-02 
1674.000  1.8648183200e-01  1.1641000750e-02 
1675.000  1.8475200200e-01  1.1570735930e-02 
1676.000  1.8176406000e-01  1.1393648150e-02 
1677.000  1.8269294800e-01  1.1451296810e-02 
1678.000  1.8370641800e-01  1.1519965170e-02 
1679.000  1.8126504700e-01  1.1363100050e-02 
1680.000  1.7505152200e-01  1.0978896140e-02 
1681.000  1.6898515100e-01  1.0600485800e-02 
1682.000  1.7386531700e-01  1.0904139520e-02 
1683.000  1.7815412700e-01  1.1166146280e-02 
1684.000  1.8144666400e-01  1.1366099360e-02 
1685.000  1.8196645000e-01  1.1378796580e-02 
1686.000  1.7977107800e-01  1.1231795310e-02 
1687.000  1.8046739100e-01  1.1235645290e-02 
1688.000  1.8056050300e-01  1.1207438470e-02 
1689.000  1.7838228800e-01  1.1059368130e-02 
1690.000  1.7823761800e-01  1.1013182640e-02 
1691.000  1.8054353900e-01  1.1159098630e-02 
1692.000  1.8086930700e-01  1.1189484600e-02 
1693.000  1.8023117000e-01  1.1164539340e-02 
1694.000  1.7996196900e-01  1.1158242230e-02 
1695.000  1.8000761300e-01  1.1156250000e-02 
1696.000  1.7895445000e-01  1.1065913200e-02 
1697.000  1.7782933900e-01  1.0958828930e-02 
1698.000  1.7888417000e-01  1.0990620610e-02 
1699.000  1.7772842300e-01  1.0891663550e-02 
1700.000  1.7547805300e-01  1.0727607730e-02 
