 lambda   Irr_dw            Rad_up 
 550.000  1.5295648000e+00  1.1778369140e-01 
 551.000  1.5194760000e+00  1.1693755340e-01 
 552.000  1.5843677000e+00  1.2194743350e-01 
 553.000  1.5217829000e+00  1.1704098510e-01 
 554.000  1.5709937000e+00  1.2082347110e-01 
 555.000  1.5749150000e+00  1.2101058200e-01 
 556.000  1.5310458000e+00  1.1753189090e-01 
 557.000  1.4852131000e+00  1.1401671600e-01 
 558.000  1.5412162000e+00  1.1820729060e-01 
 559.000  1.4564165000e+00  1.1164780430e-01 
 560.000  1.4624737000e+00  1.1210949710e-01 
 561.000  1.6069554000e+00  1.2308331300e-01 
 562.000  1.4747589000e+00  1.1294267270e-01 
 563.000  1.5426078000e+00  1.1804730990e-01 
 564.000  1.5205912000e+00  1.1622388460e-01 
 565.000  1.5384114000e+00  1.1758038330e-01 
 566.000  1.4181301000e+00  1.0830716710e-01 
 567.000  1.5208990000e+00  1.1595336150e-01 
 568.000  1.5165910000e+00  1.1509397890e-01 
 569.000  1.4854325000e+00  1.1157634740e-01 
 570.000  1.4930812000e+00  1.1227891540e-01 
 571.000  1.4404439000e+00  1.0904549410e-01 
 572.000  1.5218241000e+00  1.1445092770e-01 
 573.000  1.5378844000e+00  1.1584573360e-01 
 574.000  1.5293171000e+00  1.1519640350e-01 
 575.000  1.4917391000e+00  1.1224983220e-01 
 576.000  1.4645242000e+00  1.1013574980e-01 
 577.000  1.5252869000e+00  1.1482136540e-01 
 578.000  1.4808285000e+00  1.1177833560e-01 
 579.000  1.4694870000e+00  1.1099339290e-01 
 580.000  1.5200667000e+00  1.1498790740e-01 
 581.000  1.4925873000e+00  1.1307329560e-01 
 582.000  1.5148593000e+00  1.1471647640e-01 
 583.000  1.5252833000e+00  1.1555373380e-01 
 584.000  1.5203033000e+00  1.1505980680e-01 
 585.000  1.5101594000e+00  1.1419639590e-01 
 586.000  1.4451413000e+00  1.0926330570e-01 
 587.000  1.5014632000e+00  1.1300362400e-01 
 588.000  1.4856052000e+00  1.1030786900e-01 
 589.000  1.3166976000e+00  9.5896583560e-02 
 590.000  1.3747357000e+00  1.0001641080e-01 
 591.000  1.4607682000e+00  1.0755663300e-01 
 592.000  1.4326917000e+00  1.0468781280e-01 
 593.000  1.4477770000e+00  1.0725737000e-01 
 594.000  1.4609384000e+00  1.0787969970e-01 
 595.000  1.4329280000e+00  1.0470977020e-01 
 596.000  1.4684257000e+00  1.0885643010e-01 
 597.000  1.4728032000e+00  1.0874272160e-01 
 598.000  1.4426435000e+00  1.0717590330e-01 
 599.000  1.4430113000e+00  1.0746694950e-01 
 600.000  1.4433323000e+00  1.0810536960e-01 
 601.000  1.4352139000e+00  1.0796598050e-01 
 602.000  1.4195188000e+00  1.0688929750e-01 
 603.000  1.4280835000e+00  1.0771433260e-01 
 604.000  1.4733186000e+00  1.1131134030e-01 
 605.000  1.4695378000e+00  1.1098119350e-01 
 606.000  1.4524960000e+00  1.0977104950e-01 
 607.000  1.4443125000e+00  1.0912454990e-01 
 608.000  1.4389933000e+00  1.0867127990e-01 
 609.000  1.4242081000e+00  1.0756978610e-01 
 610.000  1.4013787000e+00  1.0579681400e-01 
 611.000  1.4241122000e+00  1.0751522830e-01 
 612.000  1.4055513000e+00  1.0612194060e-01 
 613.000  1.3849942000e+00  1.0452891540e-01 
 614.000  1.3344974000e+00  1.0073922730e-01 
 615.000  1.3989346000e+00  1.0553179170e-01 
 616.000  1.3300998000e+00  1.0036806490e-01 
 617.000  1.3375966000e+00  1.0093433380e-01 
 618.000  1.4006854000e+00  1.0560193630e-01 
 619.000  1.3878435000e+00  1.0468359380e-01 
 620.000  1.4083260000e+00  1.0613266750e-01 
 621.000  1.4325290000e+00  1.0795571900e-01 
 622.000  1.3569552000e+00  1.0221534730e-01 
 623.000  1.3675101000e+00  1.0288527680e-01 
 624.000  1.3689652000e+00  1.0305258940e-01 
 625.000  1.3318731000e+00  1.0025959010e-01 
 626.000  1.3386077000e+00  1.0059481810e-01 
 627.000  1.3609856000e+00  1.0174331670e-01 
 628.000  1.3427032000e+00  9.9381591800e-02 
 629.000  1.3764392000e+00  1.0219885250e-01 
 630.000  1.3307764000e+00  9.9302215580e-02 
 631.000  1.3796119000e+00  1.0304637910e-01 
 632.000  1.2850455700e+00  9.5602401730e-02 
 633.000  1.3794155000e+00  1.0309970090e-01 
 634.000  1.3379949000e+00  1.0017867280e-01 
 635.000  1.3624612000e+00  1.0201869200e-01 
 636.000  1.3144618000e+00  9.8520568850e-02 
 637.000  1.3578402000e+00  1.0184137730e-01 
 638.000  1.3789761000e+00  1.0364175420e-01 
 639.000  1.3675819000e+00  1.0268459320e-01 
 640.000  1.3246798000e+00  9.9699043270e-02 
 641.000  1.3438127000e+00  1.0111497500e-01 
 642.000  1.3276871000e+00  9.9971282960e-02 
 643.000  1.3509153000e+00  1.0153472900e-01 
 644.000  1.3354269000e+00  1.0029641720e-01 
 645.000  1.3470814000e+00  1.0096327970e-01 
 646.000  1.2957111700e+00  9.6005790710e-02 
 647.000  1.3132619600e+00  9.6552810670e-02 
 648.000  1.3109054600e+00  9.5715072630e-02 
 649.000  1.3369413200e+00  9.8144966130e-02 
 650.000  1.2389650400e+00  9.2157173160e-02 
 651.000  1.3346086300e+00  9.9269332890e-02 
 652.000  1.3088296300e+00  9.6249610900e-02 
 653.000  1.3352907100e+00  9.9481933590e-02 
 654.000  1.3178086000e+00  9.7940444950e-02 
 655.000  1.2830516000e+00  9.4886611940e-02 
 656.000  1.0893148700e+00  8.0674110410e-02 
 657.000  1.1626427200e+00  8.6337974550e-02 
 658.000  1.2950657800e+00  9.6678337100e-02 
 659.000  1.2982048700e+00  9.7142631530e-02 
 660.000  1.3084027500e+00  9.8037544250e-02 
 661.000  1.3141863000e+00  9.8856658940e-02 
 662.000  1.3331158300e+00  1.0043702700e-01 
 663.000  1.3183084000e+00  9.9245506290e-02 
 664.000  1.2973753700e+00  9.7717483520e-02 
 665.000  1.3030307600e+00  9.8171997070e-02 
 666.000  1.3187410800e+00  9.9488189700e-02 
 667.000  1.2925769400e+00  9.7485916140e-02 
 668.000  1.2999344900e+00  9.8168205260e-02 
 669.000  1.3184915100e+00  9.9635414120e-02 
 670.000  1.3030360400e+00  9.8381286620e-02 
 671.000  1.2889548900e+00  9.7365623470e-02 
 672.000  1.2848823500e+00  9.7053970340e-02 
 673.000  1.2940657500e+00  9.7733566280e-02 
 674.000  1.2965787500e+00  9.7943367000e-02 
 675.000  1.2767982600e+00  9.6419845580e-02 
 676.000  1.3009086300e+00  9.8262245180e-02 
 677.000  1.2750355100e+00  9.6333076480e-02 
 678.000  1.2961469200e+00  9.7910591130e-02 
 679.000  1.2778503300e+00  9.6481582640e-02 
 680.000  1.2680449400e+00  9.5717704770e-02 
 681.000  1.2694069200e+00  9.5757820130e-02 
 682.000  1.2667775500e+00  9.5488334660e-02 
 683.000  1.2750919300e+00  9.6036491390e-02 
 684.000  1.2520687400e+00  9.4259330750e-02 
 685.000  1.2662052200e+00  9.5332786560e-02 
 686.000  1.2105078100e+00  9.0859680180e-02 
 687.000  1.1197712500e+00  8.0897743230e-02 
 688.000  1.1494702800e+00  8.4031715390e-02 
 689.000  1.1440479700e+00  8.3388938900e-02 
 690.000  1.1645214500e+00  8.5415359500e-02 
 691.000  1.1880784200e+00  8.7676666260e-02 
 692.000  1.1911066000e+00  8.7941596980e-02 
 693.000  1.1901565100e+00  8.6439178470e-02 
 694.000  1.1922913000e+00  8.5425895690e-02 
 695.000  1.1794256600e+00  8.5069412230e-02 
 696.000  1.1977855900e+00  8.6770278930e-02 
 697.000  1.2204866700e+00  9.0570800780e-02 
 698.000  1.1934985600e+00  8.8053527830e-02 
 699.000  1.1969857000e+00  8.6485084530e-02 
 700.000  1.1859188000e+00  8.5952239990e-02 
 701.000  1.1552672000e+00  8.3308540340e-02 
 702.000  1.1524298400e+00  8.3388847350e-02 
 703.000  1.1837360500e+00  8.7121894840e-02 
 704.000  1.1876918500e+00  8.7501602170e-02 
 705.000  1.1904252100e+00  8.7064796450e-02 
 706.000  1.1789288400e+00  8.6353599550e-02 
 707.000  1.1633081800e+00  8.5442481990e-02 
 708.000  1.1994449900e+00  8.8356735230e-02 
 709.000  1.1615472000e+00  8.6053710940e-02 
 710.000  1.1828724100e+00  8.7047012330e-02 
 711.000  1.1762542900e+00  8.7098335270e-02 
 712.000  1.1642638300e+00  8.6715072630e-02 
 713.000  1.1556240400e+00  8.5668159480e-02 
 714.000  1.1739249600e+00  8.6837562560e-02 
 715.000  1.1269258900e+00  8.2720947270e-02 
 716.000  1.1501927900e+00  8.3757324220e-02 
 717.000  1.0782608400e+00  7.5083145140e-02 
 718.000  1.0459433500e+00  7.0780593870e-02 
 719.000  1.0242986500e+00  6.8528625490e-02 
 720.000  1.0175075300e+00  6.7092117310e-02 
 721.000  1.0782458000e+00  7.5976921080e-02 
 722.000  1.1155893200e+00  8.0342460630e-02 
 723.000  1.1004384700e+00  7.8232093810e-02 
 724.000  1.0706575100e+00  7.3359718320e-02 
 725.000  1.0641825200e+00  7.3320175170e-02 
 726.000  1.0604083200e+00  7.2953804020e-02 
 727.000  1.0811140300e+00  7.4744689940e-02 
 728.000  1.0568634700e+00  7.2703178410e-02 
 729.000  1.0278733100e+00  7.1708374020e-02 
 730.000  1.0633072300e+00  7.4027587890e-02 
 731.000  1.0427940200e+00  7.2463294980e-02 
 732.000  1.0851307100e+00  7.7161361690e-02 
 733.000  1.0896919600e+00  7.9309173580e-02 
 734.000  1.1225249600e+00  8.2588081360e-02 
 735.000  1.1097258900e+00  8.1309387210e-02 
 736.000  1.0823721800e+00  7.8761116030e-02 
 737.000  1.1015060700e+00  8.0560714720e-02 
 738.000  1.1051919400e+00  8.1449760440e-02 
 739.000  1.0721889100e+00  7.9315132140e-02 
 740.000  1.0885181200e+00  8.1128685000e-02 
 741.000  1.0833744900e+00  8.1175048830e-02 
 742.000  1.0669606900e+00  8.0122329710e-02 
 743.000  1.1015421100e+00  8.3100906370e-02 
 744.000  1.1133607400e+00  8.4190567020e-02 
 745.000  1.0854709500e+00  8.2242439270e-02 
 746.000  1.1013901400e+00  8.3530410770e-02 
 747.000  1.1179963300e+00  8.4786254880e-02 
 748.000  1.0986627900e+00  8.3372222900e-02 
 749.000  1.0991634200e+00  8.3453750610e-02 
 750.000  1.0826966200e+00  8.2141120910e-02 
 751.000  1.0799291000e+00  8.1944068910e-02 
 752.000  1.0969562300e+00  8.3317695620e-02 
 753.000  1.0867544900e+00  8.2574470520e-02 
 754.000  1.1038837100e+00  8.3898887630e-02 
 755.000  1.0975737600e+00  8.3432662960e-02 
 756.000  1.0761144100e+00  8.1815200810e-02 
 757.000  1.0840550300e+00  8.2430587770e-02 
 758.000  1.0818073500e+00  8.2226478580e-02 
 759.000  1.0000456300e+00  7.4441154480e-02 
 760.000  5.1130543000e-01  3.1217857360e-02 
 761.000  4.6192489000e-01  2.7432498930e-02 
 762.000  7.3718900000e-01  5.0206985470e-02 
 763.000  6.6901269000e-01  4.3886299130e-02 
 764.000  7.1506228000e-01  4.7788715360e-02 
 765.000  8.1640525000e-01  5.6953319550e-02 
 766.000  8.8279746000e-01  6.4252708440e-02 
 767.000  9.4611392000e-01  7.0109405520e-02 
 768.000  1.0166496400e+00  7.6258628850e-02 
 769.000  1.0340652300e+00  7.8216102600e-02 
 770.000  1.0390135600e+00  7.8909217830e-02 
 771.000  1.0445342300e+00  7.9518501280e-02 
 772.000  1.0416156000e+00  7.9352081300e-02 
 773.000  1.0377149400e+00  7.9086029050e-02 
 774.000  1.0491512500e+00  7.9988822940e-02 
 775.000  1.0098933800e+00  7.7021911620e-02 
 776.000  1.0515929600e+00  8.0256805420e-02 
 777.000  1.0443067500e+00  7.9703651430e-02 
 778.000  1.0386914300e+00  7.9259437560e-02 
 779.000  1.0420552000e+00  7.9489952090e-02 
 780.000  1.0291457500e+00  7.8536041260e-02 
 781.000  1.0275606100e+00  7.8436798100e-02 
 782.000  1.0399288900e+00  7.9335350040e-02 
 783.000  1.0156168100e+00  7.7553726200e-02 
 784.000  1.0211680800e+00  7.7943801880e-02 
 785.000  1.0230367800e+00  7.7899604800e-02 
 786.000  1.0041379600e+00  7.6279876710e-02 
 787.000  1.0160450900e+00  7.6661796570e-02 
 788.000  9.9926158000e-01  7.5185714720e-02 
 789.000  9.9943050000e-01  7.4390945430e-02 
 790.000  9.8883669000e-01  7.3515731810e-02 
 791.000  9.8481936000e-01  7.3389938350e-02 
 792.000  9.7017697000e-01  7.2409843440e-02 
 793.000  9.7145532000e-01  7.2831375120e-02 
 794.000  9.6623347000e-01  7.3169059750e-02 
 795.000  9.5808607000e-01  7.2056976320e-02 
 796.000  9.6649792000e-01  7.1702178960e-02 
 797.000  9.7484857000e-01  7.2654006960e-02 
 798.000  9.8037372000e-01  7.3757514950e-02 
 799.000  9.7843281000e-01  7.3429672240e-02 
 800.000  9.4931528000e-01  7.0759826660e-02 
 801.000  9.6747009000e-01  7.2183090210e-02 
 802.000  9.6515312000e-01  7.1943763730e-02 
 803.000  9.5191794000e-01  7.1054428100e-02 
 804.000  9.6221406000e-01  7.2106262210e-02 
 805.000  9.3906421000e-01  7.0845115660e-02 
 806.000  9.6643973000e-01  7.3167427060e-02 
 807.000  9.6054874000e-01  7.2772964480e-02 
 808.000  9.5376961000e-01  7.2083068850e-02 
 809.000  9.3619760000e-01  7.0563362120e-02 
 810.000  9.3043559000e-01  6.9912689210e-02 
 811.000  9.4203119000e-01  7.0387588500e-02 
 812.000  9.3432634000e-01  6.9309387210e-02 
 813.000  9.2457834000e-01  6.7928459170e-02 
 814.000  9.1559071000e-01  6.6543037410e-02 
 815.000  8.9596753000e-01  6.4228050230e-02 
 816.000  8.7509044000e-01  6.1655693050e-02 
 817.000  8.8112194000e-01  6.2131698610e-02 
 818.000  8.7682237000e-01  6.1871723180e-02 
 819.000  8.5734202000e-01  6.0909214020e-02 
 820.000  8.5480513000e-01  6.1922084810e-02 
 821.000  8.9971742000e-01  6.6612075810e-02 
 822.000  8.6208205000e-01  6.2704689030e-02 
 823.000  8.3830408000e-01  5.8270500180e-02 
 824.000  8.8131545000e-01  6.3681812290e-02 
 825.000  8.9888962000e-01  6.6753608700e-02 
 826.000  9.0124614000e-01  6.6601554870e-02 
 827.000  8.9591668000e-01  6.5972480770e-02 
 828.000  8.8169696000e-01  6.3824855800e-02 
 829.000  8.8570939000e-01  6.4486755370e-02 
 830.000  8.7650850000e-01  6.4266639710e-02 
 831.000  8.6219523000e-01  6.3324478150e-02 
 832.000  8.8026513000e-01  6.4695159910e-02 
 833.000  8.5552858000e-01  6.3208976750e-02 
 834.000  8.7123013000e-01  6.4698211670e-02 
 835.000  8.7851960000e-01  6.5793243410e-02 
 836.000  8.8693959000e-01  6.6331893920e-02 
 837.000  8.7937955000e-01  6.5731285100e-02 
 838.000  8.8514081000e-01  6.6503150940e-02 
 839.000  8.5897035000e-01  6.4714431760e-02 
 840.000  8.8247456000e-01  6.6524787900e-02 
 841.000  8.8329215000e-01  6.6376853940e-02 
 842.000  8.7904253000e-01  6.6232215880e-02 
 843.000  8.7596841000e-01  6.6535202030e-02 
 844.000  8.6270811000e-01  6.5756309510e-02 
 845.000  8.7636053000e-01  6.6907684330e-02 
 846.000  8.8472991000e-01  6.7706977840e-02 
 847.000  8.5481855000e-01  6.5587173460e-02 
 848.000  8.7900122000e-01  6.7226531980e-02 
 849.000  8.8072816000e-01  6.7453262330e-02 
 850.000  7.6106247000e-01  5.8157653810e-02 
 851.000  8.7136825000e-01  6.6448501590e-02 
 852.000  8.3836464000e-01  6.3994747160e-02 
 853.000  8.4883588000e-01  6.4927551270e-02 
 854.000  6.8238404000e-01  5.2221927640e-02 
 855.000  7.5147984000e-01  5.7633026120e-02 
 856.000  8.5333585000e-01  6.5582725520e-02 
 857.000  8.6718402000e-01  6.6802864070e-02 
 858.000  8.5339200000e-01  6.5772186280e-02 
 859.000  8.5346573000e-01  6.5872589110e-02 
 860.000  8.4592981000e-01  6.5381927490e-02 
 861.000  8.4582421000e-01  6.5377159120e-02 
 862.000  8.4306029000e-01  6.5148368840e-02 
 863.000  8.5917665000e-01  6.6477485660e-02 
 864.000  8.5746143000e-01  6.6268966670e-02 
 865.000  8.4149410000e-01  6.5143859860e-02 
 866.000  7.0584065000e-01  5.4685577390e-02 
 867.000  7.5163632000e-01  5.8105266570e-02 
 868.000  8.1518392000e-01  6.3091423030e-02 
 869.000  8.0374493000e-01  6.2214225770e-02 
 870.000  8.3689318000e-01  6.4869583130e-02 
 871.000  8.3571112000e-01  6.4747009280e-02 
 872.000  8.3234514000e-01  6.4353713990e-02 
 873.000  8.3567811000e-01  6.4703918460e-02 
 874.000  8.1735191000e-01  6.3240486150e-02 
 875.000  8.0983603000e-01  6.2768741610e-02 
 876.000  8.1655079000e-01  6.3237468720e-02 
 877.000  8.3281668000e-01  6.4407402040e-02 
 878.000  8.1846423000e-01  6.3329925540e-02 
 879.000  8.2036296000e-01  6.3525730130e-02 
 880.000  8.1556486000e-01  6.3016231540e-02 
 881.000  7.7315651000e-01  5.9770675660e-02 
 882.000  8.1582421000e-01  6.2941474910e-02 
 883.000  7.9722463000e-01  6.1658428190e-02 
 884.000  8.0400234000e-01  6.2346488950e-02 
 885.000  8.1219597000e-01  6.2634490970e-02 
 886.000  7.8549727000e-01  6.0540092470e-02 
 887.000  7.7749951000e-01  5.9985523220e-02 
 888.000  8.0076664000e-01  6.1669883730e-02 
 889.000  8.0619791000e-01  6.2308765410e-02 
 890.000  8.0356387000e-01  6.2012714390e-02 
 891.000  7.9879554000e-01  6.1419261930e-02 
 892.000  7.9451796000e-01  6.0766819000e-02 
 893.000  7.5866374000e-01  5.6964347840e-02 
 894.000  7.8079918000e-01  5.8199684140e-02 
 895.000  7.3108446000e-01  5.3354354860e-02 
 896.000  7.4517473000e-01  5.3171432500e-02 
 897.000  7.1268616000e-01  4.9865081790e-02 
 898.000  7.0666620000e-01  4.8891872410e-02 
 899.000  6.8534822000e-01  4.6042430880e-02 
 900.000  6.7118511000e-01  4.5212394710e-02 
 901.000  6.5164267000e-01  4.3593795780e-02 
 902.000  6.4048768000e-01  4.2929382320e-02 
 903.000  7.0573376000e-01  4.9593608860e-02 
 904.000  7.3980813000e-01  5.3442440030e-02 
 905.000  7.3703607000e-01  5.3389358520e-02 
 906.000  7.0481940000e-01  5.0185794830e-02 
 907.000  6.9379451000e-01  4.7830741880e-02 
 908.000  6.6203592000e-01  4.4635807040e-02 
 909.000  6.4958493000e-01  4.3824344640e-02 
 910.000  6.5948349000e-01  4.4635543820e-02 
 911.000  6.6751568000e-01  4.5940269470e-02 
 912.000  6.6417856000e-01  4.5258689880e-02 
 913.000  6.5848071000e-01  4.3597221370e-02 
 914.000  6.6463213000e-01  4.4635833740e-02 
 915.000  6.6182142000e-01  4.5110656740e-02 
 916.000  6.7123563000e-01  4.5862434390e-02 
 917.000  6.6500979000e-01  4.5726219180e-02 
 918.000  6.6714808000e-01  4.6264717100e-02 
 919.000  6.9493356000e-01  4.9774894710e-02 
 920.000  7.0239331000e-01  5.1167995450e-02 
 921.000  6.8394003000e-01  4.9606220250e-02 
 922.000  6.7753589000e-01  4.9201404570e-02 
 923.000  6.4546877000e-01  4.6384563450e-02 
 924.000  6.6356356000e-01  4.7242862700e-02 
 925.000  6.7163754000e-01  4.7708530430e-02 
 926.000  6.4754506000e-01  4.5851753230e-02 
 927.000  6.6085841000e-01  4.6178260800e-02 
 928.000  6.4806576000e-01  4.4013938900e-02 
 929.000  6.1476212000e-01  4.0093578340e-02 
 930.000  5.8188969000e-01  3.5963607790e-02 
 931.000  5.4580619000e-01  3.1600690840e-02 
 932.000  4.9312024000e-01  2.5994834900e-02 
 933.000  4.5743816000e-01  2.2544977190e-02 
 934.000  4.1431614000e-01  1.9023365020e-02 
 935.000  4.0412387000e-01  1.8393781660e-02 
 936.000  4.1676319000e-01  1.9499435420e-02 
 937.000  4.2189151000e-01  1.9630851750e-02 
 938.000  4.5995233000e-01  2.3179225920e-02 
 939.000  5.6953007000e-01  3.4646804810e-02 
 940.000  5.8142494000e-01  3.6237728120e-02 
 941.000  5.5550388000e-01  3.3971862790e-02 
 942.000  5.0398786000e-01  2.9178493500e-02 
 943.000  4.7620302000e-01  2.4955673220e-02 
 944.000  4.5939373000e-01  2.3894443510e-02 
 945.000  4.8358784000e-01  2.6048789980e-02 
 946.000  4.9114005000e-01  2.6530632020e-02 
 947.000  5.0538450000e-01  2.8229610440e-02 
 948.000  5.1849321000e-01  2.9532754900e-02 
 949.000  5.1867882000e-01  2.9498554230e-02 
 950.000  5.1777382000e-01  2.9603191380e-02 
 951.000  5.3681010000e-01  3.1997402190e-02 
 952.000  5.1286197000e-01  2.9292383190e-02 
 953.000  5.2793930000e-01  3.1139711380e-02 
 954.000  5.4010614000e-01  3.2923606870e-02 
 955.000  4.9114840000e-01  2.9221088410e-02 
 956.000  5.2052533000e-01  3.0843479160e-02 
 957.000  5.6353814000e-01  3.6055759430e-02 
 958.000  5.7328350000e-01  3.7050323490e-02 
 959.000  5.6820200000e-01  3.6356281280e-02 
 960.000  5.6066715000e-01  3.5788734440e-02 
 961.000  5.5103226000e-01  3.4996532440e-02 
 962.000  5.5693862000e-01  3.5586376190e-02 
 963.000  5.7884901000e-01  3.8394348140e-02 
 964.000  5.7541210000e-01  3.8389507290e-02 
 965.000  5.8018433000e-01  3.8604087830e-02 
 966.000  5.6456397000e-01  3.7667125700e-02 
 967.000  5.9752087000e-01  4.0933654790e-02 
 968.000  6.1727355000e-01  4.4105503080e-02 
 969.000  6.3282464000e-01  4.6056556700e-02 
 970.000  6.3514675000e-01  4.6288421630e-02 
 971.000  6.2922318000e-01  4.5854068760e-02 
 972.000  6.3039611000e-01  4.5716541290e-02 
 973.000  6.1675634000e-01  4.4218208310e-02 
 974.000  5.9799256000e-01  4.2272285460e-02 
 975.000  5.9493794000e-01  4.1671615600e-02 
 976.000  6.0961286000e-01  4.3211158750e-02 
 977.000  6.0607222000e-01  4.3779647830e-02 
 978.000  6.2002300000e-01  4.4746845250e-02 
 979.000  6.0500637000e-01  4.3898391720e-02 
 980.000  6.2572353000e-01  4.6286926270e-02 
 981.000  6.3268837000e-01  4.7013324740e-02 
 982.000  6.2857897000e-01  4.6521659850e-02 
 983.000  6.3307429000e-01  4.7333114620e-02 
 984.000  6.3518879000e-01  4.8004528050e-02 
 985.000  6.3848123000e-01  4.8560729980e-02 
 986.000  6.3789157000e-01  4.8926628110e-02 
 987.000  6.4721678000e-01  4.9830947880e-02 
 988.000  6.3960802000e-01  4.9290618900e-02 
 989.000  6.3175542000e-01  4.8714042660e-02 
 990.000  6.3760413000e-01  4.9211307530e-02 
 991.000  6.4450712000e-01  4.9913585660e-02 
 992.000  6.3900807000e-01  4.9538764950e-02 
 993.000  6.3913556000e-01  4.9570816040e-02 
 994.000  6.4384147000e-01  5.0085628510e-02 
 995.000  6.4012016000e-01  4.9909770970e-02 
 996.000  6.3998164000e-01  4.9901607510e-02 
 997.000  6.4001094000e-01  4.9837772370e-02 
 998.000  6.3690544000e-01  4.9526851650e-02 
 999.000  6.3504600000e-01  4.9358051300e-02 
1000.000  6.3019837000e-01  4.9006717680e-02 
1001.000  6.3221986000e-01  4.9014160160e-02 
1002.000  6.2891015000e-01  4.8521438600e-02 
1003.000  6.2210244000e-01  4.8060035710e-02 
1004.000  6.1820528000e-01  4.7903247830e-02 
1005.000  5.7813691000e-01  4.4863719940e-02 
1006.000  6.0850698000e-01  4.7249092100e-02 
1007.000  6.1916152000e-01  4.8037166600e-02 
1008.000  6.1993157000e-01  4.7909481050e-02 
1009.000  6.1367938000e-01  4.7185161590e-02 
1010.000  6.1705732000e-01  4.7563358310e-02 
1011.000  6.1633714000e-01  4.7782798770e-02 
1012.000  6.1749442000e-01  4.7983036040e-02 
1013.000  6.1378752000e-01  4.7784221650e-02 
1014.000  6.1801659000e-01  4.8179962160e-02 
1015.000  6.0665671000e-01  4.7334880830e-02 
1016.000  6.1087019000e-01  4.7735553740e-02 
1017.000  6.0495944000e-01  4.7322017670e-02 
1018.000  6.1250478000e-01  4.7902725220e-02 
1019.000  5.9774389000e-01  4.6683334350e-02 
1020.000  5.9674745000e-01  4.6621528630e-02 
1021.000  6.0322710000e-01  4.7154491420e-02 
1022.000  5.9326330000e-01  4.6218101500e-02 
1023.000  6.0388235000e-01  4.6906242370e-02 
1024.000  6.0035434000e-01  4.6535217290e-02 
1025.000  6.0149056000e-01  4.6756137850e-02 
1026.000  6.0276105000e-01  4.6929855350e-02 
1027.000  5.9887614000e-01  4.6637138370e-02 
1028.000  6.0047819000e-01  4.6833908080e-02 
1029.000  5.9184678000e-01  4.6275390620e-02 
1030.000  5.9830745000e-01  4.6899711610e-02 
1031.000  5.9666697000e-01  4.6856918330e-02 
1032.000  5.9475616000e-01  4.6773544310e-02 
1033.000  5.8383940000e-01  4.5872024540e-02 
1034.000  5.8954392000e-01  4.6370773320e-02 
1035.000  5.8184534000e-01  4.5764656070e-02 
1036.000  5.9146319000e-01  4.6526790620e-02 
1037.000  5.7900948000e-01  4.5548671720e-02 
1038.000  5.8473494000e-01  4.5998409270e-02 
1039.000  5.8712078000e-01  4.6169559480e-02 
1040.000  5.8016910000e-01  4.5611190800e-02 
1041.000  5.8319262000e-01  4.5835369110e-02 
1042.000  5.8491974000e-01  4.5959217070e-02 
1043.000  5.7482188000e-01  4.5157928470e-02 
1044.000  5.8053792000e-01  4.5594570160e-02 
1045.000  5.7799953000e-01  4.5420055390e-02 
1046.000  5.6118510000e-01  4.4134922030e-02 
1047.000  5.7148193000e-01  4.4979808810e-02 
1048.000  5.7714833000e-01  4.5464595790e-02 
1049.000  5.7344174000e-01  4.5217178340e-02 
1050.000  5.7103290000e-01  4.5058372500e-02 
1051.000  5.7000833000e-01  4.4955738070e-02 
1052.000  5.6734245000e-01  4.4725475310e-02 
1053.000  5.6590951000e-01  4.4605224610e-02 
1054.000  5.6169712000e-01  4.4245021820e-02 
1055.000  5.6578951000e-01  4.4531959530e-02 
1056.000  5.6426404000e-01  4.4388320920e-02 
1057.000  5.6320673000e-01  4.4262554170e-02 
1058.000  5.5716250000e-01  4.3707363130e-02 
1059.000  5.3965196000e-01  4.2369655610e-02 
1060.000  5.5917515000e-01  4.3991352080e-02 
1061.000  5.3955947000e-01  4.2458435060e-02 
1062.000  5.5443431000e-01  4.3587867740e-02 
1063.000  5.4504601000e-01  4.2837036130e-02 
1064.000  5.5177387000e-01  4.3293380740e-02 
1065.000  5.5094545000e-01  4.3132579800e-02 
1066.000  5.3407006000e-01  4.1795097350e-02 
1067.000  5.4667458000e-01  4.2730213170e-02 
1068.000  5.4394264000e-01  4.2358730320e-02 
1069.000  5.0270547000e-01  3.9066638950e-02 
1070.000  5.3259687000e-01  4.1426033020e-02 
1071.000  5.3307952000e-01  4.1404621120e-02 
1072.000  5.3446757000e-01  4.1455787660e-02 
1073.000  5.1680675000e-01  4.0093887330e-02 
1074.000  5.3497592000e-01  4.1539356230e-02 
1075.000  5.1894562000e-01  4.0428588870e-02 
1076.000  5.2997816000e-01  4.1223350520e-02 
1077.000  5.2829253000e-01  4.1005550380e-02 
1078.000  5.2905952000e-01  4.0962848660e-02 
1079.000  5.0860458000e-01  3.9374229430e-02 
1080.000  5.2203490000e-01  4.0137004850e-02 
1081.000  5.0273481000e-01  3.8639961240e-02 
1082.000  5.0986614000e-01  3.9284275050e-02 
1083.000  4.9525383000e-01  3.7989906310e-02 
1084.000  5.1314720000e-01  3.9179447170e-02 
1085.000  5.0395172000e-01  3.8098571780e-02 
1086.000  5.1113367000e-01  3.8699771880e-02 
1087.000  4.8241481000e-01  3.6888755800e-02 
1088.000  5.1173916000e-01  3.9190151210e-02 
1089.000  4.8896729000e-01  3.7019824980e-02 
1090.000  4.9894906000e-01  3.7725563050e-02 
1091.000  5.0285088000e-01  3.8146823880e-02 
1092.000  4.8951739000e-01  3.6945037840e-02 
1093.000  4.7967202000e-01  3.5749969480e-02 
1094.000  4.3491466300e-01  3.2209945680e-02 
1095.000  4.7103739500e-01  3.4893211360e-02 
1096.000  4.7236428000e-01  3.5007164000e-02 
1097.000  4.6231604100e-01  3.4127349850e-02 
1098.000  4.4503621600e-01  3.1776224140e-02 
1099.000  4.3475695200e-01  3.0129112240e-02 
1100.000  4.4304350500e-01  3.0766357420e-02 
1101.000  4.4370039700e-01  3.0936466220e-02 
1102.000  4.2456602500e-01  2.9537748340e-02 
1103.000  4.4249353900e-01  3.0862136840e-02 
1104.000  4.3730221600e-01  3.0344865800e-02 
1105.000  4.3156605800e-01  2.9571371080e-02 
1106.000  4.2276047900e-01  2.8615556720e-02 
1107.000  4.2359536700e-01  2.8743579860e-02 
1108.000  4.2326370500e-01  2.8759860990e-02 
1109.000  4.2974789400e-01  2.9471433640e-02 
1110.000  4.3150888600e-01  2.9500274660e-02 
1111.000  4.2355401100e-01  2.8762590410e-02 
1112.000  4.0722731400e-01  2.6908597950e-02 
1113.000  3.8857182700e-01  2.4633773800e-02 
1114.000  3.8838037000e-01  2.4253883360e-02 
1115.000  3.6283965300e-01  2.1345733640e-02 
1116.000  3.4471289700e-01  1.9517459870e-02 
1117.000  3.1578588100e-01  1.6421800610e-02 
1118.000  2.8188828100e-01  1.3489261630e-02 
1119.000  2.5806990300e-01  1.1739800450e-02 
1120.000  2.3792774200e-01  1.0145027160e-02 
1121.000  2.3484991600e-01  9.8537530900e-03 
1122.000  2.1110393300e-01  8.2145690920e-03 
1123.000  2.2494473700e-01  9.0983219150e-03 
1124.000  2.3389150300e-01  9.6920118330e-03 
1125.000  2.2474008400e-01  9.1898746490e-03 
1126.000  2.1869497800e-01  8.9007587430e-03 
1127.000  2.2785924100e-01  9.3461923600e-03 
1128.000  2.2707339500e-01  9.4481315610e-03 
1129.000  2.4986629500e-01  1.1096507070e-02 
1130.000  2.9860902300e-01  1.5039709090e-02 
1131.000  3.1552340600e-01  1.6450614930e-02 
1132.000  2.9758685700e-01  1.4785798070e-02 
1133.000  2.5541530000e-01  1.1616400720e-02 
1134.000  1.8682895500e-01  6.8598909380e-03 
1135.000  1.9447453200e-01  7.2985019680e-03 
1136.000  2.6156686600e-01  1.2106518750e-02 
1137.000  2.9978030400e-01  1.5174911500e-02 
1138.000  3.2023497600e-01  1.7658794400e-02 
1139.000  3.3624108700e-01  1.9110067370e-02 
1140.000  3.3123524600e-01  1.8532907490e-02 
1141.000  3.0970811200e-01  1.6818326950e-02 
1142.000  3.1385051600e-01  1.6848648070e-02 
1143.000  2.9497114700e-01  1.5280556680e-02 
1144.000  2.7771699000e-01  1.3827256200e-02 
1145.000  2.5688059700e-01  1.2034883500e-02 
1146.000  2.6488377600e-01  1.2598522190e-02 
1147.000  2.8396363600e-01  1.4162180900e-02 
1148.000  2.9655648800e-01  1.5404138570e-02 
1149.000  3.0347119600e-01  1.6034303670e-02 
1150.000  3.0221986200e-01  1.6032537460e-02 
1151.000  3.1006363800e-01  1.6897832870e-02 
1152.000  3.1369362200e-01  1.7322717670e-02 
1153.000  3.1936706100e-01  1.7968023300e-02 
1154.000  3.1961761700e-01  1.7934894560e-02 
1155.000  3.3241820800e-01  1.9331062320e-02 
1156.000  3.4084274400e-01  2.0581531520e-02 
1157.000  3.7018526800e-01  2.3948928830e-02 
1158.000  3.8052575700e-01  2.5295072560e-02 
1159.000  3.8372952300e-01  2.6102996830e-02 
1160.000  3.8231124800e-01  2.6268955230e-02 
1161.000  3.8282564800e-01  2.6888208390e-02 
1162.000  4.0310955600e-01  2.8803237920e-02 
1163.000  4.1265488000e-01  3.0066713330e-02 
1164.000  4.0609556600e-01  2.9714027400e-02 
1165.000  4.1443480100e-01  3.0416519170e-02 
1166.000  4.0523901600e-01  2.9888252260e-02 
1167.000  4.1277111300e-01  3.0538728710e-02 
1168.000  4.1598072100e-01  3.0757284160e-02 
1169.000  4.0266096900e-01  2.9865013120e-02 
1170.000  4.1449645300e-01  3.0826955800e-02 
1171.000  4.1916066800e-01  3.1372819900e-02 
1172.000  4.1621997000e-01  3.1051521300e-02 
1173.000  4.1172403800e-01  3.0621486660e-02 
1174.000  4.1202654600e-01  3.0658504490e-02 
1175.000  4.1147004300e-01  3.0912466050e-02 
1176.000  4.0535486400e-01  3.0723831180e-02 
1177.000  4.1602373300e-01  3.1412063600e-02 
1178.000  4.0526457100e-01  3.0349691390e-02 
1179.000  4.0345574900e-01  3.0222333910e-02 
1180.000  4.0776505400e-01  3.0459539410e-02 
1181.000  4.0216286000e-01  2.9813377380e-02 
1182.000  3.9916573000e-01  2.9365238190e-02 
1183.000  3.7639707700e-01  2.7718839650e-02 
1184.000  3.9534484400e-01  2.9247079850e-02 
1185.000  4.0547723300e-01  3.0328260420e-02 
1186.000  4.0162242300e-01  2.9945747380e-02 
1187.000  3.9677024400e-01  2.9261348720e-02 
1188.000  3.9358784300e-01  2.8949365620e-02 
1189.000  3.7347840000e-01  2.7652263640e-02 
1190.000  3.9956221800e-01  3.0089365010e-02 
1191.000  4.0810667400e-01  3.0877328870e-02 
1192.000  4.0917393600e-01  3.1175930020e-02 
1193.000  4.0861947400e-01  3.1065851210e-02 
1194.000  4.0734199100e-01  3.0939432140e-02 
1195.000  3.9955291100e-01  3.0136934280e-02 
1196.000  3.9974333200e-01  3.0191539760e-02 
1197.000  3.9807000900e-01  2.9967811580e-02 
1198.000  3.8436027400e-01  2.8921340940e-02 
1199.000  3.6824224600e-01  2.7594064710e-02 
1200.000  3.9256427900e-01  2.9498132710e-02 
1201.000  3.9581866400e-01  2.9788940430e-02 
1202.000  3.9672758700e-01  2.9924736020e-02 
1203.000  3.7631550500e-01  2.8354814530e-02 
1204.000  3.8316287000e-01  2.8948253630e-02 
1205.000  3.9733123800e-01  3.0399068830e-02 
1206.000  3.9737664800e-01  3.0578926090e-02 
1207.000  4.0105275400e-01  3.0937833790e-02 
1208.000  3.9449192100e-01  3.0379415510e-02 
1209.000  3.6871736000e-01  2.8312623980e-02 
1210.000  3.9252956700e-01  2.9989658360e-02 
1211.000  3.7913197700e-01  2.8949499130e-02 
1212.000  3.9155907100e-01  2.9946281430e-02 
1213.000  3.9514974200e-01  3.0379024510e-02 
1214.000  3.9308881700e-01  3.0209903720e-02 
1215.000  3.9516602400e-01  3.0438110350e-02 
1216.000  3.9692935100e-01  3.0829267500e-02 
1217.000  3.9853598700e-01  3.1175754550e-02 
1218.000  3.9811245300e-01  3.1251977920e-02 
1219.000  3.9488395500e-01  3.1066152570e-02 
1220.000  3.9761782400e-01  3.1280244830e-02 
1221.000  3.9714447200e-01  3.1262966160e-02 
1222.000  3.9513002800e-01  3.1110839840e-02 
1223.000  3.9346570700e-01  3.1020675660e-02 
1224.000  3.9798888900e-01  3.1524463650e-02 
1225.000  3.9611387000e-01  3.1422704700e-02 
1226.000  3.9791442400e-01  3.1626882550e-02 
1227.000  3.8509395700e-01  3.0693977360e-02 
1228.000  3.9794512700e-01  3.1825769420e-02 
1229.000  3.9809195000e-01  3.1920448300e-02 
1230.000  3.9739506500e-01  3.1958473210e-02 
1231.000  3.9776456700e-01  3.2045120240e-02 
1232.000  3.9341537000e-01  3.1723918910e-02 
1233.000  3.9659496300e-01  3.2002910610e-02 
1234.000  3.9626148000e-01  3.2090709690e-02 
1235.000  3.9381863000e-01  3.1937011720e-02 
1236.000  3.9631345300e-01  3.2170734410e-02 
1237.000  3.9656378600e-01  3.2234107970e-02 
1238.000  3.9640800500e-01  3.2242919920e-02 
1239.000  3.9193625200e-01  3.1894777300e-02 
1240.000  3.9016282100e-01  3.1786977770e-02 
1241.000  3.9357005000e-01  3.2093761440e-02 
1242.000  3.9117838200e-01  3.1924097060e-02 
1243.000  3.8672886600e-01  3.1587553020e-02 
1244.000  3.8309321400e-01  3.1305095670e-02 
1245.000  3.8956564100e-01  3.1848808290e-02 
1246.000  3.8641098000e-01  3.1563415530e-02 
1247.000  3.8433063600e-01  3.1364200590e-02 
1248.000  3.8713981900e-01  3.1565172200e-02 
1249.000  3.8563704500e-01  3.1424974440e-02 
1250.000  3.8396097400e-01  3.1261510850e-02 
1251.000  3.8113542400e-01  3.1012947080e-02 
1252.000  3.7970037900e-01  3.0866752620e-02 
1253.000  3.7625153300e-01  3.0553871150e-02 
1254.000  3.7661170000e-01  3.0516111370e-02 
1255.000  3.7552987000e-01  3.0387413020e-02 
1256.000  3.7433685400e-01  3.0260753630e-02 
1257.000  3.6949462100e-01  2.9803794860e-02 
1258.000  3.6957746800e-01  2.9689212800e-02 
1259.000  3.6435076800e-01  2.9171047210e-02 
1260.000  3.6348789300e-01  2.8991710660e-02 
1261.000  3.6127548400e-01  2.8703935620e-02 
1262.000  3.5025757800e-01  2.7663284300e-02 
1263.000  3.5323494500e-01  2.7873334880e-02 
1264.000  3.4690069800e-01  2.7369428630e-02 
1265.000  3.4722417000e-01  2.7403612140e-02 
1266.000  3.4808476900e-01  2.7429645540e-02 
1267.000  3.4001824600e-01  2.6753723140e-02 
1268.000  3.3493803700e-01  2.6314470290e-02 
1269.000  3.3729022600e-01  2.6484321590e-02 
1270.000  3.4546072700e-01  2.7263589860e-02 
1271.000  3.4937566600e-01  2.7630086900e-02 
1272.000  3.4995920500e-01  2.7743156430e-02 
1273.000  3.5111785700e-01  2.7919492720e-02 
1274.000  3.5081555000e-01  2.7994632720e-02 
1275.000  3.5375231000e-01  2.8261257170e-02 
1276.000  3.5483490800e-01  2.8352367400e-02 
1277.000  3.5487603300e-01  2.8336803440e-02 
1278.000  3.5418862100e-01  2.8252716060e-02 
1279.000  3.5216638900e-01  2.8102348330e-02 
1280.000  3.5106739800e-01  2.8109266280e-02 
1281.000  3.4199638000e-01  2.7471973420e-02 
1282.000  3.0445977100e-01  2.4536695480e-02 
1283.000  3.3465475000e-01  2.7016590120e-02 
1284.000  3.4852805400e-01  2.8156612400e-02 
1285.000  3.5136625600e-01  2.8405200960e-02 
1286.000  3.5082469500e-01  2.8312099460e-02 
1287.000  3.5209629500e-01  2.8329332350e-02 
1288.000  3.4661754200e-01  2.7601644520e-02 
1289.000  3.4767000500e-01  2.7596725460e-02 
1290.000  3.3955807300e-01  2.6934459690e-02 
1291.000  3.4478727700e-01  2.7361091610e-02 
1292.000  3.4765542900e-01  2.7666336060e-02 
1293.000  3.4809462500e-01  2.7679697040e-02 
1294.000  3.4116023400e-01  2.6975337980e-02 
1295.000  3.4250956100e-01  2.6870925900e-02 
1296.000  3.4032345900e-01  2.6503171920e-02 
1297.000  3.3623212400e-01  2.6042724610e-02 
1298.000  3.3304632500e-01  2.5783393860e-02 
1299.000  3.3626896100e-01  2.6019287110e-02 
1300.000  3.3458023400e-01  2.5873723980e-02 
1301.000  3.3360067800e-01  2.5755704880e-02 
1302.000  3.2792807600e-01  2.5192972180e-02 
1303.000  3.2196313800e-01  2.4421859740e-02 
1304.000  3.2059555300e-01  2.4177698140e-02 
1305.000  3.2184750000e-01  2.4207969670e-02 
1306.000  3.2162945200e-01  2.4122598650e-02 
1307.000  3.1961959800e-01  2.3901502610e-02 
1308.000  3.1665290000e-01  2.3494375230e-02 
1309.000  3.1272520300e-01  2.2956626890e-02 
1310.000  3.1100495700e-01  2.2812566760e-02 
1311.000  3.1015144500e-01  2.2751646040e-02 
1312.000  3.0472973600e-01  2.2079418180e-02 
1313.000  2.8864002400e-01  2.0605813980e-02 
1314.000  2.9316068200e-01  2.0654806140e-02 
1315.000  2.8539029600e-01  2.0232151030e-02 
1316.000  2.9536008500e-01  2.1131607060e-02 
1317.000  2.9836340900e-01  2.1339658740e-02 
1318.000  2.8898145500e-01  2.0341621400e-02 
1319.000  2.8534606700e-01  1.9647573470e-02 
1320.000  2.7464526600e-01  1.8408279420e-02 
1321.000  2.7011770800e-01  1.7902599330e-02 
1322.000  2.7518172900e-01  1.8556516650e-02 
1323.000  2.8206280800e-01  1.9351070400e-02 
1324.000  2.8532116900e-01  1.9753585820e-02 
1325.000  2.8294281800e-01  1.9467580800e-02 
1326.000  2.7587188600e-01  1.8660058980e-02 
1327.000  2.6135828200e-01  1.6948503490e-02 
1328.000  2.4824895300e-01  1.5274864200e-02 
1329.000  2.1419254500e-01  1.1946848870e-02 
1330.000  2.0815485000e-01  1.1190781590e-02 
1331.000  2.0267229300e-01  1.0639640810e-02 
1332.000  2.0047692900e-01  1.0596350670e-02 
1333.000  2.1148446500e-01  1.1414063450e-02 
1334.000  2.1989936000e-01  1.2198900220e-02 
1335.000  2.2584120700e-01  1.2782454490e-02 
1336.000  2.2573399300e-01  1.2868444440e-02 
1337.000  2.2828931600e-01  1.3052307130e-02 
1338.000  2.3204004500e-01  1.3466445920e-02 
1339.000  2.3255392700e-01  1.3565731050e-02 
1340.000  2.3417340700e-01  1.3837787630e-02 
1341.000  2.3813098000e-01  1.3936727520e-02 
1342.000  2.3803428300e-01  1.3951951980e-02 
1343.000  2.2900911300e-01  1.2742801670e-02 
1344.000  2.1516288100e-01  1.1275093080e-02 
1345.000  1.7802901600e-01  8.0402460100e-03 
1346.000  1.5186355100e-01  6.0150280000e-03 
1347.000  1.3470073400e-01  4.8998727800e-03 
1348.000  1.1167366600e-01  3.4191896920e-03 
1349.000  1.0157152370e-01  2.8990597720e-03 
1350.000  7.9120210200e-02  1.7931576970e-03 
1351.000  6.8305153100e-02  1.3859430550e-03 
1352.000  5.2245487700e-02  8.2345080380e-04 
1353.000  3.7031245200e-02  4.5252248640e-04 
1354.000  2.9609919500e-02  3.0283650760e-04 
1355.000  2.2989620700e-02  1.9448819760e-04 
1356.000  1.7384926000e-02  1.1858750130e-04 
1357.000  1.1883078510e-02  5.9897441420e-05 
1358.000  8.7943027300e-03  3.6629967390e-05 
1359.000  4.6371904300e-03  1.2467310760e-05 
1360.000  3.0667195500e-03  6.5630013120e-06 
1361.000  2.2822903100e-03  3.9122696030e-06 
1362.000  2.1000787100e-03  3.4440199380e-06 
1363.000  3.0298721200e-03  6.0117482210e-06 
1364.000  3.5132263900e-03  7.5315553690e-06 
1365.000  3.6785383600e-03  7.9523762690e-06 
1366.000  4.2480988500e-03  9.9379783500e-06 
1367.000  3.5684712600e-03  7.7933520080e-06 
1368.000  3.1641446600e-03  6.7421593700e-06 
1369.000  3.2446888500e-03  7.0981760510e-06 
1370.000  5.3662037200e-03  1.6467440870e-05 
1371.000  9.5567420400e-03  4.1255515070e-05 
1372.000  1.7696162000e-02  1.1401430520e-04 
1373.000  2.5103453600e-02  2.0131650570e-04 
1374.000  3.0483430300e-02  2.7874392270e-04 
1375.000  3.2500673600e-02  3.1331315640e-04 
1376.000  3.0145730400e-02  2.7827149630e-04 
1377.000  2.6837209300e-02  2.2771871090e-04 
1378.000  2.0455553200e-02  1.4545722310e-04 
1379.000  1.4046700620e-02  7.8671894970e-05 
1380.000  7.9668945500e-03  3.1478647140e-05 
1381.000  4.6085469200e-03  1.3152247290e-05 
1382.000  3.2226943600e-03  7.4350116770e-06 
1383.000  3.1180834900e-03  6.9555598310e-06 
1384.000  5.0718359400e-03  1.5023526740e-05 
1385.000  7.2001160700e-03  2.6370875540e-05 
1386.000  1.0997425680e-02  5.2082970740e-05 
1387.000  2.0206237100e-02  1.4352098110e-04 
1388.000  2.6781520300e-02  2.2575087850e-04 
1389.000  3.0763854500e-02  2.8820970650e-04 
1390.000  3.1403174100e-02  3.0178779360e-04 
1391.000  2.9315252700e-02  2.6916670800e-04 
1392.000  2.2163611100e-02  1.7065244910e-04 
1393.000  1.6942347100e-02  1.1152626570e-04 
1394.000  1.2979778520e-02  7.2949185970e-05 
1395.000  1.4631306600e-02  8.8671252130e-05 
1396.000  2.0077370400e-02  1.4707253870e-04 
1397.000  2.5909697900e-02  2.2457033400e-04 
1398.000  2.6682493500e-02  2.3541672530e-04 
1399.000  2.4913551200e-02  2.1401162450e-04 
1400.000  2.3296291300e-02  1.9495818020e-04 
1401.000  2.4765144400e-02  2.1989972890e-04 
1402.000  3.0702044400e-02  3.0879378320e-04 
1403.000  3.5348379100e-02  4.0294945240e-04 
1404.000  3.3248324800e-02  3.6429566140e-04 
1405.000  3.4826857400e-02  4.0494275090e-04 
1406.000  3.2294308100e-02  3.5599020120e-04 
1407.000  3.3492391600e-02  3.9083644750e-04 
1408.000  4.0142930000e-02  5.2778017520e-04 
1409.000  4.7056562900e-02  7.0389002560e-04 
1410.000  5.7714278300e-02  9.9608021970e-04 
1411.000  6.8648603700e-02  1.3780610560e-03 
1412.000  6.6322445900e-02  1.3343119620e-03 
1413.000  7.3147289700e-02  1.6041847470e-03 
1414.000  7.2118328500e-02  1.5448398590e-03 
1415.000  7.9725560800e-02  1.8920009140e-03 
1416.000  8.5659254200e-02  2.1516990660e-03 
1417.000  8.7864655900e-02  2.2770569320e-03 
1418.000  8.8647674900e-02  2.3080644610e-03 
1419.000  8.8463060800e-02  2.3527777190e-03 
1420.000  9.0564039900e-02  2.4535183910e-03 
1421.000  1.0185720350e-01  3.0240187640e-03 
1422.000  1.0428022450e-01  3.2052490710e-03 
1423.000  1.0544314060e-01  3.3103346820e-03 
1424.000  1.0508485150e-01  3.2852976320e-03 
1425.000  1.0389195740e-01  3.1901679040e-03 
1426.000  1.0016633970e-01  3.0845880510e-03 
1427.000  1.0609616200e-01  3.3868789670e-03 
1428.000  1.1205813600e-01  3.6693565850e-03 
1429.000  1.1365954420e-01  3.8434078690e-03 
1430.000  1.1089570600e-01  3.7566218380e-03 
1431.000  1.0331301640e-01  3.3478431700e-03 
1432.000  1.0101867910e-01  3.1820743080e-03 
1433.000  1.0073400140e-01  3.1651620860e-03 
1434.000  9.6082409800e-02  2.9504022600e-03 
1435.000  1.0315293380e-01  3.3151962760e-03 
1436.000  1.0572162460e-01  3.4624989030e-03 
1437.000  1.0740680060e-01  3.5526392460e-03 
1438.000  1.1386940750e-01  3.9406142230e-03 
1439.000  1.1597086640e-01  4.0306386950e-03 
1440.000  1.1119789220e-01  3.9189629550e-03 
1441.000  1.1810447800e-01  4.1938476560e-03 
1442.000  1.1328933490e-01  3.9663500790e-03 
1443.000  1.1532552680e-01  4.0475249290e-03 
1444.000  1.1792548930e-01  4.1911430360e-03 
1445.000  1.1816159880e-01  4.2158041000e-03 
1446.000  1.2367808320e-01  4.5262241360e-03 
1447.000  1.2705827600e-01  4.7564210890e-03 
1448.000  1.2850635200e-01  4.8320550920e-03 
1449.000  1.2598329810e-01  4.6715984340e-03 
1450.000  1.2047070970e-01  4.3674812320e-03 
1451.000  1.2181951150e-01  4.4722585680e-03 
1452.000  1.2715112100e-01  4.8789114950e-03 
1453.000  1.4168461200e-01  5.7831325530e-03 
1454.000  1.5417508300e-01  6.6879825590e-03 
1455.000  1.6014896000e-01  7.2063493730e-03 
1456.000  1.6725315500e-01  7.8007841110e-03 
1457.000  1.6994307000e-01  7.9689359660e-03 
1458.000  1.7326725700e-01  8.1868467330e-03 
1459.000  1.6839899400e-01  7.7712049480e-03 
1460.000  1.6072234300e-01  7.2663335800e-03 
1461.000  1.5763916600e-01  7.0487651820e-03 
1462.000  1.4915071700e-01  6.4580926900e-03 
1463.000  1.4816178300e-01  6.4239668850e-03 
1464.000  1.4624781000e-01  6.2836780550e-03 
1465.000  1.4300300200e-01  5.9982218740e-03 
1466.000  1.3327507500e-01  5.4214625360e-03 
1467.000  1.3230835000e-01  5.2631430630e-03 
1468.000  1.2416674930e-01  4.8159070010e-03 
1469.000  1.1778629960e-01  4.3719668390e-03 
1470.000  1.1437520550e-01  4.1802964210e-03 
1471.000  1.2137515360e-01  4.6933412550e-03 
1472.000  1.3365448200e-01  5.5135421750e-03 
1473.000  1.5020152900e-01  6.6955208780e-03 
1474.000  1.5743773900e-01  7.4226264950e-03 
1475.000  1.6023701200e-01  7.5696678160e-03 
1476.000  1.6049756400e-01  7.5964164730e-03 
1477.000  1.5705715500e-01  7.3307557110e-03 
1478.000  1.5091498600e-01  6.9496650700e-03 
1479.000  1.4792160500e-01  6.6728439330e-03 
1480.000  1.5100282200e-01  6.9318728450e-03 
1481.000  1.5382604000e-01  7.2465252880e-03 
1482.000  1.6077530500e-01  7.7974348070e-03 
1483.000  1.5899631100e-01  7.7806415560e-03 
1484.000  1.6002733100e-01  7.8610014920e-03 
1485.000  1.6232763400e-01  7.9604439740e-03 
1486.000  1.6370067900e-01  8.2356510160e-03 
1487.000  1.7372181800e-01  9.1718225480e-03 
1488.000  1.5224227500e-01  8.0901060100e-03 
1489.000  1.8682914900e-01  1.0565159800e-02 
1490.000  1.9766307600e-01  1.1774230960e-02 
1491.000  2.0472572800e-01  1.2540241240e-02 
1492.000  2.0101340500e-01  1.2394159320e-02 
1493.000  2.0844329200e-01  1.3077810290e-02 
1494.000  2.0813932700e-01  1.3111052510e-02 
1495.000  2.0986281400e-01  1.3445355420e-02 
1496.000  2.0949984000e-01  1.3754702570e-02 
1497.000  2.1460805000e-01  1.4135388370e-02 
1498.000  2.2168760000e-01  1.4908787730e-02 
1499.000  2.2267625100e-01  1.5267484660e-02 
1500.000  2.2954300300e-01  1.5968095780e-02 
1501.000  2.2823669500e-01  1.5830432890e-02 
1502.000  2.2455537800e-01  1.5493437770e-02 
1503.000  2.0059990700e-01  1.3791181560e-02 
1504.000  2.0993277200e-01  1.4515414240e-02 
1505.000  2.1255497100e-01  1.4922815320e-02 
1506.000  2.1548600000e-01  1.5173993110e-02 
1507.000  2.2830156700e-01  1.6296388630e-02 
1508.000  2.2629368700e-01  1.6285543440e-02 
1509.000  2.2881709200e-01  1.6611806870e-02 
1510.000  2.3291696100e-01  1.6982566830e-02 
1511.000  2.3506336700e-01  1.7251909260e-02 
1512.000  2.3137787900e-01  1.7060331340e-02 
1513.000  2.3128765600e-01  1.7115087510e-02 
1514.000  2.2812110400e-01  1.6912557600e-02 
1515.000  2.3342558000e-01  1.7378837590e-02 
1516.000  2.3151926600e-01  1.7256071090e-02 
1517.000  2.3089796600e-01  1.7257852550e-02 
1518.000  2.3661856100e-01  1.7789087300e-02 
1519.000  2.3483622100e-01  1.7773073200e-02 
1520.000  2.3843489800e-01  1.8222524640e-02 
1521.000  2.3504599800e-01  1.8092025760e-02 
1522.000  2.3368631400e-01  1.8031147000e-02 
1523.000  2.3971155700e-01  1.8568470000e-02 
1524.000  2.3762781400e-01  1.8422245030e-02 
1525.000  2.3189282900e-01  1.7981363300e-02 
1526.000  2.3852685900e-01  1.8507642750e-02 
1527.000  2.3641412100e-01  1.8387498860e-02 
1528.000  2.3851423100e-01  1.8610742570e-02 
1529.000  2.3776770800e-01  1.8553369520e-02 
1530.000  2.2291627500e-01  1.7444004060e-02 
1531.000  2.3855668400e-01  1.8699741360e-02 
1532.000  2.3741956600e-01  1.8647228240e-02 
1533.000  2.3645793800e-01  1.8587587360e-02 
1534.000  2.3298022400e-01  1.8325550080e-02 
1535.000  2.3396718400e-01  1.8415079120e-02 
1536.000  2.3709908400e-01  1.8698072430e-02 
1537.000  2.3803541500e-01  1.8832000730e-02 
1538.000  2.3170985400e-01  1.8394798280e-02 
1539.000  2.3672383400e-01  1.8853248600e-02 
1540.000  2.2817649700e-01  1.8217384340e-02 
1541.000  2.3298821400e-01  1.8620939250e-02 
1542.000  2.3437469000e-01  1.8740774150e-02 
1543.000  2.3373673600e-01  1.8709178920e-02 
1544.000  2.3673897800e-01  1.8976247790e-02 
1545.000  2.3764700800e-01  1.9090187070e-02 
1546.000  2.3786552100e-01  1.9154760360e-02 
1547.000  2.3555537800e-01  1.9010843280e-02 
1548.000  2.2859785000e-01  1.8484577180e-02 
1549.000  2.3445674900e-01  1.8981128690e-02 
1550.000  2.3313909700e-01  1.8892457960e-02 
1551.000  2.3191144300e-01  1.8796361920e-02 
1552.000  2.3586423500e-01  1.9114957810e-02 
1553.000  2.3463105400e-01  1.9021533970e-02 
1554.000  2.2603395000e-01  1.8321908950e-02 
1555.000  2.2980563700e-01  1.8638856890e-02 
1556.000  2.2541818400e-01  1.8312599180e-02 
1557.000  2.3279882200e-01  1.8959104540e-02 
1558.000  2.3095589700e-01  1.8843162540e-02 
1559.000  2.3097391800e-01  1.8875808720e-02 
1560.000  2.2698520100e-01  1.8589256290e-02 
1561.000  2.3228247000e-01  1.9033586500e-02 
1562.000  2.3217438000e-01  1.9007556920e-02 
1563.000  2.2870415900e-01  1.8715877530e-02 
1564.000  2.2404639000e-01  1.8318386080e-02 
1565.000  2.2729881200e-01  1.8561704640e-02 
1566.000  2.2299195000e-01  1.8221860890e-02 
1567.000  2.2263467100e-01  1.8187877660e-02 
1568.000  2.1748090100e-01  1.7747425080e-02 
1569.000  2.1766280000e-01  1.7737113950e-02 
1570.000  2.1160820000e-01  1.7233022690e-02 
1571.000  2.1727809400e-01  1.7718212130e-02 
1572.000  2.1711212500e-01  1.7714141850e-02 
1573.000  2.1381431700e-01  1.7477230070e-02 
1574.000  2.1465701100e-01  1.7588224410e-02 
1575.000  1.9943611100e-01  1.6371131900e-02 
1576.000  2.1426024200e-01  1.7596172330e-02 
1577.000  1.9354359300e-01  1.5884362220e-02 
1578.000  2.1188884700e-01  1.7378461840e-02 
1579.000  2.1321141900e-01  1.7482828140e-02 
1580.000  2.1775958400e-01  1.7864019390e-02 
1581.000  2.1631536900e-01  1.7735208510e-02 
1582.000  2.1216572600e-01  1.7436147690e-02 
1583.000  2.1496994500e-01  1.7705278400e-02 
1584.000  2.1323783800e-01  1.7603059770e-02 
1585.000  2.1968351100e-01  1.8168190000e-02 
1586.000  2.1692432000e-01  1.7955602650e-02 
1587.000  2.1466313300e-01  1.7801279070e-02 
1588.000  2.1151402500e-01  1.7570318220e-02 
1589.000  1.9351319300e-01  1.6086160660e-02 
1590.000  2.0848090400e-01  1.7339576720e-02 
1591.000  2.0381029500e-01  1.6964782710e-02 
1592.000  2.1448269100e-01  1.7854679110e-02 
1593.000  2.1909754300e-01  1.8234676360e-02 
1594.000  2.1722289200e-01  1.8076129910e-02 
1595.000  2.1819605800e-01  1.8157480240e-02 
1596.000  2.0439152500e-01  1.7023811340e-02 
1597.000  2.1198052200e-01  1.7649532320e-02 
1598.000  2.1489521800e-01  1.7877565380e-02 
1599.000  2.0646016700e-01  1.7154552460e-02 
1600.000  2.0891235200e-01  1.7343654630e-02 
1601.000  2.0011760100e-01  1.6629001620e-02 
1602.000  2.0498369500e-01  1.7061321260e-02 
1603.000  2.0375609600e-01  1.7006980900e-02 
1604.000  2.0679979200e-01  1.7314802170e-02 
1605.000  2.0374200300e-01  1.7088594440e-02 
1606.000  2.0310347000e-01  1.7069231030e-02 
1607.000  2.0379071100e-01  1.7106822970e-02 
1608.000  2.0598447700e-01  1.7271438600e-02 
1609.000  2.0519235100e-01  1.7195295330e-02 
1610.000  1.9253500900e-01  1.6128431320e-02 
1611.000  1.9868006600e-01  1.6658882140e-02 
1612.000  2.0114736700e-01  1.6883060460e-02 
1613.000  2.0616534600e-01  1.7320249560e-02 
1614.000  2.0414128200e-01  1.7138729100e-02 
1615.000  2.0791135500e-01  1.7465295790e-02 
1616.000  1.9519547800e-01  1.6401102070e-02 
1617.000  2.0129778800e-01  1.6959878920e-02 
1618.000  2.0756948200e-01  1.7510120390e-02 
1619.000  2.0728835500e-01  1.7533634190e-02 
1620.000  2.0239838900e-01  1.7165107730e-02 
1621.000  1.9967224800e-01  1.6971149440e-02 
1622.000  2.0469747100e-01  1.7407161710e-02 
1623.000  2.0897703800e-01  1.7790035250e-02 
1624.000  2.1050467400e-01  1.7933475490e-02 
1625.000  2.0549099100e-01  1.7542779920e-02 
1626.000  2.0779145300e-01  1.7725250240e-02 
1627.000  2.0755301600e-01  1.7724431990e-02 
1628.000  2.0913010200e-01  1.7865976330e-02 
1629.000  2.0899374100e-01  1.7858476640e-02 
1630.000  2.0313249000e-01  1.7351745610e-02 
1631.000  2.0630917200e-01  1.7634748460e-02 
1632.000  2.0613676800e-01  1.7578514100e-02 
1633.000  2.0341694500e-01  1.7326463700e-02 
1634.000  1.9845680200e-01  1.6877231600e-02 
1635.000  2.0377662900e-01  1.7312305450e-02 
1636.000  2.0301131100e-01  1.7223457340e-02 
1637.000  1.9370281000e-01  1.6411504750e-02 
1638.000  1.9228734000e-01  1.6277780530e-02 
1639.000  1.9000525600e-01  1.6052722930e-02 
1640.000  1.9095122300e-01  1.6113626480e-02 
1641.000  1.8958788900e-01  1.5981513020e-02 
1642.000  1.8935042100e-01  1.6005186080e-02 
1643.000  1.9414898600e-01  1.6447050090e-02 
1644.000  1.9107793800e-01  1.6219017030e-02 
1645.000  1.9137696700e-01  1.6271371840e-02 
1646.000  1.9367648500e-01  1.6504043580e-02 
1647.000  1.9547694400e-01  1.6659307480e-02 
1648.000  1.9459338000e-01  1.6575004580e-02 
1649.000  1.9012260200e-01  1.6193435670e-02 
1650.000  1.9493987600e-01  1.6607332230e-02 
1651.000  1.9058782900e-01  1.6236511230e-02 
1652.000  1.9437707300e-01  1.6551652910e-02 
1653.000  1.9237614300e-01  1.6391696930e-02 
1654.000  1.9453401700e-01  1.6580627440e-02 
1655.000  1.9084936500e-01  1.6281272890e-02 
1656.000  1.9467089900e-01  1.6617675780e-02 
1657.000  1.9325774300e-01  1.6501073840e-02 
1658.000  1.9447677100e-01  1.6619588850e-02 
1659.000  1.9093943100e-01  1.6321275710e-02 
1660.000  1.9314615800e-01  1.6503631590e-02 
1661.000  1.9390099800e-01  1.6559946060e-02 
1662.000  1.9244306400e-01  1.6399898530e-02 
1663.000  1.9116884500e-01  1.6268167500e-02 
1664.000  1.9027768100e-01  1.6167985920e-02 
1665.000  1.8833659900e-01  1.5973849300e-02 
1666.000  1.8756727000e-01  1.5916325570e-02 
1667.000  1.8948279600e-01  1.6129217150e-02 
1668.000  1.8627247600e-01  1.5880859380e-02 
1669.000  1.8679766200e-01  1.5958510400e-02 
1670.000  1.9099762600e-01  1.6352567670e-02 
1671.000  1.8960093200e-01  1.6260845180e-02 
1672.000  1.8062051100e-01  1.5525209430e-02 
1673.000  1.8578000700e-01  1.5988561630e-02 
1674.000  1.8652989100e-01  1.6078773500e-02 
1675.000  1.8479890500e-01  1.5964703560e-02 
1676.000  1.8181056100e-01  1.5716761590e-02 
1677.000  1.8274021600e-01  1.5801149370e-02 
1678.000  1.8375337500e-01  1.5900865550e-02 
1679.000  1.8131201600e-01  1.5688671110e-02 
1680.000  1.7509719900e-01  1.5161896710e-02 
1681.000  1.6902872800e-01  1.4642465590e-02 
1682.000  1.7391036000e-01  1.5065623280e-02 
1683.000  1.7819994200e-01  1.5432202340e-02 
1684.000  1.8149328500e-01  1.5713192940e-02 
1685.000  1.8201293800e-01  1.5737753870e-02 
1686.000  1.7981714200e-01  1.5541966440e-02 
1687.000  1.8051280700e-01  1.5561120990e-02 
1688.000  1.8060579100e-01  1.5534811020e-02 
1689.000  1.7842712800e-01  1.5338673590e-02 
1690.000  1.7828206600e-01  1.5287714000e-02 
1691.000  1.8058860300e-01  1.5489687920e-02 
1692.000  1.8091423200e-01  1.5528595920e-02 
1693.000  1.8027542000e-01  1.5489985470e-02 
1694.000  1.8000621700e-01  1.5477930070e-02 
1695.000  1.8005205800e-01  1.5474574090e-02 
1696.000  1.7899854100e-01  1.5364869120e-02 
1697.000  1.7787276500e-01  1.5234933850e-02 
1698.000  1.7892777800e-01  1.5297330860e-02 
1699.000  1.7777202600e-01  1.5176933290e-02 
1700.000  1.7552119000e-01  1.4964776040e-02 
