 lambda   Irr_dw            Rad_up 
 550.000  1.5264949000e+00  1.0560869600e-01 
 551.000  1.5164429000e+00  1.0483519740e-01 
 552.000  1.5812224000e+00  1.0932767490e-01 
 553.000  1.5187775000e+00  1.0491457370e-01 
 554.000  1.5679091000e+00  1.0830318450e-01 
 555.000  1.5718387000e+00  1.0844995880e-01 
 556.000  1.5280710000e+00  1.0531268310e-01 
 557.000  1.4823435000e+00  1.0216362760e-01 
 558.000  1.5382547000e+00  1.0589939120e-01 
 559.000  1.4536332000e+00  1.0001123810e-01 
 560.000  1.4596951000e+00  1.0042525480e-01 
 561.000  1.6039167000e+00  1.1021330260e-01 
 562.000  1.4719866000e+00  1.0111136630e-01 
 563.000  1.5397223000e+00  1.0564190670e-01 
 564.000  1.5177614000e+00  1.0396427150e-01 
 565.000  1.5355670000e+00  1.0515738680e-01 
 566.000  1.4155212000e+00  9.6827323910e-02 
 567.000  1.5181239000e+00  1.0361904140e-01 
 568.000  1.5138748000e+00  1.0279782100e-01 
 569.000  1.4828439000e+00  9.9556098940e-02 
 570.000  1.4904842000e+00  1.0016004180e-01 
 571.000  1.4379117000e+00  9.7305953980e-02 
 572.000  1.5192074000e+00  1.0208052830e-01 
 573.000  1.5352447000e+00  1.0332544710e-01 
 574.000  1.5267035000e+00  1.0273122410e-01 
 575.000  1.4892076000e+00  1.0008341980e-01 
 576.000  1.4620535000e+00  9.8183433530e-02 
 577.000  1.5227161000e+00  1.0235087590e-01 
 578.000  1.4783276000e+00  9.9651176450e-02 
 579.000  1.4670000000e+00  9.8934516910e-02 
 580.000  1.5174943000e+00  1.0250658420e-01 
 581.000  1.4900530000e+00  1.0079200740e-01 
 582.000  1.5122853000e+00  1.0222309110e-01 
 583.000  1.5227004000e+00  1.0296703340e-01 
 584.000  1.5177354000e+00  1.0249389650e-01 
 585.000  1.5076190000e+00  1.0169934080e-01 
 586.000  1.4427206000e+00  9.7293838500e-02 
 587.000  1.4989787000e+00  1.0056907650e-01 
 588.000  1.4832330000e+00  9.8073799130e-02 
 589.000  1.3146795000e+00  8.5144615170e-02 
 590.000  1.3726430000e+00  8.8789993290e-02 
 591.000  1.4585028000e+00  9.5539543150e-02 
 592.000  1.4305094000e+00  9.2925712590e-02 
 593.000  1.4455125000e+00  9.5269905090e-02 
 594.000  1.4586807000e+00  9.5795211790e-02 
 595.000  1.4307671000e+00  9.2906501770e-02 
 596.000  1.4661552000e+00  9.6660362240e-02 
 597.000  1.4705509000e+00  9.6511436460e-02 
 598.000  1.4404167000e+00  9.5146484380e-02 
 599.000  1.4407803000e+00  9.5406326290e-02 
 600.000  1.4410776000e+00  9.5994781490e-02 
 601.000  1.4329588000e+00  9.5882911680e-02 
 602.000  1.4172870000e+00  9.4906639100e-02 
 603.000  1.4258383000e+00  9.5633911130e-02 
 604.000  1.4710035000e+00  9.8829177860e-02 
 605.000  1.4672332000e+00  9.8501960750e-02 
 606.000  1.4502280000e+00  9.7423179630e-02 
 607.000  1.4420645000e+00  9.6824569700e-02 
 608.000  1.4367615000e+00  9.6393562320e-02 
 609.000  1.4220089000e+00  9.5402626040e-02 
 610.000  1.3992230000e+00  9.3803932190e-02 
 611.000  1.4219298000e+00  9.5316131590e-02 
 612.000  1.4034056000e+00  9.4070274350e-02 
 613.000  1.3828882000e+00  9.2637397770e-02 
 614.000  1.3324769000e+00  8.9273986820e-02 
 615.000  1.3968237000e+00  9.3494705200e-02 
 616.000  1.3281011000e+00  8.8916114810e-02 
 617.000  1.3355954000e+00  8.9406562810e-02 
 618.000  1.3985984000e+00  9.3512222290e-02 
 619.000  1.3857857000e+00  9.2698410030e-02 
 620.000  1.4062470000e+00  9.3953819270e-02 
 621.000  1.4304248000e+00  9.5554763790e-02 
 622.000  1.3549729000e+00  9.0452079770e-02 
 623.000  1.3655227000e+00  9.1011047360e-02 
 624.000  1.3669874000e+00  9.1158966060e-02 
 625.000  1.3299610000e+00  8.8676803590e-02 
 626.000  1.3366996000e+00  8.8938537600e-02 
 627.000  1.3590872000e+00  8.9908691410e-02 
 628.000  1.3409370000e+00  8.7751884460e-02 
 629.000  1.3745865000e+00  9.0232994080e-02 
 630.000  1.3289772000e+00  8.7698966980e-02 
 631.000  1.3777345000e+00  9.0992507930e-02 
 632.000  1.2833165200e+00  8.4397567750e-02 
 633.000  1.3775344000e+00  9.1027267460e-02 
 634.000  1.3361662000e+00  8.8454612730e-02 
 635.000  1.3606054000e+00  9.0078445430e-02 
 636.000  1.3126719000e+00  8.6989364620e-02 
 637.000  1.3559937000e+00  8.9921905520e-02 
 638.000  1.3770893000e+00  9.1511718750e-02 
 639.000  1.3657178000e+00  9.0640518190e-02 
 640.000  1.3228730100e+00  8.8027099610e-02 
 641.000  1.3419865000e+00  8.9256607060e-02 
 642.000  1.3258834900e+00  8.8227958680e-02 
 643.000  1.3490984200e+00  8.9581680300e-02 
 644.000  1.3336358100e+00  8.8455703740e-02 
 645.000  1.3452949500e+00  8.9021385190e-02 
 646.000  1.2940455800e+00  8.4558525090e-02 
 647.000  1.3116084700e+00  8.4971534730e-02 
 648.000  1.3092866500e+00  8.4188903810e-02 
 649.000  1.3352757100e+00  8.6324333190e-02 
 650.000  1.2373761000e+00  8.1111495970e-02 
 651.000  1.3329045900e+00  8.7357719420e-02 
 652.000  1.3072113800e+00  8.4626861570e-02 
 653.000  1.3335914800e+00  8.7526443480e-02 
 654.000  1.3161444900e+00  8.6129974370e-02 
 655.000  1.2814579800e+00  8.3404769900e-02 
 656.000  1.0879620900e+00  7.0905311580e-02 
 657.000  1.1611947000e+00  7.5885032650e-02 
 658.000  1.2934397100e+00  8.4998641970e-02 
 659.000  1.2965680800e+00  8.5401817320e-02 
 660.000  1.3067543100e+00  8.6184852600e-02 
 661.000  1.3125204400e+00  8.6920936580e-02 
 662.000  1.3314231400e+00  8.8307250980e-02 
 663.000  1.3166428900e+00  8.7238563540e-02 
 664.000  1.2957397500e+00  8.5885269170e-02 
 665.000  1.3013912500e+00  8.6271713260e-02 
 666.000  1.3170851700e+00  8.7434776310e-02 
 667.000  1.2909569800e+00  8.5650848390e-02 
 668.000  1.2983093700e+00  8.6257301330e-02 
 669.000  1.3168475400e+00  8.7542205810e-02 
 670.000  1.3014158700e+00  8.6410118100e-02 
 671.000  1.2873571900e+00  8.5511497500e-02 
 672.000  1.2832948500e+00  8.5223426820e-02 
 673.000  1.2924719900e+00  8.5802505490e-02 
 674.000  1.2949867300e+00  8.5977500920e-02 
 675.000  1.2752359500e+00  8.4621284480e-02 
 676.000  1.2993220900e+00  8.6227577210e-02 
 677.000  1.2734867700e+00  8.4526069640e-02 
 678.000  1.2945769000e+00  8.5893608090e-02 
 679.000  1.2763082800e+00  8.4618484500e-02 
 680.000  1.2665229900e+00  8.3937820430e-02 
 681.000  1.2678937000e+00  8.3957672120e-02 
 682.000  1.2652737900e+00  8.3698516850e-02 
 683.000  1.2735853700e+00  8.4158226010e-02 
 684.000  1.2506015200e+00  8.2596870420e-02 
 685.000  1.2647228100e+00  8.3517189030e-02 
 686.000  1.2091110500e+00  7.9555671690e-02 
 687.000  1.1186710700e+00  7.0684196470e-02 
 688.000  1.1483044100e+00  7.3449333190e-02 
 689.000  1.1429071500e+00  7.2885528560e-02 
 690.000  1.1633416900e+00  7.4668075560e-02 
 691.000  1.1868469600e+00  7.6657943730e-02 
 692.000  1.1898559200e+00  7.6882926940e-02 
 693.000  1.1889382800e+00  7.5467704770e-02 
 694.000  1.1911017700e+00  7.4521858220e-02 
 695.000  1.1782346600e+00  7.4224235530e-02 
 696.000  1.1965676300e+00  7.5717643740e-02 
 697.000  1.2191776000e+00  7.9153480530e-02 
 698.000  1.1922401800e+00  7.6910667420e-02 
 699.000  1.1957878500e+00  7.5439819340e-02 
 700.000  1.1847280700e+00  7.4979454040e-02 
 701.000  1.1541222800e+00  7.2637008670e-02 
 702.000  1.1512842500e+00  7.2715621950e-02 
 703.000  1.1825165600e+00  7.6034713750e-02 
 704.000  1.1864691800e+00  7.6366096500e-02 
 705.000  1.1892264800e+00  7.5941421510e-02 
 706.000  1.1777417800e+00  7.5320846560e-02 
 707.000  1.1621323200e+00  7.4535202030e-02 
 708.000  1.1982309500e+00  7.7080932620e-02 
 709.000  1.1603582100e+00  7.5087348940e-02 
 710.000  1.1816848500e+00  7.5907409670e-02 
 711.000  1.1750580700e+00  7.5971824650e-02 
 712.000  1.1630658200e+00  7.5661178590e-02 
 713.000  1.1544535600e+00  7.4715377810e-02 
 714.000  1.1727454200e+00  7.5709266660e-02 
 715.000  1.1258628300e+00  7.2073120120e-02 
 716.000  1.1490850000e+00  7.2926216130e-02 
 717.000  1.0773058700e+00  6.5182296750e-02 
 718.000  1.0450540700e+00  6.1316547390e-02 
 719.000  1.0234469500e+00  5.9301044460e-02 
 720.000  1.0166833900e+00  5.7997169490e-02 
 721.000  1.0772864800e+00  6.5972412110e-02 
 722.000  1.1145577500e+00  6.9833969120e-02 
 723.000  1.0994477500e+00  6.7933311460e-02 
 724.000  1.0697494300e+00  6.3539268490e-02 
 725.000  1.0632753400e+00  6.3521209720e-02 
 726.000  1.0595072000e+00  6.3189273830e-02 
 727.000  1.0801949900e+00  6.4747612000e-02 
 728.000  1.0559732700e+00  6.2953186040e-02 
 729.000  1.0269937900e+00  6.2137443540e-02 
 730.000  1.0624022500e+00  6.4129287720e-02 
 731.000  1.0419131300e+00  6.2770339970e-02 
 732.000  1.0841823600e+00  6.6925079350e-02 
 733.000  1.0887006800e+00  6.8888000490e-02 
 734.000  1.1214834400e+00  7.1771682740e-02 
 735.000  1.1087057800e+00  7.0632514950e-02 
 736.000  1.0813959500e+00  6.8386817930e-02 
 737.000  1.1005028200e+00  6.9958999630e-02 
 738.000  1.1041790800e+00  7.0757797240e-02 
 739.000  1.0711920900e+00  6.8917930600e-02 
 740.000  1.0874882900e+00  7.0519332890e-02 
 741.000  1.0823397300e+00  7.0585334780e-02 
 742.000  1.0659392300e+00  6.9675704960e-02 
 743.000  1.1004760100e+00  7.2282600400e-02 
 744.000  1.1122819700e+00  7.3238517760e-02 
 745.000  1.0844158900e+00  7.1549621580e-02 
 746.000  1.1003179500e+00  7.2662658690e-02 
 747.000  1.1169104900e+00  7.3742256160e-02 
 748.000  1.0975953100e+00  7.2502647400e-02 
 749.000  1.0980961800e+00  7.2568511960e-02 
 750.000  1.0816517200e+00  7.1410850520e-02 
 751.000  1.0788890900e+00  7.1230026250e-02 
 752.000  1.0958994300e+00  7.2418899540e-02 
 753.000  1.0857092600e+00  7.1763961790e-02 
 754.000  1.1028248700e+00  7.2906600950e-02 
 755.000  1.0965236100e+00  7.2492813110e-02 
 756.000  1.0750876900e+00  7.1077606200e-02 
 757.000  1.0830235100e+00  7.1603584290e-02 
 758.000  1.0807858500e+00  7.1414466860e-02 
 759.000  9.9920432000e-01  6.4563591000e-02 
 760.000  5.1110343000e-01  2.6810215000e-02 
 761.000  4.6175985000e-01  2.3525226590e-02 
 762.000  7.3674311000e-01  4.3311782840e-02 
 763.000  6.6867421000e-01  3.7792808530e-02 
 764.000  7.1467042000e-01  4.1181175230e-02 
 765.000  8.1586086000e-01  4.9177501680e-02 
 766.000  8.8212188000e-01  5.5617084500e-02 
 767.000  9.4535264000e-01  6.0734558110e-02 
 768.000  1.0157956700e+00  6.6098464970e-02 
 769.000  1.0331614300e+00  6.7821044920e-02 
 770.000  1.0380839200e+00  6.8431854250e-02 
 771.000  1.0435866700e+00  6.8963165280e-02 
 772.000  1.0406690300e+00  6.8814498900e-02 
 773.000  1.0367728800e+00  6.8579383850e-02 
 774.000  1.0481993200e+00  6.9355720520e-02 
 775.000  1.0089781400e+00  6.6777099610e-02 
 776.000  1.0506420700e+00  6.9581741330e-02 
 777.000  1.0433656000e+00  6.9094360350e-02 
 778.000  1.0377582400e+00  6.8697662350e-02 
 779.000  1.0411214400e+00  6.8885040280e-02 
 780.000  1.0282268300e+00  6.8055931090e-02 
 781.000  1.0266441500e+00  6.7959732060e-02 
 782.000  1.0390040500e+00  6.8718544010e-02 
 783.000  1.0147166900e+00  6.7181114200e-02 
 784.000  1.0202672100e+00  6.7505073550e-02 
 785.000  1.0221442000e+00  6.7438240050e-02 
 786.000  1.0032720000e+00  6.6019828800e-02 
 787.000  1.0151894800e+00  6.6297782900e-02 
 788.000  9.9843071000e-01  6.5002052310e-02 
 789.000  9.9862625000e-01  6.4254623410e-02 
 790.000  9.8804609000e-01  6.3478401180e-02 
 791.000  9.8402997000e-01  6.3378074650e-02 
 792.000  9.6939661000e-01  6.2526039120e-02 
 793.000  9.7066699000e-01  6.2903965000e-02 
 794.000  9.6542885000e-01  6.3240345000e-02 
 795.000  9.5730516000e-01  6.2227703090e-02 
 796.000  9.6574487000e-01  6.1865467070e-02 
 797.000  9.7408368000e-01  6.2704090120e-02 
 798.000  9.7958539000e-01  6.3691333770e-02 
 799.000  9.7765290000e-01  6.3384723660e-02 
 800.000  9.4857446000e-01  6.1041336060e-02 
 801.000  9.6671764000e-01  6.2269561770e-02 
 802.000  9.6440352000e-01  6.2049182890e-02 
 803.000  9.5117868000e-01  6.1287055970e-02 
 804.000  9.6146296000e-01  6.2214305880e-02 
 805.000  9.3831904000e-01  6.1155437470e-02 
 806.000  9.6566766000e-01  6.3167083740e-02 
 807.000  9.5978214000e-01  6.2829765320e-02 
 808.000  9.5301647000e-01  6.2213760380e-02 
 809.000  9.3546634000e-01  6.0883174900e-02 
 810.000  9.2971719000e-01  6.0299594880e-02 
 811.000  9.4132462000e-01  6.0677764890e-02 
 812.000  9.3363424000e-01  5.9699989320e-02 
 813.000  9.2390868000e-01  5.8449478150e-02 
 814.000  9.1494568000e-01  5.7210376740e-02 
 815.000  8.9535471000e-01  5.5161968230e-02 
 816.000  8.7451181000e-01  5.2882881160e-02 
 817.000  8.8053797000e-01  5.3282203670e-02 
 818.000  8.7624406000e-01  5.3037246700e-02 
 819.000  8.5677019000e-01  5.2231311800e-02 
 820.000  8.5421808000e-01  5.3151603700e-02 
 821.000  8.9906992000e-01  5.7240589140e-02 
 822.000  8.6148604000e-01  5.3808837890e-02 
 823.000  8.3778021000e-01  4.9864604950e-02 
 824.000  8.8071832000e-01  5.4618404390e-02 
 825.000  8.9824765000e-01  5.7363605500e-02 
 826.000  9.0061044000e-01  5.7200248720e-02 
 827.000  8.9529192000e-01  5.6636905670e-02 
 828.000  8.8110405000e-01  5.4724319460e-02 
 829.000  8.8510829000e-01  5.5302101140e-02 
 830.000  8.7590740000e-01  5.5132587430e-02 
 831.000  8.6160324000e-01  5.4323699950e-02 
 832.000  8.7966057000e-01  5.5492092130e-02 
 833.000  8.5493746000e-01  5.4242370610e-02 
 834.000  8.7062271000e-01  5.5534767150e-02 
 835.000  8.7788682000e-01  5.6484905240e-02 
 836.000  8.8631367000e-01  5.6954368590e-02 
 837.000  8.7876167000e-01  5.6425765990e-02 
 838.000  8.8450490000e-01  5.7104995730e-02 
 839.000  8.5835757000e-01  5.5569931030e-02 
 840.000  8.8184312000e-01  5.7114238740e-02 
 841.000  8.8266575000e-01  5.6966205600e-02 
 842.000  8.7841743000e-01  5.6842647550e-02 
 843.000  8.7533496000e-01  5.7139671330e-02 
 844.000  8.6207879000e-01  5.6480033870e-02 
 845.000  8.7571896000e-01  5.7468856810e-02 
 846.000  8.8408041000e-01  5.8165924070e-02 
 847.000  8.5418794000e-01  5.6356739040e-02 
 848.000  8.7836240000e-01  5.7740348820e-02 
 849.000  8.8008948000e-01  5.7944972990e-02 
 850.000  7.6051446000e-01  4.9936706540e-02 
 851.000  8.7074646000e-01  5.7036136630e-02 
 852.000  8.3776813000e-01  5.4937004090e-02 
 853.000  8.4822736000e-01  5.5731418610e-02 
 854.000  6.8189645000e-01  4.4827487950e-02 
 855.000  7.5094085000e-01  4.9481712340e-02 
 856.000  8.5272001000e-01  5.6300544740e-02 
 857.000  8.6655690000e-01  5.7362491610e-02 
 858.000  8.5277350000e-01  5.6471031190e-02 
 859.000  8.5284500000e-01  5.6556339260e-02 
 860.000  8.4531464000e-01  5.6141910550e-02 
 861.000  8.4521020000e-01  5.6130287170e-02 
 862.000  8.4244835000e-01  5.5918266300e-02 
 863.000  8.5855499000e-01  5.7069705960e-02 
 864.000  8.5684131000e-01  5.6862762450e-02 
 865.000  8.4088714000e-01  5.5913146970e-02 
 866.000  7.0533237000e-01  4.6939247130e-02 
 867.000  7.5109654000e-01  4.9838882450e-02 
 868.000  8.1460060000e-01  5.4124862670e-02 
 869.000  8.0317098000e-01  5.3366153720e-02 
 870.000  8.3629748000e-01  5.5657482150e-02 
 871.000  8.3511785000e-01  5.5538772580e-02 
 872.000  8.3175426000e-01  5.5162803650e-02 
 873.000  8.3508731000e-01  5.5480087280e-02 
 874.000  8.1677593000e-01  5.4209945680e-02 
 875.000  8.0926740000e-01  5.3826042180e-02 
 876.000  8.1597995000e-01  5.4212520600e-02 
 877.000  8.3223541000e-01  5.5189884190e-02 
 878.000  8.1789801000e-01  5.4279018400e-02 
 879.000  8.1979704000e-01  5.4452213290e-02 
 880.000  8.1500581000e-01  5.3986755370e-02 
 881.000  7.7262927000e-01  5.1210113530e-02 
 882.000  8.1527020000e-01  5.3892803190e-02 
 883.000  7.9668344000e-01  5.2817974090e-02 
 884.000  8.0345835000e-01  5.3435344700e-02 
 885.000  8.1165158000e-01  5.3610294340e-02 
 886.000  7.8497623000e-01  5.1824108120e-02 
 887.000  7.7698189000e-01  5.1338951110e-02 
 888.000  8.0023459000e-01  5.2747020720e-02 
 889.000  8.0566368000e-01  5.3332347870e-02 
 890.000  8.0303448000e-01  5.3062316890e-02 
 891.000  7.9827613000e-01  5.2522773740e-02 
 892.000  7.9401060000e-01  5.1941329960e-02 
 893.000  7.5820466000e-01  4.8600158690e-02 
 894.000  7.8033845000e-01  4.9630023960e-02 
 895.000  7.3067520000e-01  4.5447795870e-02 
 896.000  7.4477313000e-01  4.5199375150e-02 
 897.000  7.1231697000e-01  4.2348400120e-02 
 898.000  7.0630589000e-01  4.1475288390e-02 
 899.000  6.8501339000e-01  3.8959690090e-02 
 900.000  6.7085645000e-01  3.8249149320e-02 
 901.000  6.5132758000e-01  3.6859542850e-02 
 902.000  6.4017809000e-01  3.6299640660e-02 
 903.000  7.0536829000e-01  4.2069458010e-02 
 904.000  7.3941073000e-01  4.5404613490e-02 
 905.000  7.3663781000e-01  4.5399147030e-02 
 906.000  7.0445311000e-01  4.2627433780e-02 
 907.000  6.9345043000e-01  4.0525886540e-02 
 908.000  6.6171770000e-01  3.7744853970e-02 
 909.000  6.4927378000e-01  3.7053920750e-02 
 910.000  6.5916637000e-01  3.7745246890e-02 
 911.000  6.6719017000e-01  3.8915561680e-02 
 912.000  6.6385791000e-01  3.8276939390e-02 
 913.000  6.5817621000e-01  3.6791809080e-02 
 914.000  6.6431834000e-01  3.7699626920e-02 
 915.000  6.6150496000e-01  3.8164638520e-02 
 916.000  6.7091404000e-01  3.8795478820e-02 
 917.000  6.6468958000e-01  3.8692077640e-02 
 918.000  6.6682294000e-01  3.9168918610e-02 
 919.000  6.9458280000e-01  4.2278793330e-02 
 920.000  7.0203088000e-01  4.3469047550e-02 
 921.000  6.8358479000e-01  4.2124160770e-02 
 922.000  6.7718742000e-01  4.1793098450e-02 
 923.000  6.4513827000e-01  3.9325035100e-02 
 924.000  6.6323414000e-01  4.0062316890e-02 
 925.000  6.7130507000e-01  4.0438949580e-02 
 926.000  6.4722680000e-01  3.8836410520e-02 
 927.000  6.6054386000e-01  3.9106220250e-02 
 928.000  6.4777056000e-01  3.7174686430e-02 
 929.000  6.1449958000e-01  3.3742534640e-02 
 930.000  5.8166699000e-01  3.0147960660e-02 
 931.000  5.4562742000e-01  2.6422740940e-02 
 932.000  4.9299276000e-01  2.1664859770e-02 
 933.000  4.5733868000e-01  1.8746219640e-02 
 934.000  4.1424044000e-01  1.5781978610e-02 
 935.000  4.0405178000e-01  1.5254015920e-02 
 936.000  4.1668402000e-01  1.6180913930e-02 
 937.000  4.2181260000e-01  1.6285463330e-02 
 938.000  4.5984809000e-01  1.9274904250e-02 
 939.000  5.6932717000e-01  2.8966306690e-02 
 940.000  5.8120787000e-01  3.0329883580e-02 
 941.000  5.5530426000e-01  2.8404418950e-02 
 942.000  5.0382847000e-01  2.4350345610e-02 
 943.000  4.7608532000e-01  2.0768253330e-02 
 944.000  4.5928245000e-01  1.9877605440e-02 
 945.000  4.8346076000e-01  2.1688711170e-02 
 946.000  4.9101063000e-01  2.2090322490e-02 
 947.000  5.0523955000e-01  2.3525266650e-02 
 948.000  5.1833808000e-01  2.4622009280e-02 
 949.000  5.1852442000e-01  2.4591741560e-02 
 950.000  5.1761794000e-01  2.4680467610e-02 
 951.000  5.3663185000e-01  2.6706056590e-02 
 952.000  5.1270899000e-01  2.4420522690e-02 
 953.000  5.2776919000e-01  2.5983037950e-02 
 954.000  5.3991847000e-01  2.7500902180e-02 
 955.000  4.9098763000e-01  2.4389434810e-02 
 956.000  5.2035649000e-01  2.5742975230e-02 
 957.000  5.6332187000e-01  3.0187557220e-02 
 958.000  5.7305936000e-01  3.1038724900e-02 
 959.000  5.6798453000e-01  3.0437402730e-02 
 960.000  5.6045386000e-01  2.9956844330e-02 
 961.000  5.5082505000e-01  2.9284576420e-02 
 962.000  5.5672739000e-01  2.9786489490e-02 
 963.000  5.7861443000e-01  3.2214073180e-02 
 964.000  5.7517659000e-01  3.2222106930e-02 
 965.000  5.7994822000e-01  3.2393363950e-02 
 966.000  5.6433410000e-01  3.1611738200e-02 
 967.000  5.9726812000e-01  3.4422981260e-02 
 968.000  6.1699650000e-01  3.7196578980e-02 
 969.000  6.3253207000e-01  3.8879859920e-02 
 970.000  6.3485251000e-01  3.9076320650e-02 
 971.000  6.2893394000e-01  3.8700637820e-02 
 972.000  6.3010846000e-01  3.8565017700e-02 
 973.000  6.1648200000e-01  3.7268081670e-02 
 974.000  5.9773258000e-01  3.5589241030e-02 
 975.000  5.9468301000e-01  3.5052906040e-02 
 976.000  6.0934768000e-01  3.6368503570e-02 
 977.000  6.0580151000e-01  3.6879299160e-02 
 978.000  6.1974781000e-01  3.7684070590e-02 
 979.000  6.0473473000e-01  3.6972835540e-02 
 980.000  6.2543079000e-01  3.9018306730e-02 
 981.000  6.3239311000e-01  3.9641265870e-02 
 982.000  6.2828743000e-01  3.9218437190e-02 
 983.000  6.3277505000e-01  3.9927452090e-02 
 984.000  6.3488019000e-01  4.0522129060e-02 
 985.000  6.3816640000e-01  4.1009655000e-02 
 986.000  6.3756976000e-01  4.1344348910e-02 
 987.000  6.4684162000e-01  4.2120922090e-02 
 988.000  6.3928049000e-01  4.1667327880e-02 
 989.000  6.3143274000e-01  4.1181545260e-02 
 990.000  6.3728090000e-01  4.1604637150e-02 
 991.000  6.4417612000e-01  4.2206771850e-02 
 992.000  6.3867944000e-01  4.1890384670e-02 
 993.000  6.3880660000e-01  4.1915218350e-02 
 994.000  6.4350940000e-01  4.2357646940e-02 
 995.000  6.3978650000e-01  4.2213790890e-02 
 996.000  6.3964871000e-01  4.2203693390e-02 
 997.000  6.3967949000e-01  4.2141376500e-02 
 998.000  6.3657914000e-01  4.1871070860e-02 
 999.000  6.3472322000e-01  4.1722892760e-02 
1000.000  6.2987814000e-01  4.1424800870e-02 
1001.000  6.3190301000e-01  4.1416885380e-02 
1002.000  6.2859517000e-01  4.0980384830e-02 
1003.000  6.2179638000e-01  4.0590587620e-02 
1004.000  6.1789788000e-01  4.0463504790e-02 
1005.000  5.7785007000e-01  3.7896686550e-02 
1006.000  6.0820586000e-01  3.9909732820e-02 
1007.000  6.1885690000e-01  4.0568302150e-02 
1008.000  6.1961969000e-01  4.0444065090e-02 
1009.000  6.1338838000e-01  3.9812686920e-02 
1010.000  6.1676280000e-01  4.0135414120e-02 
1011.000  6.1603984000e-01  4.0335231780e-02 
1012.000  6.1719204000e-01  4.0507823940e-02 
1013.000  6.1348722000e-01  4.0342613220e-02 
1014.000  6.1771298000e-01  4.0682582860e-02 
1015.000  6.0635988000e-01  3.9972648620e-02 
1016.000  6.1057150000e-01  4.0317584990e-02 
1017.000  6.0466223000e-01  3.9973365780e-02 
1018.000  6.1220756000e-01  4.0464820860e-02 
1019.000  5.9745728000e-01  3.9431636810e-02 
1020.000  5.9646100000e-01  3.9371810910e-02 
1021.000  6.0293657000e-01  3.9811733250e-02 
1022.000  5.9298121000e-01  3.8997886660e-02 
1023.000  6.0359783000e-01  3.9557174680e-02 
1024.000  6.0007628000e-01  3.9225101470e-02 
1025.000  6.0120571000e-01  3.9406822200e-02 
1026.000  6.0247383000e-01  3.9553710940e-02 
1027.000  5.9859249000e-01  3.9310691830e-02 
1028.000  6.0019291000e-01  3.9483909610e-02 
1029.000  5.9156904000e-01  3.9026790620e-02 
1030.000  5.9802319000e-01  3.9565307620e-02 
1031.000  5.9638274000e-01  3.9539585110e-02 
1032.000  5.9447314000e-01  3.9472728730e-02 
1033.000  5.8356410000e-01  3.8743602750e-02 
1034.000  5.8926558000e-01  3.9129089360e-02 
1035.000  5.8156985000e-01  3.8597438810e-02 
1036.000  5.9118380000e-01  3.9240352630e-02 
1037.000  5.7873616000e-01  3.8407085420e-02 
1038.000  5.8445971000e-01  3.8778472900e-02 
1039.000  5.8684571000e-01  3.8916717530e-02 
1040.000  5.7989817000e-01  3.8439384460e-02 
1041.000  5.8292031000e-01  3.8620346070e-02 
1042.000  5.8464848000e-01  3.8719390870e-02 
1043.000  5.7455577000e-01  3.8038043980e-02 
1044.000  5.8027054000e-01  3.8399280550e-02 
1045.000  5.7773384000e-01  3.8258522030e-02 
1046.000  5.6092937000e-01  3.7182724000e-02 
1047.000  5.7122139000e-01  3.7901756290e-02 
1048.000  5.7688755000e-01  3.8318984990e-02 
1049.000  5.7318343000e-01  3.8118896480e-02 
1050.000  5.7077517000e-01  3.7991462710e-02 
1051.000  5.6975973000e-01  3.7893333440e-02 
1052.000  5.6710268000e-01  3.7685413360e-02 
1053.000  5.6566181000e-01  3.7569011690e-02 
1054.000  5.6145324000e-01  3.7246238710e-02 
1055.000  5.6554288000e-01  3.7482059480e-02 
1056.000  5.6401799000e-01  3.7348171230e-02 
1057.000  5.6296487000e-01  3.7230979920e-02 
1058.000  5.5692661000e-01  3.6751609800e-02 
1059.000  5.3942432000e-01  3.5624286650e-02 
1060.000  5.5893745000e-01  3.6987796780e-02 
1061.000  5.3933139000e-01  3.5699951170e-02 
1062.000  5.5420223000e-01  3.6645954130e-02 
1063.000  5.4481834000e-01  3.6009216310e-02 
1064.000  5.5154508000e-01  3.6379287720e-02 
1065.000  5.5071941000e-01  3.6228744510e-02 
1066.000  5.3385090000e-01  3.5095489500e-02 
1067.000  5.4645057000e-01  3.5869304660e-02 
1068.000  5.4372152000e-01  3.5538051610e-02 
1069.000  5.0250313000e-01  3.2767032620e-02 
1070.000  5.3238255000e-01  3.4751628880e-02 
1071.000  5.3286751000e-01  3.4732280730e-02 
1072.000  5.3425679000e-01  3.4774673460e-02 
1073.000  5.1660302000e-01  3.3635562900e-02 
1074.000  5.3476414000e-01  3.4853359220e-02 
1075.000  5.1873869000e-01  3.3931732180e-02 
1076.000  5.2977088000e-01  3.4594707490e-02 
1077.000  5.2808659000e-01  3.4405895230e-02 
1078.000  5.2885509000e-01  3.4363491060e-02 
1079.000  5.0840973000e-01  3.3030399320e-02 
1080.000  5.2183877000e-01  3.3653717040e-02 
1081.000  5.0254520000e-01  3.2395504000e-02 
1082.000  5.0967279000e-01  3.2932868960e-02 
1083.000  4.9506794000e-01  3.1830163960e-02 
1084.000  5.1295608000e-01  3.2808658600e-02 
1085.000  5.0376920000e-01  3.1876352310e-02 
1086.000  5.1094788000e-01  3.2374485020e-02 
1087.000  4.8223610000e-01  3.0872892380e-02 
1088.000  5.1154893000e-01  3.2807876590e-02 
1089.000  4.8879272000e-01  3.0974882130e-02 
1090.000  4.9877111000e-01  3.1568332670e-02 
1091.000  5.0267028000e-01  3.1932634350e-02 
1092.000  4.8934461000e-01  3.0922628400e-02 
1093.000  4.7950946600e-01  2.9904848100e-02 
1094.000  4.3476776300e-01  2.6927261350e-02 
1095.000  4.7087760400e-01  2.9163190840e-02 
1096.000  4.7220462000e-01  2.9255403520e-02 
1097.000  4.6216039000e-01  2.8501512530e-02 
1098.000  4.4489390200e-01  2.6476270680e-02 
1099.000  4.3462413400e-01  2.5039964680e-02 
1100.000  4.4290899100e-01  2.5572496410e-02 
1101.000  4.4356518500e-01  2.5721099850e-02 
1102.000  4.2443842000e-01  2.4552448270e-02 
1103.000  4.4235994100e-01  2.5657262800e-02 
1104.000  4.3717117500e-01  2.5215801240e-02 
1105.000  4.3143963500e-01  2.4547048570e-02 
1106.000  4.2263890100e-01  2.3731195450e-02 
1107.000  4.2347356100e-01  2.3840356830e-02 
1108.000  4.2314202000e-01  2.3854114530e-02 
1109.000  4.2962289700e-01  2.4459505080e-02 
1110.000  4.3138460000e-01  2.4475328450e-02 
1111.000  4.2343420900e-01  2.3848436360e-02 
1112.000  4.0711774500e-01  2.2266166690e-02 
1113.000  3.8847717600e-01  2.0336599350e-02 
1114.000  3.8828971100e-01  2.0004041670e-02 
1115.000  3.6276668900e-01  1.7568386080e-02 
1116.000  3.4465019000e-01  1.6044935230e-02 
1117.000  3.1573973100e-01  1.3468035700e-02 
1118.000  2.8185495800e-01  1.1034868240e-02 
1119.000  2.5804331300e-01  9.5918207170e-03 
1120.000  2.3790697300e-01  8.2795257570e-03 
1121.000  2.3483052700e-01  8.0394525530e-03 
1122.000  2.1108967000e-01  6.6975865360e-03 
1123.000  2.2492788200e-01  7.4190096860e-03 
1124.000  2.3387284600e-01  7.9039406780e-03 
1125.000  2.2472278900e-01  7.4927363400e-03 
1126.000  2.1867837200e-01  7.2559852600e-03 
1127.000  2.2784160700e-01  7.6188659670e-03 
1128.000  2.2705513000e-01  7.7022585870e-03 
1129.000  2.4984259800e-01  9.0531692500e-03 
1130.000  2.9857059800e-01  1.2301210400e-02 
1131.000  3.1547901000e-01  1.3463720320e-02 
1132.000  2.9754981000e-01  1.2087465290e-02 
1133.000  2.5538981000e-01  9.4778003690e-03 
1134.000  1.8681849400e-01  5.5858464240e-03 
1135.000  1.9446292400e-01  5.9426465030e-03 
1136.000  2.6153962100e-01  9.8785200120e-03 
1137.000  2.9974130200e-01  1.2405010220e-02 
1138.000  3.2018333000e-01  1.4464481350e-02 
1139.000  3.3618200600e-01  1.5666471480e-02 
1140.000  3.3117947800e-01  1.5187517170e-02 
1141.000  3.0965974400e-01  1.3774584770e-02 
1142.000  3.1380311000e-01  1.3794190410e-02 
1143.000  2.9493063900e-01  1.2497643470e-02 
1144.000  2.7768241800e-01  1.1295767780e-02 
1145.000  2.5685309900e-01  9.8147592540e-03 
1146.000  2.6485435300e-01  1.0277925490e-02 
1147.000  2.8392840500e-01  1.1567158700e-02 
1148.000  2.9651577900e-01  1.2594952580e-02 
1149.000  3.0342758900e-01  1.3115273480e-02 
1150.000  3.0217589200e-01  1.3116252900e-02 
1151.000  3.1001539900e-01  1.3834855080e-02 
1152.000  3.1364303000e-01  1.4187294960e-02 
1153.000  3.1931284800e-01  1.4722599980e-02 
1154.000  3.1956405500e-01  1.4697891240e-02 
1155.000  3.3235704800e-01  1.5856400490e-02 
1156.000  3.4077368900e-01  1.6898515700e-02 
1157.000  3.7009711800e-01  1.9709939960e-02 
1158.000  3.8042944500e-01  2.0850702290e-02 
1159.000  3.8362849400e-01  2.1551422120e-02 
1160.000  3.8220814000e-01  2.1704078670e-02 
1161.000  3.8271889700e-01  2.2254835130e-02 
1162.000  4.0299351300e-01  2.3873126980e-02 
1163.000  4.1253292300e-01  2.4955999370e-02 
1164.000  4.0597448200e-01  2.4668800350e-02 
1165.000  4.1431074400e-01  2.5259141920e-02 
1166.000  4.0511695400e-01  2.4829538350e-02 
1167.000  4.1264573200e-01  2.5375329970e-02 
1168.000  4.1585470300e-01  2.5555145260e-02 
1169.000  4.0253865300e-01  2.4818733220e-02 
1170.000  4.1436998800e-01  2.5621938710e-02 
1171.000  4.1903140800e-01  2.6084030150e-02 
1172.000  4.1609317700e-01  2.5810560230e-02 
1173.000  4.1159925600e-01  2.5447210310e-02 
1174.000  4.1190192100e-01  2.5477239610e-02 
1175.000  4.1134321700e-01  2.5700550080e-02 
1176.000  4.0522791600e-01  2.5554779050e-02 
1177.000  4.1589508900e-01  2.6118144990e-02 
1178.000  4.0514163400e-01  2.5223201750e-02 
1179.000  4.0333314000e-01  2.5116050720e-02 
1180.000  4.0764225300e-01  2.5307741170e-02 
1181.000  4.0204354900e-01  2.4757276540e-02 
1182.000  3.9904885500e-01  2.4370710370e-02 
1183.000  3.7628697500e-01  2.3002765660e-02 
1184.000  3.9522843600e-01  2.4274728780e-02 
1185.000  4.0535537200e-01  2.5185407640e-02 
1186.000  4.0150324800e-01  2.4859930040e-02 
1187.000  3.9665412500e-01  2.4272371290e-02 
1188.000  3.9347330000e-01  2.4004364010e-02 
1189.000  3.7336828000e-01  2.2931798930e-02 
1190.000  3.9944111900e-01  2.4969400410e-02 
1191.000  4.0798151000e-01  2.5624498370e-02 
1192.000  4.0904674400e-01  2.5876642230e-02 
1193.000  4.0849257300e-01  2.5776014330e-02 
1194.000  4.0721640600e-01  2.5668750760e-02 
1195.000  3.9943181000e-01  2.4993909840e-02 
1196.000  3.9962231700e-01  2.5041473390e-02 
1197.000  3.9795001300e-01  2.4851884840e-02 
1198.000  3.8424547600e-01  2.3983806610e-02 
1199.000  3.6813293900e-01  2.2878360750e-02 
1200.000  3.9244749200e-01  2.4460718150e-02 
1201.000  3.9570146600e-01  2.4700536730e-02 
1202.000  3.9660946000e-01  2.4813339230e-02 
1203.000  3.7620390000e-01  2.3507083890e-02 
1204.000  3.8304884700e-01  2.3999576570e-02 
1205.000  3.9721002500e-01  2.5217346190e-02 
1206.000  3.9725411800e-01  2.5371351240e-02 
1207.000  4.0092864500e-01  2.5669090270e-02 
1208.000  3.9437060800e-01  2.5199411390e-02 
1209.000  3.6860497700e-01  2.3477249150e-02 
1210.000  3.9241156300e-01  2.4856830600e-02 
1211.000  3.7901834400e-01  2.3996723180e-02 
1212.000  3.9144187000e-01  2.4829275130e-02 
1213.000  3.9503002500e-01  2.5199703220e-02 
1214.000  3.9297064400e-01  2.5063381200e-02 
1215.000  3.9504634100e-01  2.5260137560e-02 
1216.000  3.9680794000e-01  2.5602560040e-02 
1217.000  3.9841161000e-01  2.5904581070e-02 
1218.000  3.9798749000e-01  2.5975111010e-02 
1219.000  3.9475962000e-01  2.5825395580e-02 
1220.000  3.9749306700e-01  2.6003463750e-02 
1221.000  3.9701942200e-01  2.5984218600e-02 
1222.000  3.9500586800e-01  2.5852100370e-02 
1223.000  3.9334264700e-01  2.5777519230e-02 
1224.000  3.9786255100e-01  2.6202554700e-02 
1225.000  3.9598838300e-01  2.6118577960e-02 
1226.000  3.9778773900e-01  2.6289873120e-02 
1227.000  3.8497101200e-01  2.5517734530e-02 
1228.000  3.9781762700e-01  2.6462865830e-02 
1229.000  3.9796285600e-01  2.6542961120e-02 
1230.000  3.9726565800e-01  2.6576864240e-02 
1231.000  3.9763495100e-01  2.6651559830e-02 
1232.000  3.9328745400e-01  2.6385055540e-02 
1233.000  3.9646583200e-01  2.6617406850e-02 
1234.000  3.9613046700e-01  2.6696790700e-02 
1235.000  3.9368874200e-01  2.6569744110e-02 
1236.000  3.9618238900e-01  2.6763801570e-02 
1237.000  3.9643207200e-01  2.6817293170e-02 
1238.000  3.9627605100e-01  2.6823724750e-02 
1239.000  3.9180561100e-01  2.6532876970e-02 
1240.000  3.9003292200e-01  2.6449359890e-02 
1241.000  3.9344021300e-01  2.6710891720e-02 
1242.000  3.9105004200e-01  2.6575712200e-02 
1243.000  3.8660207000e-01  2.6301519390e-02 
1244.000  3.8296901700e-01  2.6071384430e-02 
1245.000  3.8943963400e-01  2.6527616500e-02 
1246.000  3.8628661500e-01  2.6282104490e-02 
1247.000  3.8420761900e-01  2.6108602520e-02 
1248.000  3.8701666400e-01  2.6267677310e-02 
1249.000  3.8551484800e-01  2.6144292830e-02 
1250.000  3.8384001500e-01  2.6000488280e-02 
1251.000  3.8101595100e-01  2.5787761690e-02 
1252.000  3.7958240600e-01  2.5660400390e-02 
1253.000  3.7613545300e-01  2.5394590380e-02 
1254.000  3.7649725300e-01  2.5354576110e-02 
1255.000  3.7541705500e-01  2.5241189960e-02 
1256.000  3.7422531400e-01  2.5130422590e-02 
1257.000  3.6938531300e-01  2.4737487790e-02 
1258.000  3.6947020000e-01  2.4624374390e-02 
1259.000  3.6424678100e-01  2.4178323750e-02 
1260.000  3.6338601300e-01  2.4012807850e-02 
1261.000  3.6117562300e-01  2.3758167270e-02 
1262.000  3.5016368100e-01  2.2881113050e-02 
1263.000  3.5314111300e-01  2.3056621550e-02 
1264.000  3.4680920600e-01  2.2642496110e-02 
1265.000  3.4713296100e-01  2.2674091340e-02 
1266.000  3.4799446800e-01  2.2696159360e-02 
1267.000  3.3993079900e-01  2.2137601850e-02 
1268.000  3.3485293100e-01  2.1773386000e-02 
1269.000  3.3720494800e-01  2.1913021090e-02 
1270.000  3.4537157600e-01  2.2563560490e-02 
1271.000  3.4928457100e-01  2.2868307110e-02 
1272.000  3.4986735000e-01  2.2964574810e-02 
1273.000  3.5102453100e-01  2.3114797590e-02 
1274.000  3.5072084000e-01  2.3179889680e-02 
1275.000  3.5365598600e-01  2.3399436950e-02 
1276.000  3.5473779900e-01  2.3471548080e-02 
1277.000  3.5477895700e-01  2.3453941350e-02 
1278.000  3.5409147300e-01  2.3378757480e-02 
1279.000  3.5206953800e-01  2.3254673000e-02 
1280.000  3.5097010000e-01  2.3270717620e-02 
1281.000  3.4190078300e-01  2.2753202440e-02 
1282.000  3.0437383400e-01  2.0331266400e-02 
1283.000  3.3455980100e-01  2.2393091200e-02 
1284.000  3.4842946500e-01  2.3343475340e-02 
1285.000  3.5126602400e-01  2.3549980160e-02 
1286.000  3.5072561400e-01  2.3467193600e-02 
1287.000  3.5199802100e-01  2.3473522190e-02 
1288.000  3.4652356100e-01  2.2850376130e-02 
1289.000  3.4757629700e-01  2.2839012150e-02 
1290.000  3.3946668600e-01  2.2286518100e-02 
1291.000  3.4469387600e-01  2.2630277630e-02 
1292.000  3.4756032200e-01  2.2877023700e-02 
1293.000  3.4799944900e-01  2.2877103810e-02 
1294.000  3.4106793100e-01  2.2275960920e-02 
1295.000  3.4241857400e-01  2.2168846130e-02 
1296.000  3.4023456700e-01  2.1851444240e-02 
1297.000  3.3614538900e-01  2.1464185710e-02 
1298.000  3.3296095900e-01  2.1249092100e-02 
1299.000  3.3618295500e-01  2.1441350940e-02 
1300.000  3.3449456300e-01  2.1320350650e-02 
1301.000  3.3351519800e-01  2.1219034190e-02 
1302.000  3.2784569700e-01  2.0742246630e-02 
1303.000  3.2188438300e-01  2.0086162570e-02 
1304.000  3.2051717900e-01  1.9871076580e-02 
1305.000  3.2176981200e-01  1.9886680600e-02 
1306.000  3.2155134300e-01  1.9805685040e-02 
1307.000  3.1954265700e-01  1.9618518830e-02 
1308.000  3.1657826500e-01  1.9273592000e-02 
1309.000  3.1265237500e-01  1.8817434310e-02 
1310.000  3.1093331200e-01  1.8698125840e-02 
1311.000  3.1007946100e-01  1.8646711350e-02 
1312.000  3.0466028200e-01  1.8077522280e-02 
1313.000  2.8857584900e-01  1.6850952150e-02 
1314.000  2.9309686400e-01  1.6868103030e-02 
1315.000  2.8532777200e-01  1.6529855730e-02 
1316.000  2.9529463100e-01  1.7276210780e-02 
1317.000  2.9829752500e-01  1.7444511410e-02 
1318.000  2.8891912800e-01  1.6604534150e-02 
1319.000  2.8528709700e-01  1.6009328840e-02 
1320.000  2.7459160400e-01  1.4973164560e-02 
1321.000  2.7006633600e-01  1.4551112170e-02 
1322.000  2.7512750100e-01  1.5091951370e-02 
1323.000  2.8200538500e-01  1.5750873570e-02 
1324.000  2.8526156000e-01  1.6085966110e-02 
1325.000  2.8288497900e-01  1.5841889380e-02 
1326.000  2.7581777400e-01  1.5164838790e-02 
1327.000  2.6131124600e-01  1.3742269520e-02 
1328.000  2.4821036400e-01  1.2362778660e-02 
1329.000  2.1416612600e-01  9.6379079820e-03 
1330.000  2.0813218800e-01  9.0138206480e-03 
1331.000  2.0265138800e-01  8.5612373350e-03 
1332.000  2.0045573000e-01  8.5267963410e-03 
1333.000  2.1146069800e-01  9.1901206970e-03 
1334.000  2.1987282900e-01  9.8289642330e-03 
1335.000  2.2581287600e-01  1.0303548810e-02 
1336.000  2.2570498800e-01  1.0372542380e-02 
1337.000  2.2826001100e-01  1.0517600060e-02 
1338.000  2.3200900800e-01  1.0853709220e-02 
1339.000  2.3252272500e-01  1.0928594590e-02 
1340.000  2.3414097700e-01  1.1148973460e-02 
1341.000  2.3809900800e-01  1.1214859960e-02 
1342.000  2.3800244900e-01  1.1224393840e-02 
1343.000  2.2898256800e-01  1.0229772570e-02 
1344.000  2.1514154500e-01  9.0372858050e-03 
1345.000  1.7801717400e-01  6.4258193970e-03 
1346.000  1.5185635200e-01  4.7999377250e-03 
1347.000  1.3469561400e-01  3.9080088140e-03 
1348.000  1.1167095800e-01  2.7269628050e-03 
1349.000  1.0156950870e-01  2.3120942120e-03 
1350.000  7.9119359100e-02  1.4305808540e-03 
1351.000  6.8304623000e-02  1.1059068440e-03 
1352.000  5.2245281400e-02  6.5716326240e-04 
1353.000  3.7031165600e-02  3.6108770970e-04 
1354.000  2.9609876100e-02  2.4158570170e-04 
1355.000  2.2989598000e-02  1.5509516000e-04 
1356.000  1.7384914700e-02  9.4517230990e-05 
1357.000  1.1883073530e-02  4.7696698460e-05 
1358.000  8.7943001900e-03  2.9149293900e-05 
1359.000  4.6371897900e-03  9.9052665760e-06 
1360.000  3.0667192400e-03  5.2096904260e-06 
1361.000  2.2822901500e-03  3.1021737960e-06 
1362.000  2.1000785500e-03  2.7297330090e-06 
1363.000  3.0298718100e-03  4.7669806520e-06 
1364.000  3.5132260700e-03  5.9722559530e-06 
1365.000  3.6785380500e-03  6.3044796700e-06 
1366.000  4.2480985300e-03  7.8788427640e-06 
1367.000  3.5684709500e-03  6.1753848570e-06 
1368.000  3.1641443500e-03  5.3404872310e-06 
1369.000  3.2446885400e-03  5.6215696970e-06 
1370.000  5.3662024900e-03  1.3054570180e-05 
1371.000  9.5567395900e-03  3.2733552160e-05 
1372.000  1.7696152000e-02  9.0537756680e-05 
1373.000  2.5103431300e-02  1.5988905730e-04 
1374.000  3.0483393100e-02  2.2135598960e-04 
1375.000  3.2500627200e-02  2.4874119460e-04 
1376.000  3.0145691800e-02  2.2083328660e-04 
1377.000  2.6837182400e-02  1.8063007300e-04 
1378.000  2.0455537300e-02  1.1530119930e-04 
1379.000  1.4046693210e-02  6.2305245550e-05 
1380.000  7.9668927200e-03  2.4896105750e-05 
1381.000  4.6085463100e-03  1.0388514030e-05 
1382.000  3.2226940600e-03  5.8672362940e-06 
1383.000  3.1180828800e-03  5.4872664620e-06 
1384.000  5.0718353300e-03  1.1861069130e-05 
1385.000  7.2001142700e-03  2.0829558370e-05 
1386.000  1.0997422030e-02  4.1159711780e-05 
1387.000  2.0206222700e-02  1.1349296570e-04 
1388.000  2.6781491300e-02  1.7851452530e-04 
1389.000  3.0763813300e-02  2.2786574070e-04 
1390.000  3.1403129000e-02  2.3854191600e-04 
1391.000  2.9315216600e-02  2.1260344980e-04 
1392.000  2.2163591800e-02  1.3467806580e-04 
1393.000  1.6942336300e-02  8.7937675420e-05 
1394.000  1.2979772590e-02  5.7465698570e-05 
1395.000  1.4631298300e-02  6.9812715050e-05 
1396.000  2.0077353600e-02  1.1574457590e-04 
1397.000  2.5909671700e-02  1.7663663630e-04 
1398.000  2.6682462500e-02  1.8503910300e-04 
1399.000  2.4913525000e-02  1.6809676590e-04 
1400.000  2.3296268200e-02  1.5302400290e-04 
1401.000  2.4765118800e-02  1.7236660420e-04 
1402.000  3.0701997200e-02  2.4170930680e-04 
1403.000  3.5348309000e-02  3.1494709850e-04 
1404.000  3.3248264300e-02  2.8434628250e-04 
1405.000  3.4826787500e-02  3.1561213730e-04 
1406.000  3.2294249700e-02  2.7708634730e-04 
1407.000  3.3492323800e-02  3.0376076700e-04 
1408.000  4.0142818400e-02  4.0953394770e-04 
1409.000  4.7056380600e-02  5.4523968700e-04 
1410.000  5.7713939100e-02  7.7007013560e-04 
1411.000  6.8647985000e-02  1.0637525320e-03 
1412.000  6.6321847200e-02  1.0291171070e-03 
1413.000  7.3146475700e-02  1.2356783150e-03 
1414.000  7.2117562700e-02  1.1891446110e-03 
1415.000  7.9724439800e-02  1.4542722700e-03 
1416.000  8.5657805600e-02  1.6517477040e-03 
1417.000  8.7863053500e-02  1.7462672000e-03 
1418.000  8.8646026400e-02  1.7684518100e-03 
1419.000  8.8461317300e-02  1.8010176420e-03 
1420.000  9.0562138800e-02  1.8762266640e-03 
1421.000  1.0185441580e-01  2.3099701400e-03 
1422.000  1.0427706350e-01  2.4466729160e-03 
1423.000  1.0543977660e-01  2.5255649090e-03 
1424.000  1.0508152090e-01  2.5054576400e-03 
1425.000  1.0388884050e-01  2.4322369100e-03 
1426.000  1.0016327830e-01  2.3507046700e-03 
1427.000  1.0609256060e-01  2.5792956350e-03 
1428.000  1.1205408010e-01  2.7927355770e-03 
1429.000  1.1365502700e-01  2.9237098690e-03 
1430.000  1.1089134490e-01  2.8565630910e-03 
1431.000  1.0330952220e-01  2.5460133550e-03 
1432.000  1.0101557800e-01  2.4201078410e-03 
1433.000  1.0073093610e-01  2.4069814680e-03 
1434.000  9.6079671000e-02  2.2436301710e-03 
1435.000  1.0314955420e-01  2.5198817250e-03 
1436.000  1.0571796330e-01  2.6311130520e-03 
1437.000  1.0740297790e-01  2.6989896300e-03 
1438.000  1.1386479320e-01  2.9928479190e-03 
1439.000  1.1596610300e-01  3.0607392790e-03 
1440.000  1.1119311930e-01  2.9753901960e-03 
1441.000  1.1809926900e-01  3.1838467120e-03 
1442.000  1.1328452890e-01  3.0109226700e-03 
1443.000  1.1532062370e-01  3.0723423960e-03 
1444.000  1.1792030020e-01  3.1810991760e-03 
1445.000  1.1815632960e-01  3.1996233460e-03 
1446.000  1.2367215400e-01  3.4351294040e-03 
1447.000  1.2705178200e-01  3.6099350450e-03 
1448.000  1.2849971200e-01  3.6671671870e-03 
1449.000  1.2597706350e-01  3.5448865890e-03 
1450.000  1.2046507090e-01  3.3136720660e-03 
1451.000  1.2181367040e-01  3.3932743070e-03 
1452.000  1.2714413210e-01  3.7027018070e-03 
1453.000  1.4167543500e-01  4.3922233580e-03 
1454.000  1.5416355400e-01  5.0857524870e-03 
1455.000  1.6013587400e-01  5.4849114420e-03 
1456.000  1.6723796100e-01  5.9431371690e-03 
1457.000  1.6992762000e-01  6.0720500950e-03 
1458.000  1.7325097800e-01  6.2396883960e-03 
1459.000  1.6838421000e-01  5.9190955160e-03 
1460.000  1.6070905100e-01  5.5313482280e-03 
1461.000  1.5762652100e-01  5.3650488850e-03 
1462.000  1.4913984000e-01  4.9122228620e-03 
1463.000  1.4815103700e-01  4.8873195650e-03 
1464.000  1.4623756900e-01  4.7804346080e-03 
1465.000  1.4299355900e-01  4.5618186000e-03 
1466.000  1.3326700300e-01  4.1217775340e-03 
1467.000  1.3230086000e-01  4.0010390280e-03 
1468.000  1.2416023930e-01  3.6608896260e-03 
1469.000  1.1778092260e-01  3.3233838080e-03 
1470.000  1.1437024460e-01  3.1782763000e-03 
1471.000  1.2136892240e-01  3.5702774520e-03 
1472.000  1.3364639100e-01  4.1986317630e-03 
1473.000  1.5019054300e-01  5.1084594730e-03 
1474.000  1.5742458900e-01  5.6731457710e-03 
1475.000  1.6022355000e-01  5.7879209520e-03 
1476.000  1.6048415500e-01  5.8104801180e-03 
1477.000  1.5704446200e-01  5.6071467400e-03 
1478.000  1.5090332000e-01  5.3154420850e-03 
1479.000  1.4791080000e-01  5.1024327280e-03 
1480.000  1.5099141600e-01  5.3047928810e-03 
1481.000  1.5381358500e-01  5.5515823360e-03 
1482.000  1.6076116900e-01  5.9811973570e-03 
1483.000  1.5898231000e-01  5.9718689920e-03 
1484.000  1.6001298000e-01  6.0366454120e-03 
1485.000  1.6231342700e-01  6.1144895550e-03 
1486.000  1.6368538700e-01  6.3340773580e-03 
1487.000  1.7370353600e-01  7.0676212310e-03 
1488.000  1.5222600300e-01  6.2381148340e-03 
1489.000  1.8680574800e-01  8.1644115450e-03 
1490.000  1.9763493100e-01  9.1146717070e-03 
1491.000  2.0469478500e-01  9.7244901660e-03 
1492.000  2.0098294300e-01  9.6174249650e-03 
1493.000  2.0841007900e-01  1.0162856100e-02 
1494.000  2.0810678200e-01  1.0193705560e-02 
1495.000  2.0982855000e-01  1.0466703410e-02 
1496.000  2.0946409400e-01  1.0727619170e-02 
1497.000  2.1457117500e-01  1.1027293210e-02 
1498.000  2.2164859500e-01  1.1651575090e-02 
1499.000  2.2263590100e-01  1.1950996400e-02 
1500.000  2.2950057300e-01  1.2514951710e-02 
1501.000  2.2819479900e-01  1.2403276440e-02 
1502.000  2.2451414100e-01  1.2134052280e-02 
1503.000  2.0056393700e-01  1.0796807290e-02 
1504.000  2.0989442100e-01  1.1368732450e-02 
1505.000  2.1251542400e-01  1.1705352780e-02 
1506.000  2.1544623700e-01  1.1910245900e-02 
1507.000  2.2825817400e-01  1.2808722500e-02 
1508.000  2.2625064900e-01  1.2812027930e-02 
1509.000  2.2877310800e-01  1.3082416530e-02 
1510.000  2.3287189800e-01  1.3382992740e-02 
1511.000  2.3501738000e-01  1.3607427600e-02 
1512.000  2.3133264000e-01  1.3464776040e-02 
1513.000  2.3124269600e-01  1.3517109870e-02 
1514.000  2.2807698400e-01  1.3364459990e-02 
1515.000  2.3338010300e-01  1.3734928130e-02 
1516.000  2.3147400000e-01  1.3633659360e-02 
1517.000  2.3085264600e-01  1.3633191110e-02 
1518.000  2.3657150700e-01  1.4050535200e-02 
1519.000  2.3478899200e-01  1.4040918350e-02 
1520.000  2.3838595700e-01  1.4404757500e-02 
1521.000  2.3499729200e-01  1.4316303250e-02 
1522.000  2.3363801900e-01  1.4278221130e-02 
1523.000  2.3966234100e-01  1.4715064050e-02 
1524.000  2.3757912900e-01  1.4607373240e-02 
1525.000  2.3184562900e-01  1.4262848850e-02 
1526.000  2.3847845100e-01  1.4676871300e-02 
1527.000  2.3636567700e-01  1.4580185890e-02 
1528.000  2.3846482300e-01  1.4756765370e-02 
1529.000  2.3771850400e-01  1.4707103730e-02 
1530.000  2.2287005900e-01  1.3826578140e-02 
1531.000  2.3850696500e-01  1.4816377640e-02 
1532.000  2.3736986400e-01  1.4769923210e-02 
1533.000  2.3640838000e-01  1.4716073040e-02 
1534.000  2.3293114100e-01  1.4501620290e-02 
1535.000  2.3391784400e-01  1.4565796850e-02 
1536.000  2.3704951100e-01  1.4802626610e-02 
1537.000  2.3798510000e-01  1.4912746430e-02 
1538.000  2.3166070800e-01  1.4576405530e-02 
1539.000  2.3667373200e-01  1.4949449540e-02 
1540.000  2.2812796500e-01  1.4453804970e-02 
1541.000  2.3293879500e-01  1.4774071690e-02 
1542.000  2.3432486800e-01  1.4867621420e-02 
1543.000  2.3368704200e-01  1.4841768260e-02 
1544.000  2.3668838600e-01  1.5053134920e-02 
1545.000  2.3759569200e-01  1.5144105910e-02 
1546.000  2.3781391400e-01  1.5199228290e-02 
1547.000  2.3550434600e-01  1.5089064600e-02 
1548.000  2.2854817200e-01  1.4675461770e-02 
1549.000  2.3440584700e-01  1.5072599410e-02 
1550.000  2.3308861300e-01  1.5004890440e-02 
1551.000  2.3186127500e-01  1.4926769260e-02 
1552.000  2.3581324500e-01  1.5175448420e-02 
1553.000  2.3458017500e-01  1.5097600940e-02 
1554.000  2.2598508800e-01  1.4538293840e-02 
1555.000  2.2975575800e-01  1.4786590580e-02 
1556.000  2.2536917300e-01  1.4532324790e-02 
1557.000  2.3274827200e-01  1.5055961610e-02 
1558.000  2.3090590200e-01  1.4973364830e-02 
1559.000  2.3092413800e-01  1.5008587840e-02 
1560.000  2.2693642400e-01  1.4790627480e-02 
1561.000  2.3223281900e-01  1.5146535870e-02 
1562.000  2.3212503800e-01  1.5120643620e-02 
1563.000  2.2865615300e-01  1.4884865760e-02 
1564.000  2.2399929600e-01  1.4564198490e-02 
1565.000  2.2725142200e-01  1.4752786640e-02 
1566.000  2.2294545200e-01  1.4483156200e-02 
1567.000  2.2258904400e-01  1.4460738180e-02 
1568.000  2.1743721700e-01  1.4114264490e-02 
1569.000  2.1761995100e-01  1.4109471320e-02 
1570.000  2.1156713800e-01  1.3712482450e-02 
1571.000  2.1723589700e-01  1.4103631970e-02 
1572.000  2.1707023800e-01  1.4103568080e-02 
1573.000  2.1377297100e-01  1.3919236180e-02 
1574.000  2.1461527900e-01  1.4012317660e-02 
1575.000  1.9939731800e-01  1.3046652790e-02 
1576.000  2.1421853400e-01  1.4022876740e-02 
1577.000  1.9350584500e-01  1.2650790210e-02 
1578.000  2.1184744300e-01  1.3832050320e-02 
1579.000  2.1316962700e-01  1.3906707760e-02 
1580.000  2.1771658000e-01  1.4201876640e-02 
1581.000  2.1627263100e-01  1.4092648510e-02 
1582.000  2.1212343000e-01  1.3857904430e-02 
1583.000  2.1492675600e-01  1.4074625970e-02 
1584.000  2.1319459100e-01  1.3996433260e-02 
1585.000  2.1963868500e-01  1.4448419570e-02 
1586.000  2.1687997200e-01  1.4281213760e-02 
1587.000  2.1461911700e-01  1.4161912920e-02 
1588.000  2.1147049200e-01  1.3981351850e-02 
1589.000  1.9347364300e-01  1.2801983830e-02 
1590.000  2.0843867500e-01  1.3801511760e-02 
1591.000  2.0376877300e-01  1.3505264280e-02 
1592.000  2.1443903700e-01  1.4215197560e-02 
1593.000  2.1905337700e-01  1.4519080160e-02 
1594.000  2.1717939700e-01  1.4394373890e-02 
1595.000  2.1815293800e-01  1.4461073880e-02 
1596.000  2.0435113000e-01  1.3560750960e-02 
1597.000  2.1193892200e-01  1.4060852050e-02 
1598.000  2.1485377600e-01  1.4243902210e-02 
1599.000  2.0642087700e-01  1.3668720250e-02 
1600.000  2.0887313300e-01  1.3820612910e-02 
1601.000  2.0008013200e-01  1.3253579140e-02 
1602.000  2.0494548700e-01  1.3605469700e-02 
1603.000  2.0371803600e-01  1.3570541380e-02 
1604.000  2.0676094700e-01  1.3824951170e-02 
1605.000  2.0370383700e-01  1.3651624680e-02 
1606.000  2.0306537900e-01  1.3642959590e-02 
1607.000  2.0375260000e-01  1.3666071890e-02 
1608.000  2.0594609300e-01  1.3790629390e-02 
1609.000  2.0515414500e-01  1.3723600390e-02 
1610.000  1.9249915300e-01  1.2866394040e-02 
1611.000  1.9864277100e-01  1.3285234450e-02 
1612.000  2.0110923600e-01  1.3459295270e-02 
1613.000  2.0612591500e-01  1.3802958490e-02 
1614.000  2.0410230900e-01  1.3651821140e-02 
1615.000  2.0787137700e-01  1.3906595230e-02 
1616.000  1.9515767700e-01  1.3054244040e-02 
1617.000  2.0125847500e-01  1.3505393980e-02 
1618.000  2.0752901200e-01  1.3948464390e-02 
1619.000  2.0724799000e-01  1.3973918910e-02 
1620.000  2.0235843000e-01  1.3686770440e-02 
1621.000  1.9963273700e-01  1.3537370680e-02 
1622.000  2.0465707900e-01  1.3885616300e-02 
1623.000  2.0893562300e-01  1.4192172050e-02 
1624.000  2.1046289400e-01  1.4307377820e-02 
1625.000  2.0544985200e-01  1.3998441700e-02 
1626.000  2.0775019600e-01  1.4142561910e-02 
1627.000  2.0751182700e-01  1.4144918440e-02 
1628.000  2.0908875200e-01  1.4259753230e-02 
1629.000  2.0895270000e-01  1.4255411150e-02 
1630.000  2.0309300100e-01  1.3851614000e-02 
1631.000  2.0626903700e-01  1.4079083440e-02 
1632.000  2.0609702100e-01  1.4023666380e-02 
1633.000  2.0337778700e-01  1.3814105990e-02 
1634.000  1.9841855800e-01  1.3447231290e-02 
1635.000  2.0373746500e-01  1.3785536770e-02 
1636.000  2.0297269200e-01  1.3706310270e-02 
1637.000  1.9366617000e-01  1.3052612300e-02 
1638.000  1.9225084900e-01  1.2939217570e-02 
1639.000  1.8996929400e-01  1.2752182010e-02 
1640.000  1.9091517200e-01  1.2793354030e-02 
1641.000  1.8955225200e-01  1.2684251790e-02 
1642.000  1.8931501300e-01  1.2716502190e-02 
1643.000  1.9411287300e-01  1.3080720900e-02 
1644.000  1.9104249200e-01  1.2911843300e-02 
1645.000  1.9134172900e-01  1.2965668680e-02 
1646.000  1.9364098300e-01  1.3162095070e-02 
1647.000  1.9544120600e-01  1.3285241130e-02 
1648.000  1.9455771800e-01  1.3216370580e-02 
1649.000  1.9008803800e-01  1.2911180500e-02 
1650.000  1.9490441200e-01  1.3240560530e-02 
1651.000  1.9055330100e-01  1.2943241120e-02 
1652.000  1.9434182600e-01  1.3192646980e-02 
1653.000  1.9234136200e-01  1.3064789770e-02 
1654.000  1.9449896800e-01  1.3214777950e-02 
1655.000  1.9081473500e-01  1.2976156230e-02 
1656.000  1.9463511200e-01  1.3243779180e-02 
1657.000  1.9322260000e-01  1.3149897580e-02 
1658.000  1.9444160900e-01  1.3244096760e-02 
1659.000  1.9090473300e-01  1.3005275730e-02 
1660.000  1.9311111600e-01  1.3148789410e-02 
1661.000  1.9386655500e-01  1.3188864710e-02 
1662.000  1.9240857300e-01  1.3048543930e-02 
1663.000  1.9113449600e-01  1.2931978230e-02 
1664.000  1.9024381100e-01  1.2840505600e-02 
1665.000  1.8830249700e-01  1.2674006460e-02 
1666.000  1.8753340500e-01  1.2624868390e-02 
1667.000  1.8944829100e-01  1.2802310940e-02 
1668.000  1.8623856200e-01  1.2612070080e-02 
1669.000  1.8676368800e-01  1.2681026460e-02 
1670.000  1.9096299500e-01  1.3003149990e-02 
1671.000  1.8956677700e-01  1.2937055590e-02 
1672.000  1.8058785200e-01  1.2361827850e-02 
1673.000  1.8574630900e-01  1.2739826200e-02 
1674.000  1.8649640900e-01  1.2821306230e-02 
1675.000  1.8476623700e-01  1.2740620610e-02 
1676.000  1.8177820700e-01  1.2545265200e-02 
1677.000  1.8270729200e-01  1.2610271450e-02 
1678.000  1.8372067800e-01  1.2687672620e-02 
1679.000  1.8127929100e-01  1.2516009330e-02 
1680.000  1.7506537500e-01  1.2094096180e-02 
1681.000  1.6899839800e-01  1.1678434370e-02 
1682.000  1.7387899600e-01  1.2014247890e-02 
1683.000  1.7816808600e-01  1.2304458620e-02 
1684.000  1.8146084500e-01  1.2526325230e-02 
1685.000  1.8198058800e-01  1.2542390820e-02 
1686.000  1.7978506000e-01  1.2382492070e-02 
1687.000  1.8048118800e-01  1.2390246390e-02 
1688.000  1.8057424100e-01  1.2362414360e-02 
1689.000  1.7839591000e-01  1.2201604840e-02 
1690.000  1.7825110500e-01  1.2154001240e-02 
1691.000  1.8055720300e-01  1.2315144540e-02 
1692.000  1.8088296600e-01  1.2348240850e-02 
1693.000  1.8024462100e-01  1.2320080760e-02 
1694.000  1.7997542600e-01  1.2312669750e-02 
1695.000  1.8002115300e-01  1.2310575490e-02 
1696.000  1.7896787200e-01  1.2214572910e-02 
1697.000  1.7784256000e-01  1.2100772860e-02 
1698.000  1.7889743400e-01  1.2140096660e-02 
1699.000  1.7774167100e-01  1.2034908290e-02 
1700.000  1.7549114200e-01  1.1857477190e-02 
