 lambda   Irr_dw            Rad_up 
 550.000  1.5493003000e+00  2.2124723820e-01 
 551.000  1.5389694000e+00  2.1974563600e-01 
 552.000  1.6045718000e+00  2.2913560490e-01 
 553.000  1.5410786000e+00  2.2003289790e-01 
 554.000  1.5907955000e+00  2.2714323430e-01 
 555.000  1.5946562000e+00  2.2764169310e-01 
 556.000  1.5501307000e+00  2.2123742680e-01 
 557.000  1.5036139000e+00  2.1460955810e-01 
 558.000  1.5602030000e+00  2.2263734440e-01 
 559.000  1.4742534000e+00  2.1034956360e-01 
 560.000  1.4802727000e+00  2.1121289060e-01 
 561.000  1.6263976000e+00  2.3200193790e-01 
 562.000  1.4924699000e+00  2.1285807800e-01 
 563.000  1.5610189000e+00  2.2257479860e-01 
 564.000  1.5386243000e+00  2.1928730770e-01 
 565.000  1.5565164000e+00  2.2179939270e-01 
 566.000  1.4347121000e+00  2.0438916020e-01 
 567.000  1.5385134000e+00  2.1896365360e-01 
 568.000  1.5338178000e+00  2.1759834290e-01 
 569.000  1.5018344000e+00  2.1156953430e-01 
 570.000  1.5095150000e+00  2.1286672970e-01 
 571.000  1.4564549000e+00  2.0641291810e-01 
 572.000  1.5383649000e+00  2.1701148990e-01 
 573.000  1.5545631000e+00  2.1958908080e-01 
 574.000  1.5458211000e+00  2.1841519170e-01 
 575.000  1.5077207000e+00  2.1293460080e-01 
 576.000  1.4801151000e+00  2.0899092100e-01 
 577.000  1.5414935000e+00  2.1789755250e-01 
 578.000  1.4965972000e+00  2.1195401000e-01 
 579.000  1.4851485000e+00  2.1052781680e-01 
 580.000  1.5362494000e+00  2.1796179200e-01 
 581.000  1.5085205000e+00  2.1429203800e-01 
 582.000  1.5310246000e+00  2.1754670720e-01 
 583.000  1.5414961000e+00  2.1907060240e-01 
 584.000  1.5364042000e+00  2.1829118350e-01 
 585.000  1.5260809000e+00  2.1676109310e-01 
 586.000  1.4603034000e+00  2.0740563960e-01 
 587.000  1.5170155000e+00  2.1485876460e-01 
 588.000  1.5004510000e+00  2.1044642640e-01 
 589.000  1.3293271000e+00  1.8381488040e-01 
 590.000  1.3878256000e+00  1.9173365780e-01 
 591.000  1.4749265000e+00  2.0565130620e-01 
 592.000  1.4463363000e+00  2.0060104370e-01 
 593.000  1.4618906000e+00  2.0491670230e-01 
 594.000  1.4750067000e+00  2.0625138850e-01 
 595.000  1.4463878000e+00  2.0070291140e-01 
 596.000  1.4825449000e+00  2.0796228030e-01 
 597.000  1.4868012000e+00  2.0803665160e-01 
 598.000  1.4564642000e+00  2.0474099730e-01 
 599.000  1.4568460000e+00  2.0519819640e-01 
 600.000  1.4572954000e+00  2.0614886470e-01 
 601.000  1.4491610000e+00  2.0563121030e-01 
 602.000  1.4333065000e+00  2.0357669070e-01 
 603.000  1.4419417000e+00  2.0503501890e-01 
 604.000  1.4875912000e+00  2.1172821040e-01 
 605.000  1.4837333000e+00  2.1120397950e-01 
 606.000  1.4664601000e+00  2.0880230710e-01 
 607.000  1.4581361000e+00  2.0761524960e-01 
 608.000  1.4527043000e+00  2.0681999210e-01 
 609.000  1.4377122000e+00  2.0469853210e-01 
 610.000  1.4146052000e+00  2.0138568120e-01 
 611.000  1.4374876000e+00  2.0465509030e-01 
 612.000  1.4186870000e+00  2.0199583440e-01 
 613.000  1.3978759000e+00  1.9901945500e-01 
 614.000  1.3468462000e+00  1.9177407840e-01 
 615.000  1.4118183000e+00  2.0099420170e-01 
 616.000  1.3422858000e+00  1.9111933900e-01 
 617.000  1.3497876000e+00  1.9219183350e-01 
 618.000  1.4133873000e+00  2.0119917300e-01 
 619.000  1.4003563000e+00  1.9937182620e-01 
 620.000  1.4209571000e+00  2.0225131230e-01 
 621.000  1.4453004000e+00  2.0570141600e-01 
 622.000  1.3689821000e+00  1.9479719540e-01 
 623.000  1.3795584000e+00  1.9621148680e-01 
 624.000  1.3809459000e+00  1.9641915890e-01 
 625.000  1.3434531000e+00  1.9106199650e-01 
 626.000  1.3501513000e+00  1.9184185790e-01 
 627.000  1.3724691000e+00  1.9427952580e-01 
 628.000  1.3533967000e+00  1.9019946290e-01 
 629.000  1.3876360000e+00  1.9550947570e-01 
 630.000  1.3416446000e+00  1.8966743470e-01 
 631.000  1.3909438000e+00  1.9685643010e-01 
 632.000  1.2954779000e+00  1.8278204350e-01 
 633.000  1.3907548000e+00  1.9695976260e-01 
 634.000  1.3490046000e+00  1.9128103640e-01 
 635.000  1.3736289000e+00  1.9476727290e-01 
 636.000  1.3252291000e+00  1.8804103090e-01 
 637.000  1.3689398000e+00  1.9433576970e-01 
 638.000  1.3902978000e+00  1.9771238710e-01 
 639.000  1.3787730000e+00  1.9602722170e-01 
 640.000  1.3355136000e+00  1.9011851500e-01 
 641.000  1.3547570000e+00  1.9283773800e-01 
 642.000  1.3384861000e+00  1.9063543700e-01 
 643.000  1.3617871000e+00  1.9369233700e-01 
 644.000  1.3461292000e+00  1.9142260740e-01 
 645.000  1.3577514000e+00  1.9273172000e-01 
 646.000  1.3056552000e+00  1.8382862850e-01 
 647.000  1.3231411000e+00  1.8525553890e-01 
 648.000  1.3205635000e+00  1.8385440060e-01 
 649.000  1.3468815000e+00  1.8838819890e-01 
 650.000  1.2484157700e+00  1.7634852600e-01 
 651.000  1.3447392000e+00  1.8993717960e-01 
 652.000  1.3184538000e+00  1.8460237120e-01 
 653.000  1.3453750000e+00  1.9024470520e-01 
 654.000  1.3276785000e+00  1.8746714780e-01 
 655.000  1.2925024000e+00  1.8181382750e-01 
 656.000  1.0973339400e+00  1.5453482060e-01 
 657.000  1.1712156500e+00  1.6526126100e-01 
 658.000  1.3046817000e+00  1.8475749210e-01 
 659.000  1.3078725000e+00  1.8555723570e-01 
 660.000  1.3181321000e+00  1.8717568970e-01 
 661.000  1.3240095000e+00  1.8852636720e-01 
 662.000  1.3430868000e+00  1.9146711730e-01 
 663.000  1.3281108000e+00  1.8925933840e-01 
 664.000  1.3069966000e+00  1.8632778930e-01 
 665.000  1.3126641000e+00  1.8719168090e-01 
 666.000  1.3284635000e+00  1.8957035830e-01 
 667.000  1.3020807900e+00  1.8583105470e-01 
 668.000  1.3094648200e+00  1.8700837710e-01 
 669.000  1.3281203000e+00  1.8973335270e-01 
 670.000  1.3125183200e+00  1.8747392270e-01 
 671.000  1.2982963000e+00  1.8548136900e-01 
 672.000  1.2941557100e+00  1.8489508060e-01 
 673.000  1.3033672200e+00  1.8620762630e-01 
 674.000  1.3058576400e+00  1.8658079530e-01 
 675.000  1.2858994500e+00  1.8371803280e-01 
 676.000  1.3101409200e+00  1.8719694520e-01 
 677.000  1.2840449100e+00  1.8348835750e-01 
 678.000  1.3052673500e+00  1.8651614380e-01 
 679.000  1.2868021500e+00  1.8384794620e-01 
 680.000  1.2768719400e+00  1.8237608340e-01 
 681.000  1.2781845400e+00  1.8249191280e-01 
 682.000  1.2754949500e+00  1.8206387330e-01 
 683.000  1.2838184600e+00  1.8318580630e-01 
 684.000  1.2605648500e+00  1.7976660160e-01 
 685.000  1.2747845100e+00  1.8186521910e-01 
 686.000  1.2185841400e+00  1.7357168580e-01 
 687.000  1.1261601100e+00  1.5555912780e-01 
 688.000  1.1562209300e+00  1.6131863400e-01 
 689.000  1.1506625700e+00  1.6005441280e-01 
 690.000  1.1713505300e+00  1.6379602050e-01 
 691.000  1.1952027100e+00  1.6797798160e-01 
 692.000  1.1983270600e+00  1.6847518920e-01 
 693.000  1.1971981600e+00  1.6624931340e-01 
 694.000  1.1991653300e+00  1.6467614750e-01 
 695.000  1.1863016400e+00  1.6382531740e-01 
 696.000  1.2048093600e+00  1.6697268680e-01 
 697.000  1.2280128700e+00  1.7337367250e-01 
 698.000  1.2007295500e+00  1.6879464720e-01 
 699.000  1.2038775100e+00  1.6643261720e-01 
 700.000  1.1927617800e+00  1.6531364440e-01 
 701.000  1.1618472600e+00  1.6040585330e-01 
 702.000  1.1590079600e+00  1.6043333440e-01 
 703.000  1.1907291700e+00  1.6709230040e-01 
 704.000  1.1946887300e+00  1.6774800110e-01 
 705.000  1.1972914700e+00  1.6713702390e-01 
 706.000  1.1857235200e+00  1.6570251460e-01 
 707.000  1.1700167800e+00  1.6385641480e-01 
 708.000  1.2063845000e+00  1.6930964660e-01 
 709.000  1.1683382700e+00  1.6471052550e-01 
 710.000  1.1896529300e+00  1.6686190800e-01 
 711.000  1.1830765900e+00  1.6675737000e-01 
 712.000  1.1710878700e+00  1.6578935240e-01 
 713.000  1.1622867600e+00  1.6395219420e-01 
 714.000  1.1806400300e+00  1.6630361940e-01 
 715.000  1.1332859900e+00  1.5868705750e-01 
 716.000  1.1564958300e+00  1.6095674130e-01 
 717.000  1.0837065800e+00  1.4555009460e-01 
 718.000  1.0510001000e+00  1.3807014470e-01 
 719.000  1.0291554900e+00  1.3406961060e-01 
 720.000  1.0222083300e+00  1.3162683110e-01 
 721.000  1.0837002500e+00  1.4692576600e-01 
 722.000  1.1214415600e+00  1.5479415890e-01 
 723.000  1.1060543300e+00  1.5109080510e-01 
 724.000  1.0758076600e+00  1.4272821040e-01 
 725.000  1.0693175200e+00  1.4245976260e-01 
 726.000  1.0654911600e+00  1.4176948550e-01 
 727.000  1.0863186500e+00  1.4512634280e-01 
 728.000  1.0618931700e+00  1.4125627140e-01 
 729.000  1.0328448300e+00  1.3892425540e-01 
 730.000  1.0684170100e+00  1.4345785520e-01 
 731.000  1.0477665700e+00  1.4041197200e-01 
 732.000  1.0904758900e+00  1.4887213130e-01 
 733.000  1.0952690200e+00  1.5229817200e-01 
 734.000  1.1283985200e+00  1.5829771420e-01 
 735.000  1.1154555900e+00  1.5598124690e-01 
 736.000  1.0878519200e+00  1.5125437930e-01 
 737.000  1.1071277500e+00  1.5459208680e-01 
 738.000  1.1109229700e+00  1.5606825260e-01 
 739.000  1.0777592100e+00  1.5182821660e-01 
 740.000  1.0942673000e+00  1.5507028200e-01 
 741.000  1.0891468100e+00  1.5492459110e-01 
 742.000  1.0726567200e+00  1.5282101440e-01 
 743.000  1.1074804700e+00  1.5831803890e-01 
 744.000  1.1193708100e+00  1.6027606200e-01 
 745.000  1.0913422100e+00  1.5646682740e-01 
 746.000  1.1073529100e+00  1.5889959720e-01 
 747.000  1.1240316700e+00  1.6130697630e-01 
 748.000  1.1045952200e+00  1.5862091060e-01 
 749.000  1.1050855700e+00  1.5875222780e-01 
 750.000  1.0884995800e+00  1.5630822750e-01 
 751.000  1.0856971800e+00  1.5591967770e-01 
 752.000  1.1028130300e+00  1.5848681640e-01 
 753.000  1.0925416500e+00  1.5705049130e-01 
 754.000  1.1097449900e+00  1.5955090330e-01 
 755.000  1.1033809200e+00  1.5865002440e-01 
 756.000  1.0817889800e+00  1.5556109620e-01 
 757.000  1.0897511900e+00  1.5671954350e-01 
 758.000  1.0874434100e+00  1.5633610530e-01 
 759.000  1.0046807200e+00  1.4207751460e-01 
 760.000  5.1245075000e-01  6.1270938870e-02 
 761.000  4.6286360000e-01  5.4037654880e-02 
 762.000  7.3968223000e-01  9.7256073000e-02 
 763.000  6.7091373000e-01  8.5387229920e-02 
 764.000  7.1725669000e-01  9.2773941040e-02 
 765.000  8.1943306000e-01  1.0989756770e-01 
 766.000  8.8652614000e-01  1.2300429530e-01 
 767.000  9.5030823000e-01  1.3385435490e-01 
 768.000  1.0213473900e+00  1.4529199220e-01 
 769.000  1.0390260400e+00  1.4878437810e-01 
 770.000  1.0441095500e+00  1.4997717290e-01 
 771.000  1.0497217500e+00  1.5105876160e-01 
 772.000  1.0467938000e+00  1.5071589660e-01 
 773.000  1.0428660600e+00  1.5019499210e-01 
 774.000  1.0543524800e+00  1.5189259340e-01 
 775.000  1.0148893100e+00  1.4624368290e-01 
 776.000  1.0567818300e+00  1.5233145140e-01 
 777.000  1.0494426900e+00  1.5128399660e-01 
 778.000  1.0437794800e+00  1.5046217350e-01 
 779.000  1.0471426500e+00  1.5093653870e-01 
 780.000  1.0341501300e+00  1.4908404540e-01 
 781.000  1.0325472000e+00  1.4889482120e-01 
 782.000  1.0449565000e+00  1.5065653990e-01 
 783.000  1.0205057200e+00  1.4716888430e-01 
 784.000  1.0260595800e+00  1.4792874150e-01 
 785.000  1.0278845000e+00  1.4796952820e-01 
 786.000  1.0088386700e+00  1.4494050600e-01 
 787.000  1.0206888400e+00  1.4594133000e-01 
 788.000  1.0037678500e+00  1.4319386290e-01 
 789.000  1.0037970100e+00  1.4201036070e-01 
 790.000  9.9313150000e-01  1.4039025880e-01 
 791.000  9.8909604000e-01  1.4005667110e-01 
 792.000  9.7440055000e-01  1.3816728210e-01 
 793.000  9.7572117000e-01  1.3883409120e-01 
 794.000  9.7057891000e-01  1.3913665770e-01 
 795.000  9.6230415000e-01  1.3730014040e-01 
 796.000  9.7057543000e-01  1.3693678280e-01 
 797.000  9.7898399000e-01  1.3859664920e-01 
 798.000  9.8462864000e-01  1.4042729190e-01 
 799.000  9.8263917000e-01  1.3990119930e-01 
 800.000  9.5331258000e-01  1.3501016240e-01 
 801.000  9.7153536000e-01  1.3768995670e-01 
 802.000  9.6918922000e-01  1.3727905270e-01 
 803.000  9.5588995000e-01  1.3552221680e-01 
 804.000  9.6625599000e-01  1.3736865230e-01 
 805.000  9.4306971000e-01  1.3474682620e-01 
 806.000  9.7058577000e-01  1.3907949830e-01 
 807.000  9.6466156000e-01  1.3827598570e-01 
 808.000  9.5780793000e-01  1.3705909730e-01 
 809.000  9.4012410000e-01  1.3425756840e-01 
 810.000  9.3428828000e-01  1.3312374880e-01 
 811.000  9.4586715000e-01  1.3419935610e-01 
 812.000  9.3803817000e-01  1.3227569580e-01 
 813.000  9.2817144000e-01  1.2991658020e-01 
 814.000  9.1904957000e-01  1.2746219640e-01 
 815.000  8.9925690000e-01  1.2329367070e-01 
 816.000  8.7820363000e-01  1.1868972780e-01 
 817.000  8.8424436000e-01  1.1958904270e-01 
 818.000  8.7993458000e-01  1.1911835480e-01 
 819.000  8.6039919000e-01  1.1706632230e-01 
 820.000  8.5794253000e-01  1.1861112210e-01 
 821.000  9.0316963000e-01  1.2716996770e-01 
 822.000  8.6526119000e-01  1.2011241910e-01 
 823.000  8.4117368000e-01  1.1243688960e-01 
 824.000  8.8450285000e-01  1.2207475280e-01 
 825.000  9.0230600000e-01  1.2726317600e-01 
 826.000  9.0463079000e-01  1.2712324520e-01 
 827.000  8.9924121000e-01  1.2601803590e-01 
 828.000  8.8485041000e-01  1.2228536220e-01 
 829.000  8.8890164000e-01  1.2345032500e-01 
 830.000  8.7969987000e-01  1.2287274170e-01 
 831.000  8.6533866000e-01  1.2103466800e-01 
 832.000  8.8347322000e-01  1.2365259550e-01 
 833.000  8.5866102000e-01  1.2062229920e-01 
 834.000  8.7444891000e-01  1.2333557130e-01 
 835.000  8.8183121000e-01  1.2531308750e-01 
 836.000  8.9024832000e-01  1.2625922390e-01 
 837.000  8.8264392000e-01  1.2514468380e-01 
 838.000  8.8844918000e-01  1.2646792600e-01 
 839.000  8.6220202000e-01  1.2301495360e-01 
 840.000  8.8579731000e-01  1.2647417450e-01 
 841.000  8.8657383000e-01  1.2626843260e-01 
 842.000  8.8233074000e-01  1.2594501500e-01 
 843.000  8.7929828000e-01  1.2624499510e-01 
 844.000  8.6600948000e-01  1.2466287990e-01 
 845.000  8.7972415000e-01  1.2679432680e-01 
 846.000  8.8813242000e-01  1.2819641110e-01 
 847.000  8.5811927000e-01  1.2406615450e-01 
 848.000  8.8234500000e-01  1.2727040860e-01 
 849.000  8.8406787000e-01  1.2759579470e-01 
 850.000  7.6392889000e-01  1.1010892490e-01 
 851.000  8.7461911000e-01  1.2588573460e-01 
 852.000  8.4148173000e-01  1.2116376500e-01 
 853.000  8.5201217000e-01  1.2292585750e-01 
 854.000  6.8492737000e-01  9.8828987120e-02 
 855.000  7.5428937000e-01  1.0898373410e-01 
 856.000  8.5654391000e-01  1.2401548770e-01 
 857.000  8.7045044000e-01  1.2619570160e-01 
 858.000  8.5660507000e-01  1.2424911500e-01 
 859.000  8.5669024000e-01  1.2440547180e-01 
 860.000  8.4912455000e-01  1.2339968870e-01 
 861.000  8.4901032000e-01  1.2339688870e-01 
 862.000  8.4623260000e-01  1.2301374050e-01 
 863.000  8.6239836000e-01  1.2541754150e-01 
 864.000  8.6067283000e-01  1.2514714050e-01 
 865.000  8.4463610000e-01  1.2289260860e-01 
 866.000  7.0847025000e-01  1.0311203000e-01 
 867.000  7.5442771000e-01  1.0973368070e-01 
 868.000  8.1819850000e-01  1.1905633540e-01 
 869.000  8.0670955000e-01  1.1739848330e-01 
 870.000  8.3996853000e-01  1.2228914640e-01 
 871.000  8.3877375000e-01  1.2210797880e-01 
 872.000  8.3539266000e-01  1.2155838780e-01 
 873.000  8.3872270000e-01  1.2208883670e-01 
 874.000  8.2032037000e-01  1.1938526150e-01 
 875.000  8.1276430000e-01  1.1834959410e-01 
 876.000  8.1949080000e-01  1.1928858950e-01 
 877.000  8.3580615000e-01  1.2161468510e-01 
 878.000  8.2137839000e-01  1.1948421480e-01 
 879.000  8.2327357000e-01  1.1978810880e-01 
 880.000  8.1844053000e-01  1.1896821590e-01 
 881.000  7.7586717000e-01  1.1277692410e-01 
 882.000  8.1867197000e-01  1.1890993500e-01 
 883.000  8.0000086000e-01  1.1630996700e-01 
 884.000  8.0679345000e-01  1.1740155030e-01 
 885.000  8.1499085000e-01  1.1831558990e-01 
 886.000  7.8816918000e-01  1.1428352360e-01 
 887.000  7.8014999000e-01  1.1325346370e-01 
 888.000  8.0348961000e-01  1.1658034520e-01 
 889.000  8.0893313000e-01  1.1752463530e-01 
 890.000  8.0627188000e-01  1.1701726530e-01 
 891.000  8.0145489000e-01  1.1604132080e-01 
 892.000  7.9711212000e-01  1.1491169740e-01 
 893.000  7.6101432000e-01  1.0821105960e-01 
 894.000  7.8316270000e-01  1.1065985110e-01 
 895.000  7.3318528000e-01  1.0169275670e-01 
 896.000  7.4723293000e-01  1.0183165740e-01 
 897.000  7.1458425000e-01  9.5705131530e-02 
 898.000  7.0851699000e-01  9.4074180600e-02 
 899.000  6.8707105000e-01  8.9133949280e-02 
 900.000  6.7287330000e-01  8.7537559510e-02 
 901.000  6.5326396000e-01  8.4501487730e-02 
 902.000  6.4208090000e-01  8.3180007930e-02 
 903.000  7.0760037000e-01  9.5267745970e-02 
 904.000  7.4185378000e-01  1.0224861150e-01 
 905.000  7.3905705000e-01  1.0189940640e-01 
 906.000  7.0669385000e-01  9.6025550840e-02 
 907.000  6.9555514000e-01  9.2079650880e-02 
 908.000  6.6366363000e-01  8.6349700930e-02 
 909.000  6.5117692000e-01  8.4772911070e-02 
 910.000  6.6110418000e-01  8.6287101750e-02 
 911.000  6.6917906000e-01  8.8393974300e-02 
 912.000  6.6581389000e-01  8.7396545410e-02 
 913.000  6.6003641000e-01  8.4620445250e-02 
 914.000  6.6623211000e-01  8.6422058110e-02 
 915.000  6.6343373000e-01  8.6948272710e-02 
 916.000  6.7287133000e-01  8.8390571590e-02 
 917.000  6.6663693000e-01  8.8023872380e-02 
 918.000  6.6879588000e-01  8.8903404240e-02 
 919.000  6.9670543000e-01  9.4831466670e-02 
 920.000  7.0424472000e-01  9.7410491940e-02 
 921.000  6.8572547000e-01  9.4498672490e-02 
 922.000  6.7929625000e-01  9.3620887760e-02 
 923.000  6.4711839000e-01  8.8641571040e-02 
 924.000  6.6522656000e-01  9.0197418210e-02 
 925.000  6.7331068000e-01  9.1153732300e-02 
 926.000  6.4914895000e-01  8.7734329220e-02 
 927.000  6.6244439000e-01  8.8375221250e-02 
 928.000  6.4955550000e-01  8.4763793950e-02 
 929.000  6.1609105000e-01  7.7864997860e-02 
 930.000  5.8302278000e-01  7.0446128850e-02 
 931.000  5.4672192000e-01  6.2175777440e-02 
 932.000  4.9377883000e-01  5.1431015010e-02 
 933.000  4.5795421000e-01  4.4779548650e-02 
 934.000  4.1471138000e-01  3.7927688600e-02 
 935.000  4.0450014000e-01  3.6678989410e-02 
 936.000  4.1717508000e-01  3.8821834560e-02 
 937.000  4.2230206000e-01  3.9086044310e-02 
 938.000  4.6048983000e-01  4.5925735470e-02 
 939.000  5.7055704000e-01  6.7976493840e-02 
 940.000  5.8251901000e-01  7.0895492550e-02 
 941.000  5.5651162000e-01  6.6581375120e-02 
 942.000  5.0479695000e-01  5.7360073090e-02 
 943.000  4.7680530000e-01  4.9273052220e-02 
 944.000  4.5996302000e-01  4.7194484710e-02 
 945.000  4.8423580000e-01  5.1351745610e-02 
 946.000  4.9179891000e-01  5.2280845640e-02 
 947.000  5.0611949000e-01  5.5525638580e-02 
 948.000  5.1927764000e-01  5.8027126310e-02 
 949.000  5.1945894000e-01  5.7943580630e-02 
 950.000  5.1855996000e-01  5.8123123170e-02 
 951.000  5.3770461000e-01  6.2693145750e-02 
 952.000  5.1363257000e-01  5.7479400630e-02 
 953.000  5.2879286000e-01  6.0999271390e-02 
 954.000  5.4104310000e-01  6.4350708010e-02 
 955.000  4.9195301000e-01  5.7171943660e-02 
 956.000  5.2137030000e-01  6.0324581150e-02 
 957.000  5.6460879000e-01  7.0060577390e-02 
 958.000  5.7439119000e-01  7.1873649600e-02 
 959.000  5.6927764000e-01  7.0610252380e-02 
 960.000  5.6172143000e-01  6.9514144900e-02 
 961.000  5.5205669000e-01  6.8007080080e-02 
 962.000  5.5798177000e-01  6.9096427920e-02 
 963.000  5.8000229000e-01  7.4119606020e-02 
 964.000  5.7656861000e-01  7.4027320860e-02 
 965.000  5.8134295000e-01  7.4473869320e-02 
 966.000  5.6569078000e-01  7.2625061040e-02 
 967.000  5.9875592000e-01  7.8516143800e-02 
 968.000  6.1862500000e-01  8.3985092160e-02 
 969.000  6.3425234000e-01  8.7477111820e-02 
 970.000  6.3658037000e-01  8.7894973750e-02 
 971.000  6.3063558000e-01  8.7058006290e-02 
 972.000  6.3179062000e-01  8.6843063350e-02 
 973.000  6.1809171000e-01  8.4115318300e-02 
 974.000  5.9925479000e-01  8.0571395870e-02 
 975.000  5.9617611000e-01  7.9540817260e-02 
 976.000  6.1090039000e-01  8.2307014470e-02 
 977.000  6.0738326000e-01  8.3156890870e-02 
 978.000  6.2135255000e-01  8.4987052920e-02 
 979.000  6.0631580000e-01  8.3301414490e-02 
 980.000  6.2712334000e-01  8.7602272030e-02 
 981.000  6.3411824000e-01  8.8926750180e-02 
 982.000  6.2998179000e-01  8.8045722960e-02 
 983.000  6.3451600000e-01  8.9460388180e-02 
 984.000  6.3667107000e-01  9.0587783810e-02 
 985.000  6.3999275000e-01  9.1547531130e-02 
 986.000  6.3943467000e-01  9.2104606630e-02 
 987.000  6.4880800000e-01  9.3745658870e-02 
 988.000  6.4116862000e-01  9.2720939640e-02 
 989.000  6.3329098000e-01  9.1634262080e-02 
 990.000  6.3915500000e-01  9.2560699460e-02 
 991.000  6.4608926000e-01  9.3821922300e-02 
 992.000  6.4057712000e-01  9.3102691650e-02 
 993.000  6.4070629000e-01  9.3159873960e-02 
 994.000  6.4543040000e-01  9.4076812740e-02 
 995.000  6.4171057000e-01  9.3702819820e-02 
 996.000  6.4156791000e-01  9.3692443850e-02 
 997.000  6.4158069000e-01  9.3606811520e-02 
 998.000  6.3845980000e-01  9.3055023190e-02 
 999.000  6.3658483000e-01  9.2752502440e-02 
1000.000  6.3172346000e-01  9.2088439940e-02 
1001.000  6.3372827000e-01  9.2168487550e-02 
1002.000  6.3038264000e-01  9.1336975100e-02 
1003.000  6.2355912000e-01  9.0450828550e-02 
1004.000  6.1966691000e-01  9.0108428960e-02 
1005.000  5.7950182000e-01  8.4370346070e-02 
1006.000  6.0994141000e-01  8.8852813720e-02 
1007.000  6.2061200000e-01  9.0356124880e-02 
1008.000  6.2136723000e-01  9.0192749020e-02 
1009.000  6.1506647000e-01  8.8919113160e-02 
1010.000  6.1846059000e-01  8.9597068790e-02 
1011.000  6.1775543000e-01  8.9914978030e-02 
1012.000  6.1892992000e-01  9.0256820680e-02 
1013.000  6.1521246000e-01  8.9852981570e-02 
1014.000  6.1945764000e-01  9.0553375240e-02 
1015.000  6.0806567000e-01  8.8926445010e-02 
1016.000  6.1228748000e-01  8.9628936770e-02 
1017.000  6.0635932000e-01  8.8816345210e-02 
1018.000  6.1391293000e-01  8.9886032100e-02 
1019.000  5.9910363000e-01  8.7603546140e-02 
1020.000  5.9810499000e-01  8.7507637020e-02 
1021.000  6.0460039000e-01  8.8548851010e-02 
1022.000  5.9459989000e-01  8.6903190610e-02 
1023.000  6.0523302000e-01  8.8302955630e-02 
1024.000  6.0168505000e-01  8.7690467830e-02 
1025.000  6.0283753000e-01  8.8107460020e-02 
1026.000  6.0411930000e-01  8.8421447750e-02 
1027.000  6.0021985000e-01  8.7835945130e-02 
1028.000  6.0182968000e-01  8.8147453310e-02 
1029.000  5.9317024000e-01  8.7025077820e-02 
1030.000  5.9964901000e-01  8.8119987490e-02 
1031.000  5.9800646000e-01  8.7975021360e-02 
1032.000  5.9609171000e-01  8.7769973750e-02 
1033.000  5.8514969000e-01  8.6181533810e-02 
1034.000  5.9086447000e-01  8.7059463500e-02 
1035.000  5.8314521000e-01  8.5934310910e-02 
1036.000  5.9278073000e-01  8.7378868100e-02 
1037.000  5.8029527000e-01  8.5556884770e-02 
1038.000  5.8603156000e-01  8.6419013980e-02 
1039.000  5.8841692000e-01  8.6767395020e-02 
1040.000  5.8144554000e-01  8.5739936830e-02 
1041.000  5.8447012000e-01  8.6183876040e-02 
1042.000  5.8619773000e-01  8.6442260740e-02 
1043.000  5.7607468000e-01  8.4956092830e-02 
1044.000  5.8179730000e-01  8.5801094060e-02 
1045.000  5.7924696000e-01  8.5435142520e-02 
1046.000  5.6239138000e-01  8.2970252990e-02 
1047.000  5.7270369000e-01  8.4511352540e-02 
1048.000  5.7837593000e-01  8.5374855040e-02 
1049.000  5.7465550000e-01  8.4859367370e-02 
1050.000  5.7223405000e-01  8.4508323670e-02 
1051.000  5.7120795000e-01  8.4327919010e-02 
1052.000  5.6850971000e-01  8.3912323000e-02 
1053.000  5.6708764000e-01  8.3696746830e-02 
1054.000  5.6285910000e-01  8.3004852290e-02 
1055.000  5.6694935000e-01  8.3605453490e-02 
1056.000  5.6541563000e-01  8.3354248050e-02 
1057.000  5.6434342000e-01  8.3126380920e-02 
1058.000  5.5827031000e-01  8.2096336360e-02 
1059.000  5.4072218000e-01  7.9551124570e-02 
1060.000  5.6028649000e-01  8.2538696290e-02 
1061.000  5.4062784000e-01  7.9647193910e-02 
1062.000  5.5552288000e-01  8.1769462590e-02 
1063.000  5.4611131000e-01  8.0372848510e-02 
1064.000  5.5284424000e-01  8.1288604740e-02 
1065.000  5.5200461000e-01  8.1053497310e-02 
1066.000  5.3509548000e-01  7.8573951720e-02 
1067.000  5.4772233000e-01  8.0377647400e-02 
1068.000  5.4497420000e-01  7.9765884400e-02 
1069.000  5.0364910000e-01  7.3600288390e-02 
1070.000  5.3360044000e-01  7.8005203250e-02 
1071.000  5.3406771000e-01  7.7953666690e-02 
1072.000  5.3545251000e-01  7.8040023800e-02 
1073.000  5.1775603000e-01  7.5445228580e-02 
1074.000  5.3596179000e-01  7.8124473570e-02 
1075.000  5.1990964000e-01  7.5967170720e-02 
1076.000  5.3093849000e-01  7.7466285710e-02 
1077.000  5.2924591000e-01  7.7072113040e-02 
1078.000  5.3000943000e-01  7.7011970520e-02 
1079.000  5.0951453000e-01  7.4013122560e-02 
1080.000  5.2295025000e-01  7.5515670780e-02 
1081.000  5.0362099000e-01  7.2698951720e-02 
1082.000  5.1076912000e-01  7.3908172610e-02 
1083.000  4.9611663000e-01  7.1544723510e-02 
1084.000  5.1403581000e-01  7.3859741210e-02 
1085.000  5.0480135000e-01  7.1937995910e-02 
1086.000  5.1199725000e-01  7.3085128780e-02 
1087.000  4.8324320000e-01  6.9585296630e-02 
1088.000  5.1261866000e-01  7.3862922670e-02 
1089.000  4.8977842000e-01  6.9833351140e-02 
1090.000  4.9977408000e-01  7.1132736210e-02 
1091.000  5.0368788000e-01  7.1852706910e-02 
1092.000  4.9031649000e-01  6.9590332030e-02 
1093.000  4.8042408000e-01  6.7407043460e-02 
1094.000  4.3559470000e-01  6.0800052640e-02 
1095.000  4.7177702000e-01  6.5888290410e-02 
1096.000  4.7310261000e-01  6.6128044130e-02 
1097.000  4.6303531000e-01  6.4521522520e-02 
1098.000  4.4569559300e-01  6.0373645780e-02 
1099.000  4.3537259100e-01  5.7560009000e-02 
1100.000  4.4366647600e-01  5.8750602720e-02 
1101.000  4.4432585600e-01  5.9027076720e-02 
1102.000  4.2515600200e-01  5.6375015260e-02 
1103.000  4.4311088500e-01  5.8872348790e-02 
1104.000  4.3790829600e-01  5.7934352870e-02 
1105.000  4.3215107800e-01  5.6576782230e-02 
1106.000  4.2332428900e-01  5.4850360870e-02 
1107.000  4.2415958100e-01  5.5072105410e-02 
1108.000  4.2382676600e-01  5.5089855190e-02 
1109.000  4.3032625100e-01  5.6367404940e-02 
1110.000  4.3208372900e-01  5.6453235630e-02 
1111.000  4.2410811400e-01  5.5096149440e-02 
1112.000  4.0773532300e-01  5.1744499210e-02 
1113.000  3.8901285400e-01  4.7566345210e-02 
1114.000  3.8880343300e-01  4.6900577550e-02 
1115.000  3.6318246500e-01  4.1396743770e-02 
1116.000  3.4500850500e-01  3.7900440220e-02 
1117.000  3.1600496900e-01  3.1994787220e-02 
1118.000  2.8204770500e-01  2.6373695370e-02 
1119.000  2.5819775800e-01  2.2984069820e-02 
1120.000  2.3802839800e-01  1.9878141400e-02 
1121.000  2.3494396500e-01  1.9304620740e-02 
1122.000  2.1117371100e-01  1.6083776470e-02 
1123.000  2.2502678300e-01  1.7815793990e-02 
1124.000  2.3398185800e-01  1.8973516460e-02 
1125.000  2.2482392600e-01  1.7986457820e-02 
1126.000  2.1877538800e-01  1.7416481020e-02 
1127.000  2.2794440300e-01  1.8284044270e-02 
1128.000  2.2716141800e-01  1.8479198460e-02 
1129.000  2.4997948400e-01  2.1682964320e-02 
1130.000  2.9879012900e-01  2.9276338580e-02 
1131.000  3.1573171600e-01  3.1986417770e-02 
1132.000  2.9776114500e-01  2.8776969910e-02 
1133.000  2.5553607200e-01  2.2661327360e-02 
1134.000  1.8687996300e-01  1.3375531200e-02 
1135.000  1.9453092800e-01  1.4233037950e-02 
1136.000  2.6169523600e-01  2.3586126330e-02 
1137.000  2.9996221900e-01  2.9460817340e-02 
1138.000  3.2047357800e-01  3.4192321780e-02 
1139.000  3.3651288000e-01  3.6941028590e-02 
1140.000  3.3149193400e-01  3.5824432370e-02 
1141.000  3.0993083900e-01  3.2511474610e-02 
1142.000  3.1406871800e-01  3.2569351200e-02 
1143.000  2.9515769800e-01  2.9567167280e-02 
1144.000  2.7787666300e-01  2.6789276120e-02 
1145.000  2.5700823500e-01  2.3365135190e-02 
1146.000  2.6501986100e-01  2.4435047150e-02 
1147.000  2.8412540000e-01  2.7401426320e-02 
1148.000  2.9674230500e-01  2.9738424300e-02 
1149.000  3.0366964200e-01  3.0918291090e-02 
1150.000  3.0241933800e-01  3.0887853620e-02 
1151.000  3.1028164900e-01  3.2497379300e-02 
1152.000  3.1392164400e-01  3.3279998780e-02 
1153.000  3.1961055100e-01  3.4476654050e-02 
1154.000  3.1985765100e-01  3.4389034270e-02 
1155.000  3.3269096900e-01  3.6986434940e-02 
1156.000  3.4114863700e-01  3.9302253720e-02 
1157.000  3.7057125300e-01  4.5530826570e-02 
1158.000  3.8094530100e-01  4.7910934450e-02 
1159.000  3.8416699100e-01  4.9245643620e-02 
1160.000  3.8275653700e-01  4.9455139160e-02 
1161.000  3.8328515400e-01  5.0415805820e-02 
1162.000  4.0360785300e-01  5.3828495030e-02 
1163.000  4.1317661300e-01  5.5998146060e-02 
1164.000  4.0661313600e-01  5.5301940920e-02 
1165.000  4.1496430800e-01  5.6560459140e-02 
1166.000  4.0575904500e-01  5.5520744320e-02 
1167.000  4.1330454500e-01  5.6689216610e-02 
1168.000  4.1651626000e-01  5.7090866090e-02 
1169.000  4.0318084200e-01  5.5398574830e-02 
1170.000  4.1503382000e-01  5.7150901790e-02 
1171.000  4.1970893600e-01  5.8107418060e-02 
1172.000  4.1675751100e-01  5.7527603150e-02 
1173.000  4.1225308400e-01  5.6744003300e-02 
1174.000  4.1255483900e-01  5.6801475520e-02 
1175.000  4.1200603600e-01  5.7197654720e-02 
1176.000  4.0589086700e-01  5.6782196040e-02 
1177.000  4.1656599200e-01  5.8070384980e-02 
1178.000  4.0578322400e-01  5.6158477780e-02 
1179.000  4.0397320800e-01  5.5913974760e-02 
1180.000  4.0828381000e-01  5.6366668700e-02 
1181.000  4.0266614600e-01  5.5217651370e-02 
1182.000  3.9965870000e-01  5.4441478730e-02 
1183.000  3.7686095800e-01  5.1380233760e-02 
1184.000  3.9583588800e-01  5.4177391050e-02 
1185.000  4.0598910900e-01  5.6099002840e-02 
1186.000  4.0212332800e-01  5.5411746980e-02 
1187.000  3.9725879400e-01  5.4222827910e-02 
1188.000  3.9406853600e-01  5.3672451020e-02 
1189.000  3.7393972700e-01  5.1235343930e-02 
1190.000  4.0006816000e-01  5.5652259830e-02 
1191.000  4.0863046900e-01  5.7102272030e-02 
1192.000  4.0970550200e-01  5.7630157470e-02 
1193.000  4.0914906800e-01  5.7465755460e-02 
1194.000  4.0786450800e-01  5.7237800600e-02 
1195.000  4.0005808400e-01  5.5790176390e-02 
1196.000  4.0024819100e-01  5.5875911710e-02 
1197.000  3.9857053400e-01  5.5476139070e-02 
1198.000  3.8483995100e-01  5.3535446170e-02 
1199.000  3.6869838700e-01  5.1097389220e-02 
1200.000  3.9305054600e-01  5.4601169590e-02 
1201.000  3.9630637600e-01  5.5120296480e-02 
1202.000  3.9721958300e-01  5.5345378880e-02 
1203.000  3.7678031400e-01  5.2439182280e-02 
1204.000  3.8363696400e-01  5.3508716580e-02 
1205.000  3.9783417800e-01  5.6093952180e-02 
1206.000  3.9788415700e-01  5.6377647400e-02 
1207.000  4.0156630200e-01  5.7013195040e-02 
1208.000  3.9499351700e-01  5.5987609860e-02 
1209.000  3.6918164100e-01  5.2190349580e-02 
1210.000  3.9301828600e-01  5.5307155610e-02 
1211.000  3.7960200100e-01  5.3389041900e-02 
1212.000  3.9204327000e-01  5.5207645420e-02 
1213.000  3.9564273200e-01  5.5961788180e-02 
1214.000  3.9357697500e-01  5.5642093660e-02 
1215.000  3.9565809300e-01  5.6036991120e-02 
1216.000  3.9743047300e-01  5.6684692380e-02 
1217.000  3.9904671600e-01  5.7265438080e-02 
1218.000  3.9862605200e-01  5.7381599430e-02 
1219.000  3.9539493900e-01  5.7027671810e-02 
1220.000  3.9813159600e-01  5.7430522920e-02 
1221.000  3.9765728400e-01  5.7393676760e-02 
1222.000  3.9563832400e-01  5.7112518310e-02 
1223.000  3.9397185300e-01  5.6917881010e-02 
1224.000  3.9850579000e-01  5.7783035280e-02 
1225.000  3.9662776500e-01  5.7565418240e-02 
1226.000  3.9843217600e-01  5.7903251650e-02 
1227.000  3.8559612200e-01  5.6151802060e-02 
1228.000  3.9846684100e-01  5.8173187260e-02 
1229.000  3.9861926400e-01  5.8311019900e-02 
1230.000  3.9792236900e-01  5.8340572360e-02 
1231.000  3.9829232900e-01  5.8475868230e-02 
1232.000  3.9393690400e-01  5.7875648500e-02 
1233.000  3.9712185900e-01  5.8373626710e-02 
1234.000  3.9679375000e-01  5.8491962430e-02 
1235.000  3.9434599700e-01  5.8196975710e-02 
1236.000  3.9684545100e-01  5.8615505220e-02 
1237.000  3.9709843500e-01  5.8715728760e-02 
1238.000  3.9694206600e-01  5.8724849700e-02 
1239.000  3.9246408400e-01  5.8086303710e-02 
1240.000  3.9068703500e-01  5.7851398470e-02 
1241.000  3.9409697200e-01  5.8371959690e-02 
1242.000  3.9169952000e-01  5.8027511600e-02 
1243.000  3.8724125900e-01  5.7379917140e-02 
1244.000  3.8359752200e-01  5.6835540770e-02 
1245.000  3.9007571500e-01  5.7799533840e-02 
1246.000  3.8691439000e-01  5.7310386660e-02 
1247.000  3.8482846200e-01  5.6976528170e-02 
1248.000  3.8763846700e-01  5.7371353150e-02 
1249.000  3.8613186900e-01  5.7141166690e-02 
1250.000  3.8445096100e-01  5.6871650700e-02 
1251.000  3.8161897200e-01  5.6435340880e-02 
1252.000  3.8017834600e-01  5.6185657500e-02 
1253.000  3.7672126700e-01  5.5633258820e-02 
1254.000  3.7707503600e-01  5.5594322200e-02 
1255.000  3.7598712700e-01  5.5379753110e-02 
1256.000  3.7478834100e-01  5.5163517000e-02 
1257.000  3.6993776300e-01  5.4382022860e-02 
1258.000  3.7001214300e-01  5.4246330260e-02 
1259.000  3.6477247100e-01  5.3364021300e-02 
1260.000  3.6390115900e-01  5.3103813170e-02 
1261.000  3.6168059400e-01  5.2641166690e-02 
1262.000  3.5063911900e-01  5.0794601440e-02 
1263.000  3.5361572900e-01  5.1162395480e-02 
1264.000  3.4727210200e-01  5.0214351650e-02 
1265.000  3.4759407200e-01  5.0251911160e-02 
1266.000  3.4845121800e-01  5.0287410740e-02 
1267.000  3.4037278100e-01  4.9034667970e-02 
1268.000  3.3528312900e-01  4.8223083500e-02 
1269.000  3.3763573700e-01  4.8528015140e-02 
1270.000  3.4582136700e-01  4.9921310420e-02 
1271.000  3.4974380000e-01  5.0570720670e-02 
1272.000  3.5033008000e-01  5.0749919890e-02 
1273.000  3.5149387900e-01  5.1037860870e-02 
1274.000  3.5119636100e-01  5.1145515440e-02 
1275.000  3.5413907100e-01  5.1623111720e-02 
1276.000  3.5522484700e-01  5.1788570400e-02 
1277.000  3.5526530200e-01  5.1766319270e-02 
1278.000  3.5457749100e-01  5.1622856140e-02 
1279.000  3.5255387200e-01  5.1331638340e-02 
1280.000  3.5145604100e-01  5.1280971530e-02 
1281.000  3.4237748700e-01  5.0055400850e-02 
1282.000  3.0480189800e-01  4.4650131230e-02 
1283.000  3.3503239400e-01  4.9114238740e-02 
1284.000  3.4891970900e-01  5.1144809720e-02 
1285.000  3.5176406200e-01  5.1576976780e-02 
1286.000  3.5121731300e-01  5.1416210170e-02 
1287.000  3.5248542400e-01  5.1466178890e-02 
1288.000  3.4698991800e-01  5.0218616490e-02 
1289.000  3.4804107700e-01  5.0225177760e-02 
1290.000  3.3991919400e-01  4.9022403720e-02 
1291.000  3.4515635500e-01  4.9814456940e-02 
1292.000  3.4802992700e-01  5.0368843080e-02 
1293.000  3.4846936700e-01  5.0415855410e-02 
1294.000  3.4152306400e-01  4.9191024780e-02 
1295.000  3.4286709400e-01  4.9066696170e-02 
1296.000  3.4067235400e-01  4.8430587770e-02 
1297.000  3.3657227900e-01  4.7596076970e-02 
1298.000  3.3338055700e-01  4.7103233340e-02 
1299.000  3.3660545200e-01  4.7518459320e-02 
1300.000  3.3491498300e-01  4.7232238770e-02 
1301.000  3.3393449000e-01  4.7007999420e-02 
1302.000  3.2824877200e-01  4.6011730190e-02 
1303.000  3.2226930000e-01  4.4670600890e-02 
1304.000  3.2090048200e-01  4.4262157440e-02 
1305.000  3.2214864100e-01  4.4332973480e-02 
1306.000  3.2193231800e-01  4.4200191500e-02 
1307.000  3.1991719400e-01  4.3795974730e-02 
1308.000  3.1694122300e-01  4.3073181150e-02 
1309.000  3.1300670000e-01  4.2132057190e-02 
1310.000  3.1128120000e-01  4.1849628450e-02 
1311.000  3.1042893900e-01  4.1721546170e-02 
1312.000  3.0499745000e-01  4.0551151280e-02 
1313.000  2.8888766200e-01  3.7925949100e-02 
1314.000  2.9340693800e-01  3.8089134220e-02 
1315.000  2.8563105600e-01  3.7258125310e-02 
1316.000  2.9561145300e-01  3.8840721130e-02 
1317.000  2.9861601800e-01  3.9209579470e-02 
1318.000  2.8922054100e-01  3.7464267730e-02 
1319.000  2.8557280500e-01  3.6292945860e-02 
1320.000  2.7485232100e-01  3.4096229550e-02 
1321.000  2.7031581400e-01  3.3174766540e-02 
1322.000  2.7538991600e-01  3.4320838930e-02 
1323.000  2.8228198500e-01  3.5706871030e-02 
1324.000  2.8554822000e-01  3.6385356900e-02 
1325.000  2.8316278600e-01  3.5876483920e-02 
1326.000  2.7607769200e-01  3.4444137570e-02 
1327.000  2.6153833600e-01  3.1383913040e-02 
1328.000  2.4839737000e-01  2.8338201520e-02 
1329.000  2.1429546900e-01  2.2257480620e-02 
1330.000  2.0824318900e-01  2.0885868070e-02 
1331.000  2.0275384800e-01  1.9870660780e-02 
1332.000  2.0055936700e-01  1.9768699650e-02 
1333.000  2.1157640800e-01  2.1253273010e-02 
1334.000  2.2000154200e-01  2.2666213990e-02 
1335.000  2.2594963700e-01  2.3711296080e-02 
1336.000  2.2584464200e-01  2.3849304200e-02 
1337.000  2.2840082900e-01  2.4179086690e-02 
1338.000  2.3215762900e-01  2.4914442060e-02 
1339.000  2.3267182000e-01  2.5096931460e-02 
1340.000  2.3429533900e-01  2.5572223660e-02 
1341.000  2.3825106700e-01  2.5769939420e-02 
1342.000  2.3815327600e-01  2.5767044070e-02 
1343.000  2.2910889000e-01  2.3575023650e-02 
1344.000  2.1524346700e-01  2.0872383120e-02 
1345.000  1.7807437300e-01  1.4920402530e-02 
1346.000  1.5189161200e-01  1.1162081720e-02 
1347.000  1.3472089200e-01  9.0804491040e-03 
1348.000  1.1168461100e-01  6.3169469830e-03 
1349.000  1.0157970740e-01  5.3446545600e-03 
1350.000  7.9123774200e-02  3.2925925250e-03 
1351.000  6.8307385600e-02  2.5405836110e-03 
1352.000  5.2246390300e-02  1.5059269670e-03 
1353.000  3.7031594300e-02  8.2627272610e-04 
1354.000  2.9610106200e-02  5.5252474550e-04 
1355.000  2.2989719500e-02  3.5465812680e-04 
1356.000  1.7384977700e-02  2.1619418260e-04 
1357.000  1.1883099710e-02  1.0921692100e-04 
1358.000  8.7943141400e-03  6.6807284950e-05 
1359.000  4.6371932800e-03  2.2765772420e-05 
1360.000  3.0667207900e-03  1.1992136950e-05 
1361.000  2.2822911100e-03  7.1506742390e-06 
1362.000  2.1000793400e-03  6.2927468680e-06 
1363.000  3.0298733600e-03  1.0971058160e-05 
1364.000  3.5132279600e-03  1.3733367440e-05 
1365.000  3.6785399200e-03  1.4492743650e-05 
1366.000  4.2481010300e-03  1.8095992510e-05 
1367.000  3.5684728100e-03  1.4187700120e-05 
1368.000  3.1641459100e-03  1.2268892490e-05 
1369.000  3.2446903800e-03  1.2908544390e-05 
1370.000  5.3662074000e-03  2.9886148870e-05 
1371.000  9.5567549200e-03  7.4698887770e-05 
1372.000  1.7696207900e-02  2.0595298710e-04 
1373.000  2.5103555200e-02  3.6308377980e-04 
1374.000  3.0483591900e-02  5.0206232070e-04 
1375.000  3.2500871300e-02  5.6366252900e-04 
1376.000  3.0145894400e-02  5.0011461970e-04 
1377.000  2.6837329300e-02  4.0890666840e-04 
1378.000  2.0455616500e-02  2.6107630130e-04 
1379.000  1.4046727740e-02  1.4121298490e-04 
1380.000  7.9669037000e-03  5.6557316330e-05 
1381.000  4.6085499800e-03  2.3651322350e-05 
1382.000  3.2226958600e-03  1.3374407780e-05 
1383.000  3.1180847100e-03  1.2501927090e-05 
1384.000  5.0718395900e-03  2.6921996850e-05 
1385.000  7.2001226900e-03  4.7132145610e-05 
1386.000  1.0997441500e-02  9.2806153000e-05 
1387.000  2.0206297100e-02  2.5470423700e-04 
1388.000  2.6781634000e-02  3.9965260030e-04 
1389.000  3.0764014500e-02  5.0917613510e-04 
1390.000  3.1403347700e-02  5.3232240680e-04 
1391.000  2.9315395100e-02  4.7381398080e-04 
1392.000  2.2163685600e-02  3.0012243990e-04 
1393.000  1.6942387900e-02  1.9597285990e-04 
1394.000  1.2979802270e-02  1.2810361390e-04 
1395.000  1.4631336200e-02  1.5526722370e-04 
1396.000  2.0077427700e-02  2.5647017360e-04 
1397.000  2.5909803000e-02  3.9003780480e-04 
1398.000  2.6682605700e-02  4.0785425900e-04 
1399.000  2.4913648800e-02  3.7003904580e-04 
1400.000  2.3296377000e-02  3.3643752340e-04 
1401.000  2.4765244300e-02  3.7748098370e-04 
1402.000  3.0702204700e-02  5.2673321960e-04 
1403.000  3.5348615500e-02  6.8283545970e-04 
1404.000  3.3248522700e-02  6.1481195690e-04 
1405.000  3.4827092700e-02  6.7951291800e-04 
1406.000  3.2294497200e-02  5.9514272210e-04 
1407.000  3.3492602100e-02  6.4964413640e-04 
1408.000  4.0143264900e-02  8.7093746660e-04 
1409.000  4.7057095800e-02  1.1525810960e-03 
1410.000  5.7715217200e-02  1.6168345210e-03 
1411.000  6.8650232100e-02  2.2206404210e-03 
1412.000  6.6323992300e-02  2.1431632040e-03 
1413.000  7.3149326600e-02  2.5619702340e-03 
1414.000  7.2120224000e-02  2.4611873630e-03 
1415.000  7.9728217100e-02  2.9945313930e-03 
1416.000  8.5662565300e-02  3.3870708940e-03 
1417.000  8.7868221700e-02  3.5688817500e-03 
1418.000  8.8651315000e-02  3.6046302320e-03 
1419.000  8.8466813600e-02  3.6594789030e-03 
1420.000  9.0568043600e-02  3.8002884390e-03 
1421.000  1.0186276740e-01  4.6577243800e-03 
1422.000  1.0428636740e-01  4.9207639690e-03 
1423.000  1.0544954890e-01  5.0685815810e-03 
1424.000  1.0509117670e-01  5.0227422710e-03 
1425.000  1.0389789890e-01  4.8732371330e-03 
1426.000  1.0017210910e-01  4.7034268380e-03 
1427.000  1.0610278490e-01  5.1463909150e-03 
1428.000  1.1206539530e-01  5.5590815540e-03 
1429.000  1.1366740440e-01  5.8037533760e-03 
1430.000  1.1090324740e-01  5.6630053520e-03 
1431.000  1.0331923670e-01  5.0568661690e-03 
1432.000  1.0102430860e-01  4.8119807240e-03 
1433.000  1.0073956500e-01  4.7850737570e-03 
1434.000  9.6087430300e-02  4.4636697770e-03 
1435.000  1.0315893860e-01  5.0013985630e-03 
1436.000  1.0572803980e-01  5.2161350250e-03 
1437.000  1.0741342400e-01  5.3467025760e-03 
1438.000  1.1387717300e-01  5.9139466290e-03 
1439.000  1.1597884120e-01  6.0449271200e-03 
1440.000  1.1120577550e-01  5.8703498840e-03 
1441.000  1.1811302540e-01  6.2791838650e-03 
1442.000  1.1329729260e-01  5.9428491590e-03 
1443.000  1.1533362530e-01  6.0634775160e-03 
1444.000  1.1793397530e-01  6.2740969660e-03 
1445.000  1.1817018650e-01  6.3094930650e-03 
1446.000  1.2368758180e-01  6.7644090650e-03 
1447.000  1.2706852300e-01  7.0991849900e-03 
1448.000  1.2851678500e-01  7.2096772190e-03 
1449.000  1.2599318400e-01  6.9756054880e-03 
1450.000  1.2047980560e-01  6.5289788250e-03 
1451.000  1.2182884580e-01  6.6828904150e-03 
1452.000  1.2716198800e-01  7.2733387950e-03 
1453.000  1.4169829800e-01  8.5902175900e-03 
1454.000  1.5419161700e-01  9.8911142350e-03 
1455.000  1.6016735700e-01  1.0628793720e-02 
1456.000  1.6727414300e-01  1.1470790860e-02 
1457.000  1.6996437100e-01  1.1716260910e-02 
1458.000  1.7328962000e-01  1.2029898640e-02 
1459.000  1.6841959800e-01  1.1447834010e-02 
1460.000  1.6074107800e-01  1.0727006910e-02 
1461.000  1.5765722300e-01  1.0429824830e-02 
1462.000  1.4916667200e-01  9.5947752000e-03 
1463.000  1.4817761800e-01  9.5556583400e-03 
1464.000  1.4626308700e-01  9.3665828700e-03 
1465.000  1.4301742000e-01  8.9691343310e-03 
1466.000  1.3328773200e-01  8.1340513230e-03 
1467.000  1.3232034100e-01  7.9182024000e-03 
1468.000  1.2417741750e-01  7.2654132840e-03 
1469.000  1.1779540710e-01  6.6201639180e-03 
1470.000  1.1438378350e-01  6.3431687360e-03 
1471.000  1.2138560870e-01  7.1140508650e-03 
1472.000  1.3366765800e-01  8.3421478270e-03 
1473.000  1.5021879300e-01  1.0096235280e-02 
1474.000  1.5745808000e-01  1.1165747640e-02 
1475.000  1.6025802400e-01  1.1407111170e-02 
1476.000  1.6051866600e-01  1.1470021250e-02 
1477.000  1.5707743700e-01  1.1103800770e-02 
1478.000  1.5093388900e-01  1.0559220310e-02 
1479.000  1.4793949500e-01  1.0176826480e-02 
1480.000  1.5102167500e-01  1.0577715870e-02 
1481.000  1.5384659600e-01  1.1057576180e-02 
1482.000  1.6079852400e-01  1.1890793800e-02 
1483.000  1.5901938700e-01  1.1881172180e-02 
1484.000  1.6005116200e-01  1.2022813800e-02 
1485.000  1.6235144800e-01  1.2203424450e-02 
1486.000  1.6372622200e-01  1.2618803020e-02 
1487.000  1.7375202000e-01  1.4019272800e-02 
1488.000  1.5226934700e-01  1.2382491110e-02 
1489.000  1.8686726800e-01  1.6106708530e-02 
1490.000  1.9770818000e-01  1.7896303180e-02 
1491.000  2.0477483400e-01  1.9037933350e-02 
1492.000  2.0106212000e-01  1.8851938250e-02 
1493.000  2.0849650600e-01  1.9889078140e-02 
1494.000  2.0819187300e-01  1.9984609600e-02 
1495.000  2.0991818500e-01  2.0501560210e-02 
1496.000  2.0955744800e-01  2.0955718990e-02 
1497.000  2.1466816500e-01  2.1594554900e-02 
1498.000  2.2175106400e-01  2.2763401030e-02 
1499.000  2.2274224600e-01  2.3307521820e-02 
1500.000  2.2961266700e-01  2.4391386030e-02 
1501.000  2.2830632500e-01  2.4255126950e-02 
1502.000  2.2462488800e-01  2.3817584990e-02 
1503.000  2.0066101700e-01  2.1268793110e-02 
1504.000  2.0999854600e-01  2.2417139050e-02 
1505.000  2.1262288600e-01  2.3028633120e-02 
1506.000  2.1555476000e-01  2.3443351750e-02 
1507.000  2.2837708500e-01  2.5165771480e-02 
1508.000  2.2636889400e-01  2.5161714550e-02 
1509.000  2.2889444700e-01  2.5674001690e-02 
1510.000  2.3299692300e-01  2.6276638030e-02 
1511.000  2.3514542900e-01  2.6697275160e-02 
1512.000  2.3145890100e-01  2.6415622710e-02 
1513.000  2.3136864500e-01  2.6515264510e-02 
1514.000  2.2820090700e-01  2.6226167680e-02 
1515.000  2.3350839400e-01  2.6983139040e-02 
1516.000  2.3160214900e-01  2.6852886200e-02 
1517.000  2.3098162600e-01  2.6911411290e-02 
1518.000  2.3670569000e-01  2.7784357070e-02 
1519.000  2.3492441700e-01  2.7802873610e-02 
1520.000  2.3852672500e-01  2.8516195300e-02 
1521.000  2.3513735800e-01  2.8287281040e-02 
1522.000  2.3377719100e-01  2.8188087460e-02 
1523.000  2.3980432300e-01  2.9016473770e-02 
1524.000  2.3772003300e-01  2.8792949680e-02 
1525.000  2.3198255000e-01  2.8118982320e-02 
1526.000  2.3861934200e-01  2.8986467360e-02 
1527.000  2.3650704900e-01  2.8832864760e-02 
1528.000  2.3860947900e-01  2.9214679720e-02 
1529.000  2.3786306400e-01  2.9172414780e-02 
1530.000  2.2300616300e-01  2.7460634230e-02 
1531.000  2.3865372600e-01  2.9492475510e-02 
1532.000  2.3751696600e-01  2.9462768550e-02 
1533.000  2.3655560200e-01  2.9428800580e-02 
1534.000  2.3307742300e-01  2.9075204850e-02 
1535.000  2.3406540500e-01  2.9279632570e-02 
1536.000  2.3719863600e-01  2.9739442830e-02 
1537.000  2.3813624500e-01  2.9955783840e-02 
1538.000  2.3180856400e-01  2.9261840820e-02 
1539.000  2.3682510900e-01  2.9993484500e-02 
1540.000  2.2827493400e-01  2.8988706590e-02 
1541.000  2.3308882600e-01  2.9660568240e-02 
1542.000  2.3447633900e-01  2.9887689590e-02 
1543.000  2.3383872400e-01  2.9870595930e-02 
1544.000  2.3684308000e-01  3.0328910830e-02 
1545.000  2.3775312400e-01  3.0538618090e-02 
1546.000  2.3797234300e-01  3.0658222200e-02 
1547.000  2.3566156800e-01  3.0444017410e-02 
1548.000  2.2870166500e-01  2.9617004390e-02 
1549.000  2.3456342000e-01  3.0433300020e-02 
1550.000  2.3324530800e-01  3.0313961030e-02 
1551.000  2.3201731800e-01  3.0191701890e-02 
1552.000  2.3597217300e-01  3.0744443890e-02 
1553.000  2.3473898500e-01  3.0632314680e-02 
1554.000  2.2613819800e-01  2.9545495990e-02 
1555.000  2.2991226400e-01  3.0092481610e-02 
1556.000  2.2552312700e-01  2.9573881150e-02 
1557.000  2.3290750100e-01  3.0605253220e-02 
1558.000  2.3106349100e-01  3.0409641270e-02 
1559.000  2.3108130900e-01  3.0455429080e-02 
1560.000  2.2709072100e-01  2.9983146670e-02 
1561.000  2.3239034500e-01  3.0714488980e-02 
1562.000  2.3228186800e-01  3.0714202880e-02 
1563.000  2.2880925400e-01  3.0279148100e-02 
1564.000  2.2414979400e-01  2.9675325390e-02 
1565.000  2.2740325300e-01  3.0110034940e-02 
1566.000  2.2309466100e-01  2.9578668590e-02 
1567.000  2.2273598400e-01  2.9530447010e-02 
1568.000  2.1757795500e-01  2.8825489040e-02 
1569.000  2.1775852700e-01  2.8820138930e-02 
1570.000  2.1170030500e-01  2.8008787160e-02 
1571.000  2.1737281500e-01  2.8793600080e-02 
1572.000  2.1720625700e-01  2.8790411000e-02 
1573.000  2.1390730600e-01  2.8403802870e-02 
1574.000  2.1475097000e-01  2.8580280300e-02 
1575.000  1.9952372000e-01  2.6601163860e-02 
1576.000  2.1435443700e-01  2.8606229780e-02 
1577.000  1.9362900900e-01  2.5864429470e-02 
1578.000  2.1198298000e-01  2.8342473980e-02 
1579.000  2.1330641600e-01  2.8556573870e-02 
1580.000  2.1785757600e-01  2.9221300130e-02 
1581.000  2.1641298700e-01  2.9056604390e-02 
1582.000  2.1226255600e-01  2.8575851440e-02 
1583.000  2.1506910000e-01  2.9027057650e-02 
1584.000  2.1333719400e-01  2.8868568420e-02 
1585.000  2.1978650800e-01  2.9806957240e-02 
1586.000  2.1702638300e-01  2.9473291400e-02 
1587.000  2.1476529500e-01  2.9228635790e-02 
1588.000  2.1161445300e-01  2.8858541490e-02 
1589.000  1.9360506100e-01  2.6435504910e-02 
1590.000  2.0857913000e-01  2.8509290700e-02 
1591.000  2.0390706500e-01  2.7896320340e-02 
1592.000  2.1458484900e-01  2.9365789410e-02 
1593.000  2.1920091600e-01  2.9998546600e-02 
1594.000  2.1732506900e-01  2.9744535450e-02 
1595.000  2.1829747700e-01  2.9883163450e-02 
1596.000  2.0448655900e-01  2.8018836980e-02 
1597.000  2.1207864600e-01  2.9054609300e-02 
1598.000  2.1499316100e-01  2.9437345500e-02 
1599.000  2.0655318700e-01  2.8255584720e-02 
1600.000  2.0900536100e-01  2.8574632640e-02 
1601.000  2.0020653500e-01  2.7396595000e-02 
1602.000  2.0507459300e-01  2.8091035840e-02 
1603.000  2.0384662800e-01  2.7979249950e-02 
1604.000  2.0689219800e-01  2.8462051390e-02 
1605.000  2.0383281900e-01  2.8072906490e-02 
1606.000  2.0319410900e-01  2.8025129320e-02 
1607.000  2.0388158500e-01  2.8120117190e-02 
1608.000  2.0607611500e-01  2.8424270630e-02 
1609.000  2.0528381900e-01  2.8329538350e-02 
1610.000  1.9262101700e-01  2.6600072860e-02 
1611.000  1.9876952000e-01  2.7496864320e-02 
1612.000  2.0123881900e-01  2.7890285490e-02 
1613.000  2.0626000100e-01  2.8636823650e-02 
1614.000  2.0423497600e-01  2.8367420200e-02 
1615.000  2.0800761100e-01  2.8934062960e-02 
1616.000  1.9528645700e-01  2.7195625310e-02 
1617.000  2.0139236400e-01  2.8106348040e-02 
1618.000  2.0766686600e-01  2.9008832930e-02 
1619.000  2.0738560000e-01  2.9030954360e-02 
1620.000  2.0249463300e-01  2.8404617310e-02 
1621.000  1.9976739800e-01  2.8067617420e-02 
1622.000  2.0479493000e-01  2.8790878300e-02 
1623.000  2.0907697400e-01  2.9422966000e-02 
1624.000  2.1060545500e-01  2.9661228180e-02 
1625.000  2.0559011100e-01  2.9007307050e-02 
1626.000  2.0789091500e-01  2.9319032670e-02 
1627.000  2.0765235300e-01  2.9310619350e-02 
1628.000  2.0922980900e-01  2.9542173390e-02 
1629.000  2.0909295700e-01  2.9528469090e-02 
1630.000  2.0322827900e-01  2.8692937850e-02 
1631.000  2.0640630100e-01  2.9154636380e-02 
1632.000  2.0623314000e-01  2.9099575040e-02 
1633.000  2.0351184000e-01  2.8711942670e-02 
1634.000  1.9854957200e-01  2.7997217180e-02 
1635.000  2.0387152000e-01  2.8747627260e-02 
1636.000  2.0310502300e-01  2.8629804610e-02 
1637.000  1.9379172600e-01  2.7306159970e-02 
1638.000  1.9237593800e-01  2.7107784270e-02 
1639.000  1.9009270400e-01  2.6761602400e-02 
1640.000  1.9103886600e-01  2.6887899400e-02 
1641.000  1.8967474100e-01  2.6690601350e-02 
1642.000  1.8943667900e-01  2.6690973280e-02 
1643.000  1.9423702900e-01  2.7390571590e-02 
1644.000  1.9116442900e-01  2.6975633620e-02 
1645.000  1.9146284800e-01  2.7029344560e-02 
1646.000  1.9376311800e-01  2.7385540010e-02 
1647.000  1.9556414000e-01  2.7654087070e-02 
1648.000  1.9468053000e-01  2.7528528210e-02 
1649.000  1.9020711000e-01  2.6906110760e-02 
1650.000  1.9502673300e-01  2.7604207990e-02 
1651.000  1.9067232900e-01  2.6992769240e-02 
1652.000  1.9446338500e-01  2.7522287370e-02 
1653.000  1.9246125700e-01  2.7256357190e-02 
1654.000  1.9461983600e-01  2.7571537020e-02 
1655.000  1.9093415700e-01  2.7072538380e-02 
1656.000  1.9475869400e-01  2.7632383350e-02 
1657.000  1.9334379000e-01  2.7440671920e-02 
1658.000  1.9456274300e-01  2.7637090680e-02 
1659.000  1.9102425600e-01  2.7143726350e-02 
1660.000  1.9323186100e-01  2.7452457430e-02 
1661.000  1.9398508300e-01  2.7557434080e-02 
1662.000  1.9252733700e-01  2.7330333710e-02 
1663.000  1.9125279100e-01  2.7145998000e-02 
1664.000  1.9036027600e-01  2.7014127730e-02 
1665.000  1.8841997400e-01  2.6727266310e-02 
1666.000  1.8765009600e-01  2.6637247090e-02 
1667.000  1.8956691800e-01  2.6957841870e-02 
1668.000  1.8635515200e-01  2.6514120100e-02 
1669.000  1.8688022300e-01  2.6613283160e-02 
1670.000  1.9108160400e-01  2.7235431670e-02 
1671.000  1.8968362000e-01  2.7049491880e-02 
1672.000  1.8069969000e-01  2.5783636090e-02 
1673.000  1.8586174100e-01  2.6514970780e-02 
1674.000  1.8661081400e-01  2.6624233250e-02 
1675.000  1.8487753000e-01  2.6392351150e-02 
1676.000  1.8188867200e-01  2.5966459270e-02 
1677.000  1.8281962400e-01  2.6106199260e-02 
1678.000  1.8383202700e-01  2.6268568040e-02 
1679.000  1.8139085700e-01  2.5919883730e-02 
1680.000  1.7517377500e-01  2.5047365190e-02 
1681.000  1.6910146800e-01  2.4186925890e-02 
1682.000  1.7398564100e-01  2.4884876250e-02 
1683.000  1.7827639600e-01  2.5490957260e-02 
1684.000  1.8157105900e-01  2.5955623630e-02 
1685.000  1.8209039500e-01  2.6001827240e-02 
1686.000  1.7989390900e-01  2.5684728620e-02 
1687.000  1.8058846700e-01  2.5736185070e-02 
1688.000  1.8068128800e-01  2.5709920880e-02 
1689.000  1.7850185700e-01  2.5394664760e-02 
1690.000  1.7835617100e-01  2.5328451160e-02 
1691.000  1.8066367600e-01  2.5651273730e-02 
1692.000  1.8098891600e-01  2.5698472980e-02 
1693.000  1.8034866800e-01  2.5615646360e-02 
1694.000  1.8007940200e-01  2.5578529360e-02 
1695.000  1.8012563500e-01  2.5562019350e-02 
1696.000  1.7907138200e-01  2.5400306700e-02 
1697.000  1.7794437700e-01  2.5211696620e-02 
1698.000  1.7899971300e-01  2.5340030670e-02 
1699.000  1.7784398400e-01  2.5163331990e-02 
1700.000  1.7559237300e-01  2.4832893370e-02 
