 lambda   Irr_dw            Rad_up 
 550.000  1.5370953000e+00  1.5644519040e-01 
 551.000  1.5269129000e+00  1.5534613040e-01 
 552.000  1.5920744000e+00  1.6198144530e-01 
 553.000  1.5291420000e+00  1.5549932860e-01 
 554.000  1.5785445000e+00  1.6051429750e-01 
 555.000  1.5824415000e+00  1.6080924990e-01 
 556.000  1.5383226000e+00  1.5622979740e-01 
 557.000  1.4922264000e+00  1.5154479980e-01 
 558.000  1.5484525000e+00  1.5715768430e-01 
 559.000  1.4632139000e+00  1.4845373540e-01 
 560.000  1.4692550000e+00  1.4905513000e-01 
 561.000  1.6143599000e+00  1.6366918950e-01 
 562.000  1.4814995000e+00  1.5015466310e-01 
 563.000  1.5496115000e+00  1.5695744320e-01 
 564.000  1.5274479000e+00  1.5457063290e-01 
 565.000  1.5452916000e+00  1.5633668520e-01 
 566.000  1.4244283000e+00  1.4402172850e-01 
 567.000  1.5275863000e+00  1.5422251890e-01 
 568.000  1.5231293000e+00  1.5315197750e-01 
 569.000  1.4916552000e+00  1.4867884830e-01 
 570.000  1.4993133000e+00  1.4958499150e-01 
 571.000  1.4465130000e+00  1.4515214540e-01 
 572.000  1.5280938000e+00  1.5246994020e-01 
 573.000  1.5442046000e+00  1.5429521180e-01 
 574.000  1.5355697000e+00  1.5344262700e-01 
 575.000  1.4977926000e+00  1.4954824830e-01 
 576.000  1.4704286000e+00  1.4674783330e-01 
 577.000  1.5314234000e+00  1.5298782350e-01 
 578.000  1.4867961000e+00  1.4886439510e-01 
 579.000  1.4754127000e+00  1.4783522030e-01 
 580.000  1.5261865000e+00  1.5309196470e-01 
 581.000  1.4986117000e+00  1.5051948550e-01 
 582.000  1.5209695000e+00  1.5275038150e-01 
 583.000  1.5314101000e+00  1.5382981870e-01 
 584.000  1.5263864000e+00  1.5322096250e-01 
 585.000  1.5161734000e+00  1.5210075380e-01 
 586.000  1.4508671000e+00  1.4552272030e-01 
 587.000  1.5073359000e+00  1.5062492370e-01 
 588.000  1.4912113000e+00  1.4727690120e-01 
 589.000  1.3214675000e+00  1.2834008790e-01 
 590.000  1.3796783000e+00  1.3385188290e-01 
 591.000  1.4661107000e+00  1.4373287960e-01 
 592.000  1.4378366000e+00  1.4004338070e-01 
 593.000  1.4530965000e+00  1.4324526980e-01 
 594.000  1.4662403000e+00  1.4411293030e-01 
 595.000  1.4379995000e+00  1.4004841610e-01 
 596.000  1.4737413000e+00  1.4532937620e-01 
 597.000  1.4780709000e+00  1.4526901250e-01 
 598.000  1.4478406000e+00  1.4305268860e-01 
 599.000  1.4482119000e+00  1.4339065550e-01 
 600.000  1.4485780000e+00  1.4413172910e-01 
 601.000  1.4404497000e+00  1.4383746340e-01 
 602.000  1.4246933000e+00  1.4238664250e-01 
 603.000  1.4332823000e+00  1.4342745970e-01 
 604.000  1.4786692000e+00  1.4814456180e-01 
 605.000  1.4748571000e+00  1.4772706600e-01 
 606.000  1.4577264000e+00  1.4606094360e-01 
 607.000  1.4494883000e+00  1.4520051570e-01 
 608.000  1.4441244000e+00  1.4460353090e-01 
 609.000  1.4292598000e+00  1.4311181640e-01 
 610.000  1.4063246000e+00  1.4075863650e-01 
 611.000  1.4291122000e+00  1.4302986150e-01 
 612.000  1.4104600000e+00  1.4115866090e-01 
 613.000  1.3898062000e+00  1.3904591370e-01 
 614.000  1.3391089000e+00  1.3398115540e-01 
 615.000  1.4037436000e+00  1.4037512210e-01 
 616.000  1.3346467000e+00  1.3347871400e-01 
 617.000  1.3421438000e+00  1.3421569820e-01 
 618.000  1.4054215000e+00  1.4045365910e-01 
 619.000  1.3925073000e+00  1.3918673710e-01 
 620.000  1.4130326000e+00  1.4114465330e-01 
 621.000  1.4372862000e+00  1.4354588320e-01 
 622.000  1.3614329000e+00  1.3591160580e-01 
 623.000  1.3719950000e+00  1.3684056090e-01 
 624.000  1.3734225000e+00  1.3700723270e-01 
 625.000  1.3361807000e+00  1.3326785280e-01 
 626.000  1.3428990000e+00  1.3375132750e-01 
 627.000  1.3652539000e+00  1.3535035710e-01 
 628.000  1.3466777000e+00  1.3235244750e-01 
 629.000  1.3805983000e+00  1.3605998230e-01 
 630.000  1.3348120000e+00  1.3208308410e-01 
 631.000  1.3838181000e+00  1.3706610110e-01 
 632.000  1.2889173000e+00  1.2720248410e-01 
 633.000  1.3836217000e+00  1.3711366270e-01 
 634.000  1.3420777000e+00  1.3318174740e-01 
 635.000  1.3666013000e+00  1.3560533140e-01 
 636.000  1.3184511000e+00  1.3092704770e-01 
 637.000  1.3619517000e+00  1.3531298830e-01 
 638.000  1.3831675000e+00  1.3767480470e-01 
 639.000  1.3717243000e+00  1.3644442750e-01 
 640.000  1.3286881000e+00  1.3238917540e-01 
 641.000  1.3478608000e+00  1.3426429750e-01 
 642.000  1.3316790000e+00  1.3272688290e-01 
 643.000  1.3549330000e+00  1.3481449890e-01 
 644.000  1.3393804000e+00  1.3319247440e-01 
 645.000  1.3510217000e+00  1.3407524110e-01 
 646.000  1.2993831900e+00  1.2767736050e-01 
 647.000  1.3169094800e+00  1.2852821350e-01 
 648.000  1.3144698800e+00  1.2747109990e-01 
 649.000  1.3406096000e+00  1.3065121460e-01 
 650.000  1.2424488200e+00  1.2247731020e-01 
 651.000  1.3383420000e+00  1.3191162110e-01 
 652.000  1.3123755900e+00  1.2804292300e-01 
 653.000  1.3390042000e+00  1.3213914490e-01 
 654.000  1.3214420000e+00  1.3014352420e-01 
 655.000  1.2865301200e+00  1.2614337160e-01 
 656.000  1.0922653500e+00  1.0722524260e-01 
 657.000  1.1657957300e+00  1.1470216370e-01 
 658.000  1.2986001300e+00  1.2832405090e-01 
 659.000  1.3017561600e+00  1.2890234380e-01 
 660.000  1.3119756500e+00  1.3004795840e-01 
 661.000  1.3177914100e+00  1.3105337520e-01 
 662.000  1.3367732700e+00  1.3311528020e-01 
 663.000  1.3219024900e+00  1.3155119320e-01 
 664.000  1.3009014500e+00  1.2951301570e-01 
 665.000  1.3065595000e+00  1.3010820010e-01 
 666.000  1.3223007400e+00  1.3179772950e-01 
 667.000  1.2960551100e+00  1.2916558840e-01 
 668.000  1.3034206600e+00  1.3001809690e-01 
 669.000  1.3220114300e+00  1.3192788700e-01 
 670.000  1.3065016000e+00  1.3030810550e-01 
 671.000  1.2923676100e+00  1.2893037410e-01 
 672.000  1.2882690200e+00  1.2850845340e-01 
 673.000  1.2974611600e+00  1.2940124510e-01 
 674.000  1.2999648400e+00  1.2965846250e-01 
 675.000  1.2801175000e+00  1.2764373780e-01 
 676.000  1.3042746000e+00  1.3005886840e-01 
 677.000  1.2783191800e+00  1.2748167420e-01 
 678.000  1.2994701200e+00  1.2956581120e-01 
 679.000  1.2811106300e+00  1.2768202970e-01 
 680.000  1.2712587400e+00  1.2665303040e-01 
 681.000  1.2726020400e+00  1.2670909880e-01 
 682.000  1.2699497900e+00  1.2637256620e-01 
 683.000  1.2782662000e+00  1.2711484530e-01 
 684.000  1.2551583900e+00  1.2473986050e-01 
 685.000  1.2693243900e+00  1.2616940310e-01 
 686.000  1.2134435700e+00  1.2032620240e-01 
 687.000  1.1220961200e+00  1.0747898860e-01 
 688.000  1.1519249900e+00  1.1154106140e-01 
 689.000  1.1464527400e+00  1.1066495510e-01 
 690.000  1.1670019700e+00  1.1329380040e-01 
 691.000  1.1906651100e+00  1.1622660830e-01 
 692.000  1.1937276600e+00  1.1655849460e-01 
 693.000  1.1927126900e+00  1.1478096770e-01 
 694.000  1.1947862100e+00  1.1355123140e-01 
 695.000  1.1819199200e+00  1.1300901030e-01 
 696.000  1.2003320200e+00  1.1521259310e-01 
 697.000  1.2232120400e+00  1.1992906950e-01 
 698.000  1.1961170400e+00  1.1666689300e-01 
 699.000  1.1994818100e+00  1.1479761510e-01 
 700.000  1.1883955500e+00  1.1404644780e-01 
 701.000  1.1576488900e+00  1.1059159850e-01 
 702.000  1.1548098200e+00  1.1064571380e-01 
 703.000  1.1862658200e+00  1.1541056820e-01 
 704.000  1.1902212000e+00  1.1587860110e-01 
 705.000  1.1929071900e+00  1.1536879730e-01 
 706.000  1.1813831200e+00  1.1439391330e-01 
 707.000  1.1657225800e+00  1.1314012150e-01 
 708.000  1.2019487600e+00  1.1694667820e-01 
 709.000  1.1639975000e+00  1.1382636260e-01 
 710.000  1.1853201800e+00  1.1521793370e-01 
 711.000  1.1787147300e+00  1.1520455170e-01 
 712.000  1.1667231500e+00  1.1460488890e-01 
 713.000  1.1580245000e+00  1.1326474760e-01 
 714.000  1.1763448200e+00  1.1483888240e-01 
 715.000  1.1292054100e+00  1.0947466280e-01 
 716.000  1.1524619900e+00  1.1093067170e-01 
 717.000  1.0802245400e+00  9.9862358090e-02 
 718.000  1.0477637000e+00  9.4420867920e-02 
 719.000  1.0260487500e+00  9.1542472840e-02 
 720.000  1.0192022000e+00  8.9738334660e-02 
 721.000  1.0802080500e+00  1.0088684080e-01 
 722.000  1.1176932100e+00  1.0648037720e-01 
 723.000  1.1024569600e+00  1.0379809570e-01 
 724.000  1.0725104300e+00  9.7678924560e-02 
 725.000  1.0660296700e+00  9.7551391600e-02 
 726.000  1.0622332500e+00  9.7062049870e-02 
 727.000  1.0829817200e+00  9.9395019530e-02 
 728.000  1.0586694400e+00  9.6701461790e-02 
 729.000  1.0296572800e+00  9.5235740660e-02 
 730.000  1.0651389500e+00  9.8320243840e-02 
 731.000  1.0445769200e+00  9.6225547790e-02 
 732.000  1.0870444500e+00  1.0223822780e-01 
 733.000  1.0916875600e+00  1.0482781220e-01 
 734.000  1.1246220600e+00  1.0905065920e-01 
 735.000  1.1117745100e+00  1.0739846040e-01 
 736.000  1.0843304000e+00  1.0407550050e-01 
 737.000  1.1035125400e+00  1.0640404510e-01 
 738.000  1.1072399700e+00  1.0748990630e-01 
 739.000  1.0741750700e+00  1.0460993190e-01 
 740.000  1.0905680300e+00  1.0691497800e-01 
 741.000  1.0854319800e+00  1.0688825990e-01 
 742.000  1.0689897900e+00  1.0546278380e-01 
 743.000  1.1036565000e+00  1.0931488040e-01 
 744.000  1.1155002900e+00  1.1069926450e-01 
 745.000  1.0875602100e+00  1.0809625240e-01 
 746.000  1.1035110000e+00  1.0977620700e-01 
 747.000  1.1201424900e+00  1.1142422490e-01 
 748.000  1.1007717700e+00  1.0956339260e-01 
 749.000  1.1012675500e+00  1.0965451810e-01 
 750.000  1.0847585700e+00  1.0794175720e-01 
 751.000  1.0819773500e+00  1.0766590120e-01 
 752.000  1.0990352000e+00  1.0944309230e-01 
 753.000  1.0888077700e+00  1.0844702910e-01 
 754.000  1.1059625800e+00  1.1016796880e-01 
 755.000  1.0996321700e+00  1.0953885650e-01 
 756.000  1.0781253700e+00  1.0739942170e-01 
 757.000  1.0860726400e+00  1.0819121550e-01 
 758.000  1.0838035100e+00  1.0791265110e-01 
 759.000  1.0017080500e+00  9.7865112300e-02 
 760.000  5.1171411000e-01  4.1597461700e-02 
 761.000  4.6225990000e-01  3.6614326480e-02 
 762.000  7.3807547000e-01  6.6456924440e-02 
 763.000  6.6968904000e-01  5.8209415440e-02 
 764.000  7.1584238000e-01  6.3309318540e-02 
 765.000  8.1748069000e-01  7.5220092770e-02 
 766.000  8.8411666000e-01  8.4530197140e-02 
 767.000  9.4759691000e-01  9.2105499270e-02 
 768.000  1.0183097900e+00  1.0007305910e-01 
 769.000  1.0358161100e+00  1.0255229950e-01 
 770.000  1.0408108900e+00  1.0340834810e-01 
 771.000  1.0463624500e+00  1.0417369840e-01 
 772.000  1.0434400200e+00  1.0393989560e-01 
 773.000  1.0395290700e+00  1.0357830050e-01 
 774.000  1.0509823500e+00  1.0474712370e-01 
 775.000  1.0116518300e+00  1.0084913640e-01 
 776.000  1.0534187100e+00  1.0505786900e-01 
 777.000  1.0461134200e+00  1.0432724000e-01 
 778.000  1.0404806500e+00  1.0374524690e-01 
 779.000  1.0438438500e+00  1.0405280300e-01 
 780.000  1.0309044100e+00  1.0278242490e-01 
 781.000  1.0293121900e+00  1.0263654330e-01 
 782.000  1.0416943600e+00  1.0381736760e-01 
 783.000  1.0173324800e+00  1.0143351750e-01 
 784.000  1.0228837700e+00  1.0193471530e-01 
 785.000  1.0247366000e+00  1.0190386200e-01 
 786.000  1.0057864700e+00  9.9783309940e-02 
 787.000  1.0176736300e+00  1.0035905460e-01 
 788.000  1.0008412300e+00  9.8431297300e-02 
 789.000  1.0009604000e+00  9.7484924320e-02 
 790.000  9.9034171000e-01  9.6339912410e-02 
 791.000  9.8631617000e-01  9.6137527470e-02 
 792.000  9.7165518000e-01  9.4841796880e-02 
 793.000  9.7294805000e-01  9.5342155460e-02 
 794.000  9.6775314000e-01  9.5665390010e-02 
 795.000  9.5956154000e-01  9.4297584530e-02 
 796.000  9.6792413000e-01  9.3927047730e-02 
 797.000  9.7629399000e-01  9.5114463810e-02 
 798.000  9.8186110000e-01  9.6462051390e-02 
 799.000  9.7990250000e-01  9.6059570310e-02 
 800.000  9.5071081000e-01  9.2624748230e-02 
 801.000  9.6889093000e-01  9.4466705320e-02 
 802.000  9.6656214000e-01  9.4160079960e-02 
 803.000  9.5330430000e-01  9.2967544560e-02 
 804.000  9.6362298000e-01  9.4280700680e-02 
 805.000  9.4046088000e-01  9.2550636290e-02 
 806.000  9.6788454000e-01  9.5549499510e-02 
 807.000  9.6198163000e-01  9.5006935120e-02 
 808.000  9.5517581000e-01  9.4128143310e-02 
 809.000  9.3756503000e-01  9.2163696290e-02 
 810.000  9.3177666000e-01  9.1339820860e-02 
 811.000  9.4336861000e-01  9.2011116030e-02 
 812.000  9.3561769000e-01  9.0630699160e-02 
 813.000  9.2582889000e-01  8.8908401490e-02 
 814.000  9.1679426000e-01  8.7149070740e-02 
 815.000  8.9711256000e-01  8.4195060730e-02 
 816.000  8.7617676000e-01  8.0923408510e-02 
 817.000  8.8220942000e-01  8.1533973690e-02 
 818.000  8.7790641000e-01  8.1195899960e-02 
 819.000  8.5840526000e-01  7.9859382630e-02 
 820.000  8.5589456000e-01  8.1049125670e-02 
 821.000  9.0091486000e-01  8.7034385680e-02 
 822.000  8.6318553000e-01  8.2045516970e-02 
 823.000  8.3930292000e-01  7.6490524290e-02 
 824.000  8.8242081000e-01  8.3320510860e-02 
 825.000  9.0007287000e-01  8.7092842100e-02 
 826.000  9.0241855000e-01  8.6928184510e-02 
 827.000  8.9706808000e-01  8.6122680660e-02 
 828.000  8.8278942000e-01  8.3423484800e-02 
 829.000  8.8681355000e-01  8.4239982600e-02 
 830.000  8.7761211000e-01  8.3885726930e-02 
 831.000  8.6328220000e-01  8.2640670780e-02 
 832.000  8.8137376000e-01  8.4426025390e-02 
 833.000  8.5661046000e-01  8.2419258120e-02 
 834.000  8.7234135000e-01  8.4315391540e-02 
 835.000  8.7965973000e-01  8.5707588200e-02 
 836.000  8.8808095000e-01  8.6375755310e-02 
 837.000  8.8050486000e-01  8.5599891660e-02 
 838.000  8.8628574000e-01  8.6553207400e-02 
 839.000  8.6008339000e-01  8.4206123350e-02 
 840.000  8.8361832000e-01  8.6565383910e-02 
 841.000  8.8442043000e-01  8.6387084960e-02 
 842.000  8.8017297000e-01  8.6175369260e-02 
 843.000  8.7711307000e-01  8.6469963070e-02 
 844.000  8.6384189000e-01  8.5415115360e-02 
 845.000  8.7751532000e-01  8.6884788510e-02 
 846.000  8.8589727000e-01  8.7875907900e-02 
 847.000  8.5595037000e-01  8.5076889040e-02 
 848.000  8.8014757000e-01  8.7226783750e-02 
 849.000  8.8187234000e-01  8.7476020810e-02 
 850.000  7.6204433000e-01  7.5445465090e-02 
 851.000  8.7248222000e-01  8.6221023560e-02 
 852.000  8.3943214000e-01  8.3006263730e-02 
 853.000  8.4992312000e-01  8.4211936950e-02 
 854.000  6.8325432000e-01  6.7713531490e-02 
 855.000  7.5244085000e-01  7.4696540830e-02 
 856.000  8.5443219000e-01  8.4997238160e-02 
 857.000  8.6830069000e-01  8.6530311580e-02 
 858.000  8.5448946000e-01  8.5190841670e-02 
 859.000  8.5456667000e-01  8.5305130000e-02 
 860.000  8.4702010000e-01  8.4638130190e-02 
 861.000  8.4691125000e-01  8.4628898620e-02 
 862.000  8.4414217000e-01  8.4345451350e-02 
 863.000  8.6027515000e-01  8.6023979190e-02 
 864.000  8.5855575000e-01  8.5791931150e-02 
 865.000  8.4256419000e-01  8.4286239620e-02 
 866.000  7.0673583000e-01  7.0732131960e-02 
 867.000  7.5258647000e-01  7.5211448670e-02 
 868.000  8.1620964000e-01  8.1627525330e-02 
 869.000  8.0475322000e-01  8.0487075810e-02 
 870.000  8.3793867000e-01  8.3876037600e-02 
 871.000  8.3675203000e-01  8.3727745060e-02 
 872.000  8.3338096000e-01  8.3278915410e-02 
 873.000  8.3671239000e-01  8.3679084780e-02 
 874.000  8.1836022000e-01  8.1799819950e-02 
 875.000  8.1083001000e-01  8.1132568360e-02 
 876.000  8.1754865000e-01  8.1750572200e-02 
 877.000  8.3383083000e-01  8.3296661380e-02 
 878.000  8.1945304000e-01  8.1862121580e-02 
 879.000  8.2135007000e-01  8.2085868840e-02 
 880.000  8.1654030000e-01  8.1468002320e-02 
 881.000  7.7407552000e-01  7.7239364620e-02 
 882.000  8.1678963000e-01  8.1377685550e-02 
 883.000  7.9816483000e-01  7.9649002080e-02 
 884.000  8.0494724000e-01  8.0456794740e-02 
 885.000  8.1314270000e-01  8.0943595890e-02 
 886.000  7.8640158000e-01  7.8199119570e-02 
 887.000  7.7839605000e-01  7.7479705810e-02 
 888.000  8.0168778000e-01  7.9695343020e-02 
 889.000  8.0712307000e-01  8.0421096800e-02 
 890.000  8.0447879000e-01  8.0044944760e-02 
 891.000  7.9969446000e-01  7.9317466740e-02 
 892.000  7.9539464000e-01  7.8497116090e-02 
 893.000  7.5945854000e-01  7.3734016420e-02 
 894.000  7.8159825000e-01  7.5355285640e-02 
 895.000  7.3179522000e-01  6.9147666930e-02 
 896.000  7.4586835000e-01  6.9060501100e-02 
 897.000  7.1332913000e-01  6.4817886350e-02 
 898.000  7.0729323000e-01  6.3621330260e-02 
 899.000  6.8593241000e-01  6.0078395840e-02 
 900.000  6.7175723000e-01  5.8994720460e-02 
 901.000  6.5219242000e-01  5.6907794950e-02 
 902.000  6.4102765000e-01  5.6025089260e-02 
 903.000  7.0636406000e-01  6.4458000180e-02 
 904.000  7.4049897000e-01  6.9329597470e-02 
 905.000  7.3771578000e-01  6.9170066830e-02 
 906.000  7.0545218000e-01  6.5088233950e-02 
 907.000  6.9438916000e-01  6.2203266140e-02 
 908.000  6.6258566000e-01  5.8177200320e-02 
 909.000  6.5012248000e-01  5.7111526490e-02 
 910.000  6.6003040000e-01  5.8146041870e-02 
 911.000  6.6807631000e-01  5.9703464510e-02 
 912.000  6.6472963000e-01  5.8914775850e-02 
 913.000  6.5900555000e-01  5.6879074100e-02 
 914.000  6.6517120000e-01  5.8160274510e-02 
 915.000  6.6236417000e-01  5.8643352510e-02 
 916.000  6.7178593000e-01  5.9612892150e-02 
 917.000  6.6555634000e-01  5.9396694180e-02 
 918.000  6.6770122000e-01  6.0039680480e-02 
 919.000  6.9552677000e-01  6.4323951720e-02 
 920.000  7.0301651000e-01  6.6101356510e-02 
 921.000  6.8453262000e-01  6.4090133670e-02 
 922.000  6.7812116000e-01  6.3518367770e-02 
 923.000  6.4601568000e-01  5.9996990200e-02 
 924.000  6.6411888000e-01  6.1059597020e-02 
 925.000  6.7219693000e-01  6.1670875550e-02 
 926.000  6.4808038000e-01  5.9300506590e-02 
 927.000  6.6138785000e-01  5.9706413270e-02 
 928.000  6.4856374000e-01  5.7062519070e-02 
 929.000  6.1520686000e-01  5.2174617770e-02 
 930.000  5.8226940000e-01  4.6980499270e-02 
 931.000  5.4611308000e-01  4.1348728180e-02 
 932.000  4.9334108000e-01  3.4082576750e-02 
 933.000  4.5761129000e-01  2.9601623540e-02 
 934.000  4.1444876000e-01  2.5013214110e-02 
 935.000  4.0425002000e-01  2.4181457520e-02 
 936.000  4.1690117000e-01  2.5611064910e-02 
 937.000  4.2202898000e-01  2.5778440480e-02 
 938.000  4.6013191000e-01  3.0366447450e-02 
 939.000  5.6987232000e-01  4.5205970760e-02 
 940.000  5.8178910000e-01  4.7209800720e-02 
 941.000  5.5583915000e-01  4.4288276670e-02 
 942.000  5.0425700000e-01  3.8080364230e-02 
 943.000  4.7640348000e-01  3.2616523740e-02 
 944.000  4.5958305000e-01  3.1229875560e-02 
 945.000  4.8380309000e-01  3.4015563960e-02 
 946.000  4.9135876000e-01  3.4634166720e-02 
 947.000  5.0562819000e-01  3.6820888520e-02 
 948.000  5.1875303000e-01  3.8500228880e-02 
 949.000  5.1893707000e-01  3.8445007320e-02 
 950.000  5.1803386000e-01  3.8569324490e-02 
 951.000  5.3710573000e-01  4.1652568820e-02 
 952.000  5.1311656000e-01  3.8146247860e-02 
 953.000  5.2822109000e-01  4.0522029880e-02 
 954.000  5.4041504000e-01  4.2800712590e-02 
 955.000  4.9141365000e-01  3.7997844700e-02 
 956.000  5.2080368000e-01  4.0095981600e-02 
 957.000  5.6389003000e-01  4.6736171720e-02 
 958.000  5.7364712000e-01  4.7984264370e-02 
 959.000  5.6855506000e-01  4.7106781010e-02 
 960.000  5.6101304000e-01  4.6369186400e-02 
 961.000  5.5136830000e-01  4.5348613740e-02 
 962.000  5.5728049000e-01  4.6091674800e-02 
 963.000  5.7922621000e-01  4.9592323300e-02 
 964.000  5.7579012000e-01  4.9556243900e-02 
 965.000  5.8056296000e-01  4.9839347840e-02 
 966.000  5.6493189000e-01  4.8613147740e-02 
 967.000  5.9792351000e-01  5.2699119570e-02 
 968.000  6.1771274000e-01  5.6593090060e-02 
 969.000  6.3328802000e-01  5.9025588990e-02 
 970.000  6.3561273000e-01  5.9311161040e-02 
 971.000  6.2967997000e-01  5.8742568970e-02 
 972.000  6.3084808000e-01  5.8571521760e-02 
 973.000  6.1718939000e-01  5.6678329470e-02 
 974.000  5.9840193000e-01  5.4222625730e-02 
 975.000  5.9533951000e-01  5.3478199010e-02 
 976.000  6.1002994000e-01  5.5394519810e-02 
 977.000  6.0649649000e-01  5.6046833040e-02 
 978.000  6.2045267000e-01  5.7274341580e-02 
 979.000  6.0542861000e-01  5.6158596040e-02 
 980.000  6.2617304000e-01  5.9137641910e-02 
 981.000  6.3314924000e-01  6.0048446660e-02 
 982.000  6.2902984000e-01  5.9432971950e-02 
 983.000  6.3353851000e-01  6.0431308750e-02 
 984.000  6.3566572000e-01  6.1244441990e-02 
 985.000  6.3896759000e-01  6.1924808500e-02 
 986.000  6.3838723000e-01  6.2350036620e-02 
 987.000  6.4774223000e-01  6.3482227330e-02 
 988.000  6.4011099000e-01  6.2789241790e-02 
 989.000  6.3224808000e-01  6.2051731110e-02 
 990.000  6.3810304000e-01  6.2680065160e-02 
 991.000  6.4501462000e-01  6.3555492400e-02 
 992.000  6.3951122000e-01  6.3072719570e-02 
 993.000  6.3963902000e-01  6.3110900880e-02 
 994.000  6.4435105000e-01  6.3750236510e-02 
 995.000  6.4063026000e-01  6.3511817930e-02 
 996.000  6.4048951000e-01  6.3501564030e-02 
 997.000  6.4051284000e-01  6.3429058070e-02 
 998.000  6.3740311000e-01  6.3041370390e-02 
 999.000  6.3553905000e-01  6.2828937530e-02 
1000.000  6.3068696000e-01  6.2379325870e-02 
1001.000  6.3270323000e-01  6.2401149750e-02 
1002.000  6.2938412000e-01  6.1794055940e-02 
1003.000  6.2256813000e-01  6.1194416050e-02 
1004.000  6.1867291000e-01  6.0973968510e-02 
1005.000  5.7857393000e-01  5.7092277530e-02 
1006.000  6.0896614000e-01  6.0120536800e-02 
1007.000  6.1962541000e-01  6.1122306820e-02 
1008.000  6.2037565000e-01  6.0974918370e-02 
1009.000  6.1412407000e-01  6.0072052000e-02 
1010.000  6.1750655000e-01  6.0536708830e-02 
1011.000  6.1679078000e-01  6.0786384580e-02 
1012.000  6.1795314000e-01  6.1028453830e-02 
1013.000  6.1424281000e-01  6.0764965060e-02 
1014.000  6.1847731000e-01  6.1251907350e-02 
1015.000  6.0710675000e-01  6.0162052150e-02 
1016.000  6.1132308000e-01  6.0653038020e-02 
1017.000  6.0539539000e-01  6.0113204960e-02 
1018.000  6.1295472000e-01  6.0841514590e-02 
1019.000  5.9817852000e-01  5.9290695190e-02 
1020.000  5.9718091000e-01  5.9216369630e-02 
1021.000  6.0366538000e-01  5.9905857090e-02 
1022.000  5.9369049000e-01  5.8749282840e-02 
1023.000  6.0431391000e-01  5.9655460360e-02 
1024.000  6.0077961000e-01  5.9208889010e-02 
1025.000  6.0192090000e-01  5.9489841460e-02 
1026.000  6.0319498000e-01  5.9705993650e-02 
1027.000  5.9930550000e-01  5.9319423680e-02 
1028.000  6.0091017000e-01  5.9547966000e-02 
1029.000  5.9228239000e-01  5.8814674380e-02 
1030.000  5.9873532000e-01  5.9581916810e-02 
1031.000  5.9709417000e-01  5.9503067020e-02 
1032.000  5.9518216000e-01  5.9375762940e-02 
1033.000  5.8425860000e-01  5.8290081020e-02 
1034.000  5.8996578000e-01  5.8877269740e-02 
1035.000  5.8225947000e-01  5.8093826290e-02 
1036.000  5.9188328000e-01  5.9068103790e-02 
1037.000  5.7941897000e-01  5.7825302120e-02 
1038.000  5.8514801000e-01  5.8396087650e-02 
1039.000  5.8753394000e-01  5.8618003850e-02 
1040.000  5.8057572000e-01  5.7911258700e-02 
1041.000  5.8359942000e-01  5.8198493960e-02 
1042.000  5.8532727000e-01  5.8360877990e-02 
1043.000  5.7522126000e-01  5.7346588130e-02 
1044.000  5.8093966000e-01  5.7904388430e-02 
1045.000  5.7839655000e-01  5.7666820530e-02 
1046.000  5.6156929000e-01  5.6015525820e-02 
1047.000  5.7187191000e-01  5.7068485260e-02 
1048.000  5.7753849000e-01  5.7665317540e-02 
1049.000  5.7382587000e-01  5.7331466670e-02 
1050.000  5.7141591000e-01  5.7109001160e-02 
1051.000  5.7039367000e-01  5.6973758700e-02 
1052.000  5.6767626000e-01  5.6678066250e-02 
1053.000  5.6628656000e-01  5.6518222810e-02 
1054.000  5.6206419000e-01  5.6044605260e-02 
1055.000  5.6615790000e-01  5.6425312040e-02 
1056.000  5.6462912000e-01  5.6241172790e-02 
1057.000  5.6356749000e-01  5.6075428010e-02 
1058.000  5.5751438000e-01  5.5365657810e-02 
1059.000  5.3999234000e-01  5.3653545380e-02 
1060.000  5.5952741000e-01  5.5681369780e-02 
1061.000  5.3989832000e-01  5.3731700900e-02 
1062.000  5.5477983000e-01  5.5156181340e-02 
1063.000  5.4538388000e-01  5.4204925540e-02 
1064.000  5.5211379000e-01  5.4796230320e-02 
1065.000  5.5128176000e-01  5.4608131410e-02 
1066.000  5.3439526000e-01  5.2920993800e-02 
1067.000  5.4700725000e-01  5.4115127560e-02 
1068.000  5.4427009000e-01  5.3665672300e-02 
1069.000  5.0300495000e-01  4.9500274660e-02 
1070.000  5.3291539000e-01  5.2472263340e-02 
1071.000  5.3339305000e-01  5.2437034610e-02 
1072.000  5.3477960000e-01  5.2494316100e-02 
1073.000  5.1710744000e-01  5.0756595610e-02 
1074.000  5.3528765000e-01  5.2570667270e-02 
1075.000  5.1925164000e-01  5.1141544340e-02 
1076.000  5.3028199000e-01  5.2145061490e-02 
1077.000  5.2859381000e-01  5.1869598390e-02 
1078.000  5.2936013000e-01  5.1817276000e-02 
1079.000  5.0889252000e-01  4.9800849910e-02 
1080.000  5.2232462000e-01  5.0780864720e-02 
1081.000  5.0301499000e-01  4.8882797240e-02 
1082.000  5.1015143000e-01  4.9694538120e-02 
1083.000  4.9552613000e-01  4.8074691770e-02 
1084.000  5.1342781000e-01  4.9597915650e-02 
1085.000  5.0421982000e-01  4.8258811950e-02 
1086.000  5.1140631000e-01  4.9021686550e-02 
1087.000  4.8267657000e-01  4.6703010560e-02 
1088.000  5.1201656000e-01  4.9592052460e-02 
1089.000  4.8922307000e-01  4.6856254580e-02 
1090.000  4.9920884000e-01  4.7734394070e-02 
1091.000  5.0311438000e-01  4.8238658910e-02 
1092.000  4.8976847000e-01  4.6710700990e-02 
1093.000  4.7990826000e-01  4.5210826870e-02 
1094.000  4.3512858300e-01  4.0748374940e-02 
1095.000  4.7126987200e-01  4.4145351410e-02 
1096.000  4.7259627000e-01  4.4296482090e-02 
1097.000  4.6254197400e-01  4.3189933780e-02 
1098.000  4.4524368000e-01  4.0290847780e-02 
1099.000  4.3495096300e-01  3.8287883760e-02 
1100.000  4.4323966000e-01  3.9085163120e-02 
1101.000  4.4389719800e-01  3.9284889220e-02 
1102.000  4.2475161200e-01  3.7510906220e-02 
1103.000  4.4268766700e-01  3.9181797030e-02 
1104.000  4.3749286400e-01  3.8536663060e-02 
1105.000  4.3175013200e-01  3.7585750580e-02 
1106.000  4.2293799000e-01  3.6397972110e-02 
1107.000  4.2377295200e-01  3.6551868440e-02 
1108.000  4.2344083600e-01  3.6566024780e-02 
1109.000  4.2992976100e-01  3.7443759920e-02 
1110.000  4.3168968000e-01  3.7486614230e-02 
1111.000  4.2372818300e-01  3.6559188840e-02 
1112.000  4.0738713000e-01  3.4253753660e-02 
1113.000  3.8871076300e-01  3.1405902860e-02 
1114.000  3.8851365800e-01  3.0934186940e-02 
1115.000  3.6294772000e-01  2.7243995670e-02 
1116.000  3.4480606100e-01  2.4913354870e-02 
1117.000  3.1585503600e-01  2.0977911000e-02 
1118.000  2.8193865800e-01  1.7248373030e-02 
1119.000  2.5811029300e-01  1.5013975140e-02 
1120.000  2.3795951200e-01  1.2972379680e-02 
1121.000  2.3487957000e-01  1.2594925880e-02 
1122.000  2.1112585300e-01  1.0488755230e-02 
1123.000  2.2497053100e-01  1.1618445400e-02 
1124.000  2.3391989600e-01  1.2374320980e-02 
1125.000  2.2476640400e-01  1.1728404050e-02 
1126.000  2.1872019700e-01  1.1355374340e-02 
1127.000  2.2788593100e-01  1.1920560840e-02 
1128.000  2.2710096100e-01  1.2048009870e-02 
1129.000  2.4990175000e-01  1.4146476750e-02 
1130.000  2.9866556300e-01  1.9149339680e-02 
1131.000  3.1558834600e-01  2.0936403270e-02 
1132.000  2.9764114500e-01  1.8815273280e-02 
1133.000  2.5545295100e-01  1.4787824630e-02 
1134.000  1.8684476900e-01  8.7152156830e-03 
1135.000  1.9449202100e-01  9.2734022140e-03 
1136.000  2.6160674000e-01  1.5394832610e-02 
1137.000  2.9983663000e-01  1.9269861220e-02 
1138.000  3.2030862600e-01  2.2408960340e-02 
1139.000  3.3632480700e-01  2.4233255390e-02 
1140.000  3.3131423100e-01  2.3492975230e-02 
1141.000  3.0977656500e-01  2.1308778760e-02 
1142.000  3.1391747400e-01  2.1339485170e-02 
1143.000  2.9502835800e-01  1.9352413180e-02 
1144.000  2.7776595400e-01  1.7513414380e-02 
1145.000  2.5691975200e-01  1.5248507500e-02 
1146.000  2.6492543800e-01  1.5953234670e-02 
1147.000  2.8401298200e-01  1.7912946700e-02 
1148.000  2.9661298800e-01  1.9463645940e-02 
1149.000  3.0353138900e-01  2.0245019910e-02 
1150.000  3.0228022300e-01  2.0230693820e-02 
1151.000  3.1012946500e-01  2.1304424290e-02 
1152.000  3.1376233500e-01  2.1826942440e-02 
1153.000  3.1944027800e-01  2.2625205990e-02 
1154.000  3.1968967800e-01  2.2573122020e-02 
1155.000  3.3249982800e-01  2.4305074690e-02 
1156.000  3.4093400200e-01  2.5856861110e-02 
1157.000  3.7029982400e-01  3.0034809110e-02 
1158.000  3.8064977900e-01  3.1666170120e-02 
1159.000  3.8385820300e-01  3.2614791870e-02 
1160.000  3.8244189300e-01  3.2785610200e-02 
1161.000  3.8295999000e-01  3.3497505190e-02 
1162.000  4.0325485200e-01  3.5830390930e-02 
1163.000  4.1280646200e-01  3.7346244810e-02 
1164.000  4.0624583500e-01  3.6894214630e-02 
1165.000  4.1458828300e-01  3.7749679570e-02 
1166.000  4.0538955400e-01  3.7075103760e-02 
1167.000  4.1292533600e-01  3.7867691040e-02 
1168.000  4.1613536600e-01  3.8134078980e-02 
1169.000  4.0281106900e-01  3.7014751430e-02 
1170.000  4.1465141100e-01  3.8194877620e-02 
1171.000  4.1931869100e-01  3.8851707460e-02 
1172.000  4.1637462800e-01  3.8452999110e-02 
1173.000  4.1187631200e-01  3.7919288640e-02 
1174.000  4.1217856500e-01  3.7957641600e-02 
1175.000  4.1162386200e-01  3.8247531890e-02 
1176.000  4.0550863600e-01  3.7991863250e-02 
1177.000  4.1617920500e-01  3.8840877530e-02 
1178.000  4.0541330000e-01  3.7538009640e-02 
1179.000  4.0360412000e-01  3.7373447420e-02 
1180.000  4.0791369100e-01  3.7666175840e-02 
1181.000  4.0230704300e-01  3.6875125890e-02 
1182.000  3.9930705600e-01  3.6331333160e-02 
1183.000  3.7652990400e-01  3.4288661960e-02 
1184.000  3.9548527400e-01  3.6166149140e-02 
1185.000  4.0562344700e-01  3.7477935790e-02 
1186.000  4.0176550500e-01  3.7007022860e-02 
1187.000  3.9690989200e-01  3.6178077700e-02 
1188.000  3.9372512300e-01  3.5796676640e-02 
1189.000  3.7360998500e-01  3.4181758880e-02 
1190.000  3.9970615300e-01  3.7165828700e-02 
1191.000  4.0825586500e-01  3.8136283870e-02 
1192.000  4.0932510800e-01  3.8497581480e-02 
1193.000  4.0876996800e-01  3.8370758060e-02 
1194.000  4.0748993800e-01  3.8213714600e-02 
1195.000  3.9969639100e-01  3.7229167940e-02 
1196.000  3.9988678300e-01  3.7289737700e-02 
1197.000  3.9821217200e-01  3.7014286040e-02 
1198.000  3.8449662200e-01  3.5718074800e-02 
1199.000  3.6837184900e-01  3.4081089020e-02 
1200.000  3.9270228400e-01  3.6424381260e-02 
1201.000  3.9595691600e-01  3.6773990630e-02 
1202.000  3.9686707000e-01  3.6930358890e-02 
1203.000  3.7644727600e-01  3.4987785340e-02 
1204.000  3.8329711300e-01  3.5708366390e-02 
1205.000  3.9747337700e-01  3.7468303680e-02 
1206.000  3.9751984600e-01  3.7672863010e-02 
1207.000  4.0119742600e-01  3.8103816990e-02 
1208.000  3.9463333500e-01  3.7412391660e-02 
1209.000  3.6884821700e-01  3.4866008760e-02 
1210.000  3.9266735300e-01  3.6933551790e-02 
1211.000  3.7926445400e-01  3.5650505070e-02 
1212.000  3.9169555600e-01  3.6870471950e-02 
1213.000  3.9528831200e-01  3.7389492030e-02 
1214.000  3.9322634700e-01  3.7176940920e-02 
1215.000  3.9530430700e-01  3.7448589320e-02 
1216.000  3.9707015000e-01  3.7908550260e-02 
1217.000  3.9867916900e-01  3.8318065640e-02 
1218.000  3.9825679300e-01  3.8404075620e-02 
1219.000  3.9502714000e-01  3.8170997620e-02 
1220.000  3.9776206800e-01  3.8435241700e-02 
1221.000  3.9728849300e-01  3.8410285950e-02 
1222.000  3.9527232000e-01  3.8220600130e-02 
1223.000  3.9360761200e-01  3.8098979950e-02 
1224.000  3.9813349000e-01  3.8698738100e-02 
1225.000  3.9625831700e-01  3.8562385560e-02 
1226.000  3.9805958300e-01  3.8800006870e-02 
1227.000  3.8523445400e-01  3.7640708920e-02 
1228.000  3.9809088100e-01  3.9012596130e-02 
1229.000  3.9823943400e-01  3.9116603850e-02 
1230.000  3.9754185300e-01  3.9149822240e-02 
1231.000  3.9791170500e-01  3.9246738430e-02 
1232.000  3.9356109200e-01  3.8846351620e-02 
1233.000  3.9674179700e-01  3.9181922910e-02 
1234.000  3.9640930600e-01  3.9275390620e-02 
1235.000  3.9396501300e-01  3.9080467220e-02 
1236.000  3.9646135700e-01  3.9361709590e-02 
1237.000  3.9671222300e-01  3.9432201390e-02 
1238.000  3.9655625700e-01  3.9438350680e-02 
1239.000  3.9208259400e-01  3.9008342740e-02 
1240.000  3.9030805200e-01  3.8862133030e-02 
1241.000  3.9371618600e-01  3.9221935270e-02 
1242.000  3.9132295900e-01  3.9000236510e-02 
1243.000  3.8687083300e-01  3.8574718480e-02 
1244.000  3.8323306900e-01  3.8216831210e-02 
1245.000  3.8970709200e-01  3.8870140080e-02 
1246.000  3.8655051600e-01  3.8527011870e-02 
1247.000  3.8446859200e-01  3.8289146420e-02 
1248.000  3.8727815100e-01  3.8539543150e-02 
1249.000  3.8577431700e-01  3.8372764590e-02 
1250.000  3.8409704000e-01  3.8178134920e-02 
1251.000  3.8126967000e-01  3.7877777100e-02 
1252.000  3.7983309300e-01  3.7702190400e-02 
1253.000  3.7638187000e-01  3.7323524480e-02 
1254.000  3.7674051700e-01  3.7284042360e-02 
1255.000  3.7565720700e-01  3.7130565640e-02 
1256.000  3.7446237100e-01  3.6978366850e-02 
1257.000  3.6961799400e-01  3.6433776860e-02 
1258.000  3.6969859400e-01  3.6313209530e-02 
1259.000  3.6446838700e-01  3.5696620940e-02 
1260.000  3.6360317300e-01  3.5495155330e-02 
1261.000  3.6138857700e-01  3.5157020570e-02 
1262.000  3.5036416100e-01  3.3895141600e-02 
1263.000  3.5334127700e-01  3.4142562870e-02 
1264.000  3.4700440900e-01  3.3513950350e-02 
1265.000  3.4732735700e-01  3.3544067380e-02 
1266.000  3.4818700500e-01  3.3567478180e-02 
1267.000  3.4011704600e-01  3.2731552120e-02 
1268.000  3.3503418300e-01  3.2187717440e-02 
1269.000  3.3738644700e-01  3.2389522550e-02 
1270.000  3.4556101500e-01  3.3329914090e-02 
1271.000  3.4947797400e-01  3.3769149780e-02 
1272.000  3.5006208300e-01  3.3896942140e-02 
1273.000  3.5122202700e-01  3.4100330350e-02 
1274.000  3.5092092900e-01  3.4181694030e-02 
1275.000  3.5385917000e-01  3.4502014160e-02 
1276.000  3.5494258600e-01  3.4610084530e-02 
1277.000  3.5498345700e-01  3.4589874270e-02 
1278.000  3.5429573900e-01  3.4486927030e-02 
1279.000  3.5227300800e-01  3.4295501710e-02 
1280.000  3.5117420200e-01  3.4282997130e-02 
1281.000  3.4210092400e-01  3.3483684540e-02 
1282.000  3.0455345900e-01  2.9886100770e-02 
1283.000  3.3475807900e-01  3.2888332370e-02 
1284.000  3.4863505900e-01  3.4259223940e-02 
1285.000  3.5147484400e-01  3.4551895140e-02 
1286.000  3.5093169400e-01  3.4436382290e-02 
1287.000  3.5220231600e-01  3.4457462310e-02 
1288.000  3.4671903500e-01  3.3586925510e-02 
1289.000  3.4777108900e-01  3.3580562590e-02 
1290.000  3.3965629400e-01  3.2771293640e-02 
1291.000  3.4488754500e-01  3.3288677220e-02 
1292.000  3.4775693100e-01  3.3654052730e-02 
1293.000  3.4819604000e-01  3.3670257570e-02 
1294.000  3.4125832800e-01  3.2822525020e-02 
1295.000  3.4260614400e-01  3.2706447600e-02 
1296.000  3.4041754500e-01  3.2260360720e-02 
1297.000  3.3632377200e-01  3.1693805690e-02 
1298.000  3.3313618900e-01  3.1365865710e-02 
1299.000  3.3635931500e-01  3.1641235350e-02 
1300.000  3.3466995500e-01  3.1451467510e-02 
1301.000  3.3368997700e-01  3.1297523500e-02 
1302.000  3.2801369300e-01  3.0614900590e-02 
1303.000  3.2204477800e-01  2.9688003540e-02 
1304.000  3.2067682400e-01  2.9394456860e-02 
1305.000  3.2192757000e-01  2.9428806300e-02 
1306.000  3.2170996100e-01  2.9324802400e-02 
1307.000  3.1969852500e-01  2.9049692150e-02 
1308.000  3.1672921200e-01  2.8552497860e-02 
1309.000  3.1279975400e-01  2.7903020860e-02 
1310.000  3.1107791600e-01  2.7716203690e-02 
1311.000  3.1022467900e-01  2.7630607600e-02 
1312.000  3.0480039200e-01  2.6823577880e-02 
1313.000  2.8870547500e-01  2.5052701950e-02 
1314.000  2.9322572700e-01  2.5121294020e-02 
1315.000  2.8545370200e-01  2.4587400440e-02 
1316.000  2.9542605700e-01  2.5654176710e-02 
1317.000  2.9842959700e-01  2.5896512990e-02 
1318.000  2.8904417500e-01  2.4703060150e-02 
1319.000  2.8540560900e-01  2.3882785800e-02 
1320.000  2.7469978800e-01  2.2394367220e-02 
1321.000  2.7016983300e-01  2.1774890900e-02 
1322.000  2.7523623100e-01  2.2546751020e-02 
1323.000  2.8211986700e-01  2.3482429500e-02 
1324.000  2.8538010200e-01  2.3945720670e-02 
1325.000  2.8299977500e-01  2.3595781330e-02 
1326.000  2.7592517500e-01  2.2623979570e-02 
1327.000  2.6140512300e-01  2.0564947130e-02 
1328.000  2.4828761900e-01  1.8534673690e-02 
1329.000  2.1421960000e-01  1.4505808830e-02 
1330.000  2.0817808900e-01  1.3590606690e-02 
1331.000  2.0269372200e-01  1.2917669300e-02 
1332.000  2.0049849900e-01  1.2854051590e-02 
1333.000  2.1150837100e-01  1.3830268860e-02 
1334.000  2.1992576100e-01  1.4763799670e-02 
1335.000  2.2586902700e-01  1.5454633710e-02 
1336.000  2.2576226400e-01  1.5546783450e-02 
1337.000  2.2831769500e-01  1.5759499550e-02 
1338.000  2.3206980200e-01  1.6245628360e-02 
1339.000  2.3258366900e-01  1.6359291080e-02 
1340.000  2.3420399000e-01  1.6674085620e-02 
1341.000  2.3816099800e-01  1.6784553530e-02 
1342.000  2.3806379500e-01  1.6781805040e-02 
1343.000  2.2903389900e-01  1.5321778300e-02 
1344.000  2.1518288300e-01  1.3543982510e-02 
1345.000  1.7804035200e-01  9.6519718170e-03 
1346.000  1.5187058500e-01  7.2091078760e-03 
1347.000  1.3470577400e-01  5.8614873890e-03 
1348.000  1.1167640400e-01  4.0752177240e-03 
1349.000  1.0157354890e-01  3.4469900130e-03 
1350.000  7.9121082200e-02  2.1211631300e-03 
1351.000  6.8305698400e-02  1.6355366710e-03 
1352.000  5.2245704300e-02  9.6769607070e-04 
1353.000  3.7031327300e-02  5.2981603150e-04 
1354.000  2.9609963000e-02  3.5370707510e-04 
1355.000  2.2989643500e-02  2.2662584480e-04 
1356.000  1.7384938600e-02  1.3784831760e-04 
1357.000  1.1883083510e-02  6.9421112540e-05 
1358.000  8.7943052600e-03  4.2378336190e-05 
1359.000  4.6371910600e-03  1.4376495960e-05 
1360.000  3.0667198600e-03  7.5555890800e-06 
1361.000  2.2822904700e-03  4.4951005840e-06 
1362.000  2.1000788600e-03  3.9533767850e-06 
1363.000  3.0298724300e-03  6.9029652510e-06 
1364.000  3.5132267000e-03  8.6454609410e-06 
1365.000  3.6785386700e-03  9.1222682970e-06 
1366.000  4.2480994700e-03  1.1396515180e-05 
1367.000  3.5684715700e-03  8.9273313060e-06 
1368.000  3.1641449800e-03  7.7164750550e-06 
1369.000  3.2446891500e-03  8.1190997730e-06 
1370.000  5.3662043300e-03  1.8856717270e-05 
1371.000  9.5567451000e-03  4.7286670660e-05 
1372.000  1.7696171900e-02  1.3088886440e-04 
1373.000  2.5103475900e-02  2.3122121390e-04 
1374.000  3.0483465100e-02  3.2008588310e-04 
1375.000  3.2500715100e-02  3.5947749020e-04 
1376.000  3.0145766600e-02  3.1873980160e-04 
1377.000  2.6837236200e-02  2.6032617690e-04 
1378.000  2.0455565300e-02  1.6586689650e-04 
1379.000  1.4046705550e-02  8.9467771350e-05 
1380.000  7.9668963800e-03  3.5690728570e-05 
1381.000  4.6085475400e-03  1.4867884110e-05 
1382.000  3.2226946600e-03  8.3855921400e-06 
1383.000  3.1180834900e-03  7.8324042260e-06 
1384.000  5.0718368500e-03  1.6908166930e-05 
1385.000  7.2001172700e-03  2.9655393210e-05 
1386.000  1.0997429330e-02  5.8532867580e-05 
1387.000  2.0206249100e-02  1.6129678490e-04 
1388.000  2.6781542100e-02  2.5346773860e-04 
1389.000  3.0763886000e-02  3.2317954300e-04 
1390.000  3.1403207400e-02  3.3783873920e-04 
1391.000  2.9315279300e-02  3.0040270090e-04 
1392.000  2.2163625500e-02  1.8981185560e-04 
1393.000  1.6942354300e-02  1.2366041540e-04 
1394.000  1.2979782080e-02  8.0646760760e-05 
1395.000  1.4631311300e-02  9.7780957820e-05 
1396.000  2.0077379900e-02  1.6178387400e-04 
1397.000  2.5909717000e-02  2.4639223520e-04 
1398.000  2.6682510200e-02  2.5756871700e-04 
1399.000  2.4913567800e-02  2.3349584640e-04 
1400.000  2.3296305200e-02  2.1212019030e-04 
1401.000  2.4765160700e-02  2.3794753850e-04 
1402.000  3.0702065600e-02  3.3222329620e-04 
1403.000  3.5348409600e-02  4.3093985320e-04 
1404.000  3.3248348100e-02  3.8747459650e-04 
1405.000  3.4826885400e-02  4.2816388610e-04 
1406.000  3.2294329100e-02  3.7441402670e-04 
1407.000  3.3492412700e-02  4.0860363840e-04 
1408.000  4.0142957900e-02  5.4811245200e-04 
1409.000  4.7056600300e-02  7.2587537770e-04 
1410.000  5.7714324800e-02  1.0193241830e-03 
1411.000  6.8648654900e-02  1.4020900730e-03 
1412.000  6.6322481700e-02  1.3525670770e-03 
1413.000  7.3147303300e-02  1.6178554300e-03 
1414.000  7.2118328500e-02  1.5529378650e-03 
1415.000  7.9725510800e-02  1.8911010030e-03 
1416.000  8.5659127200e-02  2.1396741870e-03 
1417.000  8.7864471900e-02  2.2543196680e-03 
1418.000  8.8647464000e-02  2.2759680750e-03 
1419.000  8.8462780200e-02  2.3101177220e-03 
1420.000  9.0563697000e-02  2.3984961510e-03 
1421.000  1.0185655430e-01  2.9425077440e-03 
1422.000  1.0427941180e-01  3.1092081070e-03 
1423.000  1.0544221060e-01  3.2026226520e-03 
1424.000  1.0508391160e-01  3.1724689010e-03 
1425.000  1.0389107920e-01  3.0762927530e-03 
1426.000  1.0016545200e-01  2.9682800770e-03 
1427.000  1.0609502480e-01  3.2485740180e-03 
1428.000  1.1205676630e-01  3.5092997550e-03 
1429.000  1.1365790270e-01  3.6644282340e-03 
1430.000  1.1089409340e-01  3.5744895940e-03 
1431.000  1.0331181790e-01  3.1893601420e-03 
1432.000  1.0101765680e-01  3.0332665440e-03 
1433.000  1.0073298740e-01  3.0159723760e-03 
1434.000  9.6081534200e-02  2.8121609690e-03 
1435.000  1.0315175660e-01  3.1530559060e-03 
1436.000  1.0572031660e-01  3.2891950610e-03 
1437.000  1.0740539610e-01  3.3718366620e-03 
1438.000  1.1386759260e-01  3.7320890430e-03 
1439.000  1.1596897240e-01  3.8147900100e-03 
1440.000  1.1119594080e-01  3.7052381040e-03 
1441.000  1.1810232950e-01  3.9640231130e-03 
1442.000  1.1328738590e-01  3.7509303090e-03 
1443.000  1.1532352810e-01  3.8274371620e-03 
1444.000  1.1792333890e-01  3.9614312650e-03 
1445.000  1.1815940690e-01  3.9842426780e-03 
1446.000  1.2367552420e-01  4.2736840250e-03 
1447.000  1.2705539700e-01  4.4873561860e-03 
1448.000  1.2850339200e-01  4.5578813550e-03 
1449.000  1.2598056170e-01  4.4088678360e-03 
1450.000  1.2046831090e-01  4.1251645090e-03 
1451.000  1.2181699670e-01  4.2234449390e-03 
1452.000  1.2714795400e-01  4.6009025570e-03 
1453.000  1.4168016100e-01  5.4421176910e-03 
1454.000  1.5416911700e-01  6.2783784870e-03 
1455.000  1.6014198800e-01  6.7554512020e-03 
1456.000  1.6724483500e-01  7.3010716440e-03 
1457.000  1.6993459200e-01  7.4588766100e-03 
1458.000  1.7325828200e-01  7.6614775660e-03 
1459.000  1.6839103100e-01  7.2839474680e-03 
1460.000  1.6071531300e-01  6.8199615480e-03 
1461.000  1.5763263200e-01  6.6287727360e-03 
1462.000  1.4914534100e-01  6.0913944240e-03 
1463.000  1.4815653400e-01  6.0673909190e-03 
1464.000  1.4624291400e-01  5.9459381100e-03 
1465.000  1.4299868200e-01  5.6898078920e-03 
1466.000  1.3327156500e-01  5.1561384200e-03 
1467.000  1.3230523300e-01  5.0169553760e-03 
1468.000  1.2416416810e-01  4.6012244220e-03 
1469.000  1.1778434350e-01  4.1893782620e-03 
1470.000  1.1437347570e-01  4.0133838650e-03 
1471.000  1.2137285290e-01  4.5067739490e-03 
1472.000  1.3365128600e-01  5.2936444280e-03 
1473.000  1.5019687700e-01  6.4228143690e-03 
1474.000  1.5743196700e-01  7.1186423300e-03 
1475.000  1.6023123200e-01  7.2745718960e-03 
1476.000  1.6049192100e-01  7.3161845210e-03 
1477.000  1.5705201300e-01  7.0802459720e-03 
1478.000  1.5091043300e-01  6.7308092120e-03 
1479.000  1.4791761500e-01  6.4830636980e-03 
1480.000  1.5099860200e-01  6.7440962790e-03 
1481.000  1.5382142300e-01  7.0579757690e-03 
1482.000  1.6077002100e-01  7.6003527640e-03 
1483.000  1.5899113600e-01  7.5979890820e-03 
1484.000  1.6002215800e-01  7.6914491650e-03 
1485.000  1.6232265400e-01  7.8071322440e-03 
1486.000  1.6369527300e-01  8.0841131210e-03 
1487.000  1.7371515500e-01  9.0020961760e-03 
1488.000  1.5223647000e-01  7.9552121160e-03 
1489.000  1.8682037000e-01  1.0378993990e-02 
1490.000  1.9765211400e-01  1.1560715680e-02 
1491.000  2.0471340800e-01  1.2321724890e-02 
1492.000  2.0100156000e-01  1.2206694600e-02 
1493.000  2.0843043300e-01  1.2897497180e-02 
1494.000  2.0812702800e-01  1.2963721280e-02 
1495.000  2.0984993600e-01  1.3315606120e-02 
1496.000  2.0948632200e-01  1.3636349680e-02 
1497.000  2.1459459400e-01  1.4053121570e-02 
1498.000  2.2167331500e-01  1.4840814590e-02 
1499.000  2.2266165900e-01  1.5220553400e-02 
1500.000  2.2952782700e-01  1.5948188780e-02 
1501.000  2.2822229700e-01  1.5850462910e-02 
1502.000  2.2454184600e-01  1.5553866390e-02 
1503.000  2.0058849400e-01  1.3880784990e-02 
1504.000  2.0992097800e-01  1.4635291100e-02 
1505.000  2.1254286400e-01  1.5057570460e-02 
1506.000  2.1547412000e-01  1.5336214070e-02 
1507.000  2.2828885300e-01  1.6485599520e-02 
1508.000  2.2628128900e-01  1.6497140880e-02 
1509.000  2.2880476100e-01  1.6849123000e-02 
1510.000  2.3290476800e-01  1.7253540040e-02 
1511.000  2.3505115800e-01  1.7542598720e-02 
1512.000  2.3136613600e-01  1.7366287230e-02 
1513.000  2.3127619600e-01  1.7440761570e-02 
1514.000  2.2811014800e-01  1.7255872730e-02 
1515.000  2.3341466200e-01  1.7756124500e-02 
1516.000  2.3150883900e-01  1.7663194660e-02 
1517.000  2.3088796100e-01  1.7696277620e-02 
1518.000  2.3660851600e-01  1.8269153590e-02 
1519.000  2.3482653900e-01  1.8280733110e-02 
1520.000  2.3842513200e-01  1.8761562350e-02 
1521.000  2.3503627600e-01  1.8630144120e-02 
1522.000  2.3367688400e-01  1.8576570510e-02 
1523.000  2.3970201000e-01  1.9137182240e-02 
1524.000  2.3761869500e-01  1.8998552320e-02 
1525.000  2.3188419600e-01  1.8558580400e-02 
1526.000  2.3851831900e-01  1.9125242230e-02 
1527.000  2.3640588600e-01  1.9021724700e-02 
1528.000  2.3850612800e-01  1.9272537230e-02 
1529.000  2.3775999200e-01  1.9237825390e-02 
1530.000  2.2290923400e-01  1.8107042310e-02 
1531.000  2.3854945900e-01  1.9438756940e-02 
1532.000  2.3741268900e-01  1.9411981580e-02 
1533.000  2.3645141900e-01  1.9379617690e-02 
1534.000  2.3297418100e-01  1.9136283870e-02 
1535.000  2.3396149300e-01  1.9260044100e-02 
1536.000  2.3709360300e-01  1.9571369170e-02 
1537.000  2.3803015500e-01  1.9725202560e-02 
1538.000  2.3170484500e-01  1.9280181880e-02 
1539.000  2.3671903900e-01  1.9774154660e-02 
1540.000  2.2817209000e-01  1.9121599200e-02 
1541.000  2.3298388600e-01  1.9564750670e-02 
1542.000  2.3437065700e-01  1.9712148670e-02 
1543.000  2.3373310200e-01  1.9699598310e-02 
1544.000  2.3673559400e-01  2.0001253130e-02 
1545.000  2.3764378000e-01  2.0140689850e-02 
1546.000  2.3786241700e-01  2.0225084300e-02 
1547.000  2.3555267700e-01  2.0089126590e-02 
1548.000  2.2859546900e-01  1.9548685070e-02 
1549.000  2.3445456800e-01  2.0091251370e-02 
1550.000  2.3313718700e-01  2.0015445710e-02 
1551.000  2.3190986600e-01  1.9930976870e-02 
1552.000  2.3586289200e-01  2.0288965230e-02 
1553.000  2.3462993000e-01  2.0208911900e-02 
1554.000  2.2603316500e-01  1.9485229490e-02 
1555.000  2.2980506300e-01  1.9840902330e-02 
1556.000  2.2541777800e-01  1.9504354480e-02 
1557.000  2.3279859600e-01  2.0198106770e-02 
1558.000  2.3095581700e-01  2.0080718990e-02 
1559.000  2.3097406200e-01  2.0122205730e-02 
1560.000  2.2698545300e-01  1.9822484970e-02 
1561.000  2.3228301800e-01  2.0307796480e-02 
1562.000  2.3217515400e-01  2.0299043660e-02 
1563.000  2.2870511200e-01  2.0005207060e-02 
1564.000  2.2404765500e-01  1.9598457340e-02 
1565.000  2.2730044200e-01  1.9877437590e-02 
1566.000  2.2299368500e-01  1.9526235580e-02 
1567.000  2.2263669400e-01  1.9498912810e-02 
1568.000  2.1748296000e-01  1.9036504750e-02 
1569.000  2.1766506300e-01  1.9035623550e-02 
1570.000  2.1161058200e-01  1.8503551480e-02 
1571.000  2.1728064300e-01  1.9028373720e-02 
1572.000  2.1711471100e-01  1.9029878620e-02 
1573.000  2.1381696600e-01  1.8779901500e-02 
1574.000  2.1465977400e-01  1.8903125760e-02 
1575.000  1.9943879100e-01  1.7599327090e-02 
1576.000  2.1426322300e-01  1.8925188060e-02 
1577.000  1.9354644800e-01  1.7099937440e-02 
1578.000  2.1189221700e-01  1.8725784300e-02 
1579.000  2.1321493400e-01  1.8855304720e-02 
1580.000  2.1776334100e-01  1.9283107760e-02 
1581.000  2.1631934300e-01  1.9163873670e-02 
1582.000  2.1216981400e-01  1.8850418090e-02 
1583.000  2.1497423700e-01  1.9151428220e-02 
1584.000  2.1324226800e-01  1.9050634380e-02 
1585.000  2.1968819300e-01  1.9672903060e-02 
1586.000  2.1692916100e-01  1.9454214100e-02 
1587.000  2.1466814800e-01  1.9296968460e-02 
1588.000  2.1151889800e-01  1.9056299210e-02 
1589.000  1.9351802300e-01  1.7457120900e-02 
1590.000  2.0848619900e-01  1.8828378680e-02 
1591.000  2.0381560100e-01  1.8426107410e-02 
1592.000  2.1448838900e-01  1.9398117070e-02 
1593.000  2.1910343400e-01  1.9817127230e-02 
1594.000  2.1722890100e-01  1.9650697710e-02 
1595.000  2.1820211300e-01  1.9744413380e-02 
1596.000  2.0439725900e-01  1.8515916820e-02 
1597.000  2.1198657500e-01  1.9201957700e-02 
1598.000  2.1490137400e-01  1.9455953600e-02 
1599.000  2.0646614300e-01  1.8675168990e-02 
1600.000  2.0891842600e-01  1.8886854170e-02 
1601.000  2.0012344800e-01  1.8111364360e-02 
1602.000  2.0498976100e-01  1.8580415730e-02 
1603.000  2.0376210500e-01  1.8518430710e-02 
1604.000  2.0680596600e-01  1.8850492480e-02 
1605.000  2.0374807000e-01  1.8602632520e-02 
1606.000  2.0310955100e-01  1.8580345150e-02 
1607.000  2.0379695300e-01  1.8633245470e-02 
1608.000  2.0599085800e-01  1.8824527740e-02 
1609.000  2.0519886900e-01  1.8752719880e-02 
1610.000  1.9254126800e-01  1.7599723820e-02 
1611.000  1.9868659600e-01  1.8187417980e-02 
1612.000  2.0115407300e-01  1.8441436770e-02 
1613.000  2.0617237700e-01  1.8928691860e-02 
1614.000  2.0414833700e-01  1.8741422650e-02 
1615.000  2.0791867100e-01  1.9108640670e-02 
1616.000  1.9520243500e-01  1.7953714370e-02 
1617.000  2.0130505100e-01  1.8564353940e-02 
1618.000  2.0757699500e-01  1.9167169570e-02 
1619.000  2.0729588200e-01  1.9191772460e-02 
1620.000  2.0240581900e-01  1.8787265780e-02 
1621.000  1.9967962600e-01  1.8572374340e-02 
1622.000  2.0470506300e-01  1.9051576610e-02 
1623.000  2.0898488000e-01  1.9471992490e-02 
1624.000  2.1051255400e-01  1.9630859380e-02 
1625.000  2.0549872900e-01  1.9202934270e-02 
1626.000  2.0779930100e-01  1.9406646730e-02 
1627.000  2.0756084000e-01  1.9405632020e-02 
1628.000  2.0913804700e-01  1.9561395650e-02 
1629.000  2.0900171400e-01  1.9554321290e-02 
1630.000  2.0314026000e-01  1.9001468660e-02 
1631.000  2.0631706400e-01  1.9309787750e-02 
1632.000  2.0614467700e-01  1.9257926940e-02 
1633.000  2.0342478200e-01  1.8989656450e-02 
1634.000  1.9846452900e-01  1.8505010600e-02 
1635.000  2.0378449800e-01  1.8989614490e-02 
1636.000  2.0301914900e-01  1.8899976730e-02 
1637.000  1.9371028200e-01  1.8015750890e-02 
1638.000  1.9229485200e-01  1.7875263210e-02 
1639.000  1.9001274700e-01  1.7635477070e-02 
1640.000  1.9095876000e-01  1.7708847050e-02 
1641.000  1.8959547400e-01  1.7571285250e-02 
1642.000  1.8935796000e-01  1.7588949200e-02 
1643.000  1.9415666300e-01  1.8066621780e-02 
1644.000  1.9108550900e-01  1.7808795930e-02 
1645.000  1.9138443100e-01  1.7859273910e-02 
1646.000  1.9368405700e-01  1.8108755110e-02 
1647.000  1.9548460000e-01  1.8283832550e-02 
1648.000  1.9460112400e-01  1.8196796420e-02 
1649.000  1.9013013500e-01  1.7782686230e-02 
1650.000  1.9494768900e-01  1.8241809840e-02 
1651.000  1.9059543600e-01  1.7835578920e-02 
1652.000  1.9438484000e-01  1.8182926180e-02 
1653.000  1.9238380200e-01  1.8007095340e-02 
1654.000  1.9454175900e-01  1.8214757920e-02 
1655.000  1.9085707000e-01  1.7885496140e-02 
1656.000  1.9467892800e-01  1.8255033490e-02 
1657.000  1.9326555200e-01  1.8127367020e-02 
1658.000  1.9448450700e-01  1.8257360460e-02 
1659.000  1.9094709100e-01  1.7930158620e-02 
1660.000  1.9315396400e-01  1.8131652830e-02 
1661.000  1.9390854300e-01  1.8195106510e-02 
1662.000  1.9245069400e-01  1.8027719500e-02 
1663.000  1.9117650700e-01  1.7890560150e-02 
1664.000  1.9028516300e-01  1.7788118360e-02 
1665.000  1.8834426800e-01  1.7582670210e-02 
1666.000  1.8757485300e-01  1.7519643780e-02 
1667.000  1.8949040400e-01  1.7743648530e-02 
1668.000  1.8627994500e-01  1.7461801530e-02 
1669.000  1.8680499800e-01  1.7538099290e-02 
1670.000  1.9100500300e-01  1.7962841030e-02 
1671.000  1.8960812800e-01  1.7849403380e-02 
1672.000  1.8062738000e-01  1.7028842930e-02 
1673.000  1.8578708200e-01  1.7525003430e-02 
1674.000  1.8653677500e-01  1.7611303330e-02 
1675.000  1.8480543700e-01  1.7473224640e-02 
1676.000  1.8181709200e-01  1.7195516590e-02 
1677.000  1.8274685000e-01  1.7285701750e-02 
1678.000  1.8375987100e-01  1.7391298290e-02 
1679.000  1.8131857500e-01  1.7158269880e-02 
1680.000  1.7510355400e-01  1.6579526900e-02 
1681.000  1.6903464400e-01  1.6008945470e-02 
1682.000  1.7391648900e-01  1.6469144820e-02 
1683.000  1.7820612400e-01  1.6867788310e-02 
1684.000  1.8149956600e-01  1.7172780990e-02 
1685.000  1.8201915700e-01  1.7198568340e-02 
1686.000  1.7982331300e-01  1.6984041210e-02 
1687.000  1.8051887400e-01  1.7007493970e-02 
1688.000  1.8061188200e-01  1.6980615620e-02 
1689.000  1.7843314800e-01  1.6766407010e-02 
1690.000  1.7828806500e-01  1.6712835310e-02 
1691.000  1.8059463600e-01  1.6928167340e-02 
1692.000  1.8092015200e-01  1.6963914870e-02 
1693.000  1.8028112500e-01  1.6914623260e-02 
1694.000  1.8001185600e-01  1.6894701000e-02 
1695.000  1.8005773700e-01  1.6885719300e-02 
1696.000  1.7900410500e-01  1.6768495560e-02 
1697.000  1.7787825600e-01  1.6630771640e-02 
1698.000  1.7893326200e-01  1.6702772140e-02 
1699.000  1.7777753900e-01  1.6574588780e-02 
1700.000  1.7552663400e-01  1.6345876690e-02 
