 lambda   Irr_dw            Rad_up 
 550.000  1.5476971000e+00  2.1436048890e-01 
 551.000  1.5373843000e+00  2.1289558410e-01 
 552.000  1.6029260000e+00  2.2198591610e-01 
 553.000  1.5395058000e+00  2.1315538020e-01 
 554.000  1.5891789000e+00  2.2003643800e-01 
 555.000  1.5930428000e+00  2.2050791930e-01 
 556.000  1.5485699000e+00  2.1429211430e-01 
 557.000  1.5021064000e+00  2.0786698910e-01 
 558.000  1.5586454000e+00  2.1562896730e-01 
 559.000  1.4727881000e+00  2.0372026060e-01 
 560.000  1.4788088000e+00  2.0454991150e-01 
 561.000  1.6247952000e+00  2.2466128540e-01 
 562.000  1.4910065000e+00  2.0610989380e-01 
 563.000  1.5594937000e+00  2.1549780270e-01 
 564.000  1.5371276000e+00  2.1229385380e-01 
 565.000  1.5550092000e+00  2.1471034240e-01 
 566.000  1.4333296000e+00  1.9784101870e-01 
 567.000  1.5370409000e+00  2.1192515560e-01 
 568.000  1.5323768000e+00  2.1057925420e-01 
 569.000  1.5004601000e+00  2.0470555110e-01 
 570.000  1.5081346000e+00  2.0594812010e-01 
 571.000  1.4551062000e+00  1.9970491030e-01 
 572.000  1.5369709000e+00  2.0993293760e-01 
 573.000  1.5531557000e+00  2.1241665650e-01 
 574.000  1.5444259000e+00  2.1126617430e-01 
 575.000  1.5063674000e+00  2.0594987490e-01 
 576.000  1.4787932000e+00  2.0212194820e-01 
 577.000  1.5401186000e+00  2.1072200010e-01 
 578.000  1.4952554000e+00  2.0497097780e-01 
 579.000  1.4838131000e+00  2.0357702640e-01 
 580.000  1.5348671000e+00  2.1075831600e-01 
 581.000  1.5071580000e+00  2.0720114140e-01 
 582.000  1.5296402000e+00  2.1033444210e-01 
 583.000  1.5401054000e+00  2.1179873660e-01 
 584.000  1.5350223000e+00  2.1103125000e-01 
 585.000  1.5247120000e+00  2.0953543090e-01 
 586.000  1.4589989000e+00  2.0048301700e-01 
 587.000  1.5156769000e+00  2.0766365050e-01 
 588.000  1.4991740000e+00  2.0336114500e-01 
 589.000  1.3282410000e+00  1.7758367920e-01 
 590.000  1.3866988000e+00  1.8522482300e-01 
 591.000  1.4737045000e+00  1.9867430110e-01 
 592.000  1.4451570000e+00  1.9376098630e-01 
 593.000  1.4606649000e+00  1.9793678280e-01 
 594.000  1.4737832000e+00  1.9920330810e-01 
 595.000  1.4452144000e+00  1.9380638120e-01 
 596.000  1.4813100000e+00  2.0082713320e-01 
 597.000  1.4855739000e+00  2.0086958310e-01 
 598.000  1.4552498000e+00  1.9768293760e-01 
 599.000  1.4556278000e+00  1.9811088560e-01 
 600.000  1.4560625000e+00  1.9902317810e-01 
 601.000  1.4479257000e+00  1.9851768490e-01 
 602.000  1.4320826000e+00  1.9651977540e-01 
 603.000  1.4407084000e+00  1.9791459660e-01 
 604.000  1.4863181000e+00  2.0436624150e-01 
 605.000  1.4824637000e+00  2.0383941650e-01 
 606.000  1.4652086000e+00  2.0151025390e-01 
 607.000  1.4568947000e+00  2.0034623720e-01 
 608.000  1.4514703000e+00  1.9955918880e-01 
 609.000  1.4364947000e+00  1.9750044250e-01 
 610.000  1.4134095000e+00  1.9428466800e-01 
 611.000  1.4362774000e+00  1.9742517090e-01 
 612.000  1.4174962000e+00  1.9484434510e-01 
 613.000  1.3967073000e+00  1.9195619200e-01 
 614.000  1.3457242000e+00  1.8495729060e-01 
 615.000  1.4106459000e+00  1.9382904050e-01 
 616.000  1.3411754000e+00  1.8429431150e-01 
 617.000  1.3486751000e+00  1.8531541440e-01 
 618.000  1.4122271000e+00  1.9398121640e-01 
 619.000  1.3992113000e+00  1.9220877080e-01 
 620.000  1.4197999000e+00  1.9496328740e-01 
 621.000  1.4441285000e+00  1.9827804570e-01 
 622.000  1.3678762000e+00  1.8775364690e-01 
 623.000  1.3784485000e+00  1.8909867860e-01 
 624.000  1.3798408000e+00  1.8929066470e-01 
 625.000  1.3423834000e+00  1.8411831670e-01 
 626.000  1.3490833000e+00  1.8485083010e-01 
 627.000  1.3714048000e+00  1.8717692570e-01 
 628.000  1.3524062000e+00  1.8321873470e-01 
 629.000  1.3865965000e+00  1.8832380680e-01 
 630.000  1.3406334000e+00  1.8269679260e-01 
 631.000  1.3898874000e+00  1.8960774230e-01 
 632.000  1.2945042000e+00  1.7603157040e-01 
 633.000  1.3896938000e+00  1.8968046570e-01 
 634.000  1.3479729000e+00  1.8420378110e-01 
 635.000  1.3725807000e+00  1.8754890440e-01 
 636.000  1.3242175000e+00  1.8106175230e-01 
 637.000  1.3678943000e+00  1.8711314390e-01 
 638.000  1.3892288000e+00  1.9035374450e-01 
 639.000  1.3777148000e+00  1.8871354680e-01 
 640.000  1.3344882000e+00  1.8302220150e-01 
 641.000  1.3537187000e+00  1.8563400270e-01 
 642.000  1.3374594000e+00  1.8351205440e-01 
 643.000  1.3607534000e+00  1.8644720460e-01 
 644.000  1.3451094000e+00  1.8425427250e-01 
 645.000  1.3567335000e+00  1.8550837710e-01 
 646.000  1.3047073000e+00  1.7690948490e-01 
 647.000  1.3221978000e+00  1.7826258850e-01 
 648.000  1.3196414000e+00  1.7690115360e-01 
 649.000  1.3459302000e+00  1.8126620480e-01 
 650.000  1.2475080400e+00  1.6970130920e-01 
 651.000  1.3437653000e+00  1.8277410890e-01 
 652.000  1.3175281000e+00  1.7761361690e-01 
 653.000  1.3444021000e+00  1.8306187440e-01 
 654.000  1.3267255000e+00  1.8037640380e-01 
 655.000  1.2915887000e+00  1.7492195130e-01 
 656.000  1.0965570000e+00  1.4867422490e-01 
 657.000  1.1703835100e+00  1.5899472050e-01 
 658.000  1.3037463000e+00  1.7775924680e-01 
 659.000  1.3069302000e+00  1.7852665710e-01 
 660.000  1.3171821000e+00  1.8008236690e-01 
 661.000  1.3230471000e+00  1.8137484740e-01 
 662.000  1.3421089000e+00  1.8419090270e-01 
 663.000  1.3271476000e+00  1.8204899600e-01 
 664.000  1.3060494800e+00  1.7921365360e-01 
 665.000  1.3117136800e+00  1.8002990720e-01 
 666.000  1.3275024000e+00  1.8230635070e-01 
 667.000  1.3011393900e+00  1.7869157410e-01 
 668.000  1.3085187600e+00  1.7981405640e-01 
 669.000  1.3271624200e+00  1.8242189030e-01 
 670.000  1.3115737500e+00  1.8022705080e-01 
 671.000  1.2973650600e+00  1.7830654910e-01 
 672.000  1.2932300100e+00  1.7773263550e-01 
 673.000  1.3024373100e+00  1.7898638920e-01 
 674.000  1.3049291900e+00  1.7933691410e-01 
 675.000  1.2849873100e+00  1.7657554630e-01 
 676.000  1.3092143400e+00  1.7991119380e-01 
 677.000  1.2831402400e+00  1.7633956910e-01 
 678.000  1.3043503500e+00  1.7923945620e-01 
 679.000  1.2859014400e+00  1.7666494750e-01 
 680.000  1.2759826800e+00  1.7524263000e-01 
 681.000  1.2772989800e+00  1.7533927920e-01 
 682.000  1.2746142500e+00  1.7491088870e-01 
 683.000  1.2829349600e+00  1.7597309880e-01 
 684.000  1.2597040100e+00  1.7267651370e-01 
 685.000  1.2739131000e+00  1.7467848210e-01 
 686.000  1.2177628900e+00  1.6668881230e-01 
 687.000  1.1255132900e+00  1.4933515930e-01 
 688.000  1.1555361200e+00  1.5486639400e-01 
 689.000  1.1499898800e+00  1.5364167790e-01 
 690.000  1.1706559900e+00  1.5722908020e-01 
 691.000  1.1944734600e+00  1.6123748780e-01 
 692.000  1.1975892000e+00  1.6170118710e-01 
 693.000  1.1964794300e+00  1.5951942440e-01 
 694.000  1.1984613200e+00  1.5797817990e-01 
 695.000  1.1855964300e+00  1.5715774540e-01 
 696.000  1.2040874300e+00  1.6017070010e-01 
 697.000  1.2272363200e+00  1.6634300230e-01 
 698.000  1.1999829700e+00  1.6192463680e-01 
 699.000  1.2031664000e+00  1.5961312870e-01 
 700.000  1.1920546000e+00  1.5853306580e-01 
 701.000  1.1611662100e+00  1.5381243900e-01 
 702.000  1.1583265300e+00  1.5383993530e-01 
 703.000  1.1900032600e+00  1.6024578860e-01 
 704.000  1.1939607300e+00  1.6087316890e-01 
 705.000  1.1965764200e+00  1.6027008060e-01 
 706.000  1.1850163600e+00  1.5889372250e-01 
 707.000  1.1693160200e+00  1.5711621090e-01 
 708.000  1.2056593500e+00  1.6235266110e-01 
 709.000  1.1676273700e+00  1.5794639590e-01 
 710.000  1.1889438900e+00  1.5999172970e-01 
 711.000  1.1823610100e+00  1.5988882450e-01 
 712.000  1.1703706800e+00  1.5895961000e-01 
 713.000  1.1615857600e+00  1.5717752080e-01 
 714.000  1.1799340300e+00  1.5941328430e-01 
 715.000  1.1326608700e+00  1.5208757020e-01 
 716.000  1.1558312400e+00  1.5423588560e-01 
 717.000  1.0831344200e+00  1.3939610290e-01 
 718.000  1.0504718400e+00  1.3217681880e-01 
 719.000  1.0286445800e+00  1.2831695560e-01 
 720.000  1.0217151100e+00  1.2594957730e-01 
 721.000  1.0831229800e+00  1.4068743900e-01 
 722.000  1.1208199000e+00  1.4824191280e-01 
 723.000  1.1054578700e+00  1.4466545100e-01 
 724.000  1.0752642800e+00  1.3659219360e-01 
 725.000  1.0687744000e+00  1.3633561710e-01 
 726.000  1.0649491300e+00  1.3566343690e-01 
 727.000  1.0857613600e+00  1.3887042240e-01 
 728.000  1.0613551000e+00  1.3515344240e-01 
 729.000  1.0323130900e+00  1.3293463130e-01 
 730.000  1.0678670300e+00  1.3725984190e-01 
 731.000  1.0472323900e+00  1.3433639530e-01 
 732.000  1.0898997700e+00  1.4245484920e-01 
 733.000  1.0946651100e+00  1.4576010130e-01 
 734.000  1.1277571800e+00  1.5150743100e-01 
 735.000  1.1148334200e+00  1.4927278140e-01 
 736.000  1.0872563100e+00  1.4472972110e-01 
 737.000  1.1065137900e+00  1.4792059330e-01 
 738.000  1.1102973800e+00  1.4933435060e-01 
 739.000  1.0771495500e+00  1.4527455140e-01 
 740.000  1.0936378700e+00  1.4837815860e-01 
 741.000  1.0885134000e+00  1.4824592590e-01 
 742.000  1.0720306700e+00  1.4623303220e-01 
 743.000  1.1068266100e+00  1.5149812320e-01 
 744.000  1.1187091100e+00  1.5337228390e-01 
 745.000  1.0906936700e+00  1.4972804260e-01 
 746.000  1.1066932800e+00  1.5205159000e-01 
 747.000  1.1233630800e+00  1.5434819030e-01 
 748.000  1.1039367400e+00  1.5177474980e-01 
 749.000  1.1044278200e+00  1.5189721680e-01 
 750.000  1.0878545400e+00  1.4955041500e-01 
 751.000  1.0850551500e+00  1.4917028810e-01 
 752.000  1.1021603500e+00  1.5162054440e-01 
 753.000  1.0918954600e+00  1.5023815920e-01 
 754.000  1.1090896800e+00  1.5262348940e-01 
 755.000  1.1027308800e+00  1.5175445560e-01 
 756.000  1.0811530800e+00  1.4879052730e-01 
 757.000  1.0891119600e+00  1.4989024350e-01 
 758.000  1.0868109200e+00  1.4951493840e-01 
 759.000  1.0041507100e+00  1.3584403990e-01 
 760.000  5.1232629000e-01  5.8488239290e-02 
 761.000  4.6276177000e-01  5.1568687440e-02 
 762.000  7.3940686000e-01  9.2893440250e-02 
 763.000  6.7070460000e-01  8.1531715390e-02 
 764.000  7.1701446000e-01  8.8589309690e-02 
 765.000  8.1909705000e-01  1.0496830750e-01 
 766.000  8.8610649000e-01  1.1753217320e-01 
 767.000  9.4983519000e-01  1.2791012570e-01 
 768.000  1.0208164700e+00  1.3884672550e-01 
 769.000  1.0384628000e+00  1.4218641660e-01 
 770.000  1.0435294000e+00  1.4332241820e-01 
 771.000  1.0491303800e+00  1.4434996030e-01 
 772.000  1.0462024600e+00  1.4401541140e-01 
 773.000  1.0422766800e+00  1.4350915530e-01 
 774.000  1.0537570700e+00  1.4512396240e-01 
 775.000  1.0143167600e+00  1.3971844480e-01 
 776.000  1.0561861600e+00  1.4552827450e-01 
 777.000  1.0488526900e+00  1.4451866150e-01 
 778.000  1.0431944100e+00  1.4372254940e-01 
 779.000  1.0465570100e+00  1.4416529850e-01 
 780.000  1.0335736200e+00  1.4238983150e-01 
 781.000  1.0319721100e+00  1.4219607540e-01 
 782.000  1.0443755900e+00  1.4386206050e-01 
 783.000  1.0199401700e+00  1.4052526860e-01 
 784.000  1.0254927400e+00  1.4123622130e-01 
 785.000  1.0273225200e+00  1.4125712590e-01 
 786.000  1.0082935900e+00  1.3835014340e-01 
 787.000  1.0201505800e+00  1.3927734380e-01 
 788.000  1.0032450200e+00  1.3663970950e-01 
 789.000  1.0032896100e+00  1.3547961430e-01 
 790.000  9.9262968000e-01  1.3391915890e-01 
 791.000  9.8859853000e-01  1.3359938050e-01 
 792.000  9.7390994000e-01  1.3179289250e-01 
 793.000  9.7522405000e-01  1.3243003850e-01 
 794.000  9.7007127000e-01  1.3273155210e-01 
 795.000  9.6181166000e-01  1.3095802310e-01 
 796.000  9.7009889000e-01  1.3058653260e-01 
 797.000  9.7850177000e-01  1.3217109680e-01 
 798.000  9.8413080000e-01  1.3392697140e-01 
 799.000  9.8214700000e-01  1.3341296390e-01 
 800.000  9.5284544000e-01  1.2873138430e-01 
 801.000  9.7105953000e-01  1.3127719120e-01 
 802.000  9.6871484000e-01  1.3087281800e-01 
 803.000  9.5542446000e-01  1.2918957520e-01 
 804.000  9.6578015000e-01  1.3094836430e-01 
 805.000  9.4259675000e-01  1.2845082090e-01 
 806.000  9.7009534000e-01  1.3257545470e-01 
 807.000  9.6417443000e-01  1.3180187990e-01 
 808.000  9.5732919000e-01  1.3062535100e-01 
 809.000  9.3965819000e-01  1.2793913270e-01 
 810.000  9.3383136000e-01  1.2684259030e-01 
 811.000  9.4541268000e-01  1.2783927920e-01 
 812.000  9.3759696000e-01  1.2600336460e-01 
 813.000  9.2774438000e-01  1.2373416140e-01 
 814.000  9.1863827000e-01  1.2137744900e-01 
 815.000  8.9886635000e-01  1.1738667300e-01 
 816.000  8.7783236000e-01  1.1297713470e-01 
 817.000  8.8387291000e-01  1.1382812500e-01 
 818.000  8.7956302000e-01  1.1337098690e-01 
 819.000  8.6003571000e-01  1.1142589570e-01 
 820.000  8.5756666000e-01  1.1291500090e-01 
 821.000  9.0275477000e-01  1.2107892610e-01 
 822.000  8.6488014000e-01  1.1432668300e-01 
 823.000  8.4082785000e-01  1.0696107480e-01 
 824.000  8.8411963000e-01  1.1616980740e-01 
 825.000  9.0189322000e-01  1.2113855740e-01 
 826.000  9.0422210000e-01  1.2098733520e-01 
 827.000  8.9883975000e-01  1.1992063900e-01 
 828.000  8.8446930000e-01  1.1633608250e-01 
 829.000  8.8851535000e-01  1.1744216920e-01 
 830.000  8.7931252000e-01  1.1689233400e-01 
 831.000  8.6495681000e-01  1.1514414980e-01 
 832.000  8.8308319000e-01  1.1763238530e-01 
 833.000  8.5827911000e-01  1.1475822450e-01 
 834.000  8.7405627000e-01  1.1734508510e-01 
 835.000  8.8142694000e-01  1.1923285680e-01 
 836.000  8.8984367000e-01  1.2013419340e-01 
 837.000  8.8224363000e-01  1.1907028960e-01 
 838.000  8.8805036000e-01  1.2033501430e-01 
 839.000  8.6180527000e-01  1.1705106350e-01 
 840.000  8.8538892000e-01  1.2033977510e-01 
 841.000  8.8616777000e-01  1.2012896730e-01 
 842.000  8.8192550000e-01  1.1981637570e-01 
 843.000  8.7888610000e-01  1.2010849760e-01 
 844.000  8.6560020000e-01  1.1860074620e-01 
 845.000  8.7930644000e-01  1.2062192540e-01 
 846.000  8.8770913000e-01  1.2195272830e-01 
 847.000  8.5770802000e-01  1.1802100370e-01 
 848.000  8.8192811000e-01  1.2105376430e-01 
 849.000  8.8365088000e-01  1.2135920720e-01 
 850.000  7.6357091000e-01  1.0471387480e-01 
 851.000  8.7421268000e-01  1.1970614620e-01 
 852.000  8.4109196000e-01  1.1521407320e-01 
 853.000  8.5161401000e-01  1.1688449860e-01 
 854.000  6.8460824000e-01  9.3969047550e-02 
 855.000  7.5393644000e-01  1.0362403870e-01 
 856.000  8.5614022000e-01  1.1791101070e-01 
 857.000  8.7003906000e-01  1.1998476410e-01 
 858.000  8.5619996000e-01  1.1812834170e-01 
 859.000  8.5628255000e-01  1.1827214050e-01 
 860.000  8.4872053000e-01  1.1731437680e-01 
 861.000  8.4860678000e-01  1.1730268100e-01 
 862.000  8.4583032000e-01  1.1692781070e-01 
 863.000  8.6198936000e-01  1.1921012120e-01 
 864.000  8.6026460000e-01  1.1893803410e-01 
 865.000  8.4423641000e-01  1.1679457090e-01 
 866.000  7.0813529000e-01  9.7991111760e-02 
 867.000  7.5407162000e-01  1.0426668550e-01 
 868.000  8.1781361000e-01  1.1312163540e-01 
 869.000  8.0633080000e-01  1.1153896330e-01 
 870.000  8.3957493000e-01  1.1618392940e-01 
 871.000  8.3838136000e-01  1.1600110630e-01 
 872.000  8.3500189000e-01  1.1546186070e-01 
 873.000  8.3833204000e-01  1.1596455380e-01 
 874.000  8.1993903000e-01  1.1338667300e-01 
 875.000  8.1238768000e-01  1.1240362550e-01 
 876.000  8.1911254000e-01  1.1328492740e-01 
 877.000  8.3542099000e-01  1.1547943120e-01 
 878.000  8.2100290000e-01  1.1345386510e-01 
 879.000  8.2289832000e-01  1.1373796840e-01 
 880.000  8.1806890000e-01  1.1294503780e-01 
 881.000  7.7551726000e-01  1.0706044770e-01 
 882.000  8.1830390000e-01  1.1286362460e-01 
 883.000  7.9964136000e-01  1.1039576720e-01 
 884.000  8.0643149000e-01  1.1143230440e-01 
 885.000  8.1462824000e-01  1.1226825710e-01 
 886.000  7.8782226000e-01  1.0843561550e-01 
 887.000  7.7980567000e-01  1.0744771580e-01 
 888.000  8.0313556000e-01  1.1058525090e-01 
 889.000  8.0857712000e-01  1.1148535920e-01 
 890.000  8.0591861000e-01  1.1099063110e-01 
 891.000  8.0110809000e-01  1.1004875180e-01 
 892.000  7.9677323000e-01  1.0896315000e-01 
 893.000  7.6070810000e-01  1.0257154850e-01 
 894.000  7.8285465000e-01  1.0487824250e-01 
 895.000  7.3291242000e-01  9.6355705260e-02 
 896.000  7.4696554000e-01  9.6450233460e-02 
 897.000  7.1433822000e-01  9.0625656130e-02 
 898.000  7.0827715000e-01  8.9060180660e-02 
 899.000  6.8684807000e-01  8.4342391970e-02 
 900.000  6.7265487000e-01  8.2826446530e-02 
 901.000  6.5305407000e-01  7.9940956120e-02 
 902.000  6.4187435000e-01  7.8686889650e-02 
 903.000  7.0735669000e-01  9.0169799800e-02 
 904.000  7.4158943000e-01  9.6795845030e-02 
 905.000  7.3879704000e-01  9.6471206670e-02 
 906.000  7.0644757000e-01  9.0886726380e-02 
 907.000  6.9532451000e-01  8.7108139040e-02 
 908.000  6.6345031000e-01  8.1653228760e-02 
 909.000  6.5096830000e-01  8.0156997680e-02 
 910.000  6.6089149000e-01  8.1585571290e-02 
 911.000  6.6895980000e-01  8.3594825740e-02 
 912.000  6.6559850000e-01  8.2624771120e-02 
 913.000  6.5983186000e-01  7.9964042660e-02 
 914.000  6.6602086000e-01  8.1672317500e-02 
 915.000  6.6322028000e-01  8.2184669490e-02 
 916.000  6.7265443000e-01  8.3541244510e-02 
 917.000  6.6642034000e-01  8.3193290710e-02 
 918.000  6.6857571000e-01  8.4026634220e-02 
 919.000  6.9646690000e-01  8.9671714780e-02 
 920.000  7.0399364000e-01  9.2109580990e-02 
 921.000  6.8548379000e-01  8.9336578370e-02 
 922.000  6.7905741000e-01  8.8497703550e-02 
 923.000  6.4689347000e-01  8.3754081730e-02 
 924.000  6.6500134000e-01  8.5211761470e-02 
 925.000  6.7308358000e-01  8.6096107480e-02 
 926.000  6.4893025000e-01  8.2844223020e-02 
 927.000  6.6222755000e-01  8.3430770870e-02 
 928.000  6.4935211000e-01  7.9973602290e-02 
 929.000  6.1591037000e-01  7.3411048890e-02 
 930.000  5.8286932000e-01  6.6367973330e-02 
 931.000  5.4659815000e-01  5.8542217250e-02 
 932.000  4.9369018000e-01  4.8391414640e-02 
 933.000  4.5788492000e-01  4.2110538480e-02 
 934.000  4.1465844000e-01  3.5648868560e-02 
 935.000  4.0444960000e-01  3.4467056270e-02 
 936.000  4.1711950000e-01  3.6477256770e-02 
 937.000  4.2224652000e-01  3.6717220310e-02 
 938.000  4.6041642000e-01  4.3149230960e-02 
 939.000  5.7041452000e-01  6.3908985140e-02 
 940.000  5.8236628000e-01  6.6651458740e-02 
 941.000  5.5637082000e-01  6.2577537540e-02 
 942.000  5.0468411000e-01  5.3888172150e-02 
 943.000  4.7672165000e-01  4.6263504030e-02 
 944.000  4.5988371000e-01  4.4303150180e-02 
 945.000  4.8414510000e-01  4.8205543520e-02 
 946.000  4.9170643000e-01  4.9071136470e-02 
 947.000  5.0601580000e-01  5.2116504670e-02 
 948.000  5.1916649000e-01  5.4460487370e-02 
 949.000  5.1934810000e-01  5.4373569490e-02 
 950.000  5.1844794000e-01  5.4534908290e-02 
 951.000  5.3757645000e-01  5.8825702670e-02 
 952.000  5.1352223000e-01  5.3918594360e-02 
 953.000  5.2867018000e-01  5.7221134190e-02 
 954.000  5.4090765000e-01  6.0367244720e-02 
 955.000  4.9183672000e-01  5.3621173860e-02 
 956.000  5.2124795000e-01  5.6571502690e-02 
 957.000  5.6445205000e-01  6.5723472600e-02 
 958.000  5.7422842000e-01  6.7422760010e-02 
 959.000  5.6911945000e-01  6.6223747250e-02 
 960.000  5.6156617000e-01  6.5187011720e-02 
 961.000  5.5190578000e-01  6.3766239170e-02 
 962.000  5.5782771000e-01  6.4785064700e-02 
 963.000  5.7983084000e-01  6.9514938350e-02 
 964.000  5.7639631000e-01  6.9427734380e-02 
 965.000  5.8117026000e-01  6.9838180540e-02 
 966.000  5.6552246000e-01  6.8101158140e-02 
 967.000  5.9857063000e-01  7.3644638060e-02 
 968.000  6.1842069000e-01  7.8808258060e-02 
 969.000  6.3403532000e-01  8.2092880250e-02 
 970.000  6.3636387000e-01  8.2479301450e-02 
 971.000  6.3042032000e-01  8.1688079830e-02 
 972.000  6.3157846000e-01  8.1475997920e-02 
 973.000  6.1788851000e-01  7.8901954650e-02 
 974.000  5.9906316000e-01  7.5560440060e-02 
 975.000  5.9598839000e-01  7.4579483030e-02 
 976.000  6.1070460000e-01  7.7178276060e-02 
 977.000  6.0718247000e-01  7.7984748840e-02 
 978.000  6.2115053000e-01  7.9694664000e-02 
 979.000  6.0611553000e-01  7.8112754820e-02 
 980.000  6.2691022000e-01  8.2154495240e-02 
 981.000  6.3389878000e-01  8.3394119260e-02 
 982.000  6.2976501000e-01  8.2558822630e-02 
 983.000  6.3429408000e-01  8.3886665340e-02 
 984.000  6.3644288000e-01  8.4947372440e-02 
 985.000  6.3975991000e-01  8.5847015380e-02 
 986.000  6.3919604000e-01  8.6372169490e-02 
 987.000  6.4852754000e-01  8.7908477780e-02 
 988.000  6.4092847000e-01  8.6942108150e-02 
 989.000  6.3305405000e-01  8.5916725160e-02 
 990.000  6.3891652000e-01  8.6779838560e-02 
 991.000  6.4584390000e-01  8.7967620850e-02 
 992.000  6.4033423000e-01  8.7296005250e-02 
 993.000  6.4046281000e-01  8.7350914000e-02 
 994.000  6.4518156000e-01  8.8215881350e-02 
 995.000  6.4146440000e-01  8.7869087220e-02 
 996.000  6.4132139000e-01  8.7860610960e-02 
 997.000  6.4133859000e-01  8.7780052190e-02 
 998.000  6.3821907000e-01  8.7261344910e-02 
 999.000  6.3634697000e-01  8.6977882390e-02 
1000.000  6.3148759000e-01  8.6356834410e-02 
1001.000  6.3349513000e-01  8.6424491880e-02 
1002.000  6.3014742000e-01  8.5635192870e-02 
1003.000  6.2333285000e-01  8.4802940370e-02 
1004.000  6.1944184000e-01  8.4482521060e-02 
1005.000  5.7929093000e-01  7.9101455690e-02 
1006.000  6.0972000000e-01  8.3301872250e-02 
1007.000  6.2038802000e-01  8.4707038880e-02 
1008.000  6.2113992000e-01  8.4545181270e-02 
1009.000  6.1485277000e-01  8.3342330930e-02 
1010.000  6.1824457000e-01  8.3977706910e-02 
1011.000  6.1753657000e-01  8.4282119750e-02 
1012.000  6.1870809000e-01  8.4604919430e-02 
1013.000  6.1499240000e-01  8.4227958680e-02 
1014.000  6.1923510000e-01  8.4886749270e-02 
1015.000  6.0784809000e-01  8.3363510130e-02 
1016.000  6.1206871000e-01  8.4024826050e-02 
1017.000  6.0614170000e-01  8.3263984680e-02 
1018.000  6.1369563000e-01  8.4267898560e-02 
1019.000  5.9889365000e-01  8.2126800540e-02 
1020.000  5.9789550000e-01  8.2035072330e-02 
1021.000  6.0438865000e-01  8.3010665890e-02 
1022.000  5.9439374000e-01  8.1461647030e-02 
1023.000  6.0502549000e-01  8.2768371580e-02 
1024.000  6.0148622000e-01  8.2190177920e-02 
1025.000  6.0263082000e-01  8.2583412170e-02 
1026.000  6.0391073000e-01  8.2879928590e-02 
1027.000  6.0001342000e-01  8.2334556580e-02 
1028.000  6.0162243000e-01  8.2631645200e-02 
1029.000  5.9295827000e-01  8.1585632320e-02 
1030.000  5.9944422000e-01  8.2619720460e-02 
1031.000  5.9780084000e-01  8.2485496520e-02 
1032.000  5.9588635000e-01  8.2293975830e-02 
1033.000  5.8494909000e-01  8.0801239010e-02 
1034.000  5.9066144000e-01  8.1623222350e-02 
1035.000  5.8294577000e-01  8.0559768680e-02 
1036.000  5.9257855000e-01  8.1914459230e-02 
1037.000  5.8009814000e-01  8.0203475950e-02 
1038.000  5.8583210000e-01  8.1008193970e-02 
1039.000  5.8821900000e-01  8.1330558780e-02 
1040.000  5.8124993000e-01  8.0363983150e-02 
1041.000  5.8427422000e-01  8.0776901250e-02 
1042.000  5.8600218000e-01  8.1015991210e-02 
1043.000  5.7588218000e-01  7.9620506290e-02 
1044.000  5.8160504000e-01  8.0409446720e-02 
1045.000  5.7905604000e-01  8.0066871640e-02 
1046.000  5.6220625000e-01  7.7758331300e-02 
1047.000  5.7251669000e-01  7.9204216000e-02 
1048.000  5.7818774000e-01  8.0015144350e-02 
1049.000  5.7446847000e-01  7.9534027100e-02 
1050.000  5.7205021000e-01  7.9206649780e-02 
1051.000  5.7102388000e-01  7.9032531740e-02 
1052.000  5.6827287000e-01  7.8637474060e-02 
1053.000  5.6690459000e-01  7.8428947450e-02 
1054.000  5.6267912000e-01  7.7800003050e-02 
1055.000  5.6677032000e-01  7.8331428530e-02 
1056.000  5.6523962000e-01  7.8090660100e-02 
1057.000  5.6416983000e-01  7.7871711730e-02 
1058.000  5.5810043000e-01  7.6900367740e-02 
1059.000  5.4055851000e-01  7.4514770510e-02 
1060.000  5.6011570000e-01  7.7312568660e-02 
1061.000  5.4046382000e-01  7.4600326540e-02 
1062.000  5.5535638000e-01  7.6583168030e-02 
1063.000  5.4594796000e-01  7.5269302370e-02 
1064.000  5.5268033000e-01  7.6118598940e-02 
1065.000  5.5184183000e-01  7.5888374330e-02 
1066.000  5.3493851000e-01  7.3560127260e-02 
1067.000  5.4756187000e-01  7.5240722660e-02 
1068.000  5.4481608000e-01  7.4657112120e-02 
1069.000  5.0350501000e-01  6.8879547120e-02 
1070.000  5.3344559000e-01  7.2999511720e-02 
1071.000  5.3391625000e-01  7.2944610600e-02 
1072.000  5.3530002000e-01  7.3018424990e-02 
1073.000  5.1760945000e-01  7.0585708620e-02 
1074.000  5.3580966000e-01  7.3088058470e-02 
1075.000  5.1976081000e-01  7.1067993160e-02 
1076.000  5.3079018000e-01  7.2462959290e-02 
1077.000  5.2909885000e-01  7.2085601810e-02 
1078.000  5.2986248000e-01  7.2020156860e-02 
1079.000  5.0937366000e-01  6.9209968570e-02 
1080.000  5.2280906000e-01  7.0601806640e-02 
1081.000  5.0348327000e-01  6.7964660640e-02 
1082.000  5.1062949000e-01  6.9092659000e-02 
1083.000  4.9598275000e-01  6.6874305730e-02 
1084.000  5.1389872000e-01  6.9028610230e-02 
1085.000  5.0466922000e-01  6.7219619750e-02 
1086.000  5.1186330000e-01  6.8287986760e-02 
1087.000  4.8311383000e-01  6.5021957400e-02 
1088.000  5.1248163000e-01  6.9019546510e-02 
1089.000  4.8965202000e-01  6.5244262700e-02 
1090.000  4.9964502000e-01  6.6456558230e-02 
1091.000  5.0355724000e-01  6.7124420170e-02 
1092.000  4.9019108000e-01  6.4999519350e-02 
1093.000  4.8030604000e-01  6.2943252560e-02 
1094.000  4.3548842800e-01  5.6759365080e-02 
1095.000  4.7166127000e-01  6.1498794560e-02 
1096.000  4.7298664000e-01  6.1713054660e-02 
1097.000  4.6292218000e-01  6.0198833470e-02 
1098.000  4.4559227100e-01  5.6293540950e-02 
1099.000  4.3527638000e-01  5.3636100770e-02 
1100.000  4.4356896500e-01  5.4739143370e-02 
1101.000  4.4422775400e-01  5.4995571140e-02 
1102.000  4.2506332800e-01  5.2518478390e-02 
1103.000  4.4301384800e-01  5.4842559810e-02 
1104.000  4.3781297500e-01  5.3959831240e-02 
1105.000  4.3205912400e-01  5.2680801390e-02 
1106.000  4.2323576400e-01  5.1060539250e-02 
1107.000  4.2407088300e-01  5.1264251710e-02 
1108.000  4.2373815500e-01  5.1277130130e-02 
1109.000  4.3023501300e-01  5.2468189240e-02 
1110.000  4.3199302700e-01  5.2540702820e-02 
1111.000  4.2402060800e-01  5.1265026090e-02 
1112.000  4.0765523700e-01  4.8122619630e-02 
1113.000  3.8894356700e-01  4.4212074280e-02 
1114.000  3.8873697400e-01  4.3579566960e-02 
1115.000  3.6312882000e-01  3.8442844390e-02 
1116.000  3.4496228700e-01  3.5181552890e-02 
1117.000  3.1597087800e-01  2.9678924560e-02 
1118.000  2.8202298100e-01  2.4448808670e-02 
1119.000  2.5817794600e-01  2.1298139570e-02 
1120.000  2.3801284600e-01  1.8412748340e-02 
1121.000  2.3492937600e-01  1.7876783370e-02 
1122.000  2.1116286900e-01  1.4887745860e-02 
1123.000  2.2501399600e-01  1.6489238740e-02 
1124.000  2.3396773700e-01  1.7558513640e-02 
1125.000  2.2481078800e-01  1.6640880580e-02 
1126.000  2.1876275600e-01  1.6110054020e-02 
1127.000  2.2793097700e-01  1.6909513470e-02 
1128.000  2.2714749600e-01  1.7087368010e-02 
1129.000  2.4996146900e-01  2.0050106050e-02 
1130.000  2.9876097200e-01  2.7081703190e-02 
1131.000  3.1569797000e-01  2.9584358220e-02 
1132.000  2.9773285600e-01  2.6600543980e-02 
1133.000  2.5551651800e-01  2.0931947710e-02 
1134.000  1.8687173700e-01  1.2343174930e-02 
1135.000  1.9452179700e-01  1.3131089210e-02 
1136.000  2.6167416000e-01  2.1766677860e-02 
1137.000  2.9993199800e-01  2.7191143040e-02 
1138.000  3.2043349600e-01  3.1561805730e-02 
1139.000  3.3646688300e-01  3.4094295500e-02 
1140.000  3.3144832900e-01  3.3050258640e-02 
1141.000  3.0989284000e-01  2.9978240970e-02 
1142.000  3.1403129600e-01  3.0018116000e-02 
1143.000  2.9512561100e-01  2.7235441210e-02 
1144.000  2.7784914800e-01  2.4662088390e-02 
1145.000  2.5698624400e-01  2.1494743350e-02 
1146.000  2.6499625200e-01  2.2473026280e-02 
1147.000  2.8409700600e-01  2.5197334290e-02 
1148.000  2.9670935600e-01  2.7341564180e-02 
1149.000  3.0363420400e-01  2.8417436600e-02 
1150.000  3.0238346500e-01  2.8380315780e-02 
1151.000  3.1024215000e-01  2.9855043410e-02 
1152.000  3.1388010000e-01  3.0567424770e-02 
1153.000  3.1956594100e-01  3.1660614010e-02 
1154.000  3.1981348200e-01  3.1573198320e-02 
1155.000  3.3264034200e-01  3.3953018190e-02 
1156.000  3.4109140100e-01  3.6075096130e-02 
1157.000  3.7049797000e-01  4.1795574190e-02 
1158.000  3.8086486900e-01  4.3978725430e-02 
1159.000  3.8408223700e-01  4.5203010560e-02 
1160.000  3.8266976700e-01  4.5388225560e-02 
1161.000  3.8319497000e-01  4.6279579160e-02 
1162.000  4.0350956500e-01  4.9419651030e-02 
1163.000  4.1307307300e-01  5.1420326230e-02 
1164.000  4.0651020300e-01  5.0778144840e-02 
1165.000  4.1485865000e-01  5.1931495670e-02 
1166.000  4.0565503300e-01  5.0975429530e-02 
1167.000  4.1319759700e-01  5.2045337680e-02 
1168.000  4.1640872400e-01  5.2408275600e-02 
1169.000  4.0307629900e-01  5.0851875310e-02 
1170.000  4.1492552500e-01  5.2456638340e-02 
1171.000  4.1959824100e-01  5.3333576200e-02 
1172.000  4.1664886700e-01  5.2794685360e-02 
1173.000  4.1214606600e-01  5.2069454190e-02 
1174.000  4.1244777500e-01  5.2117996220e-02 
1175.000  4.1189724900e-01  5.2481735230e-02 
1176.000  4.0578194300e-01  5.2100322720e-02 
1177.000  4.1645566400e-01  5.3275428770e-02 
1178.000  4.0567757300e-01  5.1512378690e-02 
1179.000  4.0386780900e-01  5.1283710480e-02 
1180.000  4.0817812100e-01  5.1692825320e-02 
1181.000  4.0256367900e-01  5.0631801610e-02 
1182.000  3.9955837800e-01  4.9912715910e-02 
1183.000  3.7676642700e-01  4.7103851320e-02 
1184.000  3.9573570400e-01  4.9667938230e-02 
1185.000  4.0588435900e-01  5.1433044430e-02 
1186.000  4.0202081700e-01  5.0798137660e-02 
1187.000  3.9715906700e-01  4.9698783870e-02 
1188.000  3.9397033900e-01  4.9189125060e-02 
1189.000  3.7384526000e-01  4.6955692290e-02 
1190.000  3.9996430800e-01  5.1008594510e-02 
1191.000  4.0852284600e-01  5.2334251400e-02 
1192.000  4.0959611600e-01  5.2816116330e-02 
1193.000  4.0903980800e-01  5.2658596040e-02 
1194.000  4.0775668800e-01  5.2445110320e-02 
1195.000  3.9995380700e-01  5.1111560820e-02 
1196.000  4.0014380900e-01  5.1187210080e-02 
1197.000  3.9846724000e-01  5.0815677640e-02 
1198.000  3.8474094300e-01  4.9034400940e-02 
1199.000  3.6860429100e-01  4.6795806880e-02 
1200.000  3.9295002400e-01  5.0002445220e-02 
1201.000  3.9620548400e-01  5.0477382660e-02 
1202.000  3.9711756600e-01  5.0683406830e-02 
1203.000  3.7668400900e-01  4.8020183560e-02 
1204.000  3.8353863400e-01  4.8999755860e-02 
1205.000  3.9772944000e-01  5.1372535710e-02 
1206.000  3.9777823000e-01  5.1633922580e-02 
1207.000  4.0145957700e-01  5.2216186520e-02 
1208.000  3.9488887800e-01  5.1274478910e-02 
1209.000  3.6908462900e-01  4.7794086460e-02 
1210.000  3.9291627300e-01  5.0644504550e-02 
1211.000  3.7950398500e-01  4.8885120390e-02 
1212.000  3.9194230100e-01  5.0548801420e-02 
1213.000  3.9554010400e-01  5.1239879610e-02 
1214.000  3.9347505800e-01  5.0944774630e-02 
1215.000  3.9555588900e-01  5.1305446620e-02 
1216.000  3.9732604200e-01  5.1901195530e-02 
1217.000  3.9894014100e-01  5.2434432980e-02 
1218.000  3.9851879700e-01  5.2540000920e-02 
1219.000  3.9528819600e-01  5.2214340210e-02 
1220.000  3.9802403500e-01  5.2579559330e-02 
1221.000  3.9755026500e-01  5.2547065730e-02 
1222.000  3.9553209500e-01  5.2290798190e-02 
1223.000  3.9386642700e-01  5.2115520480e-02 
1224.000  3.9839758700e-01  5.2913105010e-02 
1225.000  3.9652056900e-01  5.2716804500e-02 
1226.000  3.9832414100e-01  5.3029743190e-02 
1227.000  3.8549109200e-01  5.1429706570e-02 
1228.000  3.9835791500e-01  5.3285598750e-02 
1229.000  3.9850876800e-01  5.3415584560e-02 
1230.000  3.9781166600e-01  5.3446376800e-02 
1231.000  3.9818149000e-01  5.3570877080e-02 
1232.000  3.9382776200e-01  5.3021137240e-02 
1233.000  3.9701103800e-01  5.3476936340e-02 
1234.000  3.9668187500e-01  5.3587665560e-02 
1235.000  3.9423495500e-01  5.3317508700e-02 
1236.000  3.9673343800e-01  5.3700336460e-02 
1237.000  3.9698562800e-01  5.3792194370e-02 
1238.000  3.9682961300e-01  5.3800231930e-02 
1239.000  3.9235261400e-01  5.3214443210e-02 
1240.000  3.9057624900e-01  5.3001010890e-02 
1241.000  3.9398560100e-01  5.3478401180e-02 
1242.000  3.9158970900e-01  5.3163528440e-02 
1243.000  3.8713317100e-01  5.2570686340e-02 
1244.000  3.8349120600e-01  5.2072258000e-02 
1245.000  3.8996834000e-01  5.2955417630e-02 
1246.000  3.8680833200e-01  5.2503154750e-02 
1247.000  3.8472358900e-01  5.2193637850e-02 
1248.000  3.8753374700e-01  5.2551136020e-02 
1249.000  3.8602785900e-01  5.2336471560e-02 
1250.000  3.8434818400e-01  5.2085853580e-02 
1251.000  3.8151757000e-01  5.1686794280e-02 
1252.000  3.8007824200e-01  5.1458084110e-02 
1253.000  3.7662289700e-01  5.0952541350e-02 
1254.000  3.7697821000e-01  5.0916069030e-02 
1255.000  3.7589179100e-01  5.0719310760e-02 
1256.000  3.7469426400e-01  5.0521789550e-02 
1257.000  3.6984552000e-01  4.9803630830e-02 
1258.000  3.6992184700e-01  4.9675312040e-02 
1259.000  3.6468503900e-01  4.8864112850e-02 
1260.000  3.6381555200e-01  4.8622013090e-02 
1261.000  3.6159681500e-01  4.8187931060e-02 
1262.000  3.5056026900e-01  4.6487136840e-02 
1263.000  3.5353699600e-01  4.6819343570e-02 
1264.000  3.4719529300e-01  4.5947811130e-02 
1265.000  3.4751752800e-01  4.5978736880e-02 
1266.000  3.4837537400e-01  4.6006206510e-02 
1267.000  3.4029934000e-01  4.4855617520e-02 
1268.000  3.3521162200e-01  4.4108036040e-02 
1269.000  3.3756413900e-01  4.4382205960e-02 
1270.000  3.4574643800e-01  4.5654029850e-02 
1271.000  3.4966720800e-01  4.6244255070e-02 
1272.000  3.5025272600e-01  4.6404964450e-02 
1273.000  3.5141522600e-01  4.6665637970e-02 
1274.000  3.5111653800e-01  4.6761146550e-02 
1275.000  3.5405784600e-01  4.7192886350e-02 
1276.000  3.5514286300e-01  4.7338638310e-02 
1277.000  3.5518326900e-01  4.7312385560e-02 
1278.000  3.5449543400e-01  4.7174793240e-02 
1279.000  3.5247194700e-01  4.6904247280e-02 
1280.000  3.5137368100e-01  4.6857173920e-02 
1281.000  3.4229651000e-01  4.5736900330e-02 
1282.000  3.0472901800e-01  4.0797504430e-02 
1283.000  3.3495183000e-01  4.4874851230e-02 
1284.000  3.4883592200e-01  4.6727870940e-02 
1285.000  3.5167889100e-01  4.7118762970e-02 
1286.000  3.5113315400e-01  4.6965824130e-02 
1287.000  3.5240190800e-01  4.7004459380e-02 
1288.000  3.4691007000e-01  4.5853149410e-02 
1289.000  3.4796147900e-01  4.5852581020e-02 
1290.000  3.3984162300e-01  4.4749034880e-02 
1291.000  3.4507673200e-01  4.5457492830e-02 
1292.000  3.4794884500e-01  4.5950031280e-02 
1293.000  3.4838793200e-01  4.5977352140e-02 
1294.000  3.4144402400e-01  4.4842414860e-02 
1295.000  3.4278897200e-01  4.4710269930e-02 
1296.000  3.4059590600e-01  4.4114044190e-02 
1297.000  3.3649760300e-01  4.3340015410e-02 
1298.000  3.3330677300e-01  4.2879692080e-02 
1299.000  3.3653096200e-01  4.3245655060e-02 
1300.000  3.3484060300e-01  4.2973834990e-02 
1301.000  3.3386006600e-01  4.2755405430e-02 
1302.000  3.2817697200e-01  4.1832214360e-02 
1303.000  3.2220053600e-01  4.0593013760e-02 
1304.000  3.2083183200e-01  4.0204788210e-02 
1305.000  3.2208057400e-01  4.0254230500e-02 
1306.000  3.2186369800e-01  4.0117858890e-02 
1307.000  3.1984951400e-01  3.9737567900e-02 
1308.000  3.1687536500e-01  3.9065608980e-02 
1309.000  3.1294236300e-01  3.8194915770e-02 
1310.000  3.1121777400e-01  3.7927085880e-02 
1311.000  3.1036505000e-01  3.7800258640e-02 
1312.000  3.0493573700e-01  3.6723026280e-02 
1313.000  2.8883060400e-01  3.4331378940e-02 
1314.000  2.9335016800e-01  3.4459587100e-02 
1315.000  2.8557529100e-01  3.3701305390e-02 
1316.000  2.9555287400e-01  3.5127311710e-02 
1317.000  2.9855697800e-01  3.5450542450e-02 
1318.000  2.8916468000e-01  3.3855411530e-02 
1319.000  2.8551994000e-01  3.2778751370e-02 
1320.000  2.7480423100e-01  3.0778894420e-02 
1321.000  2.7026968900e-01  2.9933010100e-02 
1322.000  2.7534098400e-01  3.0958160400e-02 
1323.000  2.8223001300e-01  3.2199714660e-02 
1324.000  2.8549405200e-01  3.2801696780e-02 
1325.000  2.8311009100e-01  3.2327728270e-02 
1326.000  2.7602833200e-01  3.1019851680e-02 
1327.000  2.6149544900e-01  2.8245407100e-02 
1328.000  2.4836212300e-01  2.5489833830e-02 
1329.000  2.1427136000e-01  2.0003499980e-02 
1330.000  2.0822249200e-01  1.8759847640e-02 
1331.000  2.0273467700e-01  1.7833778380e-02 
1332.000  2.0053983300e-01  1.7731058120e-02 
1333.000  2.1155436500e-01  1.9052024840e-02 
1334.000  2.1997674300e-01  2.0307611470e-02 
1335.000  2.2592301100e-01  2.1231357570e-02 
1336.000  2.2581725500e-01  2.1341123580e-02 
1337.000  2.2837302100e-01  2.1621534350e-02 
1338.000  2.3212800600e-01  2.2265035630e-02 
1339.000  2.3264192200e-01  2.2412080760e-02 
1340.000  2.3426410500e-01  2.2821481700e-02 
1341.000  2.3822007500e-01  2.2968427660e-02 
1342.000  2.3812211300e-01  2.2938694000e-02 
1343.000  2.2908276500e-01  2.0960636140e-02 
1344.000  2.1522234800e-01  1.8535865780e-02 
1345.000  1.7806259800e-01  1.3233847620e-02 
1346.000  1.5188440200e-01  9.8906688690e-03 
1347.000  1.3471572700e-01  8.0387916560e-03 
1348.000  1.1168184100e-01  5.5888071060e-03 
1349.000  1.0157762020e-01  4.7246165280e-03 
1350.000  7.9122876700e-02  2.9085993770e-03 
1351.000  6.8306825000e-02  2.2436935900e-03 
1352.000  5.2246168500e-02  1.3293826580e-03 
1353.000  3.7031507000e-02  7.2895771270e-04 
1354.000  2.9610060200e-02  4.8716816310e-04 
1355.000  2.2989696700e-02  3.1250929830e-04 
1356.000  1.7384965100e-02  1.9036197660e-04 
1357.000  1.1883094720e-02  9.6074461940e-05 
1358.000  8.7943109700e-03  5.8726042510e-05 
1359.000  4.6371926400e-03  1.9985973830e-05 
1360.000  3.0667204800e-03  1.0519660080e-05 
1361.000  2.2822909500e-03  6.2657711100e-06 
1362.000  2.1000791800e-03  5.5101700130e-06 
1363.000  3.0298730500e-03  9.6044978130e-06 
1364.000  3.5132276400e-03  1.2017122470e-05 
1365.000  3.6785396100e-03  1.2673877180e-05 
1366.000  4.2481007200e-03  1.5817280860e-05 
1367.000  3.5684724900e-03  1.2391850350e-05 
1368.000  3.1641456000e-03  1.0708766060e-05 
1369.000  3.2446900700e-03  1.1260518800e-05 
1370.000  5.3662067800e-03  2.6067757980e-05 
1371.000  9.5567512400e-03  6.5118074420e-05 
1372.000  1.7696195500e-02  1.7941114310e-04 
1373.000  2.5103528000e-02  3.1596094370e-04 
1374.000  3.0483547100e-02  4.3638080360e-04 
1375.000  3.2500815100e-02  4.8932218550e-04 
1376.000  3.0145848600e-02  4.3364945050e-04 
1377.000  2.6837295000e-02  3.5416397450e-04 
1378.000  2.0455597000e-02  2.2588515280e-04 
1379.000  1.4046719110e-02  1.2205174570e-04 
1380.000  7.9669006500e-03  4.8832159490e-05 
1381.000  4.6085490700e-03  2.0390711720e-05 
1382.000  3.2226955600e-03  1.1514244600e-05 
1383.000  3.1180844000e-03  1.0748291390e-05 
1384.000  5.0718383700e-03  2.3111276330e-05 
1385.000  7.2001202900e-03  4.0396954860e-05 
1386.000  1.0997436630e-02  7.9403296110e-05 
1387.000  2.0206277900e-02  2.1741466220e-04 
1388.000  2.6781597800e-02  3.4042426940e-04 
1389.000  3.0763961200e-02  4.3283876780e-04 
1390.000  3.1403290700e-02  4.5171666150e-04 
1391.000  2.9315346800e-02  4.0108752250e-04 
1392.000  2.2163659200e-02  2.5359568000e-04 
1393.000  1.6942373500e-02  1.6528514030e-04 
1394.000  1.2979793950e-02  1.0784864430e-04 
1395.000  1.4631325600e-02  1.3035839800e-04 
1396.000  2.0077406200e-02  2.1458622810e-04 
1397.000  2.5909764800e-02  3.2517695430e-04 
1398.000  2.6682562800e-02  3.3911627530e-04 
1399.000  2.4913610700e-02  3.0695423480e-04 
1400.000  2.3296342300e-02  2.7843201160e-04 
1401.000  2.4765204800e-02  3.1074872610e-04 
1402.000  3.0702136300e-02  4.3099698420e-04 
1403.000  3.5348510200e-02  5.5521088840e-04 
1404.000  3.3248431900e-02  4.9769434330e-04 
1405.000  3.4826980900e-02  5.4696744680e-04 
1406.000  3.2294406100e-02  4.7708860040e-04 
1407.000  3.3492496900e-02  5.1784336570e-04 
1408.000  4.0143088100e-02  6.8952262400e-04 
1409.000  4.7056801300e-02  9.0586608650e-04 
1410.000  5.7714668900e-02  1.2603524920e-03 
1411.000  6.8649227400e-02  1.7192878720e-03 
1412.000  6.6323018300e-02  1.6541100740e-03 
1413.000  7.3147985500e-02  1.9668203590e-03 
1414.000  7.2118965300e-02  1.8850238320e-03 
1415.000  7.9726365500e-02  2.2796211240e-03 
1416.000  8.5660161200e-02  2.5653417110e-03 
1417.000  8.7865559700e-02  2.6923959260e-03 
1418.000  8.8648551900e-02  2.7104363440e-03 
1419.000  8.8463889300e-02  2.7415537830e-03 
1420.000  9.0564847500e-02  2.8361997600e-03 
1421.000  1.0185808020e-01  3.4592986110e-03 
1422.000  1.0428104740e-01  3.6444118020e-03 
1423.000  1.0544388890e-01  3.7455458640e-03 
1424.000  1.0508555630e-01  3.7066879270e-03 
1425.000  1.0389263750e-01  3.5937166210e-03 
1426.000  1.0016694690e-01  3.4629557130e-03 
1427.000  1.0609669450e-01  3.7783052920e-03 
1428.000  1.1205855020e-01  4.0714025500e-03 
1429.000  1.1365977100e-01  4.2395253180e-03 
1430.000  1.1089587420e-01  4.1306653020e-03 
1431.000  1.0331333540e-01  3.6940996650e-03 
1432.000  1.0101906630e-01  3.5183885100e-03 
1433.000  1.0073437860e-01  3.4979696270e-03 
1434.000  9.6082804300e-02  3.2649471760e-03 
1435.000  1.0315322770e-01  3.6502721310e-03 
1436.000  1.0572185920e-01  3.8029673100e-03 
1437.000  1.0740698250e-01  3.8955061440e-03 
1438.000  1.1386937630e-01  4.3002071380e-03 
1439.000  1.1597079330e-01  4.3932828900e-03 
1440.000  1.1119771980e-01  4.2628760340e-03 
1441.000  1.1810423970e-01  4.5586247440e-03 
1442.000  1.1328918310e-01  4.3165359500e-03 
1443.000  1.1532537250e-01  4.4039568900e-03 
1444.000  1.1792524400e-01  4.5550642010e-03 
1445.000  1.1816133030e-01  4.5802412030e-03 
1446.000  1.2367760630e-01  4.9066228870e-03 
1447.000  1.2705759000e-01  5.1460661890e-03 
1448.000  1.2850561900e-01  5.2254567150e-03 
1449.000  1.2598270730e-01  5.0579972270e-03 
1450.000  1.2047033080e-01  4.7373929020e-03 
1451.000  1.2181903920e-01  4.8483872410e-03 
1452.000  1.2715025600e-01  5.2708816530e-03 
1453.000  1.4168290500e-01  6.2170639040e-03 
1454.000  1.5417227100e-01  7.1498250960e-03 
1455.000  1.6014541100e-01  7.6786899570e-03 
1456.000  1.6724865300e-01  8.2814445500e-03 
1457.000  1.6993845800e-01  8.4598646160e-03 
1458.000  1.7326232700e-01  8.6866798400e-03 
1459.000  1.6839483100e-01  8.2736892700e-03 
1460.000  1.6071884400e-01  7.7586226460e-03 
1461.000  1.5763611300e-01  7.5542559620e-03 
1462.000  1.4914852900e-01  6.9627237320e-03 
1463.000  1.4815972100e-01  6.9421420100e-03 
1464.000  1.4624604600e-01  6.8142862320e-03 
1465.000  1.4300174000e-01  6.5364437100e-03 
1466.000  1.3327434000e-01  5.9388632770e-03 
1467.000  1.3230793900e-01  5.7913875580e-03 
1468.000  1.2416665500e-01  5.3236484530e-03 
1469.000  1.1778654770e-01  4.8627901080e-03 
1470.000  1.1437560430e-01  4.6670908930e-03 
1471.000  1.2137537020e-01  5.2347340580e-03 
1472.000  1.3365435500e-01  6.1396317480e-03 
1473.000  1.5020075600e-01  7.4317865370e-03 
1474.000  1.5743647800e-01  8.2242288590e-03 
1475.000  1.6023592800e-01  8.4167728420e-03 
1476.000  1.6049671300e-01  8.4785022740e-03 
1477.000  1.5705671700e-01  8.2252454760e-03 
1478.000  1.5091489200e-01  7.8380517960e-03 
1479.000  1.4792195400e-01  7.5713372230e-03 
1480.000  1.5100317700e-01  7.8808841710e-03 
1481.000  1.5382641600e-01  8.2495040890e-03 
1482.000  1.6077565600e-01  8.8818454740e-03 
1483.000  1.5899679200e-01  8.8897218700e-03 
1484.000  1.6002804400e-01  9.0112543110e-03 
1485.000  1.6232862300e-01  9.1640911100e-03 
1486.000  1.6370167400e-01  9.4886398320e-03 
1487.000  1.7372266500e-01  1.0550674440e-02 
1488.000  1.5224327100e-01  9.3353214260e-03 
1489.000  1.8682977500e-01  1.2145479200e-02 
1490.000  1.9766304900e-01  1.3498514180e-02 
1491.000  2.0472523700e-01  1.4380865100e-02 
1492.000  2.0101344600e-01  1.4269989010e-02 
1493.000  2.0844348600e-01  1.5084218980e-02 
1494.000  2.0814011200e-01  1.5191095350e-02 
1495.000  2.0986376300e-01  1.5614570620e-02 
1496.000  2.0950075700e-01  1.5991962430e-02 
1497.000  2.1460990300e-01  1.6516786580e-02 
1498.000  2.2168955600e-01  1.7448009490e-02 
1499.000  2.2267868000e-01  1.7904258730e-02 
1500.000  2.2954597400e-01  1.8778368000e-02 
1501.000  2.2824071700e-01  1.8705272670e-02 
1502.000  2.2456053300e-01  1.8399379730e-02 
1503.000  2.0060512900e-01  1.6458591460e-02 
1504.000  2.0993909600e-01  1.7375583650e-02 
1505.000  2.1256167500e-01  1.7878433230e-02 
1506.000  2.1549335700e-01  1.8231880190e-02 
1507.000  2.2831013100e-01  1.9603469850e-02 
1508.000  2.2630270000e-01  1.9633609770e-02 
1509.000  2.2882692500e-01  2.0067226410e-02 
1510.000  2.3292792800e-01  2.0574207310e-02 
1511.000  2.3507510700e-01  2.0930984500e-02 
1512.000  2.3138993800e-01  2.0737861630e-02 
1513.000  2.3130016300e-01  2.0844501500e-02 
1514.000  2.2813396700e-01  2.0645856860e-02 
1515.000  2.3343956900e-01  2.1269163130e-02 
1516.000  2.3153401500e-01  2.1194589610e-02 
1517.000  2.3091358000e-01  2.1268728260e-02 
1518.000  2.3663543100e-01  2.1986236570e-02 
1519.000  2.3485397700e-01  2.2028480530e-02 
1520.000  2.3845387400e-01  2.2622255330e-02 
1521.000  2.3506496200e-01  2.2460412980e-02 
1522.000  2.3370555100e-01  2.2402912140e-02 
1523.000  2.3973140900e-01  2.3082803730e-02 
1524.000  2.3764804500e-01  2.2927389140e-02 
1525.000  2.3191288800e-01  2.2412233350e-02 
1526.000  2.3854810200e-01  2.3123762130e-02 
1527.000  2.3643598700e-01  2.3020915990e-02 
1528.000  2.3853714200e-01  2.3345363620e-02 
1529.000  2.3779121800e-01  2.3332283020e-02 
1530.000  2.2293883000e-01  2.1981798170e-02 
1531.000  2.3858158600e-01  2.3630559920e-02 
1532.000  2.3744513000e-01  2.3629060750e-02 
1533.000  2.3648418600e-01  2.3624326710e-02 
1534.000  2.3300699500e-01  2.3362766270e-02 
1535.000  2.3399478900e-01  2.3549518590e-02 
1536.000  2.3712749300e-01  2.3945188520e-02 
1537.000  2.3806475500e-01  2.4145198820e-02 
1538.000  2.3173887200e-01  2.3611194610e-02 
1539.000  2.3675400900e-01  2.4227680210e-02 
1540.000  2.2820629900e-01  2.3441677090e-02 
1541.000  2.3301913500e-01  2.4006841660e-02 
1542.000  2.3440642600e-01  2.4212636950e-02 
1543.000  2.3376905700e-01  2.4220716480e-02 
1544.000  2.3677242200e-01  2.4614570620e-02 
1545.000  2.3768145200e-01  2.4807069780e-02 
1546.000  2.3790059000e-01  2.4927335740e-02 
1547.000  2.3559079100e-01  2.4776395800e-02 
1548.000  2.2863283100e-01  2.4126111980e-02 
1549.000  2.3449316400e-01  2.4814857480e-02 
1550.000  2.3317583800e-01  2.4741109850e-02 
1551.000  2.3194852200e-01  2.4658996580e-02 
1552.000  2.3590250100e-01  2.5127954480e-02 
1553.000  2.3466973500e-01  2.5053516390e-02 
1554.000  2.2607172100e-01  2.4181579590e-02 
1555.000  2.2984466400e-01  2.4646469120e-02 
1556.000  2.2545688300e-01  2.4240280150e-02 
1557.000  2.3283919300e-01  2.5105821610e-02 
1558.000  2.3099612700e-01  2.4965435030e-02 
1559.000  2.3101442400e-01  2.5023187640e-02 
1560.000  2.2702529100e-01  2.4655092240e-02 
1561.000  2.3232385400e-01  2.5273426060e-02 
1562.000  2.3221604700e-01  2.5288955690e-02 
1563.000  2.2874515300e-01  2.4946372990e-02 
1564.000  2.2408714500e-01  2.4464128490e-02 
1565.000  2.2734046100e-01  2.4838258740e-02 
1566.000  2.2303335500e-01  2.4415788650e-02 
1567.000  2.2267579000e-01  2.4393461230e-02 
1568.000  2.1752061300e-01  2.3828332900e-02 
1569.000  2.1770231700e-01  2.3841165540e-02 
1570.000  2.1164652600e-01  2.3186611180e-02 
1571.000  2.1731769900e-01  2.3848562240e-02 
1572.000  2.1715166400e-01  2.3858060840e-02 
1573.000  2.1385351700e-01  2.3549530030e-02 
1574.000  2.1469680500e-01  2.3707832340e-02 
1575.000  1.9947336300e-01  2.2077278140e-02 
1576.000  2.1430047600e-01  2.3752754210e-02 
1577.000  1.9358032900e-01  2.1484796520e-02 
1578.000  2.1192967100e-01  2.3552701950e-02 
1579.000  2.1325283500e-01  2.3740175250e-02 
1580.000  2.1780253700e-01  2.4302383420e-02 
1581.000  2.1635855500e-01  2.4180297850e-02 
1582.000  2.1220877200e-01  2.3796396260e-02 
1583.000  2.1501427000e-01  2.4188640590e-02 
1584.000  2.1328247500e-01  2.4072982790e-02 
1585.000  2.1973001500e-01  2.4872634890e-02 
1586.000  2.1697069000e-01  2.4611280440e-02 
1587.000  2.1470988800e-01  2.4424272540e-02 
1588.000  2.1156016100e-01  2.4131856920e-02 
1589.000  1.9355582400e-01  2.2121110920e-02 
1590.000  2.0852668800e-01  2.3873397830e-02 
1591.000  2.0385557300e-01  2.3369695660e-02 
1592.000  2.1453074000e-01  2.4610834120e-02 
1593.000  2.1914633900e-01  2.5151628490e-02 
1594.000  2.1727136500e-01  2.4949108120e-02 
1595.000  2.1824428000e-01  2.5075906750e-02 
1596.000  2.0443685700e-01  2.3521306990e-02 
1597.000  2.1202755900e-01  2.4401147840e-02 
1598.000  2.1494235800e-01  2.4733139040e-02 
1599.000  2.0650517000e-01  2.3750370030e-02 
1600.000  2.0895751800e-01  2.4028722760e-02 
1601.000  2.0016091400e-01  2.3046695710e-02 
1602.000  2.0502804600e-01  2.3640815730e-02 
1603.000  2.0380032100e-01  2.3556732180e-02 
1604.000  2.0684498400e-01  2.3973352430e-02 
1605.000  2.0378652300e-01  2.3655513760e-02 
1606.000  2.0314796600e-01  2.3624969480e-02 
1607.000  2.0383551700e-01  2.3712125780e-02 
1608.000  2.0602985000e-01  2.3975601200e-02 
1609.000  2.0523782300e-01  2.3902709960e-02 
1610.000  1.9257793700e-01  2.2450157170e-02 
1611.000  1.9872485900e-01  2.3213550570e-02 
1612.000  2.0119328000e-01  2.3552026750e-02 
1613.000  2.0621299700e-01  2.4189252850e-02 
1614.000  2.0418862800e-01  2.3968189240e-02 
1615.000  2.0796013900e-01  2.4453783040e-02 
1616.000  1.9524173200e-01  2.2990945820e-02 
1617.000  2.0134592700e-01  2.3769975660e-02 
1618.000  2.0761911400e-01  2.4542707440e-02 
1619.000  2.0733793400e-01  2.4571044920e-02 
1620.000  2.0244757000e-01  2.4050312040e-02 
1621.000  1.9972091200e-01  2.3771345140e-02 
1622.000  2.0474738800e-01  2.4389410020e-02 
1623.000  2.0902831100e-01  2.4930711750e-02 
1624.000  2.1055643600e-01  2.5138319020e-02 
1625.000  2.0554190200e-01  2.4589990620e-02 
1626.000  2.0784266000e-01  2.4859781270e-02 
1627.000  2.0760418700e-01  2.4858881000e-02 
1628.000  2.0918161600e-01  2.5061578750e-02 
1629.000  2.0904516100e-01  2.5056001660e-02 
1630.000  2.0318228800e-01  2.4352832790e-02 
1631.000  2.0635963400e-01  2.4747743610e-02 
1632.000  2.0618701700e-01  2.4701189040e-02 
1633.000  2.0346648600e-01  2.4372531890e-02 
1634.000  1.9850530500e-01  2.3766370770e-02 
1635.000  2.0382632400e-01  2.4403919220e-02 
1636.000  2.0306044100e-01  2.4304531100e-02 
1637.000  1.9374950100e-01  2.3181468960e-02 
1638.000  1.9233394500e-01  2.3013761520e-02 
1639.000  1.9005141100e-01  2.2720443730e-02 
1640.000  1.9099755400e-01  2.2828411100e-02 
1641.000  1.8963397000e-01  2.2664802550e-02 
1642.000  1.8939623300e-01  2.2673177720e-02 
1643.000  1.9419570900e-01  2.3275823590e-02 
1644.000  1.9112393200e-01  2.2931304930e-02 
1645.000  1.9142265700e-01  2.2985006330e-02 
1646.000  1.9372260700e-01  2.3295646670e-02 
1647.000  1.9552345600e-01  2.3529121400e-02 
1648.000  1.9464000700e-01  2.3426975250e-02 
1649.000  1.9016791600e-01  2.2902215960e-02 
1650.000  1.9498656600e-01  2.3501396180e-02 
1651.000  1.9063327500e-01  2.2982967380e-02 
1652.000  1.9442355800e-01  2.3436037060e-02 
1653.000  1.9242197400e-01  2.3211999890e-02 
1654.000  1.9458023300e-01  2.3482858660e-02 
1655.000  1.9089511200e-01  2.3060213090e-02 
1656.000  1.9471834300e-01  2.3539472580e-02 
1657.000  1.9330422200e-01  2.3378520970e-02 
1658.000  1.9452316800e-01  2.3548353200e-02 
1659.000  1.9098528200e-01  2.3130294800e-02 
1660.000  1.9319254900e-01  2.3395526890e-02 
1661.000  1.9394640000e-01  2.3483230590e-02 
1662.000  1.9248870100e-01  2.3285877230e-02 
1663.000  1.9121437100e-01  2.3125122070e-02 
1664.000  1.9032243000e-01  2.3009202960e-02 
1665.000  1.8838193000e-01  2.2761064530e-02 
1666.000  1.8761226300e-01  2.2682823180e-02 
1667.000  1.8952840500e-01  2.2957082750e-02 
1668.000  1.8631726900e-01  2.2580303190e-02 
1669.000  1.8684228900e-01  2.2665901180e-02 
1670.000  1.9104293100e-01  2.3199008940e-02 
1671.000  1.8964544100e-01  2.3038843150e-02 
1672.000  1.8066306100e-01  2.1961275100e-02 
1673.000  1.8582391300e-01  2.2584672930e-02 
1674.000  1.8657327000e-01  2.2678388600e-02 
1675.000  1.8484089700e-01  2.2481691360e-02 
1676.000  1.8185227400e-01  2.2117588040e-02 
1677.000  1.8278264000e-01  2.2234086990e-02 
1678.000  1.8379527100e-01  2.2369319920e-02 
1679.000  1.8135409600e-01  2.2070484160e-02 
1680.000  1.7513803100e-01  2.1325315480e-02 
1681.000  1.6906740100e-01  2.0590522770e-02 
1682.000  1.7395040000e-01  2.1182361600e-02 
1683.000  1.7824054200e-01  2.1695888520e-02 
1684.000  1.8153460500e-01  2.2088830950e-02 
1685.000  1.8205407600e-01  2.2125497820e-02 
1686.000  1.7985790000e-01  2.1852699280e-02 
1687.000  1.8055297600e-01  2.1892875670e-02 
1688.000  1.8064590000e-01  2.1867050170e-02 
1689.000  1.7846683900e-01  2.1595806120e-02 
1690.000  1.7832148100e-01  2.1536031720e-02 
1691.000  1.8062847800e-01  2.1806924820e-02 
1692.000  1.8095381500e-01  2.1843870160e-02 
1693.000  1.8031411900e-01  2.1770462040e-02 
1694.000  1.8004481400e-01  2.1735803600e-02 
1695.000  1.8009087600e-01  2.1718273160e-02 
1696.000  1.7903691300e-01  2.1575004580e-02 
1697.000  1.7791047600e-01  2.1408573150e-02 
1698.000  1.7896566500e-01  2.1511428830e-02 
1699.000  1.7780995800e-01  2.1355247500e-02 
1700.000  1.7555869600e-01  2.1069000240e-02 
