 lambda   Irr_dw            Rad_up 
 550.000  1.5482957000e+00  2.1688328550e-01 
 551.000  1.5379771000e+00  2.1540080260e-01 
 552.000  1.6035420000e+00  2.2459593200e-01 
 553.000  1.5400951000e+00  2.1566178890e-01 
 554.000  1.5897851000e+00  2.2262017820e-01 
 555.000  1.5936489000e+00  2.2309754940e-01 
 556.000  1.5491569000e+00  2.1681037900e-01 
 557.000  1.5026740000e+00  2.1030601500e-01 
 558.000  1.5592327000e+00  2.1815812680e-01 
 559.000  1.4733415000e+00  2.0610877990e-01 
 560.000  1.4793622000e+00  2.0694511410e-01 
 561.000  1.6254012000e+00  2.2730801390e-01 
 562.000  1.4915610000e+00  2.0854725650e-01 
 563.000  1.5600717000e+00  2.1805915830e-01 
 564.000  1.5376948000e+00  2.1483102420e-01 
 565.000  1.5555812000e+00  2.1728936770e-01 
 566.000  1.4338541000e+00  2.0022634890e-01 
 567.000  1.5376006000e+00  2.1449630740e-01 
 568.000  1.5329247000e+00  2.1315106200e-01 
 569.000  1.5009824000e+00  2.0722477720e-01 
 570.000  1.5086602000e+00  2.0849284360e-01 
 571.000  1.4556205000e+00  2.0217396550e-01 
 572.000  1.5375026000e+00  2.1254103090e-01 
 573.000  1.5536929000e+00  2.1506106570e-01 
 574.000  1.5449596000e+00  2.1390451050e-01 
 575.000  1.5068856000e+00  2.0852908330e-01 
 576.000  1.4792997000e+00  2.0466040040e-01 
 577.000  1.5406449000e+00  2.1337480160e-01 
 578.000  1.4957712000e+00  2.0755551150e-01 
 579.000  1.4843262000e+00  2.0615065000e-01 
 580.000  1.5353996000e+00  2.1342793270e-01 
 581.000  1.5076834000e+00  2.0983015440e-01 
 582.000  1.5301738000e+00  2.1300877380e-01 
 583.000  1.5406424000e+00  2.1449452210e-01 
 584.000  1.5355568000e+00  2.1372427370e-01 
 585.000  1.5252413000e+00  2.1221656800e-01 
 586.000  1.4595036000e+00  2.0305175780e-01 
 587.000  1.5161951000e+00  2.1033476260e-01 
 588.000  1.4996679000e+00  2.0599311830e-01 
 589.000  1.3286615000e+00  1.7990023800e-01 
 590.000  1.3871352000e+00  1.8764512630e-01 
 591.000  1.4741774000e+00  2.0126690670e-01 
 592.000  1.4456139000e+00  1.9630282590e-01 
 593.000  1.4611406000e+00  2.0052790830e-01 
 594.000  1.4742590000e+00  2.0181953430e-01 
 595.000  1.4456724000e+00  1.9636576840e-01 
 596.000  1.4817928000e+00  2.0347380070e-01 
 597.000  1.4860542000e+00  2.0352737430e-01 
 598.000  1.4557249000e+00  2.0029939270e-01 
 599.000  1.4561048000e+00  2.0073721310e-01 
 600.000  1.4565463000e+00  2.0166166690e-01 
 601.000  1.4484108000e+00  2.0115760800e-01 
 602.000  1.4325643000e+00  1.9914460750e-01 
 603.000  1.4411948000e+00  2.0056906130e-01 
 604.000  1.4868204000e+00  2.0711601260e-01 
 605.000  1.4829651000e+00  2.0659492490e-01 
 606.000  1.4657040000e+00  2.0424505620e-01 
 607.000  1.4573865000e+00  2.0307923890e-01 
 608.000  1.4519595000e+00  2.0229374690e-01 
 609.000  1.4369774000e+00  2.0021679690e-01 
 610.000  1.4138849000e+00  1.9697096250e-01 
 611.000  1.4367586000e+00  2.0016065980e-01 
 612.000  1.4179699000e+00  1.9754725650e-01 
 613.000  1.3971725000e+00  1.9462528990e-01 
 614.000  1.3461705000e+00  1.8753308110e-01 
 615.000  1.4111130000e+00  1.9653596500e-01 
 616.000  1.3416176000e+00  1.8687286380e-01 
 617.000  1.3491183000e+00  1.8791139220e-01 
 618.000  1.4126897000e+00  1.9670655820e-01 
 619.000  1.3996678000e+00  1.9491166690e-01 
 620.000  1.4202621000e+00  1.9771188350e-01 
 621.000  1.4445964000e+00  2.0107025150e-01 
 622.000  1.3683177000e+00  1.9039575200e-01 
 623.000  1.3788924000e+00  1.9175865170e-01 
 624.000  1.3802831000e+00  1.9194926450e-01 
 625.000  1.3428117000e+00  1.8669961550e-01 
 626.000  1.3495119000e+00  1.8744274900e-01 
 627.000  1.3718321000e+00  1.8980258180e-01 
 628.000  1.3528029000e+00  1.8579212950e-01 
 629.000  1.3870135000e+00  1.9096522520e-01 
 630.000  1.3410402000e+00  1.8525099180e-01 
 631.000  1.3903126000e+00  1.9226466370e-01 
 632.000  1.2948959000e+00  1.7850822450e-01 
 633.000  1.3901217000e+00  1.9235160830e-01 
 634.000  1.3483891000e+00  1.8680195620e-01 
 635.000  1.3730033000e+00  1.9019975280e-01 
 636.000  1.3246257000e+00  1.8362698360e-01 
 637.000  1.3683174000e+00  1.8976890560e-01 
 638.000  1.3896616000e+00  1.9306063840e-01 
 639.000  1.3781441000e+00  1.9140499880e-01 
 640.000  1.3349042000e+00  1.8563471980e-01 
 641.000  1.3541396000e+00  1.8828463750e-01 
 642.000  1.3378764000e+00  1.8613066100e-01 
 643.000  1.3611732000e+00  1.8910885620e-01 
 644.000  1.3455240000e+00  1.8688557430e-01 
 645.000  1.3571475000e+00  1.8815682980e-01 
 646.000  1.3050928000e+00  1.7944554140e-01 
 647.000  1.3225820000e+00  1.8082408140e-01 
 648.000  1.3200161000e+00  1.7944659420e-01 
 649.000  1.3463178000e+00  1.8386993410e-01 
 650.000  1.2478781500e+00  1.7212928770e-01 
 651.000  1.3441621000e+00  1.8539707950e-01 
 652.000  1.3179047000e+00  1.8017939760e-01 
 653.000  1.3447992000e+00  1.8570419310e-01 
 654.000  1.3271152000e+00  1.8299176030e-01 
 655.000  1.2919622000e+00  1.7747026060e-01 
 656.000  1.0968751000e+00  1.5084620670e-01 
 657.000  1.1707245500e+00  1.6132260130e-01 
 658.000  1.3041299000e+00  1.8036497500e-01 
 659.000  1.3073171000e+00  1.8115057370e-01 
 660.000  1.3175725000e+00  1.8273553470e-01 
 661.000  1.3234432000e+00  1.8405451970e-01 
 662.000  1.3425109000e+00  1.8691893010e-01 
 663.000  1.3275445000e+00  1.8475730900e-01 
 664.000  1.3064403100e+00  1.8188954160e-01 
 665.000  1.3121058000e+00  1.8272598270e-01 
 666.000  1.3278996000e+00  1.8504658510e-01 
 667.000  1.3015290900e+00  1.8138726810e-01 
 668.000  1.3089106300e+00  1.8253340150e-01 
 669.000  1.3275592200e+00  1.8518978880e-01 
 670.000  1.3119653300e+00  1.8297274780e-01 
 671.000  1.2977509200e+00  1.8102545170e-01 
 672.000  1.2936144400e+00  1.8044616700e-01 
 673.000  1.3028228700e+00  1.8172201540e-01 
 674.000  1.3053145800e+00  1.8207922360e-01 
 675.000  1.2853653900e+00  1.7927786250e-01 
 676.000  1.3095984700e+00  1.8266815190e-01 
 677.000  1.2835155200e+00  1.7904382320e-01 
 678.000  1.3047307700e+00  1.8199137880e-01 
 679.000  1.2862753800e+00  1.7937915040e-01 
 680.000  1.2763514300e+00  1.7793763730e-01 
 681.000  1.2776666800e+00  1.7804617310e-01 
 682.000  1.2749805500e+00  1.7762110900e-01 
 683.000  1.2833029800e+00  1.7871005250e-01 
 684.000  1.2600626600e+00  1.7536996460e-01 
 685.000  1.2742761000e+00  1.7741242980e-01 
 686.000  1.2181061200e+00  1.6931130980e-01 
 687.000  1.1257830100e+00  1.5171037290e-01 
 688.000  1.1558225000e+00  1.5733158870e-01 
 689.000  1.1502713200e+00  1.5609437560e-01 
 690.000  1.1709465300e+00  1.5974391170e-01 
 691.000  1.1947783400e+00  1.6382058720e-01 
 692.000  1.1978994600e+00  1.6429849240e-01 
 693.000  1.1967807500e+00  1.6210223390e-01 
 694.000  1.1987567800e+00  1.6055091860e-01 
 695.000  1.1858923200e+00  1.5972035220e-01 
 696.000  1.2043904800e+00  1.6278587340e-01 
 697.000  1.2275629100e+00  1.6904676820e-01 
 698.000  1.2002972100e+00  1.6456863400e-01 
 699.000  1.2034653800e+00  1.6224029540e-01 
 700.000  1.1923518200e+00  1.6114634700e-01 
 701.000  1.1614527100e+00  1.5635250850e-01 
 702.000  1.1586131900e+00  1.5637937930e-01 
 703.000  1.1903092100e+00  1.6288095090e-01 
 704.000  1.1942680300e+00  1.6351828000e-01 
 705.000  1.1968778600e+00  1.6291154480e-01 
 706.000  1.1853151700e+00  1.6151130680e-01 
 707.000  1.1696141000e+00  1.5970088200e-01 
 708.000  1.2059649300e+00  1.6502513120e-01 
 709.000  1.1679273100e+00  1.6054386900e-01 
 710.000  1.1892446900e+00  1.6262991330e-01 
 711.000  1.1826636600e+00  1.6252815250e-01 
 712.000  1.1706738000e+00  1.6158705140e-01 
 713.000  1.1618826100e+00  1.5978640750e-01 
 714.000  1.1802329800e+00  1.6207022090e-01 
 715.000  1.1329402500e+00  1.5463525390e-01 
 716.000  1.1561133200e+00  1.5683386230e-01 
 717.000  1.0833770600e+00  1.4177914430e-01 
 718.000  1.0506934400e+00  1.3446257020e-01 
 719.000  1.0288610900e+00  1.3055116270e-01 
 720.000  1.0219241200e+00  1.2815771480e-01 
 721.000  1.0833682700e+00  1.4310804750e-01 
 722.000  1.1210839800e+00  1.5078047180e-01 
 723.000  1.1057118800e+00  1.4715338130e-01 
 724.000  1.0754954100e+00  1.3896743770e-01 
 725.000  1.0690050600e+00  1.3870419310e-01 
 726.000  1.0651826500e+00  1.3802297970e-01 
 727.000  1.0859997200e+00  1.4128099060e-01 
 728.000  1.0615877600e+00  1.3750637820e-01 
 729.000  1.0325401800e+00  1.3524186710e-01 
 730.000  1.0681021200e+00  1.3964488220e-01 
 731.000  1.0474614500e+00  1.3667340090e-01 
 732.000  1.0901458200e+00  1.4492092900e-01 
 733.000  1.0949240700e+00  1.4827096560e-01 
 734.000  1.1280295600e+00  1.5411323550e-01 
 735.000  1.1151009100e+00  1.5184597780e-01 
 736.000  1.0875112500e+00  1.4723175050e-01 
 737.000  1.1067764500e+00  1.5047776790e-01 
 738.000  1.1105616100e+00  1.5191444400e-01 
 739.000  1.0774116800e+00  1.4778353880e-01 
 740.000  1.0939084900e+00  1.5093917850e-01 
 741.000  1.0887864700e+00  1.5079708860e-01 
 742.000  1.0723001500e+00  1.4874430850e-01 
 743.000  1.1071086100e+00  1.5409312440e-01 
 744.000  1.1189950200e+00  1.5599516300e-01 
 745.000  1.0909745200e+00  1.5228222660e-01 
 746.000  1.1069784600e+00  1.5464178470e-01 
 747.000  1.1236526800e+00  1.5697657780e-01 
 748.000  1.1042220800e+00  1.5435614010e-01 
 749.000  1.1047128700e+00  1.5447605900e-01 
 750.000  1.0881344400e+00  1.5208853150e-01 
 751.000  1.0853337700e+00  1.5170584110e-01 
 752.000  1.1024434700e+00  1.5420106510e-01 
 753.000  1.0921758600e+00  1.5279841610e-01 
 754.000  1.1093739800e+00  1.5522711180e-01 
 755.000  1.1030132100e+00  1.5434689330e-01 
 756.000  1.0814291800e+00  1.5133680730e-01 
 757.000  1.0893896200e+00  1.5245823670e-01 
 758.000  1.0870857900e+00  1.5208100890e-01 
 759.000  1.0044048000e+00  1.3818891910e-01 
 760.000  5.1237966000e-01  5.9535346980e-02 
 761.000  4.6280535000e-01  5.2498569490e-02 
 762.000  7.3952573000e-01  9.4537765500e-02 
 763.000  6.7079470000e-01  8.2986137390e-02 
 764.000  7.1711885000e-01  9.0169158940e-02 
 765.000  8.1924255000e-01  1.0683114620e-01 
 766.000  8.8628916000e-01  1.1960144810e-01 
 767.000  9.5004112000e-01  1.3015985110e-01 
 768.000  1.0210478100e+00  1.4128752140e-01 
 769.000  1.0387086100e+00  1.4468740840e-01 
 770.000  1.0437829400e+00  1.4584718320e-01 
 771.000  1.0493886800e+00  1.4689602660e-01 
 772.000  1.0464613900e+00  1.4655986020e-01 
 773.000  1.0425347800e+00  1.4604885860e-01 
 774.000  1.0540178900e+00  1.4769477840e-01 
 775.000  1.0145676400e+00  1.4219796750e-01 
 776.000  1.0564471900e+00  1.4811308290e-01 
 777.000  1.0491111700e+00  1.4709065250e-01 
 778.000  1.0434510200e+00  1.4628579710e-01 
 779.000  1.0468139000e+00  1.4674232480e-01 
 780.000  1.0338264900e+00  1.4493713380e-01 
 781.000  1.0322247300e+00  1.4474885560e-01 
 782.000  1.0446308400e+00  1.4645304870e-01 
 783.000  1.0201887000e+00  1.4306047060e-01 
 784.000  1.0257419300e+00  1.4379197690e-01 
 785.000  1.0275689900e+00  1.4382241820e-01 
 786.000  1.0085332300e+00  1.4087077330e-01 
 787.000  1.0203867400e+00  1.4182891850e-01 
 788.000  1.0034746500e+00  1.3915173340e-01 
 789.000  1.0035117900e+00  1.3798468020e-01 
 790.000  9.9285008000e-01  1.3640319820e-01 
 791.000  9.8881815000e-01  1.3607870480e-01 
 792.000  9.7412587000e-01  1.3423994450e-01 
 793.000  9.7544234000e-01  1.3488862610e-01 
 794.000  9.7029452000e-01  1.3519041440e-01 
 795.000  9.6202834000e-01  1.3339285280e-01 
 796.000  9.7030900000e-01  1.3302511600e-01 
 797.000  9.7871400000e-01  1.3463890080e-01 
 798.000  9.8434972000e-01  1.3642240910e-01 
 799.000  9.8236353000e-01  1.3590390010e-01 
 800.000  9.5305099000e-01  1.3114277650e-01 
 801.000  9.7126826000e-01  1.3374044800e-01 
 802.000  9.6892358000e-01  1.3333688350e-01 
 803.000  9.5563049000e-01  1.3162469480e-01 
 804.000  9.6598977000e-01  1.3341880800e-01 
 805.000  9.4280594000e-01  1.3087443540e-01 
 806.000  9.7031204000e-01  1.3508045960e-01 
 807.000  9.6438990000e-01  1.3429646300e-01 
 808.000  9.5754141000e-01  1.3310554500e-01 
 809.000  9.3986465000e-01  1.3037628170e-01 
 810.000  9.3403362000e-01  1.2926692200e-01 
 811.000  9.4561517000e-01  1.3031626890e-01 
 812.000  9.3779249000e-01  1.2843331910e-01 
 813.000  9.2793360000e-01  1.2613399510e-01 
 814.000  9.1882052000e-01  1.2374370570e-01 
 815.000  8.9903968000e-01  1.1968772890e-01 
 816.000  8.7799435000e-01  1.1520731350e-01 
 817.000  8.8403593000e-01  1.1608051300e-01 
 818.000  8.7972729000e-01  1.1562068940e-01 
 819.000  8.6019750000e-01  1.1363893130e-01 
 820.000  8.5773373000e-01  1.1515289310e-01 
 821.000  9.0293990000e-01  1.2347476200e-01 
 822.000  8.6505000000e-01  1.1660518650e-01 
 823.000  8.4097353000e-01  1.0912123870e-01 
 824.000  8.8429052000e-01  1.1850087740e-01 
 825.000  9.0207702000e-01  1.2355824280e-01 
 826.000  9.0440393000e-01  1.2341416930e-01 
 827.000  8.9901883000e-01  1.2233522030e-01 
 828.000  8.8463933000e-01  1.1869491580e-01 
 829.000  8.8868816000e-01  1.1982714840e-01 
 830.000  8.7948539000e-01  1.1926826480e-01 
 831.000  8.6512732000e-01  1.1747718810e-01 
 832.000  8.8325751000e-01  1.2000984950e-01 
 833.000  8.5844979000e-01  1.1706579590e-01 
 834.000  8.7423195000e-01  1.1969496920e-01 
 835.000  8.8160460000e-01  1.2161018370e-01 
 836.000  8.9002503000e-01  1.2252111050e-01 
 837.000  8.8242283000e-01  1.2143020630e-01 
 838.000  8.8823007000e-01  1.2270882420e-01 
 839.000  8.6198333000e-01  1.1935247800e-01 
 840.000  8.8557271000e-01  1.2269993590e-01 
 841.000  8.8634920000e-01  1.2249370570e-01 
 842.000  8.8210647000e-01  1.2217837520e-01 
 843.000  8.7907122000e-01  1.2247487640e-01 
 844.000  8.6578417000e-01  1.2094007110e-01 
 845.000  8.7949435000e-01  1.2300573730e-01 
 846.000  8.8789960000e-01  1.2436611180e-01 
 847.000  8.5789298000e-01  1.2035935210e-01 
 848.000  8.8211574000e-01  1.2346011350e-01 
 849.000  8.8383848000e-01  1.2377536010e-01 
 850.000  7.6373230000e-01  1.0680600740e-01 
 851.000  8.7439571000e-01  1.2210472110e-01 
 852.000  8.4126774000e-01  1.1752479550e-01 
 853.000  8.5179332000e-01  1.1923315430e-01 
 854.000  6.8475228000e-01  9.5859878540e-02 
 855.000  7.5409575000e-01  1.0571057890e-01 
 856.000  8.5632243000e-01  1.2028981020e-01 
 857.000  8.7022500000e-01  1.2240723420e-01 
 858.000  8.5638344000e-01  1.2051694490e-01 
 859.000  8.5646713000e-01  1.2066767120e-01 
 860.000  8.4890355000e-01  1.1969290920e-01 
 861.000  8.4878966000e-01  1.1968621060e-01 
 862.000  8.4601249000e-01  1.1930853270e-01 
 863.000  8.6217464000e-01  1.2163986210e-01 
 864.000  8.6044972000e-01  1.2136871340e-01 
 865.000  8.4441764000e-01  1.1918361660e-01 
 866.000  7.0828725000e-01  9.9997337340e-02 
 867.000  7.5423345000e-01  1.0641013340e-01 
 868.000  8.1798844000e-01  1.1544909670e-01 
 869.000  8.0650284000e-01  1.1383748630e-01 
 870.000  8.3975368000e-01  1.1858006290e-01 
 871.000  8.3855950000e-01  1.1839943700e-01 
 872.000  8.3517999000e-01  1.1785763550e-01 
 873.000  8.3850966000e-01  1.1837263490e-01 
 874.000  8.2011272000e-01  1.1574637600e-01 
 875.000  8.1255928000e-01  1.1474353790e-01 
 876.000  8.1928476000e-01  1.1564929960e-01 
 877.000  8.3559655000e-01  1.1789767460e-01 
 878.000  8.2117399000e-01  1.1583132930e-01 
 879.000  8.2306948000e-01  1.1612584690e-01 
 880.000  8.1823856000e-01  1.1532309720e-01 
 881.000  7.7567665000e-01  1.0931700900e-01 
 882.000  8.1847148000e-01  1.1524974820e-01 
 883.000  7.9980611000e-01  1.1272903440e-01 
 884.000  8.0659634000e-01  1.1378710940e-01 
 885.000  8.1479342000e-01  1.1465338130e-01 
 886.000  7.8798064000e-01  1.1074204250e-01 
 887.000  7.7996269000e-01  1.0973705290e-01 
 888.000  8.0329775000e-01  1.1294944000e-01 
 889.000  8.0873977000e-01  1.1386614990e-01 
 890.000  8.0608014000e-01  1.1336630250e-01 
 891.000  8.0126652000e-01  1.1241205600e-01 
 892.000  7.9692856000e-01  1.1131017300e-01 
 893.000  7.6084824000e-01  1.0479837040e-01 
 894.000  7.8299548000e-01  1.0716152950e-01 
 895.000  7.3303775000e-01  9.8464057920e-02 
 896.000  7.4708513000e-01  9.8577407840e-02 
 897.000  7.1445027000e-01  9.2634460450e-02 
 898.000  7.0838687000e-01  9.1043807980e-02 
 899.000  6.8694974000e-01  8.6239288330e-02 
 900.000  6.7275450000e-01  8.4692504880e-02 
 901.000  6.5314998000e-01  8.1749084470e-02 
 902.000  6.4196855000e-01  8.0470161440e-02 
 903.000  7.0746865000e-01  9.2193847660e-02 
 904.000  7.4171069000e-01  9.8964012150e-02 
 905.000  7.3891600000e-01  9.8631599430e-02 
 906.000  7.0655995000e-01  9.2933967590e-02 
 907.000  6.9543018000e-01  8.9090896610e-02 
 908.000  6.6354805000e-01  8.3528587340e-02 
 909.000  6.5106410000e-01  8.2001564030e-02 
 910.000  6.6098894000e-01  8.3466194150e-02 
 911.000  6.6906055000e-01  8.5515830990e-02 
 912.000  6.6569712000e-01  8.4536460880e-02 
 913.000  6.5992570000e-01  8.1831115720e-02 
 914.000  6.6611794000e-01  8.3578247070e-02 
 915.000  6.6331794000e-01  8.4097389220e-02 
 916.000  6.7275449000e-01  8.5489425660e-02 
 917.000  6.6652004000e-01  8.5135711670e-02 
 918.000  6.6867708000e-01  8.5988792420e-02 
 919.000  6.9657753000e-01  9.1749053960e-02 
 920.000  7.0411167000e-01  9.4245964050e-02 
 921.000  6.8559623000e-01  9.1419876100e-02 
 922.000  6.7916701000e-01  9.0568519590e-02 
 923.000  6.4699618000e-01  8.5732482910e-02 
 924.000  6.6510533000e-01  8.7232604980e-02 
 925.000  6.7318942000e-01  8.8149337770e-02 
 926.000  6.4903137000e-01  8.4832603450e-02 
 927.000  6.6232877000e-01  8.5443878170e-02 
 928.000  6.4944717000e-01  8.1926506040e-02 
 929.000  6.1599431000e-01  7.5229225160e-02 
 930.000  5.8294057000e-01  6.8034370420e-02 
 931.000  5.4665564000e-01  6.0024971010e-02 
 932.000  4.9373125000e-01  4.9629222870e-02 
 933.000  4.5791701000e-01  4.3195747380e-02 
 934.000  4.1468293000e-01  3.6574241640e-02 
 935.000  4.0447301000e-01  3.5364780430e-02 
 936.000  4.1714529000e-01  3.7429031370e-02 
 937.000  4.2227236000e-01  3.7678569790e-02 
 938.000  4.6045064000e-01  4.4277744290e-02 
 939.000  5.7048146000e-01  6.5570747380e-02 
 940.000  5.8243821000e-01  6.8386352540e-02 
 941.000  5.5643707000e-01  6.4214622500e-02 
 942.000  5.0473720000e-01  5.5306411740e-02 
 943.000  4.7676088000e-01  4.7489662170e-02 
 944.000  4.5992096000e-01  4.5481555940e-02 
 945.000  4.8418783000e-01  4.9489837650e-02 
 946.000  4.9174998000e-01  5.0382186890e-02 
 947.000  5.0606480000e-01  5.3511581420e-02 
 948.000  5.1921899000e-01  5.5921867370e-02 
 949.000  5.1940057000e-01  5.5837009430e-02 
 950.000  5.1850099000e-01  5.6006950380e-02 
 951.000  5.3763730000e-01  6.0416774750e-02 
 952.000  5.1357457000e-01  5.5382648470e-02 
 953.000  5.2872854000e-01  5.8778251650e-02 
 954.000  5.4097220000e-01  6.2012744900e-02 
 955.000  4.9189216000e-01  5.5088150020e-02 
 956.000  5.2130629000e-01  5.8123420720e-02 
 957.000  5.6452710000e-01  6.7523445130e-02 
 958.000  5.7430643000e-01  6.9272575380e-02 
 959.000  5.6919532000e-01  6.8048431400e-02 
 960.000  5.6164064000e-01  6.6988540650e-02 
 961.000  5.5197814000e-01  6.5532722470e-02 
 962.000  5.5790160000e-01  6.6582031250e-02 
 963.000  5.7991340000e-01  7.1436637880e-02 
 964.000  5.7647931000e-01  7.1348297120e-02 
 965.000  5.8125338000e-01  7.1774604800e-02 
 966.000  5.6560351000e-01  6.9991889950e-02 
 967.000  5.9866000000e-01  7.5682601930e-02 
 968.000  6.1851955000e-01  8.0976676940e-02 
 969.000  6.3413958000e-01  8.4350036620e-02 
 970.000  6.3646727000e-01  8.4750701900e-02 
 971.000  6.3052326000e-01  8.3940940860e-02 
 972.000  6.3168108000e-01  8.3727432250e-02 
 973.000  6.1798734000e-01  8.1088592530e-02 
 974.000  5.9915587000e-01  7.7661720280e-02 
 975.000  5.9607903000e-01  7.6659896850e-02 
 976.000  6.1079941000e-01  7.9329437260e-02 
 977.000  6.0728055000e-01  8.0155387880e-02 
 978.000  6.2124930000e-01  8.1916183470e-02 
 979.000  6.0621187000e-01  8.0290985110e-02 
 980.000  6.2701340000e-01  8.4443649290e-02 
 981.000  6.3400353000e-01  8.5721366880e-02 
 982.000  6.2987175000e-01  8.4869071960e-02 
 983.000  6.3440184000e-01  8.6237091060e-02 
 984.000  6.3655333000e-01  8.7328865050e-02 
 985.000  6.3987232000e-01  8.8256950380e-02 
 986.000  6.3931085000e-01  8.8798797610e-02 
 987.000  6.4865842000e-01  9.0382476810e-02 
 988.000  6.4104445000e-01  8.9394279480e-02 
 989.000  6.3317018000e-01  8.8345085140e-02 
 990.000  6.3903214000e-01  8.9237754820e-02 
 991.000  6.4596254000e-01  9.0455032350e-02 
 992.000  6.4045194000e-01  8.9761718750e-02 
 993.000  6.4058074000e-01  8.9816314700e-02 
 994.000  6.4530187000e-01  9.0701461790e-02 
 995.000  6.4158371000e-01  9.0342025760e-02 
 996.000  6.4144121000e-01  9.0330795290e-02 
 997.000  6.4145464000e-01  9.0246452330e-02 
 998.000  6.3833551000e-01  8.9711853030e-02 
 999.000  6.3646200000e-01  8.9418716430e-02 
1000.000  6.3160185000e-01  8.8777908330e-02 
1001.000  6.3360818000e-01  8.8850593570e-02 
1002.000  6.3025927000e-01  8.8043945310e-02 
1003.000  6.2344348000e-01  8.7188232420e-02 
1004.000  6.1955115000e-01  8.6858764650e-02 
1005.000  5.7939304000e-01  8.1327095030e-02 
1006.000  6.0982687000e-01  8.5646354680e-02 
1007.000  6.2049613000e-01  8.7093070980e-02 
1008.000  6.2124657000e-01  8.6930595400e-02 
1009.000  6.1495619000e-01  8.5697196960e-02 
1010.000  6.1834902000e-01  8.6350692750e-02 
1011.000  6.1764223000e-01  8.6660453800e-02 
1012.000  6.1881520000e-01  8.6990959170e-02 
1013.000  6.1509878000e-01  8.6602134700e-02 
1014.000  6.1934288000e-01  8.7277969360e-02 
1015.000  6.0795351000e-01  8.5710632320e-02 
1016.000  6.1217445000e-01  8.6388801570e-02 
1017.000  6.0624851000e-01  8.5605751040e-02 
1018.000  6.1380086000e-01  8.6636581420e-02 
1019.000  5.9899536000e-01  8.4435386660e-02 
1020.000  5.9799664000e-01  8.4341445920e-02 
1021.000  6.0449070000e-01  8.5343406680e-02 
1022.000  5.9449333000e-01  8.3752479550e-02 
1023.000  6.0512466000e-01  8.5097160340e-02 
1024.000  6.0158736000e-01  8.4503097530e-02 
1025.000  6.0273042000e-01  8.4905014040e-02 
1026.000  6.0401113000e-01  8.5208114620e-02 
1027.000  6.0011331000e-01  8.4644218440e-02 
1028.000  6.0172232000e-01  8.4945953370e-02 
1029.000  5.9307192000e-01  8.3867225650e-02 
1030.000  5.9954340000e-01  8.4924713130e-02 
1031.000  5.9789968000e-01  8.4785987850e-02 
1032.000  5.9598446000e-01  8.4588302610e-02 
1033.000  5.8504510000e-01  8.3055160520e-02 
1034.000  5.9075903000e-01  8.3900207520e-02 
1035.000  5.8304183000e-01  8.2810623170e-02 
1036.000  5.9267554000e-01  8.4202972410e-02 
1037.000  5.8019253000e-01  8.2445693970e-02 
1038.000  5.8592794000e-01  8.3273872380e-02 
1039.000  5.8831379000e-01  8.3606979370e-02 
1040.000  5.8134390000e-01  8.2614845280e-02 
1041.000  5.8436841000e-01  8.3041160580e-02 
1042.000  5.8609629000e-01  8.3288780210e-02 
1043.000  5.7597466000e-01  8.1856002810e-02 
1044.000  5.8169846000e-01  8.2668357850e-02 
1045.000  5.7914781000e-01  8.2316551210e-02 
1046.000  5.6229530000e-01  7.9942436220e-02 
1047.000  5.7260569000e-01  8.1428443910e-02 
1048.000  5.7827835000e-01  8.2262077330e-02 
1049.000  5.7455806000e-01  8.1766494750e-02 
1050.000  5.7213878000e-01  8.1430244450e-02 
1051.000  5.7111061000e-01  8.1253143310e-02 
1052.000  5.6845133000e-01  8.0849342350e-02 
1053.000  5.6699043000e-01  8.0637420650e-02 
1054.000  5.6276448000e-01  7.9996696470e-02 
1055.000  5.6685773000e-01  8.0542610170e-02 
1056.000  5.6532346000e-01  8.0297576900e-02 
1057.000  5.6425252000e-01  8.0074737550e-02 
1058.000  5.5818167000e-01  7.9078880310e-02 
1059.000  5.4063705000e-01  7.6626144410e-02 
1060.000  5.6019758000e-01  7.9503974910e-02 
1061.000  5.4054251000e-01  7.6716476440e-02 
1062.000  5.5543627000e-01  7.8758010860e-02 
1063.000  5.4602647000e-01  7.7409515380e-02 
1064.000  5.5275878000e-01  7.8286994930e-02 
1065.000  5.5192007000e-01  7.8054656980e-02 
1066.000  5.3501313000e-01  7.5663658140e-02 
1067.000  5.4763849000e-01  7.7396316530e-02 
1068.000  5.4489193000e-01  7.6801277160e-02 
1069.000  5.0357383000e-01  7.0860916140e-02 
1070.000  5.3351984000e-01  7.5100669860e-02 
1071.000  5.3398944000e-01  7.5048141480e-02 
1072.000  5.3537306000e-01  7.5128227230e-02 
1073.000  5.1767988000e-01  7.2628601070e-02 
1074.000  5.3588250000e-01  7.5206764220e-02 
1075.000  5.1983281000e-01  7.3129959110e-02 
1076.000  5.3086100000e-01  7.4570213320e-02 
1077.000  5.2916931000e-01  7.4186782840e-02 
1078.000  5.2993275000e-01  7.4124633790e-02 
1079.000  5.0944171000e-01  7.1236053470e-02 
1080.000  5.2287778000e-01  7.2675491330e-02 
1081.000  5.0354984000e-01  6.9961929320e-02 
1082.000  5.1069667000e-01  7.1123733520e-02 
1083.000  4.9604740000e-01  6.8843940730e-02 
1084.000  5.1396409000e-01  7.1065185550e-02 
1085.000  5.0473272000e-01  6.9208122250e-02 
1086.000  5.1192773000e-01  7.0308998110e-02 
1087.000  4.8317601000e-01  6.6944656370e-02 
1088.000  5.1254762000e-01  7.1059585570e-02 
1089.000  4.8971309000e-01  6.7176071170e-02 
1090.000  4.9970720000e-01  6.8424598690e-02 
1091.000  5.0361984000e-01  6.9116790770e-02 
1092.000  4.9025152000e-01  6.6936416630e-02 
1093.000  4.8036291000e-01  6.4828468320e-02 
1094.000  4.3553984100e-01  5.8467906950e-02 
1095.000  4.7171713000e-01  6.3357246400e-02 
1096.000  4.7304276000e-01  6.3585853580e-02 
1097.000  4.6297690000e-01  6.2033832550e-02 
1098.000  4.4564212800e-01  5.8027149200e-02 
1099.000  4.3532280300e-01  5.5305225370e-02 
1100.000  4.4361600400e-01  5.6447448730e-02 
1101.000  4.4427513900e-01  5.6713558200e-02 
1102.000  4.2510813000e-01  5.4162899020e-02 
1103.000  4.4306069000e-01  5.6561779020e-02 
1104.000  4.3785913200e-01  5.5656463620e-02 
1105.000  4.3210359100e-01  5.4344852450e-02 
1106.000  4.2327864200e-01  5.2680084230e-02 
1107.000  4.2411380400e-01  5.2892303470e-02 
1108.000  4.2378105700e-01  5.2908332820e-02 
1109.000  4.3027923200e-01  5.4137290950e-02 
1110.000  4.3203701300e-01  5.4216621400e-02 
1111.000  4.2406303200e-01  5.2907299040e-02 
1112.000  4.0769410200e-01  4.9676101680e-02 
1113.000  3.8897714200e-01  4.5651134490e-02 
1114.000  3.8876914600e-01  4.5005096440e-02 
1115.000  3.6315473400e-01  3.9709884640e-02 
1116.000  3.4498463100e-01  3.6347572330e-02 
1117.000  3.1598733100e-01  3.0671102520e-02 
1118.000  2.8203489900e-01  2.5272706990e-02 
1119.000  2.5818749000e-01  2.2019573210e-02 
1120.000  2.3802032800e-01  1.9039411540e-02 
1121.000  2.3493640100e-01  1.8487791060e-02 
1122.000  2.1116808300e-01  1.5399273870e-02 
1123.000  2.2502015100e-01  1.7057621000e-02 
1124.000  2.3397454000e-01  1.8165794370e-02 
1125.000  2.2481713100e-01  1.7218862530e-02 
1126.000  2.1876886200e-01  1.6671731950e-02 
1127.000  2.2793746500e-01  1.7501245500e-02 
1128.000  2.2715423200e-01  1.7687389370e-02 
1129.000  2.4997020400e-01  2.0755855560e-02 
1130.000  2.9877517300e-01  2.8033668520e-02 
1131.000  3.1571445200e-01  3.0629987720e-02 
1132.000  2.9774667400e-01  2.7549299240e-02 
1133.000  2.5552607100e-01  2.1686372760e-02 
1134.000  1.8687573600e-01  1.2792130470e-02 
1135.000  1.9452624900e-01  1.3611866000e-02 
1136.000  2.6168451600e-01  2.2566713330e-02 
1137.000  2.9994689700e-01  2.8193618770e-02 
1138.000  3.2045335300e-01  3.2729255680e-02 
1139.000  3.3648973400e-01  3.5362052920e-02 
1140.000  3.3146999400e-01  3.4288070680e-02 
1141.000  3.0991177900e-01  3.1109872820e-02 
1142.000  3.1404998000e-01  3.1159797670e-02 
1143.000  2.9514163900e-01  2.8279911040e-02 
1144.000  2.7786290400e-01  2.5615943910e-02 
1145.000  2.5699724300e-01  2.2333965300e-02 
1146.000  2.6500806300e-01  2.3355260850e-02 
1147.000  2.8411128200e-01  2.6191497800e-02 
1148.000  2.9672596500e-01  2.8425947190e-02 
1149.000  3.0365210800e-01  2.9551538470e-02 
1150.000  3.0240160900e-01  2.9519760130e-02 
1151.000  3.1026219800e-01  3.1058528900e-02 
1152.000  3.1390120000e-01  3.1805177690e-02 
1153.000  3.1958864500e-01  3.2948242190e-02 
1154.000  3.1983600300e-01  3.2862468720e-02 
1155.000  3.3266616400e-01  3.5345611570e-02 
1156.000  3.4112067000e-01  3.7561084750e-02 
1157.000  3.7053563300e-01  4.3522487640e-02 
1158.000  3.8090631000e-01  4.5800746920e-02 
1159.000  3.8412596600e-01  4.7080177310e-02 
1160.000  3.8271462000e-01  4.7279857640e-02 
1161.000  3.8324166900e-01  4.8206119540e-02 
1162.000  4.0356051800e-01  5.1475200650e-02 
1163.000  4.1312682300e-01  5.3557460780e-02 
1164.000  4.0656364600e-01  5.2891532900e-02 
1165.000  4.1491356600e-01  5.4095912930e-02 
1166.000  4.0570910100e-01  5.3102214810e-02 
1167.000  4.1325330300e-01  5.4219779970e-02 
1168.000  4.1646470500e-01  5.4602027890e-02 
1169.000  4.0313079100e-01  5.2983367920e-02 
1170.000  4.1498203900e-01  5.4659061430e-02 
1171.000  4.1965599400e-01  5.5574199680e-02 
1172.000  4.1670549600e-01  5.5016376500e-02 
1173.000  4.1220190900e-01  5.4263919830e-02 
1174.000  4.1250374200e-01  5.4317237850e-02 
1175.000  4.1195387500e-01  5.4697246550e-02 
1176.000  4.0583876600e-01  5.4301052090e-02 
1177.000  4.1651326400e-01  5.5529533390e-02 
1178.000  4.0573264500e-01  5.3696273800e-02 
1179.000  4.0392285300e-01  5.3460803990e-02 
1180.000  4.0823314700e-01  5.3890430450e-02 
1181.000  4.0261712200e-01  5.2787380220e-02 
1182.000  3.9961072200e-01  5.2040458680e-02 
1183.000  3.7681574100e-01  4.9113090520e-02 
1184.000  3.9578793100e-01  5.1786899570e-02 
1185.000  4.0593898200e-01  5.3625751500e-02 
1186.000  4.0207428500e-01  5.2965789790e-02 
1187.000  3.9721106600e-01  5.1823345180e-02 
1188.000  3.9402157400e-01  5.1294185640e-02 
1189.000  3.7389458800e-01  4.8965339660e-02 
1190.000  4.0001828300e-01  5.3190071110e-02 
1191.000  4.0857897800e-01  5.4575912480e-02 
1192.000  4.0965345900e-01  5.5081413270e-02 
1193.000  4.0909690700e-01  5.4921932220e-02 
1194.000  4.0781314200e-01  5.4702934270e-02 
1195.000  4.0000819500e-01  5.3316394810e-02 
1196.000  4.0019836400e-01  5.3398342130e-02 
1197.000  3.9852156200e-01  5.3014381410e-02 
1198.000  3.8479267300e-01  5.1159339900e-02 
1199.000  3.6865363300e-01  4.8827373500e-02 
1200.000  3.9300268700e-01  5.2175998690e-02 
1201.000  3.9625823300e-01  5.2671043400e-02 
1202.000  3.9717095000e-01  5.2885219570e-02 
1203.000  3.7673454800e-01  5.0106235500e-02 
1204.000  3.8359011600e-01  5.1127365110e-02 
1205.000  3.9778453600e-01  5.3600521090e-02 
1206.000  3.9783362400e-01  5.3871932980e-02 
1207.000  4.0151551400e-01  5.4478687290e-02 
1208.000  3.9494381900e-01  5.3496051790e-02 
1209.000  3.6913532700e-01  4.9865203860e-02 
1210.000  3.9296956100e-01  5.2839588170e-02 
1211.000  3.7955534400e-01  5.1005756380e-02 
1212.000  3.9199523000e-01  5.2742671970e-02 
1213.000  3.9559380700e-01  5.3463806150e-02 
1214.000  3.9352842600e-01  5.3157222750e-02 
1215.000  3.9560937000e-01  5.3534309390e-02 
1216.000  3.9738079100e-01  5.4155357360e-02 
1217.000  3.9899600200e-01  5.4711711880e-02 
1218.000  3.9857482000e-01  5.4822853090e-02 
1219.000  3.9534406100e-01  5.4484218600e-02 
1220.000  3.9808009900e-01  5.4867370610e-02 
1221.000  3.9760638400e-01  5.4832778930e-02 
1222.000  3.9558741700e-01  5.4565013890e-02 
1223.000  3.9392154800e-01  5.4380794530e-02 
1224.000  3.9845426800e-01  5.5210792540e-02 
1225.000  3.9657683100e-01  5.5004608150e-02 
1226.000  3.9838046400e-01  5.5329620360e-02 
1227.000  3.8554639500e-01  5.3658470150e-02 
1228.000  3.9841449700e-01  5.5592872620e-02 
1229.000  3.9856640000e-01  5.5726917270e-02 
1230.000  3.9786957200e-01  5.5757522580e-02 
1231.000  3.9823933300e-01  5.5886463170e-02 
1232.000  3.9388503500e-01  5.5312313080e-02 
1233.000  3.9706897400e-01  5.5787441250e-02 
1234.000  3.9674050700e-01  5.5901660920e-02 
1235.000  3.9429263200e-01  5.5619117740e-02 
1236.000  3.9679208600e-01  5.6017978670e-02 
1237.000  3.9704431200e-01  5.6113296510e-02 
1238.000  3.9688869800e-01  5.6121376040e-02 
1239.000  3.9241091600e-01  5.5509986880e-02 
1240.000  3.9063402100e-01  5.5285842900e-02 
1241.000  3.9404401600e-01  5.5784797670e-02 
1242.000  3.9164701600e-01  5.5457305910e-02 
1243.000  3.8718967200e-01  5.4840145110e-02 
1244.000  3.8354690700e-01  5.4321441650e-02 
1245.000  3.9002456100e-01  5.5243854520e-02 
1246.000  3.8686379500e-01  5.4775215150e-02 
1247.000  3.8477842100e-01  5.4455379490e-02 
1248.000  3.8758851000e-01  5.4831619260e-02 
1249.000  3.8608231300e-01  5.4610885620e-02 
1250.000  3.8440200000e-01  5.4352512360e-02 
1251.000  3.8157060400e-01  5.3934646610e-02 
1252.000  3.8013048700e-01  5.3694473270e-02 
1253.000  3.7667424600e-01  5.3165481570e-02 
1254.000  3.7702872900e-01  5.3126579280e-02 
1255.000  3.7594159100e-01  5.2919986720e-02 
1256.000  3.7474329900e-01  5.2712341310e-02 
1257.000  3.6989365600e-01  5.1962955470e-02 
1258.000  3.6996894900e-01  5.1829830170e-02 
1259.000  3.6473060600e-01  5.0983856200e-02 
1260.000  3.6386011500e-01  5.0731491090e-02 
1261.000  3.6164040900e-01  5.0285091400e-02 
1262.000  3.5060130800e-01  4.8516624450e-02 
1263.000  3.5357799300e-01  4.8866798400e-02 
1264.000  3.4723528400e-01  4.7960289000e-02 
1265.000  3.4755739100e-01  4.7995563510e-02 
1266.000  3.4841488100e-01  4.8028160100e-02 
1267.000  3.4033760300e-01  4.6830448150e-02 
1268.000  3.3524886900e-01  4.6053756710e-02 
1269.000  3.3760144500e-01  4.6343753810e-02 
1270.000  3.4578549300e-01  4.7674610140e-02 
1271.000  3.4970711200e-01  4.8293888090e-02 
1272.000  3.5029308400e-01  4.8464458470e-02 
1273.000  3.5145627900e-01  4.8739345550e-02 
1274.000  3.5115821200e-01  4.8841812130e-02 
1275.000  3.5410027000e-01  4.9296218870e-02 
1276.000  3.5518564100e-01  4.9452194210e-02 
1277.000  3.5522610700e-01  4.9428745270e-02 
1278.000  3.5453829800e-01  4.9289421080e-02 
1279.000  3.5251472900e-01  4.9009746550e-02 
1280.000  3.5141678700e-01  4.8962326050e-02 
1281.000  3.4233887900e-01  4.7793716430e-02 
1282.000  3.0476715900e-01  4.2634216310e-02 
1283.000  3.3499395900e-01  4.6897457120e-02 
1284.000  3.4887975700e-01  4.8836856840e-02 
1285.000  3.5172345800e-01  4.9249214170e-02 
1286.000  3.5117719200e-01  4.9094074250e-02 
1287.000  3.5244562800e-01  4.9139347080e-02 
1288.000  3.4695186600e-01  4.7942802430e-02 
1289.000  3.4800314900e-01  4.7947082520e-02 
1290.000  3.3988224800e-01  4.6797595980e-02 
1291.000  3.4511846800e-01  4.7547882080e-02 
1292.000  3.4799135300e-01  4.8071826930e-02 
1293.000  3.4843069200e-01  4.8109928130e-02 
1294.000  3.4148559400e-01  4.6933074950e-02 
1295.000  3.4283006600e-01  4.6805751800e-02 
1296.000  3.4063614000e-01  4.6191417690e-02 
1297.000  3.3653695900e-01  4.5389358520e-02 
1298.000  3.3334572400e-01  4.4914783480e-02 
1299.000  3.3657027500e-01  4.5305919650e-02 
1300.000  3.3487992700e-01  4.5028625490e-02 
1301.000  3.3389945700e-01  4.4809787750e-02 
1302.000  3.2821495300e-01  4.3853275300e-02 
1303.000  3.2223696300e-01  4.2566234590e-02 
1304.000  3.2086820200e-01  4.2170364380e-02 
1305.000  3.2211668400e-01  4.2232376100e-02 
1306.000  3.2190012400e-01  4.2099948880e-02 
1307.000  3.1988544000e-01  4.1709987640e-02 
1308.000  3.1691039800e-01  4.1015056610e-02 
1309.000  3.1297658500e-01  4.0111640930e-02 
1310.000  3.1125152800e-01  3.9838809970e-02 
1311.000  3.1039904400e-01  3.9713314060e-02 
1312.000  3.0496865200e-01  3.8592044830e-02 
1313.000  2.8886100100e-01  3.6087429050e-02 
1314.000  2.9338044300e-01  3.6233840940e-02 
1315.000  2.8560508400e-01  3.5442134860e-02 
1316.000  2.9558420300e-01  3.6947002410e-02 
1317.000  2.9858857700e-01  3.7294334410e-02 
1318.000  2.8919458300e-01  3.5626647950e-02 
1319.000  2.8554823500e-01  3.4504081730e-02 
1320.000  2.7482995300e-01  3.2407756810e-02 
1321.000  2.7029435500e-01  3.1525836940e-02 
1322.000  2.7536720000e-01  3.2613353730e-02 
1323.000  2.8225790100e-01  3.3928794860e-02 
1324.000  2.8552316900e-01  3.4570968630e-02 
1325.000  2.8313842300e-01  3.4081279750e-02 
1326.000  2.7605486400e-01  3.2712871550e-02 
1327.000  2.6151845600e-01  2.9796230320e-02 
1328.000  2.4838102700e-01  2.6895776750e-02 
1329.000  2.1428425000e-01  2.1113161090e-02 
1330.000  2.0823356900e-01  1.9806346890e-02 
1331.000  2.0274493000e-01  1.8837860110e-02 
1332.000  2.0055029800e-01  1.8737756730e-02 
1333.000  2.1156621400e-01  2.0142454150e-02 
1334.000  2.1999010100e-01  2.1479322430e-02 
1335.000  2.2593738400e-01  2.2466615680e-02 
1336.000  2.2583206200e-01  2.2593282700e-02 
1337.000  2.2838807900e-01  2.2900959010e-02 
1338.000  2.3214408300e-01  2.3593652730e-02 
1339.000  2.3265816800e-01  2.3761257170e-02 
1340.000  2.3428110100e-01  2.4207080840e-02 
1341.000  2.3823698300e-01  2.4383754730e-02 
1342.000  2.3813915600e-01  2.4372253420e-02 
1343.000  2.2909705500e-01  2.2286891940e-02 
1344.000  2.1523390600e-01  1.9721862790e-02 
1345.000  1.7806902600e-01  1.4088222500e-02 
1346.000  1.5188832000e-01  1.0533712390e-02 
1347.000  1.3471853400e-01  8.5656251910e-03 
1348.000  1.1168333500e-01  5.9555358890e-03 
1349.000  1.0157874580e-01  5.0366926190e-03 
1350.000  7.9123356300e-02  3.1003923420e-03 
1351.000  6.8307120600e-02  2.3913111690e-03 
1352.000  5.2246287100e-02  1.4163246150e-03 
1353.000  3.7031553200e-02  7.7644956110e-04 
1354.000  2.9610085700e-02  5.1888334750e-04 
1355.000  2.2989709400e-02  3.3284246920e-04 
1356.000  1.7384971400e-02  2.0274251700e-04 
1357.000  1.1883097220e-02  1.0231634230e-04 
1358.000  8.7943128700e-03  6.2544010580e-05 
1359.000  4.6371929600e-03  2.1283112470e-05 
1360.000  3.0667207900e-03  1.1202827100e-05 
1361.000  2.2822909500e-03  6.6744838840e-06 
1362.000  2.1000793400e-03  5.8717690410e-06 
1363.000  3.0298730500e-03  1.0240332220e-05 
1364.000  3.5132279600e-03  1.2818751860e-05 
1365.000  3.6785396100e-03  1.3524994250e-05 
1366.000  4.2481010300e-03  1.6887733710e-05 
1367.000  3.5684728100e-03  1.3235112650e-05 
1368.000  3.1641459100e-03  1.1441946030e-05 
1369.000  3.2446903800e-03  1.2036811560e-05 
1370.000  5.3662074000e-03  2.7887647970e-05 
1371.000  9.5567530800e-03  6.9746263330e-05 
1372.000  1.7696201700e-02  1.9243909420e-04 
1373.000  2.5103542800e-02  3.3932933210e-04 
1374.000  3.0483572000e-02  4.6919238570e-04 
1375.000  3.2500844400e-02  5.2662450080e-04 
1376.000  3.0145872700e-02  4.6702405810e-04 
1377.000  2.6837314600e-02  3.8162866230e-04 
1378.000  2.0455608000e-02  2.4346791210e-04 
1379.000  1.4046724040e-02  1.3156701620e-04 
1380.000  7.9669024800e-03  5.2632119510e-05 
1381.000  4.6085496800e-03  2.1981962030e-05 
1382.000  3.2226955600e-03  1.2418265450e-05 
1383.000  3.1180844000e-03  1.1601616630e-05 
1384.000  5.0718389800e-03  2.4986453350e-05 
1385.000  7.2001214900e-03  4.3741770090e-05 
1386.000  1.0997439070e-02  8.6132034660e-05 
1387.000  2.0206287500e-02  2.3644520340e-04 
1388.000  2.6781617100e-02  3.7090709810e-04 
1389.000  3.0763990300e-02  4.7236564760e-04 
1390.000  3.1403321600e-02  4.9357873200e-04 
1391.000  2.9315373300e-02  4.3893134590e-04 
1392.000  2.2163673600e-02  2.7773576970e-04 
1393.000  1.6942381900e-02  1.8117259440e-04 
1394.000  1.2979797520e-02  1.1831262710e-04 
1395.000  1.4631331500e-02  1.4330157640e-04 
1396.000  2.0077418100e-02  2.3656177520e-04 
1397.000  2.5909786300e-02  3.5951083900e-04 
1398.000  2.6682586600e-02  3.7562730910e-04 
1399.000  2.4913632100e-02  3.4051945810e-04 
1400.000  2.3296363100e-02  3.0934464930e-04 
1401.000  2.4765228100e-02  3.4654566650e-04 
1402.000  3.0702174000e-02  4.8278525470e-04 
1403.000  3.5348571000e-02  6.2480282780e-04 
1404.000  3.3248485500e-02  5.6168991330e-04 
1405.000  3.4827046100e-02  6.1976271870e-04 
1406.000  3.2294457500e-02  5.4200422760e-04 
1407.000  3.3492557700e-02  5.9064435960e-04 
1408.000  4.0143190500e-02  7.9035347700e-04 
1409.000  4.7056974200e-02  1.0438367130e-03 
1410.000  5.7714989500e-02  1.4610202310e-03 
1411.000  6.8649822800e-02  2.0030872820e-03 
1412.000  6.6323594600e-02  1.9312231540e-03 
1413.000  7.3148781300e-02  2.3051438330e-03 
1414.000  7.2119712300e-02  2.2125725750e-03 
1415.000  7.9727463500e-02  2.6874902250e-03 
1416.000  8.5661591600e-02  3.0352246760e-03 
1417.000  8.7867143800e-02  3.1942293640e-03 
1418.000  8.8650200400e-02  3.2227544780e-03 
1419.000  8.8465632800e-02  3.2679810520e-03 
1420.000  9.0566757600e-02  3.3896198270e-03 
1421.000  1.0186088700e-01  4.1488342290e-03 
1422.000  1.0428423510e-01  4.3794903760e-03 
1423.000  1.0544727950e-01  4.5079765320e-03 
1424.000  1.0508892260e-01  4.4651594160e-03 
1425.000  1.0389579070e-01  4.3309774400e-03 
1426.000  1.0017003450e-01  4.1778903010e-03 
1427.000  1.0610034170e-01  4.5674877170e-03 
1428.000  1.1206265110e-01  4.9300842290e-03 
1429.000  1.1366435000e-01  5.1429939270e-03 
1430.000  1.1090029640e-01  5.0158433910e-03 
1431.000  1.0331687370e-01  4.4806590080e-03 
1432.000  1.0102220440e-01  4.2645702360e-03 
1433.000  1.0073748820e-01  4.2403688430e-03 
1434.000  9.6085569600e-02  3.9560561180e-03 
1435.000  1.0315665030e-01  4.4299345020e-03 
1436.000  1.0572556510e-01  4.6187028880e-03 
1437.000  1.0741084090e-01  4.7333388330e-03 
1438.000  1.1387405290e-01  5.2325644490e-03 
1439.000  1.1597562850e-01  5.3476004600e-03 
1440.000  1.1120255290e-01  5.1918601990e-03 
1441.000  1.1810951010e-01  5.5530815120e-03 
1442.000  1.1329404890e-01  5.2562856670e-03 
1443.000  1.1533031910e-01  5.3629355430e-03 
1444.000  1.1793048530e-01  5.5486178400e-03 
1445.000  1.1816664270e-01  5.5797495840e-03 
1446.000  1.2368359650e-01  5.9808025360e-03 
1447.000  1.2706415700e-01  6.2757177350e-03 
1448.000  1.2851232900e-01  6.3731689450e-03 
1449.000  1.2598899400e-01  6.1669468880e-03 
1450.000  1.2047601290e-01  5.7731437680e-03 
1451.000  1.2182493350e-01  5.9092001910e-03 
1452.000  1.2715730300e-01  6.4296345710e-03 
1453.000  1.4169217100e-01  7.5915102960e-03 
1454.000  1.5418392000e-01  8.7389564510e-03 
1455.000  1.6015862400e-01  9.3899040220e-03 
1456.000  1.6726400900e-01  1.0132625580e-02 
1457.000  1.6995407800e-01  1.0350221630e-02 
1458.000  1.7327877200e-01  1.0627795220e-02 
1459.000  1.6840974400e-01  1.0115975380e-02 
1460.000  1.6073223500e-01  9.4810552600e-03 
1461.000  1.5764881500e-01  9.2223443980e-03 
1462.000  1.4915944400e-01  8.4886035920e-03 
1463.000  1.4817049700e-01  8.4571399690e-03 
1464.000  1.4625630200e-01  8.2934026720e-03 
1465.000  1.4301117100e-01  7.9455690380e-03 
1466.000  1.3328239600e-01  7.2096729280e-03 
1467.000  1.3231539600e-01  7.0220584870e-03 
1468.000  1.2417311190e-01  6.4466810230e-03 
1469.000  1.1779186410e-01  5.8783507350e-03 
1470.000  1.1438050470e-01  5.6352562900e-03 
1471.000  1.2138151570e-01  6.3210191730e-03 
1472.000  1.3366234800e-01  7.4136581420e-03 
1473.000  1.5021160900e-01  8.9744863510e-03 
1474.000  1.5744948400e-01  9.9285955430e-03 
1475.000  1.6024923400e-01  1.0149151800e-02 
1476.000  1.6050992800e-01  1.0211199760e-02 
1477.000  1.5706918800e-01  9.8917160030e-03 
1478.000  1.5092632400e-01  9.4126586910e-03 
1479.000  1.4793250600e-01  9.0780591960e-03 
1480.000  1.5101430800e-01  9.4405412670e-03 
1481.000  1.5383856000e-01  9.8737230300e-03 
1482.000  1.6078942200e-01  1.0622712140e-02 
1483.000  1.5901039100e-01  1.0620178220e-02 
1484.000  1.6004196400e-01  1.0752961160e-02 
1485.000  1.6234235900e-01  1.0921133040e-02 
1486.000  1.6371645100e-01  1.1298600200e-02 
1487.000  1.7374035300e-01  1.2557753560e-02 
1488.000  1.5225898400e-01  1.1098187450e-02 
1489.000  1.8685239000e-01  1.4440036770e-02 
1490.000  1.9769029100e-01  1.6048414230e-02 
1491.000  2.0475519600e-01  1.7081850050e-02 
1492.000  2.0104284600e-01  1.6926170350e-02 
1493.000  2.0847551400e-01  1.7870023730e-02 
1494.000  2.0817136500e-01  1.7969673160e-02 
1495.000  2.0989663700e-01  1.8447067260e-02 
1496.000  2.0953503100e-01  1.8868743900e-02 
1497.000  2.1464508900e-01  1.9458349230e-02 
1498.000  2.2172672400e-01  2.0527048110e-02 
1499.000  2.2271709900e-01  2.1034048080e-02 
1500.000  2.2958629100e-01  2.2029144290e-02 
1501.000  2.2828036300e-01  2.1917530060e-02 
1502.000  2.2459939400e-01  2.1533466340e-02 
1503.000  2.0063887900e-01  1.9239244460e-02 
1504.000  2.0997496800e-01  2.0288953780e-02 
1505.000  2.1259863300e-01  2.0854412080e-02 
1506.000  2.1553041300e-01  2.1241939540e-02 
1507.000  2.2835053400e-01  2.2815845490e-02 
1508.000  2.2634265700e-01  2.2825296400e-02 
1509.000  2.2886768100e-01  2.3303432460e-02 
1510.000  2.3296951700e-01  2.3864225390e-02 
1511.000  2.3511747700e-01  2.4257013320e-02 
1512.000  2.3143153100e-01  2.4011695860e-02 
1513.000  2.3134143500e-01  2.4113212590e-02 
1514.000  2.2817427600e-01  2.3860940930e-02 
1515.000  2.3348099100e-01  2.4559480670e-02 
1516.000  2.3157504300e-01  2.4451194760e-02 
1517.000  2.3095453500e-01  2.4514854430e-02 
1518.000  2.3667770600e-01  2.5320226670e-02 
1519.000  2.3489633000e-01  2.5347339630e-02 
1520.000  2.3849767400e-01  2.6008955000e-02 
1521.000  2.3510849800e-01  2.5809761050e-02 
1522.000  2.3374863000e-01  2.5728904720e-02 
1523.000  2.3977522300e-01  2.6494985580e-02 
1524.000  2.3769129900e-01  2.6300735470e-02 
1525.000  2.3195475000e-01  2.5694496150e-02 
1526.000  2.3859087300e-01  2.6495609280e-02 
1527.000  2.3647862900e-01  2.6363756180e-02 
1528.000  2.3858053300e-01  2.6721456530e-02 
1529.000  2.3783432000e-01  2.6691436770e-02 
1530.000  2.2297920000e-01  2.5133249280e-02 
1531.000  2.3862483600e-01  2.7000522610e-02 
1532.000  2.3748818700e-01  2.6981174470e-02 
1533.000  2.3652693300e-01  2.6957725520e-02 
1534.000  2.3304907900e-01  2.6641244890e-02 
1535.000  2.3403705900e-01  2.6836055760e-02 
1536.000  2.3717004400e-01  2.7267047880e-02 
1537.000  2.3810749500e-01  2.7475015640e-02 
1538.000  2.3178048400e-01  2.6848196030e-02 
1539.000  2.3679651500e-01  2.7529203410e-02 
1540.000  2.2824726500e-01  2.6616415020e-02 
1541.000  2.3306072800e-01  2.7241256710e-02 
1542.000  2.3444823400e-01  2.7457664490e-02 
1543.000  2.3381069900e-01  2.7449951170e-02 
1544.000  2.3681455800e-01  2.7879079820e-02 
1545.000  2.3772421500e-01  2.8080028530e-02 
1546.000  2.3794336000e-01  2.8198587420e-02 
1547.000  2.3563293300e-01  2.8010269170e-02 
1548.000  2.2867381100e-01  2.7257621770e-02 
1549.000  2.3453498200e-01  2.8017704010e-02 
1550.000  2.3321714400e-01  2.7916358950e-02 
1551.000  2.3198946500e-01  2.7809637070e-02 
1552.000  2.3594392800e-01  2.8324501040e-02 
1553.000  2.3471090700e-01  2.8226711270e-02 
1554.000  2.2611123400e-01  2.7230821610e-02 
1555.000  2.2988482200e-01  2.7740493770e-02 
1556.000  2.2549623900e-01  2.7269010540e-02 
1557.000  2.3287972700e-01  2.8227582930e-02 
1558.000  2.3103610100e-01  2.8054540630e-02 
1559.000  2.3105409700e-01  2.8103990550e-02 
1560.000  2.2706404200e-01  2.7675645830e-02 
1561.000  2.3236324000e-01  2.8356338500e-02 
1562.000  2.3225505300e-01  2.8360935210e-02 
1563.000  2.2878311400e-01  2.7964218140e-02 
1564.000  2.2412416100e-01  2.7411279680e-02 
1565.000  2.2737753000e-01  2.7817779540e-02 
1566.000  2.2306961000e-01  2.7332149510e-02 
1567.000  2.2271140500e-01  2.7293628690e-02 
1568.000  2.1755446900e-01  2.6647903440e-02 
1569.000  2.1773547600e-01  2.6648700710e-02 
1570.000  2.1167822000e-01  2.5904201510e-02 
1571.000  2.1735021100e-01  2.6634380340e-02 
1572.000  2.1718379500e-01  2.6635660170e-02 
1573.000  2.1388522300e-01  2.6282173160e-02 
1574.000  2.1472872300e-01  2.6449958800e-02 
1575.000  1.9950297700e-01  2.4622299190e-02 
1576.000  2.1433225600e-01  2.6482049940e-02 
1577.000  1.9360897300e-01  2.3946062090e-02 
1578.000  2.1196100000e-01  2.6243022920e-02 
1579.000  2.1328433400e-01  2.6443874360e-02 
1580.000  2.1783489300e-01  2.7062238690e-02 
1581.000  2.1639052000e-01  2.6913934710e-02 
1582.000  2.1224031900e-01  2.6474266050e-02 
1583.000  2.1504639800e-01  2.6897851940e-02 
1584.000  2.1331459100e-01  2.6756715770e-02 
1585.000  2.1976321600e-01  2.7632181170e-02 
1586.000  2.1700329700e-01  2.7328573230e-02 
1587.000  2.1474234300e-01  2.7107555390e-02 
1588.000  2.1159199400e-01  2.6770046230e-02 
1589.000  1.9358462600e-01  2.4527509690e-02 
1590.000  2.0855736700e-01  2.6457233430e-02 
1591.000  2.0388560500e-01  2.5891561510e-02 
1592.000  2.1456232400e-01  2.7258878710e-02 
1593.000  2.1917814700e-01  2.7849739070e-02 
1594.000  2.1730268300e-01  2.7617200850e-02 
1595.000  2.1827530900e-01  2.7749570850e-02 
1596.000  2.0446585100e-01  2.6021677020e-02 
1597.000  2.1205735800e-01  2.6987045290e-02 
1598.000  2.1497194800e-01  2.7345932010e-02 
1599.000  2.0653310900e-01  2.6251541140e-02 
1600.000  2.0898534600e-01  2.6551319120e-02 
1601.000  2.0018742500e-01  2.5459512710e-02 
1602.000  2.0505512500e-01  2.6108425140e-02 
1603.000  2.0382725900e-01  2.6008584980e-02 
1604.000  2.0687241000e-01  2.6461214070e-02 
1605.000  2.0381343200e-01  2.6103031160e-02 
1606.000  2.0317477400e-01  2.6062282560e-02 
1607.000  2.0386229600e-01  2.6152442930e-02 
1608.000  2.0605673400e-01  2.6436935420e-02 
1609.000  2.0526449700e-01  2.6350696560e-02 
1610.000  1.9260290400e-01  2.4743782040e-02 
1611.000  1.9875076500e-01  2.5579542160e-02 
1612.000  2.0121964800e-01  2.5947019580e-02 
1613.000  2.0624023500e-01  2.6643276210e-02 
1614.000  2.0421543800e-01  2.6394075390e-02 
1615.000  2.0798758600e-01  2.6922752380e-02 
1616.000  1.9526756900e-01  2.5306766510e-02 
1617.000  2.0137281000e-01  2.6157369610e-02 
1618.000  2.0764672200e-01  2.7000478740e-02 
1619.000  2.0736542700e-01  2.7024463650e-02 
1620.000  2.0247476900e-01  2.6444795610e-02 
1621.000  1.9974777500e-01  2.6133481980e-02 
1622.000  2.0477481300e-01  2.6808898930e-02 
1623.000  2.0905636100e-01  2.7399532320e-02 
1624.000  2.1058471800e-01  2.7622993470e-02 
1625.000  2.0556971200e-01  2.7016204830e-02 
1626.000  2.0787049600e-01  2.7308094020e-02 
1627.000  2.0763194500e-01  2.7302478790e-02 
1628.000  2.0920942400e-01  2.7520254140e-02 
1629.000  2.0907270500e-01  2.7509937290e-02 
1630.000  2.0320876000e-01  2.6733238220e-02 
1631.000  2.0638649200e-01  2.7164060590e-02 
1632.000  2.0621356800e-01  2.7111690520e-02 
1633.000  2.0349258700e-01  2.6749317170e-02 
1634.000  1.9853073400e-01  2.6083118440e-02 
1635.000  2.0385228900e-01  2.6781108860e-02 
1636.000  2.0308606400e-01  2.6670728680e-02 
1637.000  1.9377378000e-01  2.5436859130e-02 
1638.000  1.9235806800e-01  2.5251621250e-02 
1639.000  1.9007509100e-01  2.4928153990e-02 
1640.000  1.9102125600e-01  2.5045341490e-02 
1641.000  1.8965733100e-01  2.4861772540e-02 
1642.000  1.8941942100e-01  2.4864725110e-02 
1643.000  1.9421942300e-01  2.5520048140e-02 
1644.000  1.9114715100e-01  2.5135786060e-02 
1645.000  1.9144569900e-01  2.5188611980e-02 
1646.000  1.9374578300e-01  2.5522714610e-02 
1647.000  1.9554674600e-01  2.5773986820e-02 
1648.000  1.9466320700e-01  2.5657409670e-02 
1649.000  1.9019032800e-01  2.5078649520e-02 
1650.000  1.9500956300e-01  2.5730640410e-02 
1651.000  1.9065562300e-01  2.5160312650e-02 
1652.000  1.9444630700e-01  2.5653314590e-02 
1653.000  1.9244441500e-01  2.5405822750e-02 
1654.000  1.9460285900e-01  2.5700757980e-02 
1655.000  1.9091742200e-01  2.5235759740e-02 
1656.000  1.9474135300e-01  2.5755371090e-02 
1657.000  1.9332690600e-01  2.5596454620e-02 
1658.000  1.9454490100e-01  2.5708045960e-02 
1659.000  1.9100753700e-01  2.5305557250e-02 
1660.000  1.9321499200e-01  2.5592010500e-02 
1661.000  1.9396846500e-01  2.5687810900e-02 
1662.000  1.9251072100e-01  2.5473976140e-02 
1663.000  1.9123627100e-01  2.5301176070e-02 
1664.000  1.9034400800e-01  2.5174571990e-02 
1665.000  1.8840358000e-01  2.4905639650e-02 
1666.000  1.8763379500e-01  2.4819858550e-02 
1667.000  1.8955032600e-01  2.5119125370e-02 
1668.000  1.8633882600e-01  2.4705995560e-02 
1669.000  1.8686390300e-01  2.4799396510e-02 
1670.000  1.9106492100e-01  2.5380643840e-02 
1671.000  1.8966716000e-01  2.5207199100e-02 
1672.000  1.8068389400e-01  2.4028654100e-02 
1673.000  1.8584544300e-01  2.4710680010e-02 
1674.000  1.8659464800e-01  2.4813285830e-02 
1675.000  1.8486176400e-01  2.4598398210e-02 
1676.000  1.8187301000e-01  2.4201320650e-02 
1677.000  1.8280371300e-01  2.4330322270e-02 
1678.000  1.8381621500e-01  2.4480611800e-02 
1679.000  1.8137505100e-01  2.4154872890e-02 
1680.000  1.7515841200e-01  2.3341070180e-02 
1681.000  1.6908680500e-01  2.2538185120e-02 
1682.000  1.7397048200e-01  2.3186834340e-02 
1683.000  1.7826097000e-01  2.3750244140e-02 
1684.000  1.8155536400e-01  2.4181741710e-02 
1685.000  1.8207473200e-01  2.4222877500e-02 
1686.000  1.7987839900e-01  2.3925634380e-02 
1687.000  1.8057317100e-01  2.3971460340e-02 
1688.000  1.8066603700e-01  2.3944694520e-02 
1689.000  1.7848675100e-01  2.3649219510e-02 
1690.000  1.7834120100e-01  2.3585298540e-02 
1691.000  1.8064848800e-01  2.3884737010e-02 
1692.000  1.8097376400e-01  2.3928035740e-02 
1693.000  1.8033376800e-01  2.3850099560e-02 
1694.000  1.8006448200e-01  2.3814741130e-02 
1695.000  1.8011061500e-01  2.3798374180e-02 
1696.000  1.7905651500e-01  2.3645378110e-02 
1697.000  1.7792974400e-01  2.3467065810e-02 
1698.000  1.7898502300e-01  2.3583894730e-02 
1699.000  1.7782929900e-01  2.3416662220e-02 
1700.000  1.7557783700e-01  2.3106924060e-02 
