 lambda   Irr_dw            Rad_up 
 550.000  1.5478019000e+00  2.1467218020e-01 
 551.000  1.5374884000e+00  2.1320278930e-01 
 552.000  1.6030355000e+00  2.2230332950e-01 
 553.000  1.5396106000e+00  2.1345788570e-01 
 554.000  1.5892877000e+00  2.2034416200e-01 
 555.000  1.5931520000e+00  2.2081518550e-01 
 556.000  1.5486760000e+00  2.1458636470e-01 
 557.000  1.5022096000e+00  2.0814929200e-01 
 558.000  1.5587525000e+00  2.1591871640e-01 
 559.000  1.4728901000e+00  2.0399134830e-01 
 560.000  1.4789116000e+00  2.0481838990e-01 
 561.000  1.6249075000e+00  2.2496629330e-01 
 562.000  1.4911096000e+00  2.0639602660e-01 
 563.000  1.5596024000e+00  2.1580477910e-01 
 564.000  1.5372343000e+00  2.1260522460e-01 
 565.000  1.5551185000e+00  2.1503356930e-01 
 566.000  1.4334299000e+00  1.9814543150e-01 
 567.000  1.5371488000e+00  2.1226101680e-01 
 568.000  1.5324831000e+00  2.1092153930e-01 
 569.000  1.5005612000e+00  2.0504693600e-01 
 570.000  1.5082368000e+00  2.0629930110e-01 
 571.000  1.4552073000e+00  2.0004829410e-01 
 572.000  1.5370757000e+00  2.1029850770e-01 
 573.000  1.5532612000e+00  2.1279069520e-01 
 574.000  1.5445321000e+00  2.1164282230e-01 
 575.000  1.5064701000e+00  2.0632037350e-01 
 576.000  1.4788943000e+00  2.0249037170e-01 
 577.000  1.5402251000e+00  2.1111027530e-01 
 578.000  1.4953598000e+00  2.0535119630e-01 
 579.000  1.4839173000e+00  2.0395878600e-01 
 580.000  1.5349755000e+00  2.1115713500e-01 
 581.000  1.5072656000e+00  2.0759756470e-01 
 582.000  1.5297498000e+00  2.1074023440e-01 
 583.000  1.5402170000e+00  2.1221301270e-01 
 584.000  1.5351333000e+00  2.1144660950e-01 
 585.000  1.5248219000e+00  2.0995428470e-01 
 586.000  1.4591042000e+00  2.0088667300e-01 
 587.000  1.5157851000e+00  2.0808810420e-01 
 588.000  1.4992769000e+00  2.0378451540e-01 
 589.000  1.3283295000e+00  1.7796060180e-01 
 590.000  1.3867898000e+00  1.8562191770e-01 
 591.000  1.4738024000e+00  1.9909939580e-01 
 592.000  1.4452511000e+00  1.9417962650e-01 
 593.000  1.4607661000e+00  1.9836346440e-01 
 594.000  1.4738851000e+00  1.9963464360e-01 
 595.000  1.4453140000e+00  1.9423049930e-01 
 596.000  1.4814149000e+00  2.0126472470e-01 
 597.000  1.4856790000e+00  2.0131047060e-01 
 598.000  1.4553536000e+00  1.9811773680e-01 
 599.000  1.4557324000e+00  1.9854827880e-01 
 600.000  1.4561691000e+00  1.9946223450e-01 
 601.000  1.4480340000e+00  1.9896270750e-01 
 602.000  1.4321905000e+00  1.9696752930e-01 
 603.000  1.4408181000e+00  1.9837319950e-01 
 604.000  1.4864317000e+00  2.0484678650e-01 
 605.000  1.4825780000e+00  2.0432724000e-01 
 606.000  1.4653222000e+00  2.0200053410e-01 
 607.000  1.4570077000e+00  2.0084146120e-01 
 608.000  1.4515832000e+00  2.0006163020e-01 
 609.000  1.4366062000e+00  1.9800213620e-01 
 610.000  1.4135201000e+00  1.9478720090e-01 
 611.000  1.4363891000e+00  1.9793966670e-01 
 612.000  1.4176073000e+00  1.9535473630e-01 
 613.000  1.3968159000e+00  1.9246168520e-01 
 614.000  1.3458293000e+00  1.8544868470e-01 
 615.000  1.4107557000e+00  1.9434826660e-01 
 616.000  1.3412798000e+00  1.8479049680e-01 
 617.000  1.3487798000e+00  1.8581826780e-01 
 618.000  1.4123370000e+00  1.9451112370e-01 
 619.000  1.3993199000e+00  1.9273614500e-01 
 620.000  1.4199095000e+00  1.9550277710e-01 
 621.000  1.4442398000e+00  1.9883012390e-01 
 622.000  1.3679817000e+00  1.8828059390e-01 
 623.000  1.3785558000e+00  1.8963435360e-01 
 624.000  1.3799472000e+00  1.8983058170e-01 
 625.000  1.3424864000e+00  1.8464744570e-01 
 626.000  1.3491867000e+00  1.8538589480e-01 
 627.000  1.3715090000e+00  1.8772410580e-01 
 628.000  1.3525014000e+00  1.8375953670e-01 
 629.000  1.3866977000e+00  1.8888304140e-01 
 630.000  1.3407322000e+00  1.8324223330e-01 
 631.000  1.3899909000e+00  1.9017521670e-01 
 632.000  1.2946004000e+00  1.7656073000e-01 
 633.000  1.3897993000e+00  1.9025086980e-01 
 634.000  1.3480764000e+00  1.8475920100e-01 
 635.000  1.3726850000e+00  1.8811557010e-01 
 636.000  1.3243190000e+00  1.8161108400e-01 
 637.000  1.3679999000e+00  1.8768098450e-01 
 638.000  1.3893373000e+00  1.9093261720e-01 
 639.000  1.3778229000e+00  1.8928927610e-01 
 640.000  1.3345928000e+00  1.8358064270e-01 
 641.000  1.3538252000e+00  1.8619845580e-01 
 642.000  1.3375649000e+00  1.8406733700e-01 
 643.000  1.3608597000e+00  1.8700874330e-01 
 644.000  1.3452149000e+00  1.8480662540e-01 
 645.000  1.3568388000e+00  1.8606263730e-01 
 646.000  1.3048051000e+00  1.7743830870e-01 
 647.000  1.3222949000e+00  1.7879489140e-01 
 648.000  1.3197368000e+00  1.7742765810e-01 
 649.000  1.3460328000e+00  1.8180081180e-01 
 650.000  1.2476029200e+00  1.7019836430e-01 
 651.000  1.3438669000e+00  1.8331359860e-01 
 652.000  1.3176235000e+00  1.7814556880e-01 
 653.000  1.3445046000e+00  1.8361190800e-01 
 654.000  1.3268264000e+00  1.8092335510e-01 
 655.000  1.2916856000e+00  1.7545787050e-01 
 656.000  1.0966399700e+00  1.4913389590e-01 
 657.000  1.1704724200e+00  1.5948930360e-01 
 658.000  1.3038469000e+00  1.7831526180e-01 
 659.000  1.3070317000e+00  1.7909016420e-01 
 660.000  1.3172849000e+00  1.8065525820e-01 
 661.000  1.3231525000e+00  1.8195578000e-01 
 662.000  1.3422155000e+00  1.8478274540e-01 
 663.000  1.3272532000e+00  1.8263961790e-01 
 664.000  1.3061536300e+00  1.7980017090e-01 
 665.000  1.3118189600e+00  1.8062223820e-01 
 666.000  1.3276090000e+00  1.8291088870e-01 
 667.000  1.3012440200e+00  1.7928886410e-01 
 668.000  1.3086250100e+00  1.8041836550e-01 
 669.000  1.3272702200e+00  1.8303906250e-01 
 670.000  1.3116802100e+00  1.8084165950e-01 
 671.000  1.2974696900e+00  1.7891557310e-01 
 672.000  1.2933346300e+00  1.7834194950e-01 
 673.000  1.3025423600e+00  1.7959962460e-01 
 674.000  1.3050342000e+00  1.7995243840e-01 
 675.000  1.2850905000e+00  1.7718244930e-01 
 676.000  1.3093191500e+00  1.8053096010e-01 
 677.000  1.2832426700e+00  1.7694786070e-01 
 678.000  1.3044543300e+00  1.7986015320e-01 
 679.000  1.2860034700e+00  1.7727709960e-01 
 680.000  1.2760832100e+00  1.7584994510e-01 
 681.000  1.2773994700e+00  1.7595196530e-01 
 682.000  1.2747148500e+00  1.7552824400e-01 
 683.000  1.2830367700e+00  1.7659962460e-01 
 684.000  1.2598029800e+00  1.7329579160e-01 
 685.000  1.2740142600e+00  1.7530842590e-01 
 686.000  1.2178583200e+00  1.6729783630e-01 
 687.000  1.1255879700e+00  1.4988999940e-01 
 688.000  1.1556153200e+00  1.5544314580e-01 
 689.000  1.1500678500e+00  1.5421917720e-01 
 690.000  1.1707372800e+00  1.5782345580e-01 
 691.000  1.1945591400e+00  1.6184947200e-01 
 692.000  1.1976762000e+00  1.6231773380e-01 
 693.000  1.1965638600e+00  1.6013539120e-01 
 694.000  1.1985447300e+00  1.5859439090e-01 
 695.000  1.1856793900e+00  1.5777301030e-01 
 696.000  1.2041731000e+00  1.6079931640e-01 
 697.000  1.2273290300e+00  1.6699308780e-01 
 698.000  1.2000727200e+00  1.6256243900e-01 
 699.000  1.2032512600e+00  1.6025048830e-01 
 700.000  1.1921396300e+00  1.5916868590e-01 
 701.000  1.1612477000e+00  1.5442807010e-01 
 702.000  1.1584084500e+00  1.5445402530e-01 
 703.000  1.1900914500e+00  1.6088090520e-01 
 704.000  1.1940497800e+00  1.6150849910e-01 
 705.000  1.1966633900e+00  1.6090361020e-01 
 706.000  1.1850995100e+00  1.5951979060e-01 
 707.000  1.1694033300e+00  1.5773533630e-01 
 708.000  1.2057459900e+00  1.6298867800e-01 
 709.000  1.1677139700e+00  1.5856300350e-01 
 710.000  1.1890302400e+00  1.6061727910e-01 
 711.000  1.1824488800e+00  1.6051525880e-01 
 712.000  1.1704582800e+00  1.5958438110e-01 
 713.000  1.1616716400e+00  1.5779879760e-01 
 714.000  1.1800194600e+00  1.6004762270e-01 
 715.000  1.1327379000e+00  1.5269691470e-01 
 716.000  1.1559136900e+00  1.5485928340e-01 
 717.000  1.0832043300e+00  1.3997119140e-01 
 718.000  1.0505375700e+00  1.3273109440e-01 
 719.000  1.0287077500e+00  1.2885995480e-01 
 720.000  1.0217759100e+00  1.2648770140e-01 
 721.000  1.0831943000e+00  1.4127734380e-01 
 722.000  1.1208977800e+00  1.4886239620e-01 
 723.000  1.1055326400e+00  1.4527749630e-01 
 724.000  1.0753326300e+00  1.3718208310e-01 
 725.000  1.0688420200e+00  1.3692663570e-01 
 726.000  1.0650196200e+00  1.3625466920e-01 
 727.000  1.0858310400e+00  1.3947628780e-01 
 728.000  1.0614228300e+00  1.3574890140e-01 
 729.000  1.0323803400e+00  1.3352130130e-01 
 730.000  1.0679375400e+00  1.3786932370e-01 
 731.000  1.0473006400e+00  1.3493437190e-01 
 732.000  1.0899734600e+00  1.4308589170e-01 
 733.000  1.0947432600e+00  1.4640164180e-01 
 734.000  1.1278385400e+00  1.5217391970e-01 
 735.000  1.1149146500e+00  1.4993186950e-01 
 736.000  1.0873331600e+00  1.4537200930e-01 
 737.000  1.1065939200e+00  1.4857704160e-01 
 738.000  1.1103753500e+00  1.4999761960e-01 
 739.000  1.0772298500e+00  1.4592034910e-01 
 740.000  1.0937200400e+00  1.4903776550e-01 
 741.000  1.0885969500e+00  1.4890229800e-01 
 742.000  1.0721131500e+00  1.4687905880e-01 
 743.000  1.1069128600e+00  1.5216613770e-01 
 744.000  1.1187964900e+00  1.5404707340e-01 
 745.000  1.0907799100e+00  1.5038470460e-01 
 746.000  1.1067809400e+00  1.5271791080e-01 
 747.000  1.1234526400e+00  1.5502508540e-01 
 748.000  1.1040253900e+00  1.5243887330e-01 
 749.000  1.1045163200e+00  1.5256069950e-01 
 750.000  1.0879413700e+00  1.5020436100e-01 
 751.000  1.0851416700e+00  1.4982215880e-01 
 752.000  1.1022483300e+00  1.5228262330e-01 
 753.000  1.0919828200e+00  1.5089372250e-01 
 754.000  1.1091781700e+00  1.5328887940e-01 
 755.000  1.1028185400e+00  1.5241677860e-01 
 756.000  1.0812390900e+00  1.4944087220e-01 
 757.000  1.0891987500e+00  1.5054527280e-01 
 758.000  1.0868966100e+00  1.5016731260e-01 
 759.000  1.0042422500e+00  1.3644030760e-01 
 760.000  5.1234233000e-01  5.8758068080e-02 
 761.000  4.6277487000e-01  5.1809188840e-02 
 762.000  7.3944334000e-01  9.3314201350e-02 
 763.000  6.7073209000e-01  8.1905509950e-02 
 764.000  7.1704653000e-01  8.8995231630e-02 
 765.000  8.1914159000e-01  1.0544527440e-01 
 766.000  8.8616358000e-01  1.1806114960e-01 
 767.000  9.4989975000e-01  1.2848497010e-01 
 768.000  1.0208892400e+00  1.3947068790e-01 
 769.000  1.0385405900e+00  1.4282626340e-01 
 770.000  1.0436095000e+00  1.4396835330e-01 
 771.000  1.0492120400e+00  1.4500335690e-01 
 772.000  1.0462847100e+00  1.4466986080e-01 
 773.000  1.0423588700e+00  1.4416519170e-01 
 774.000  1.0538398800e+00  1.4578903200e-01 
 775.000  1.0143968600e+00  1.4036251830e-01 
 776.000  1.0562694000e+00  1.4620173650e-01 
 777.000  1.0489352000e+00  1.4519075010e-01 
 778.000  1.0432765600e+00  1.4439459230e-01 
 779.000  1.0466393600e+00  1.4484324650e-01 
 780.000  1.0336544600e+00  1.4306092830e-01 
 781.000  1.0320528700e+00  1.4286750790e-01 
 782.000  1.0444574700e+00  1.4454368590e-01 
 783.000  1.0200200000e+00  1.4119093320e-01 
 784.000  1.0255731100e+00  1.4190689090e-01 
 785.000  1.0274016700e+00  1.4192773440e-01 
 786.000  1.0083704700e+00  1.3900804140e-01 
 787.000  1.0202263000e+00  1.3994302370e-01 
 788.000  1.0033188500e+00  1.3729365540e-01 
 789.000  1.0033619800e+00  1.3613188170e-01 
 790.000  9.9270136000e-01  1.3456387330e-01 
 791.000  9.8866878000e-01  1.3424461360e-01 
 792.000  9.7397859000e-01  1.3243118290e-01 
 793.000  9.7529408000e-01  1.3307200620e-01 
 794.000  9.7014320000e-01  1.3337438960e-01 
 795.000  9.6188163000e-01  1.3159585570e-01 
 796.000  9.7016684000e-01  1.3122706600e-01 
 797.000  9.7856988000e-01  1.3282055660e-01 
 798.000  9.8420135000e-01  1.3458412170e-01 
 799.000  9.8221684000e-01  1.3407075500e-01 
 800.000  9.5291270000e-01  1.2936984250e-01 
 801.000  9.7112689000e-01  1.3193013000e-01 
 802.000  9.6878221000e-01  1.3152810670e-01 
 803.000  9.5549056000e-01  1.2983822630e-01 
 804.000  9.6584831000e-01  1.3160815430e-01 
 805.000  9.4266509000e-01  1.2909872440e-01 
 806.000  9.7016646000e-01  1.3324662780e-01 
 807.000  9.6424506000e-01  1.3247204590e-01 
 808.000  9.5739895000e-01  1.3129293820e-01 
 809.000  9.3972607000e-01  1.2859692380e-01 
 810.000  9.3389717000e-01  1.2749812320e-01 
 811.000  9.4548005000e-01  1.2852149960e-01 
 812.000  9.3766078000e-01  1.2666080470e-01 
 813.000  9.2780671000e-01  1.2438295750e-01 
 814.000  9.1869828000e-01  1.2201822660e-01 
 815.000  8.9892298000e-01  1.1800967410e-01 
 816.000  8.7788674000e-01  1.1358248900e-01 
 817.000  8.8392831000e-01  1.1443857570e-01 
 818.000  8.7961766000e-01  1.1398137660e-01 
 819.000  8.6008849000e-01  1.1202485660e-01 
 820.000  8.5762213000e-01  1.1351930240e-01 
 821.000  9.0281602000e-01  1.2171665950e-01 
 822.000  8.6493600000e-01  1.1492633060e-01 
 823.000  8.4087801000e-01  1.0752398680e-01 
 824.000  8.8417661000e-01  1.1676805880e-01 
 825.000  9.0195414000e-01  1.2175096890e-01 
 826.000  9.0428306000e-01  1.2159338380e-01 
 827.000  8.9889938000e-01  1.2051593780e-01 
 828.000  8.8452608000e-01  1.1691048430e-01 
 829.000  8.8857226000e-01  1.1801497650e-01 
 830.000  8.7937031000e-01  1.1745520780e-01 
 831.000  8.6501408000e-01  1.1569496150e-01 
 832.000  8.8314167000e-01  1.1819144440e-01 
 833.000  8.5833664000e-01  1.1529830930e-01 
 834.000  8.7411544000e-01  1.1789301300e-01 
 835.000  8.8148384000e-01  1.1978482060e-01 
 836.000  8.8990499000e-01  1.2068576810e-01 
 837.000  8.8230360000e-01  1.1961347200e-01 
 838.000  8.8810828000e-01  1.2087857820e-01 
 839.000  8.6186578000e-01  1.1757545470e-01 
 840.000  8.8545114000e-01  1.2087571720e-01 
 841.000  8.8623233000e-01  1.2066739650e-01 
 842.000  8.8198610000e-01  1.2035455320e-01 
 843.000  8.7894906000e-01  1.2064775090e-01 
 844.000  8.6566268000e-01  1.1913415530e-01 
 845.000  8.7937035000e-01  1.2116638950e-01 
 846.000  8.8777411000e-01  1.2250463100e-01 
 847.000  8.5777097000e-01  1.1855651860e-01 
 848.000  8.8199212000e-01  1.2160558320e-01 
 849.000  8.8371494000e-01  1.2191352080e-01 
 850.000  7.6362587000e-01  1.0519454960e-01 
 851.000  8.7427559000e-01  1.2025874330e-01 
 852.000  8.4115208000e-01  1.1574713130e-01 
 853.000  8.5167558000e-01  1.1742731480e-01 
 854.000  6.8465765000e-01  9.4406951900e-02 
 855.000  7.5399121000e-01  1.0410797120e-01 
 856.000  8.5620298000e-01  1.1846360780e-01 
 857.000  8.7010294000e-01  1.2054903410e-01 
 858.000  8.5626334000e-01  1.1868523410e-01 
 859.000  8.5634633000e-01  1.1883141330e-01 
 860.000  8.4878388000e-01  1.1787066650e-01 
 861.000  8.4867018000e-01  1.1786858370e-01 
 862.000  8.4589349000e-01  1.1750019070e-01 
 863.000  8.6205374000e-01  1.1980185700e-01 
 864.000  8.6032890000e-01  1.1953833010e-01 
 865.000  8.4429921000e-01  1.1739094540e-01 
 866.000  7.0818821000e-01  9.8498275760e-02 
 867.000  7.5412792000e-01  1.0481597140e-01 
 868.000  8.1787456000e-01  1.1372519680e-01 
 869.000  8.0639061000e-01  1.1214176940e-01 
 870.000  8.3963716000e-01  1.1681987000e-01 
 871.000  8.3844356000e-01  1.1663867950e-01 
 872.000  8.3506447000e-01  1.1609731290e-01 
 873.000  8.3839424000e-01  1.1660318760e-01 
 874.000  8.2000015000e-01  1.1401257320e-01 
 875.000  8.1244796000e-01  1.1302368930e-01 
 876.000  8.1917306000e-01  1.1391173550e-01 
 877.000  8.3548272000e-01  1.1612116240e-01 
 878.000  8.2106305000e-01  1.1408526610e-01 
 879.000  8.2295788000e-01  1.1437179570e-01 
 880.000  8.1812860000e-01  1.1357550810e-01 
 881.000  7.7557307000e-01  1.0766014860e-01 
 882.000  8.1836276000e-01  1.1349884030e-01 
 883.000  7.9969964000e-01  1.1101789860e-01 
 884.000  8.0648959000e-01  1.1206111910e-01 
 885.000  8.1468656000e-01  1.1290657810e-01 
 886.000  7.8787804000e-01  1.0905356600e-01 
 887.000  7.7986233000e-01  1.0806203460e-01 
 888.000  8.0319276000e-01  1.1122106930e-01 
 889.000  8.0863480000e-01  1.1212682340e-01 
 890.000  8.0597579000e-01  1.1163118740e-01 
 891.000  8.0116412000e-01  1.1068551640e-01 
 892.000  7.9682833000e-01  1.0959594730e-01 
 893.000  7.6075759000e-01  1.0317201230e-01 
 894.000  7.8290441000e-01  1.0549329380e-01 
 895.000  7.3295657000e-01  9.6923599240e-02 
 896.000  7.4700757000e-01  9.7023223880e-02 
 897.000  7.1437832000e-01  9.1166816710e-02 
 898.000  7.0831553000e-01  8.9594535830e-02 
 899.000  6.8688385000e-01  8.4853836060e-02 
 900.000  6.7269002000e-01  8.3329101560e-02 
 901.000  6.5308784000e-01  8.0428443910e-02 
 902.000  6.4190737000e-01  7.9168365480e-02 
 903.000  7.0739602000e-01  9.0715530400e-02 
 904.000  7.4163128000e-01  9.7380844120e-02 
 905.000  7.3883816000e-01  9.7054931640e-02 
 906.000  7.0648711000e-01  9.1440254210e-02 
 907.000  6.9536211000e-01  8.7645370480e-02 
 908.000  6.6348525000e-01  8.2162277220e-02 
 909.000  6.5100243000e-01  8.0657798770e-02 
 910.000  6.6092610000e-01  8.2096557620e-02 
 911.000  6.6899574000e-01  8.4115539550e-02 
 912.000  6.6563354000e-01  8.3142204280e-02 
 913.000  6.5986530000e-01  8.0468597410e-02 
 914.000  6.6605561000e-01  8.2186309810e-02 
 915.000  6.6325529000e-01  8.2699317930e-02 
 916.000  6.7269034000e-01  8.4064529420e-02 
 917.000  6.6645656000e-01  8.3713928220e-02 
 918.000  6.6861201000e-01  8.4551475520e-02 
 919.000  6.9650696000e-01  9.0225769040e-02 
 920.000  7.0404198000e-01  9.2678726200e-02 
 921.000  6.8552558000e-01  8.9894294740e-02 
 922.000  6.7909669000e-01  8.9054679870e-02 
 923.000  6.4693725000e-01  8.4289199830e-02 
 924.000  6.6503955000e-01  8.5760948180e-02 
 925.000  6.7312204000e-01  8.6657157900e-02 
 926.000  6.4896739000e-01  8.3390052800e-02 
 927.000  6.6226470000e-01  8.3985679630e-02 
 928.000  6.4938690000e-01  8.0514350890e-02 
 929.000  6.1594116000e-01  7.3916839600e-02 
 930.000  5.8289534000e-01  6.6833183290e-02 
 931.000  5.4661913000e-01  5.8955680850e-02 
 932.000  4.9370511000e-01  4.8735717770e-02 
 933.000  4.5789658000e-01  4.2411842350e-02 
 934.000  4.1466730000e-01  3.5905078890e-02 
 935.000  4.0445812000e-01  3.4715766910e-02 
 936.000  4.1712890000e-01  3.6741256710e-02 
 937.000  4.2225598000e-01  3.6983860020e-02 
 938.000  4.6042904000e-01  4.3463447570e-02 
 939.000  5.7043955000e-01  6.4376701350e-02 
 940.000  5.8239328000e-01  6.7140777590e-02 
 941.000  5.5639566000e-01  6.3041210170e-02 
 942.000  5.0470406000e-01  5.4290660860e-02 
 943.000  4.7673629000e-01  4.6611202240e-02 
 944.000  4.5989765000e-01  4.4638839720e-02 
 945.000  4.8416115000e-01  4.8574218750e-02 
 946.000  4.9172280000e-01  4.9449214940e-02 
 947.000  5.0603433000e-01  5.2521690370e-02 
 948.000  5.1918643000e-01  5.4887313840e-02 
 949.000  5.1936804000e-01  5.4803424840e-02 
 950.000  5.1846815000e-01  5.4969268800e-02 
 951.000  5.3759974000e-01  5.9298679350e-02 
 952.000  5.1354225000e-01  5.4354537960e-02 
 953.000  5.2869251000e-01  5.7687923430e-02 
 954.000  5.4093251000e-01  6.0863975520e-02 
 955.000  4.9185805000e-01  5.4065391540e-02 
 956.000  5.2127049000e-01  5.7043399810e-02 
 957.000  5.6448122000e-01  6.6275428770e-02 
 958.000  5.7425882000e-01  6.7992729190e-02 
 959.000  5.6914902000e-01  6.6788185120e-02 
 960.000  5.6159520000e-01  6.5746536250e-02 
 961.000  5.5193399000e-01  6.4315719600e-02 
 962.000  5.5785653000e-01  6.5344955440e-02 
 963.000  5.7986319000e-01  7.0115776060e-02 
 964.000  5.7642892000e-01  7.0029243470e-02 
 965.000  5.8120292000e-01  7.0445404050e-02 
 966.000  5.6555432000e-01  6.8695075990e-02 
 967.000  5.9860593000e-01  7.4286499020e-02 
 968.000  6.1845942000e-01  7.9493217470e-02 
 969.000  6.3407675000e-01  8.2807731630e-02 
 970.000  6.3640477000e-01  8.3199684140e-02 
 971.000  6.3046221000e-01  8.2403701780e-02 
 972.000  6.3161937000e-01  8.2191787720e-02 
 973.000  6.1792763000e-01  7.9597496030e-02 
 974.000  5.9909980000e-01  7.6229522710e-02 
 975.000  5.9602410000e-01  7.5242362980e-02 
 976.000  6.1074224000e-01  7.7864845280e-02 
 977.000  6.0722170000e-01  7.8679107670e-02 
 978.000  6.2118986000e-01  8.0406021120e-02 
 979.000  6.0615466000e-01  7.8811141970e-02 
 980.000  6.2694911000e-01  8.2889961240e-02 
 981.000  6.3393974000e-01  8.4145095830e-02 
 982.000  6.2980669000e-01  8.3308357240e-02 
 983.000  6.3433675000e-01  8.4653274540e-02 
 984.000  6.3648666000e-01  8.5727859500e-02 
 985.000  6.3980465000e-01  8.6640518190e-02 
 986.000  6.3924137000e-01  8.7175148010e-02 
 987.000  6.4859164000e-01  8.8731613160e-02 
 988.000  6.4097216000e-01  8.7761520390e-02 
 989.000  6.3309965000e-01  8.6731529240e-02 
 990.000  6.3896182000e-01  8.7608222960e-02 
 991.000  6.4589133000e-01  8.8804824830e-02 
 992.000  6.4038075000e-01  8.8124343870e-02 
 993.000  6.4050989000e-01  8.8177627560e-02 
 994.000  6.4523067000e-01  8.9047798160e-02 
 995.000  6.4151234000e-01  8.8695594790e-02 
 996.000  6.4136901000e-01  8.8684707640e-02 
 997.000  6.4138533000e-01  8.8601371770e-02 
 998.000  6.3826547000e-01  8.8076385500e-02 
 999.000  6.3639272000e-01  8.7787963870e-02 
1000.000  6.3153326000e-01  8.7158721920e-02 
1001.000  6.3354016000e-01  8.7224372860e-02 
1002.000  6.3019906000e-01  8.6424690250e-02 
1003.000  6.2337727000e-01  8.5581382750e-02 
1004.000  6.1948503000e-01  8.5254142760e-02 
1005.000  5.7933126000e-01  7.9820777890e-02 
1006.000  6.0976272000e-01  8.4055847170e-02 
1007.000  6.2043076000e-01  8.5470527650e-02 
1008.000  6.2118529000e-01  8.5304199220e-02 
1009.000  6.1489358000e-01  8.4087623600e-02 
1010.000  6.1828535000e-01  8.4724861150e-02 
1011.000  6.1757841000e-01  8.5031379700e-02 
1012.000  6.1875067000e-01  8.5356719970e-02 
1013.000  6.1503468000e-01  8.4976051330e-02 
1014.000  6.1927760000e-01  8.5640251160e-02 
1015.000  6.0788968000e-01  8.4102890010e-02 
1016.000  6.1211053000e-01  8.4769622800e-02 
1017.000  6.0617691000e-01  8.4001930240e-02 
1018.000  6.1373723000e-01  8.5014480590e-02 
1019.000  5.9893394000e-01  8.2854156490e-02 
1020.000  5.9793556000e-01  8.2762084960e-02 
1021.000  6.0442881000e-01  8.3744644170e-02 
1022.000  5.9443299000e-01  8.2181846620e-02 
1023.000  6.0506492000e-01  8.3499671940e-02 
1024.000  6.0152642000e-01  8.2915260310e-02 
1025.000  6.0267027000e-01  8.3310363770e-02 
1026.000  6.0395060000e-01  8.3608604430e-02 
1027.000  6.0005260000e-01  8.3056114200e-02 
1028.000  6.0166132000e-01  8.3353675840e-02 
1029.000  5.9299851000e-01  8.2296417240e-02 
1030.000  5.9948456000e-01  8.3337310790e-02 
1031.000  5.9783935000e-01  8.3200706480e-02 
1032.000  5.9592545000e-01  8.3006797790e-02 
1033.000  5.8498683000e-01  8.1500968930e-02 
1034.000  5.9070027000e-01  8.2328811650e-02 
1035.000  5.8298320000e-01  8.1256614690e-02 
1036.000  5.9261664000e-01  8.2622535710e-02 
1037.000  5.8013487000e-01  8.0896469120e-02 
1038.000  5.8586992000e-01  8.1707221980e-02 
1039.000  5.8825576000e-01  8.2032325740e-02 
1040.000  5.8128702000e-01  8.1057235720e-02 
1041.000  5.8431144000e-01  8.1475219730e-02 
1042.000  5.8603902000e-01  8.1717735290e-02 
1043.000  5.7591818000e-01  8.0311515810e-02 
1044.000  5.8164193000e-01  8.1108299260e-02 
1045.000  5.7909219000e-01  8.0764236450e-02 
1046.000  5.6224104000e-01  7.8435539250e-02 
1047.000  5.7255165000e-01  7.9894912720e-02 
1048.000  5.7822343000e-01  8.0713653560e-02 
1049.000  5.7450411000e-01  8.0228813170e-02 
1050.000  5.7208537000e-01  7.9899742130e-02 
1051.000  5.7105736000e-01  7.9724426270e-02 
1052.000  5.6835590000e-01  7.9326461790e-02 
1053.000  5.6695420000e-01  7.9116905210e-02 
1054.000  5.6271488000e-01  7.8487724300e-02 
1055.000  5.6680443000e-01  7.9020935060e-02 
1056.000  5.6527220000e-01  7.8779075620e-02 
1057.000  5.6420208000e-01  7.8558815000e-02 
1058.000  5.5813221000e-01  7.7580001830e-02 
1059.000  5.4058907000e-01  7.5173225400e-02 
1060.000  5.6014717000e-01  7.7996093750e-02 
1061.000  5.4049540000e-01  7.5258865360e-02 
1062.000  5.5538663000e-01  7.7258277890e-02 
1063.000  5.4597825000e-01  7.5932121280e-02 
1064.000  5.5271097000e-01  7.6788658140e-02 
1065.000  5.5187243000e-01  7.6556404110e-02 
1066.000  5.3496774000e-01  7.4207618710e-02 
1067.000  5.4759160000e-01  7.5902824400e-02 
1068.000  5.4484573000e-01  7.5314117430e-02 
1069.000  5.0353157000e-01  6.9485389710e-02 
1070.000  5.3347511000e-01  7.3640480040e-02 
1071.000  5.3394442000e-01  7.3589622500e-02 
1072.000  5.3532870000e-01  7.3668609620e-02 
1073.000  5.1763671000e-01  7.1218688960e-02 
1074.000  5.3583779000e-01  7.3748214720e-02 
1075.000  5.1978871000e-01  7.1713806150e-02 
1076.000  5.3081791000e-01  7.3126358030e-02 
1077.000  5.2912672000e-01  7.2750152590e-02 
1078.000  5.2989015000e-01  7.2689224240e-02 
1079.000  5.0940023000e-01  6.9857635500e-02 
1080.000  5.2283570000e-01  7.1267730710e-02 
1081.000  5.0351014000e-01  6.8605133060e-02 
1082.000  5.1065614000e-01  6.9743240360e-02 
1083.000  4.9600791000e-01  6.7504379270e-02 
1084.000  5.1392429000e-01  6.9679115300e-02 
1085.000  5.0469457000e-01  6.7853843690e-02 
1086.000  5.1188857000e-01  6.8931785580e-02 
1087.000  4.8313920000e-01  6.5633544920e-02 
1088.000  5.1250830000e-01  6.9667678830e-02 
1089.000  4.8967606000e-01  6.5856987000e-02 
1090.000  4.9966955000e-01  6.7080123900e-02 
1091.000  5.0358186000e-01  6.7757835390e-02 
1092.000  4.9021506000e-01  6.5617256160e-02 
1093.000  4.8032858000e-01  6.3546566010e-02 
1094.000  4.3550865400e-01  5.7307991030e-02 
1095.000  4.7168323000e-01  6.2097633360e-02 
1096.000  4.7300887000e-01  6.2318847660e-02 
1097.000  4.6294379000e-01  6.0793880460e-02 
1098.000  4.4561195700e-01  5.6857627870e-02 
1099.000  4.3529465400e-01  5.4180824280e-02 
1100.000  4.4358746400e-01  5.5298587800e-02 
1101.000  4.4424646000e-01  5.5559440610e-02 
1102.000  4.2508103900e-01  5.3059310910e-02 
1103.000  4.4303236400e-01  5.5409141540e-02 
1104.000  4.3783121600e-01  5.4520046230e-02 
1105.000  4.3207672700e-01  5.3231594090e-02 
1106.000  4.2325274200e-01  5.1597332000e-02 
1107.000  4.2408789100e-01  5.1805042270e-02 
1108.000  4.2375513600e-01  5.1820125580e-02 
1109.000  4.3025258400e-01  5.3025070190e-02 
1110.000  4.3201050300e-01  5.3100727080e-02 
1111.000  4.2403748900e-01  5.1814723970e-02 
1112.000  4.0767067200e-01  4.8643177030e-02 
1113.000  3.8895691800e-01  4.4694656370e-02 
1114.000  3.8874975700e-01  4.4058261870e-02 
1115.000  3.6313908200e-01  3.8868343350e-02 
1116.000  3.4497109800e-01  3.5573432920e-02 
1117.000  3.1597737100e-01  3.0012346270e-02 
1118.000  2.8202766300e-01  2.4725559230e-02 
1119.000  2.5818169200e-01  2.1540544510e-02 
1120.000  2.3801577900e-01  1.8623285290e-02 
1121.000  2.3493212900e-01  1.8082580570e-02 
1122.000  2.1116491000e-01  1.5060262680e-02 
1123.000  2.2501641300e-01  1.6681560520e-02 
1124.000  2.3397042300e-01  1.7764654160e-02 
1125.000  2.2481328600e-01  1.6837577820e-02 
1126.000  2.1876515500e-01  1.6301715850e-02 
1127.000  2.2793355600e-01  1.7111925130e-02 
1128.000  2.2715017100e-01  1.7293233870e-02 
1129.000  2.4996495900e-01  2.0293172840e-02 
1130.000  2.9876669300e-01  2.7411247250e-02 
1131.000  3.1570461400e-01  2.9948904040e-02 
1132.000  2.9773843100e-01  2.6933111190e-02 
1133.000  2.5552038200e-01  2.1197546010e-02 
1134.000  1.8687334000e-01  1.2501410480e-02 
1135.000  1.9452359100e-01  1.3301707270e-02 
1136.000  2.6167838400e-01  2.2053514480e-02 
1137.000  2.9993811600e-01  2.7553310390e-02 
1138.000  3.2044169800e-01  3.1986995700e-02 
1139.000  3.3647637700e-01  3.4558914180e-02 
1140.000  3.3145731900e-01  3.3506191250e-02 
1141.000  3.0990072800e-01  3.0395977020e-02 
1142.000  3.1403909500e-01  3.0440881730e-02 
1143.000  2.9513232900e-01  2.7623064040e-02 
1144.000  2.7785492300e-01  2.5016759870e-02 
1145.000  2.5699085400e-01  2.1807308200e-02 
1146.000  2.6500124200e-01  2.2802555080e-02 
1147.000  2.8410304000e-01  2.5570127490e-02 
1148.000  2.9671641600e-01  2.7749959950e-02 
1149.000  3.0364183600e-01  2.8846023560e-02 
1150.000  3.0239124300e-01  2.8812078480e-02 
1151.000  3.1025075800e-01  3.0313415530e-02 
1152.000  3.1388921900e-01  3.1040948870e-02 
1153.000  3.1957575900e-01  3.2155536650e-02 
1154.000  3.1982322700e-01  3.2070537570e-02 
1155.000  3.3265156900e-01  3.4492950440e-02 
1156.000  3.4110418700e-01  3.6654464720e-02 
1157.000  3.7051452600e-01  4.2473331450e-02 
1158.000  3.8088315200e-01  4.4697212220e-02 
1159.000  3.8410158100e-01  4.5946613310e-02 
1160.000  3.8268963500e-01  4.6140563960e-02 
1161.000  3.8321574100e-01  4.7047119140e-02 
1162.000  4.0353223600e-01  5.0240055080e-02 
1163.000  4.1309703800e-01  5.2274723050e-02 
1164.000  4.0653410200e-01  5.1624084470e-02 
1165.000  4.1488323000e-01  5.2798442840e-02 
1166.000  4.0567923000e-01  5.1828247070e-02 
1167.000  4.1322247600e-01  5.2918155670e-02 
1168.000  4.1643393700e-01  5.3289546970e-02 
1169.000  4.0310076300e-01  5.1708896640e-02 
1170.000  4.1495085300e-01  5.3343196870e-02 
1171.000  4.1962420700e-01  5.4235996250e-02 
1172.000  4.1667421400e-01  5.3689270020e-02 
1173.000  4.1217118900e-01  5.2953033450e-02 
1174.000  4.1247300700e-01  5.3003578190e-02 
1175.000  4.1192266900e-01  5.3374496460e-02 
1176.000  4.0580748200e-01  5.2987380980e-02 
1177.000  4.1648155000e-01  5.4184108730e-02 
1178.000  4.0570242200e-01  5.2392662050e-02 
1179.000  4.0389253500e-01  5.2161251070e-02 
1180.000  4.0820296200e-01  5.2578556060e-02 
1181.000  4.0258769000e-01  5.1500923160e-02 
1182.000  3.9958193000e-01  5.0770954130e-02 
1183.000  3.7678864400e-01  4.7914920810e-02 
1184.000  3.9575937400e-01  5.0524234770e-02 
1185.000  4.0590888500e-01  5.2320060730e-02 
1186.000  4.0204494600e-01  5.1675693510e-02 
1187.000  3.9718242800e-01  5.0559101100e-02 
1188.000  3.9399332500e-01  5.0041984560e-02 
1189.000  3.7386736900e-01  4.7770530700e-02 
1190.000  3.9998869300e-01  5.1894500730e-02 
1191.000  4.0854830400e-01  5.3245189670e-02 
1192.000  4.0962211000e-01  5.3736888890e-02 
1193.000  4.0906564600e-01  5.3578845980e-02 
1194.000  4.0778195300e-01  5.3363384250e-02 
1195.000  3.9997808700e-01  5.2008312230e-02 
1196.000  4.0016863300e-01  5.2086830140e-02 
1197.000  3.9849182700e-01  5.1710388180e-02 
1198.000  3.8476443700e-01  4.9899394990e-02 
1199.000  3.6862648500e-01  4.7622863770e-02 
1200.000  3.9297379700e-01  5.0887546540e-02 
1201.000  3.9622940900e-01  5.1370182040e-02 
1202.000  3.9714191000e-01  5.1579181670e-02 
1203.000  3.7670691500e-01  4.8868080140e-02 
1204.000  3.8356194500e-01  4.9864250180e-02 
1205.000  3.9775433400e-01  5.2277645110e-02 
1206.000  3.9780334500e-01  5.2542755130e-02 
1207.000  4.0148441700e-01  5.3134311680e-02 
1208.000  3.9491369100e-01  5.2175426480e-02 
1209.000  3.6910771500e-01  4.8633152010e-02 
1210.000  3.9294062000e-01  5.1533016200e-02 
1211.000  3.7952733100e-01  4.9743907930e-02 
1212.000  3.9196627900e-01  5.1437652590e-02 
1213.000  3.9556410200e-01  5.2141708370e-02 
1214.000  3.9349922400e-01  5.1842239380e-02 
1215.000  3.9557981100e-01  5.2209842680e-02 
1216.000  3.9735048500e-01  5.2816856380e-02 
1217.000  3.9896538500e-01  5.3360115050e-02 
1218.000  3.9854397400e-01  5.3468444820e-02 
1219.000  3.9531294900e-01  5.3137790680e-02 
1220.000  3.9804956000e-01  5.3510818480e-02 
1221.000  3.9757564600e-01  5.3477836610e-02 
1222.000  3.9555744700e-01  5.3217136380e-02 
1223.000  3.9389144400e-01  5.3038711550e-02 
1224.000  3.9842312400e-01  5.3850067140e-02 
1225.000  3.9654587500e-01  5.3650394440e-02 
1226.000  3.9834953800e-01  5.3968585970e-02 
1227.000  3.8551612100e-01  5.2340084080e-02 
1228.000  3.9838361300e-01  5.4228607180e-02 
1229.000  3.9853477100e-01  5.4360633850e-02 
1230.000  3.9783783300e-01  5.4391948700e-02 
1231.000  3.9820803600e-01  5.4517509460e-02 
1232.000  3.9385363500e-01  5.3956981660e-02 
1233.000  3.9703712000e-01  5.4420028690e-02 
1234.000  3.9670854300e-01  5.4531204220e-02 
1235.000  3.9426114900e-01  5.4255279540e-02 
1236.000  3.9675965100e-01  5.4644271850e-02 
1237.000  3.9701224700e-01  5.4736640930e-02 
1238.000  3.9685635200e-01  5.4743671420e-02 
1239.000  3.9237904800e-01  5.4146759030e-02 
1240.000  3.9060237600e-01  5.3928394320e-02 
1241.000  3.9401196800e-01  5.4411960600e-02 
1242.000  3.9161568800e-01  5.4089538570e-02 
1243.000  3.8715868100e-01  5.3485027310e-02 
1244.000  3.8351644700e-01  5.2976345060e-02 
1245.000  3.8999364400e-01  5.3872779850e-02 
1246.000  3.8683345400e-01  5.3411731720e-02 
1247.000  3.8474843400e-01  5.3095760350e-02 
1248.000  3.8755842700e-01  5.3458232880e-02 
1249.000  3.8605243400e-01  5.3238983150e-02 
1250.000  3.8437246200e-01  5.2983016970e-02 
1251.000  3.8154156700e-01  5.2575340270e-02 
1252.000  3.8010183700e-01  5.2340927120e-02 
1253.000  3.7664607600e-01  5.1824825290e-02 
1254.000  3.7700103000e-01  5.1786216740e-02 
1255.000  3.7591425300e-01  5.1584537510e-02 
1256.000  3.7471635900e-01  5.1381896970e-02 
1257.000  3.6986719400e-01  5.0650135040e-02 
1258.000  3.6994305900e-01  5.0518703460e-02 
1259.000  3.6470547700e-01  4.9692745210e-02 
1260.000  3.6383549800e-01  4.9445373540e-02 
1261.000  3.6161637700e-01  4.9007015230e-02 
1262.000  3.5057866800e-01  4.7280464170e-02 
1263.000  3.5355544700e-01  4.7620334630e-02 
1264.000  3.4721325500e-01  4.6736129760e-02 
1265.000  3.4753542000e-01  4.6769409180e-02 
1266.000  3.4839310700e-01  4.6799739840e-02 
1267.000  3.4031651300e-01  4.5631378170e-02 
1268.000  3.3522836300e-01  4.4873115540e-02 
1269.000  3.3758089500e-01  4.5154289250e-02 
1270.000  3.4576401200e-01  4.6450382230e-02 
1271.000  3.4968516400e-01  4.7053070070e-02 
1272.000  3.5027087500e-01  4.7218818660e-02 
1273.000  3.5143374400e-01  4.7486110690e-02 
1274.000  3.5113531000e-01  4.7585533140e-02 
1275.000  3.5407696300e-01  4.8027278900e-02 
1276.000  3.5516218600e-01  4.8178150180e-02 
1277.000  3.5520264300e-01  4.8153995510e-02 
1278.000  3.5451477400e-01  4.8016540530e-02 
1279.000  3.5249123800e-01  4.7743423460e-02 
1280.000  3.5139316100e-01  4.7697341920e-02 
1281.000  3.4231563700e-01  4.6558082580e-02 
1282.000  3.0474628600e-01  4.1531021120e-02 
1283.000  3.3497089200e-01  4.5682739260e-02 
1284.000  3.4885587300e-01  4.7570350650e-02 
1285.000  3.5169913500e-01  4.7969787600e-02 
1286.000  3.5115311900e-01  4.7816017150e-02 
1287.000  3.5242169400e-01  4.7857055660e-02 
1288.000  3.4692900100e-01  4.6687389370e-02 
1289.000  3.4798035400e-01  4.6688659670e-02 
1290.000  3.3986001300e-01  4.5566871640e-02 
1291.000  3.4509570600e-01  4.6293704990e-02 
1292.000  3.4796819600e-01  4.6800907140e-02 
1293.000  3.4840740400e-01  4.6834461210e-02 
1294.000  3.4146304700e-01  4.5684219360e-02 
1295.000  3.4280772400e-01  4.5555507660e-02 
1296.000  3.4061432600e-01  4.4953498840e-02 
1297.000  3.3651558600e-01  4.4169677730e-02 
1298.000  3.3332463800e-01  4.3705341340e-02 
1299.000  3.3654899900e-01  4.4083168030e-02 
1300.000  3.3485865200e-01  4.3810867310e-02 
1301.000  3.3387816600e-01  4.3593955990e-02 
1302.000  3.2819450000e-01  4.2658805850e-02 
1303.000  3.2221734800e-01  4.1401199340e-02 
1304.000  3.2084864600e-01  4.1011219020e-02 
1305.000  3.2209726000e-01  4.1067184450e-02 
1306.000  3.2188056600e-01  4.0934276580e-02 
1307.000  3.1986616000e-01  4.0551437380e-02 
1308.000  3.1689167200e-01  3.9871334080e-02 
1309.000  3.1295826500e-01  3.8988174440e-02 
1310.000  3.1123342400e-01  3.8719833370e-02 
1311.000  3.1038086600e-01  3.8594814300e-02 
1312.000  3.0495103600e-01  3.7500007630e-02 
1313.000  2.8884477900e-01  3.5061950680e-02 
1314.000  2.9336428600e-01  3.5198410030e-02 
1315.000  2.8558918200e-01  3.4427425380e-02 
1316.000  2.9556750800e-01  3.5887737270e-02 
1317.000  2.9857176200e-01  3.6222160340e-02 
1318.000  2.8917866700e-01  3.4597175600e-02 
1319.000  2.8553318900e-01  3.3501609800e-02 
1320.000  2.7481627000e-01  3.1461261750e-02 
1321.000  2.7028123600e-01  3.0601102830e-02 
1322.000  2.7535329900e-01  3.1654483800e-02 
1323.000  2.8224313200e-01  3.2929092410e-02 
1324.000  2.8550778100e-01  3.3549709320e-02 
1325.000  2.8312346700e-01  3.3070209500e-02 
1326.000  2.7604086000e-01  3.1737316130e-02 
1327.000  2.6150627600e-01  2.8902412410e-02 
1328.000  2.4837102900e-01  2.6084583280e-02 
1329.000  2.1427740000e-01  2.0471384050e-02 
1330.000  2.0822767600e-01  1.9201131820e-02 
1331.000  2.0273948600e-01  1.8258239750e-02 
1332.000  2.0054475000e-01  1.8158203120e-02 
1333.000  2.1155994600e-01  1.9516643520e-02 
1334.000  2.1998306500e-01  2.0809053420e-02 
1335.000  2.2592983100e-01  2.1762172700e-02 
1336.000  2.2582429600e-01  2.1881034850e-02 
1337.000  2.2838021300e-01  2.2175025940e-02 
1338.000  2.3213569000e-01  2.2841999050e-02 
1339.000  2.3264969700e-01  2.2999874110e-02 
1340.000  2.3427225700e-01  2.3427274700e-02 
1341.000  2.3822821700e-01  2.3589941020e-02 
1342.000  2.3813036300e-01  2.3571268080e-02 
1343.000  2.2908967500e-01  2.1546764370e-02 
1344.000  2.1522793200e-01  1.9060646060e-02 
1345.000  1.7806570000e-01  1.3611115460e-02 
1346.000  1.5188628700e-01  1.0174147610e-02 
1347.000  1.3471706700e-01  8.2711725230e-03 
1348.000  1.1168255700e-01  5.7497758870e-03 
1349.000  1.0157815780e-01  4.8615589140e-03 
1350.000  7.9123101000e-02  2.9919817450e-03 
1351.000  6.8306962600e-02  2.3075356480e-03 
1352.000  5.2246220100e-02  1.3665312530e-03 
1353.000  3.7031527500e-02  7.4902236460e-04 
1354.000  2.9610073000e-02  5.0047248600e-04 
1355.000  2.2989701800e-02  3.2097527380e-04 
1356.000  1.7384967600e-02  1.9547434150e-04 
1357.000  1.1883095970e-02  9.8621584480e-05 
1358.000  8.7943116000e-03  6.0273494570e-05 
1359.000  4.6371926400e-03  2.0502995700e-05 
1360.000  3.0667204800e-03  1.0789846070e-05 
1361.000  2.2822909500e-03  6.4264689570e-06 
1362.000  2.1000791800e-03  5.6525152180e-06 
1363.000  3.0298730500e-03  9.8574114960e-06 
1364.000  3.5132276400e-03  1.2337875550e-05 
1365.000  3.6785396100e-03  1.3015483510e-05 
1366.000  4.2481007200e-03  1.6249492760e-05 
1367.000  3.5684724900e-03  1.2732313010e-05 
1368.000  3.1641456000e-03  1.1005254460e-05 
1369.000  3.2446900700e-03  1.1575629000e-05 
1370.000  5.3662067800e-03  2.6818733660e-05 
1371.000  9.5567524700e-03  6.7062504590e-05 
1372.000  1.7696199200e-02  1.8500094120e-04 
1373.000  2.5103532900e-02  3.2612091300e-04 
1374.000  3.0483559600e-02  4.5078304410e-04 
1375.000  3.2500829800e-02  5.0579190250e-04 
1376.000  3.0145860600e-02  4.4840267300e-04 
1377.000  2.6837304800e-02  3.6629548670e-04 
1378.000  2.0455601900e-02  2.3361262680e-04 
1379.000  1.4046721580e-02  1.2620198730e-04 
1380.000  7.9669012600e-03  5.0469491630e-05 
1381.000  4.6085493700e-03  2.1070068700e-05 
1382.000  3.2226955600e-03  1.1898471040e-05 
1383.000  3.1180844000e-03  1.1111990550e-05 
1384.000  5.0718386700e-03  2.3923169820e-05 
1385.000  7.2001208900e-03  4.1863434020e-05 
1386.000  1.0997437850e-02  8.2396522160e-05 
1387.000  2.0206282700e-02  2.2605831920e-04 
1388.000  2.6781607400e-02  3.5442018510e-04 
1389.000  3.0763975700e-02  4.5112928750e-04 
1390.000  3.1403304900e-02  4.7117018700e-04 
1391.000  2.9315358900e-02  4.1872236130e-04 
1392.000  2.2163666400e-02  2.6481372120e-04 
1393.000  1.6942378300e-02  1.7265319820e-04 
1394.000  1.2979796330e-02  1.1269187930e-04 
1395.000  1.4631327900e-02  1.3639193770e-04 
1396.000  2.0077413400e-02  2.2494806350e-04 
1397.000  2.5909776700e-02  3.4153321390e-04 
1398.000  2.6682574700e-02  3.5658264160e-04 
1399.000  2.4913622600e-02  3.2304602860e-04 
1400.000  2.3296353900e-02  2.9328447580e-04 
1401.000  2.4765216500e-02  3.2808083300e-04 
1402.000  3.0702155200e-02  4.5631429550e-04 
1403.000  3.5348540600e-02  5.8953821660e-04 
1404.000  3.3248459900e-02  5.2934485670e-04 
1405.000  3.4827013500e-02  5.8317619560e-04 
1406.000  3.2294431800e-02  5.0943082570e-04 
1407.000  3.3492529600e-02  5.5429607630e-04 
1408.000  4.0143144000e-02  7.4034559730e-04 
1409.000  4.7056894700e-02  9.7586661580e-04 
1410.000  5.7714840800e-02  1.3628621100e-03 
1411.000  6.8649543700e-02  1.8650941850e-03 
1412.000  6.6323326500e-02  1.7966355090e-03 
1413.000  7.3148413100e-02  2.1414065360e-03 
1414.000  7.2119366400e-02  2.0540738110e-03 
1415.000  7.9726958300e-02  2.4908754830e-03 
1416.000  8.5660933100e-02  2.8092842100e-03 
1417.000  8.7866416700e-02  2.9532804490e-03 
1418.000  8.8649445700e-02  2.9769718650e-03 
1419.000  8.8464833200e-02  3.0157008170e-03 
1420.000  9.0565879400e-02  3.1247055530e-03 
1421.000  1.0185960270e-01  3.8196275230e-03 
1422.000  1.0428276720e-01  4.0289306640e-03 
1423.000  1.0544572170e-01  4.1446633340e-03 
1424.000  1.0508738240e-01  4.1037940980e-03 
1425.000  1.0389434480e-01  3.9796829220e-03 
1426.000  1.0016862120e-01  3.8373458390e-03 
1427.000  1.0609866820e-01  4.1919837000e-03 
1428.000  1.1206076760e-01  4.5218129160e-03 
1429.000  1.1366225490e-01  4.7138051990e-03 
1430.000  1.1089827440e-01  4.5954470630e-03 
1431.000  1.0331525540e-01  4.1067442890e-03 
1432.000  1.0102076220e-01  3.9096109870e-03 
1433.000  1.0073606430e-01  3.8871896270e-03 
1434.000  9.6084302000e-02  3.6271026130e-03 
1435.000  1.0315508610e-01  4.0591945650e-03 
1436.000  1.0572386900e-01  4.2309594150e-03 
1437.000  1.0740907360e-01  4.3351397510e-03 
1438.000  1.1387191470e-01  4.7897968290e-03 
1439.000  1.1597341740e-01  4.8944458960e-03 
1440.000  1.1120034250e-01  4.7508378030e-03 
1441.000  1.1810709940e-01  5.0816416740e-03 
1442.000  1.1329182190e-01  4.8112583160e-03 
1443.000  1.1532805520e-01  4.9094052310e-03 
1444.000  1.1792808320e-01  5.0794353490e-03 
1445.000  1.1816421770e-01  5.1083769800e-03 
1446.000  1.2368085700e-01  5.4750475880e-03 
1447.000  1.2706115800e-01  5.7446751590e-03 
1448.000  1.2850926900e-01  5.8343625070e-03 
1449.000  1.2598611800e-01  5.6469078060e-03 
1450.000  1.2047341420e-01  5.2879304890e-03 
1451.000  1.2182224120e-01  5.4123835560e-03 
1452.000  1.2715407900e-01  5.8873085980e-03 
1453.000  1.4168794500e-01  6.9487800600e-03 
1454.000  1.5417860800e-01  7.9965152740e-03 
1455.000  1.6015260800e-01  8.5908746720e-03 
1456.000  1.6725701800e-01  9.2688131330e-03 
1457.000  1.6994696700e-01  9.4683055880e-03 
1458.000  1.7327129200e-01  9.7224245070e-03 
1459.000  1.6840295700e-01  9.2565250400e-03 
1460.000  1.6072612900e-01  8.6773920060e-03 
1461.000  1.5764303200e-01  8.4438409810e-03 
1462.000  1.4915447300e-01  7.7760696410e-03 
1463.000  1.4816558600e-01  7.7496204380e-03 
1464.000  1.4625162600e-01  7.6024451260e-03 
1465.000  1.4300687000e-01  7.2870035170e-03 
1466.000  1.3327871700e-01  6.6154384610e-03 
1467.000  1.3231199200e-01  6.4463496210e-03 
1468.000  1.2417016940e-01  5.9210910800e-03 
1469.000  1.1778943460e-01  5.4027109150e-03 
1470.000  1.1437825620e-01  5.1816310880e-03 
1471.000  1.2137870850e-01  5.8123064040e-03 
1472.000  1.3365869500e-01  6.8173565860e-03 
1473.000  1.5020666100e-01  8.2530040740e-03 
1474.000  1.5744356200e-01  9.1319446560e-03 
1475.000  1.6024318000e-01  9.3392705920e-03 
1476.000  1.6050391100e-01  9.4009437560e-03 
1477.000  1.5706350500e-01  9.1120605470e-03 
1478.000  1.5092111600e-01  8.6756544110e-03 
1479.000  1.4792769800e-01  8.3723821640e-03 
1480.000  1.5100923600e-01  8.7100658420e-03 
1481.000  1.5383303400e-01  9.1130723950e-03 
1482.000  1.6078315400e-01  9.8076114650e-03 
1483.000  1.5900419500e-01  9.8098058700e-03 
1484.000  1.6003562400e-01  9.9371089940e-03 
1485.000  1.6233610300e-01  1.0097763060e-02 
1486.000  1.6370972200e-01  1.0450553890e-02 
1487.000  1.7373229900e-01  1.1617904660e-02 
1488.000  1.5225183000e-01  1.0272509570e-02 
1489.000  1.8684210900e-01  1.3366412160e-02 
1490.000  1.9767792200e-01  1.4856356620e-02 
1491.000  2.0474159400e-01  1.5819420810e-02 
1492.000  2.0102950900e-01  1.5684237480e-02 
1493.000  2.0846098200e-01  1.6567411420e-02 
1494.000  2.0815718100e-01  1.6669818880e-02 
1495.000  2.0988174700e-01  1.7121847150e-02 
1496.000  2.0951949000e-01  1.7522792820e-02 
1497.000  2.1462914100e-01  1.8081298830e-02 
1498.000  2.2170985800e-01  1.9085603710e-02 
1499.000  2.2269965800e-01  1.9568620680e-02 
1500.000  2.2956800800e-01  2.0506668090e-02 
1501.000  2.2826239000e-01  2.0412092210e-02 
1502.000  2.2458175900e-01  2.0063581470e-02 
1503.000  2.0062356200e-01  1.7934185030e-02 
1504.000  2.0995869100e-01  1.8920986180e-02 
1505.000  2.1258185100e-01  1.9456872940e-02 
1506.000  2.1551358600e-01  1.9827758790e-02 
1507.000  2.2833220300e-01  2.1306314470e-02 
1508.000  2.2632448700e-01  2.1324974060e-02 
1509.000  2.2884914900e-01  2.1781688690e-02 
1510.000  2.3295064600e-01  2.2316318510e-02 
1511.000  2.3509824500e-01  2.2689842220e-02 
1512.000  2.3141262200e-01  2.2466705320e-02 
1513.000  2.3132265000e-01  2.2568107600e-02 
1514.000  2.2815596200e-01  2.2338676450e-02 
1515.000  2.3346213600e-01  2.2998907090e-02 
1516.000  2.3155636000e-01  2.2903736110e-02 
1517.000  2.3093587800e-01  2.2969568250e-02 
1518.000  2.3665846000e-01  2.3730333330e-02 
1519.000  2.3487703600e-01  2.3761951450e-02 
1520.000  2.3847771000e-01  2.4388628010e-02 
1521.000  2.3508866600e-01  2.4206378940e-02 
1522.000  2.3372896900e-01  2.4135446550e-02 
1523.000  2.3975523200e-01  2.4858970640e-02 
1524.000  2.3767155100e-01  2.4681909560e-02 
1525.000  2.3193566500e-01  2.4117872240e-02 
1526.000  2.3857133200e-01  2.4874300000e-02 
1527.000  2.3645916700e-01  2.4754798890e-02 
1528.000  2.3856071800e-01  2.5094913480e-02 
1529.000  2.3781462800e-01  2.5071319580e-02 
1530.000  2.2296074900e-01  2.3611831670e-02 
1531.000  2.3860505800e-01  2.5372566220e-02 
1532.000  2.3746847200e-01  2.5360742570e-02 
1533.000  2.3650735700e-01  2.5345308300e-02 
1534.000  2.3302980900e-01  2.5054164890e-02 
1535.000  2.3401769300e-01  2.5244043350e-02 
1536.000  2.3715057000e-01  2.5657091140e-02 
1537.000  2.3808786600e-01  2.5860389710e-02 
1538.000  2.3176143000e-01  2.5277761460e-02 
1539.000  2.3677699500e-01  2.5926694870e-02 
1540.000  2.2822851800e-01  2.5074626920e-02 
1541.000  2.3304160700e-01  2.5669473650e-02 
1542.000  2.3442907600e-01  2.5879676820e-02 
1543.000  2.3379152500e-01  2.5878574370e-02 
1544.000  2.3679524600e-01  2.6289552690e-02 
1545.000  2.3770450200e-01  2.6485366820e-02 
1546.000  2.3792373900e-01  2.6603887560e-02 
1547.000  2.3561356500e-01  2.6432725910e-02 
1548.000  2.2865497100e-01  2.5729187010e-02 
1549.000  2.3451574100e-01  2.6453390120e-02 
1550.000  2.3319817500e-01  2.6364461900e-02 
1551.000  2.3197056300e-01  2.6268713000e-02 
1552.000  2.3592483600e-01  2.6760103230e-02 
1553.000  2.3469193300e-01  2.6672691350e-02 
1554.000  2.2609299100e-01  2.5736495970e-02 
1555.000  2.2986624100e-01  2.6223173140e-02 
1556.000  2.2547802200e-01  2.5782884600e-02 
1557.000  2.3286101600e-01  2.6695173260e-02 
1558.000  2.3101757900e-01  2.6537328720e-02 
1559.000  2.3103571000e-01  2.6590093610e-02 
1560.000  2.2704609900e-01  2.6190626140e-02 
1561.000  2.3234504600e-01  2.6839809420e-02 
1562.000  2.3223700900e-01  2.6848657610e-02 
1563.000  2.2876546600e-01  2.6477577210e-02 
1564.000  2.2410705500e-01  2.5958429340e-02 
1565.000  2.2736030800e-01  2.6347791670e-02 
1566.000  2.2305275500e-01  2.5892387390e-02 
1567.000  2.2269487400e-01  2.5861017230e-02 
1568.000  2.1753875800e-01  2.5254104610e-02 
1569.000  2.1772008400e-01  2.5259876250e-02 
1570.000  2.1166351200e-01  2.4558996200e-02 
1571.000  2.1733508600e-01  2.5254957200e-02 
1572.000  2.1716885500e-01  2.5259696960e-02 
1573.000  2.1387046300e-01  2.4927978520e-02 
1574.000  2.1471386400e-01  2.5090553280e-02 
1575.000  1.9948924100e-01  2.3360206600e-02 
1576.000  2.1431744400e-01  2.5127805710e-02 
1577.000  1.9359562700e-01  2.2724128720e-02 
1578.000  2.1194641100e-01  2.4906530380e-02 
1579.000  2.1326966900e-01  2.5099824910e-02 
1580.000  2.1781977200e-01  2.5689477920e-02 
1581.000  2.1637559400e-01  2.5553016660e-02 
1582.000  2.1222559900e-01  2.5140190120e-02 
1583.000  2.1503137200e-01  2.5547325130e-02 
1584.000  2.1329950900e-01  2.5417892460e-02 
1585.000  2.1974769000e-01  2.6254556660e-02 
1586.000  2.1698808100e-01  2.5971006390e-02 
1587.000  2.1472713000e-01  2.5766061780e-02 
1588.000  2.1157708000e-01  2.5450105670e-02 
1589.000  1.9357109300e-01  2.3322572710e-02 
1590.000  2.0854295700e-01  2.5162328720e-02 
1591.000  2.0387157000e-01  2.4627298360e-02 
1592.000  2.1454746200e-01  2.5930816650e-02 
1593.000  2.1916321900e-01  2.6495971680e-02 
1594.000  2.1728799500e-01  2.6278039930e-02 
1595.000  2.1826075400e-01  2.6407014850e-02 
1596.000  2.0445219200e-01  2.4765651700e-02 
1597.000  2.1204335900e-01  2.5687547680e-02 
1598.000  2.1495799600e-01  2.6032283780e-02 
1599.000  2.0651996000e-01  2.4993324280e-02 
1600.000  2.0897221600e-01  2.5281715390e-02 
1601.000  2.0017492500e-01  2.4244606020e-02 
1602.000  2.0504236000e-01  2.4865562440e-02 
1603.000  2.0381452800e-01  2.4773197170e-02 
1604.000  2.0685949500e-01  2.5207347870e-02 
1605.000  2.0380072200e-01  2.4869005200e-02 
1606.000  2.0316211300e-01  2.4832883830e-02 
1607.000  2.0384967200e-01  2.4920652390e-02 
1608.000  2.0604402200e-01  2.5193778990e-02 
1609.000  2.0525189600e-01  2.5113424300e-02 
1610.000  1.9259110800e-01  2.3583702090e-02 
1611.000  1.9873850100e-01  2.4382169720e-02 
1612.000  2.0120718200e-01  2.4734436040e-02 
1613.000  2.0622731300e-01  2.5400028230e-02 
1614.000  2.0420271200e-01  2.5164182660e-02 
1615.000  2.0797458600e-01  2.5670295720e-02 
1616.000  1.9525533000e-01  2.4131233220e-02 
1617.000  2.0136003400e-01  2.4944980620e-02 
1618.000  2.0763362400e-01  2.5751752850e-02 
1619.000  2.0735237400e-01  2.5777521130e-02 
1620.000  2.0246181900e-01  2.5227220540e-02 
1621.000  1.9973498800e-01  2.4932220460e-02 
1622.000  2.0476179000e-01  2.5578004840e-02 
1623.000  2.0904302400e-01  2.6143314360e-02 
1624.000  2.1057126300e-01  2.6358440400e-02 
1625.000  2.0555646900e-01  2.5781234740e-02 
1626.000  2.0785724800e-01  2.6061555860e-02 
1627.000  2.0761881400e-01  2.6058111190e-02 
1628.000  2.0919615800e-01  2.6267709730e-02 
1629.000  2.0905960000e-01  2.6259288790e-02 
1630.000  2.0319610900e-01  2.5519729610e-02 
1631.000  2.0637371500e-01  2.5931995390e-02 
1632.000  2.0620091600e-01  2.5881690980e-02 
1633.000  2.0348013700e-01  2.5536191940e-02 
1634.000  1.9851860500e-01  2.4899715420e-02 
1635.000  2.0383992800e-01  2.5566390990e-02 
1636.000  2.0307386000e-01  2.5460906980e-02 
1637.000  1.9376219200e-01  2.4283296590e-02 
1638.000  1.9234656000e-01  2.4106294630e-02 
1639.000  1.9006378900e-01  2.3797689440e-02 
1640.000  1.9100989800e-01  2.3909578320e-02 
1641.000  1.8964618100e-01  2.3735771180e-02 
1642.000  1.8940832800e-01  2.3741785050e-02 
1643.000  1.9420807300e-01  2.4369773860e-02 
1644.000  1.9113604400e-01  2.4006080630e-02 
1645.000  1.9143466600e-01  2.4059339520e-02 
1646.000  1.9373469700e-01  2.4381629940e-02 
1647.000  1.9553561500e-01  2.4623464580e-02 
1648.000  1.9465210200e-01  2.4514101030e-02 
1649.000  1.9017959200e-01  2.3962501530e-02 
1650.000  1.9499854100e-01  2.4586942670e-02 
1651.000  1.9064489700e-01  2.4042949680e-02 
1652.000  1.9443540000e-01  2.4515308380e-02 
1653.000  1.9243361800e-01  2.4279434200e-02 
1654.000  1.9459201900e-01  2.4561008450e-02 
1655.000  1.9090670700e-01  2.4117523190e-02 
1656.000  1.9473030500e-01  2.4617177960e-02 
1657.000  1.9331592800e-01  2.4447259900e-02 
1658.000  1.9453492600e-01  2.4623323440e-02 
1659.000  1.9099682000e-01  2.4184503560e-02 
1660.000  1.9320419200e-01  2.4460233690e-02 
1661.000  1.9395785100e-01  2.4552211760e-02 
1662.000  1.9250012300e-01  2.4346225740e-02 
1663.000  1.9122572200e-01  2.4178817750e-02 
1664.000  1.9033365400e-01  2.4058153150e-02 
1665.000  1.8839316100e-01  2.3799144740e-02 
1666.000  1.8762341900e-01  2.3717613220e-02 
1667.000  1.8953977300e-01  2.4004386900e-02 
1668.000  1.8632843600e-01  2.3610120770e-02 
1669.000  1.8685349800e-01  2.3699487690e-02 
1670.000  1.9105430300e-01  2.4256074910e-02 
1671.000  1.8965673900e-01  2.4089906690e-02 
1672.000  1.8067387500e-01  2.2963775630e-02 
1673.000  1.8583510300e-01  2.3616216660e-02 
1674.000  1.8658438100e-01  2.3714826580e-02 
1675.000  1.8485172000e-01  2.3509698870e-02 
1676.000  1.8186307100e-01  2.3129888530e-02 
1677.000  1.8279360500e-01  2.3252946850e-02 
1678.000  1.8380616600e-01  2.3395727160e-02 
1679.000  1.8136496900e-01  2.3084096910e-02 
1680.000  1.7514861700e-01  2.2305767060e-02 
1681.000  1.6907749700e-01  2.1537645340e-02 
1682.000  1.7396081500e-01  2.2157159810e-02 
1683.000  1.7825116300e-01  2.2694650650e-02 
1684.000  1.8154541900e-01  2.3106153490e-02 
1685.000  1.8206481400e-01  2.3144836430e-02 
1686.000  1.7986854400e-01  2.2860012050e-02 
1687.000  1.8056345100e-01  2.2902429580e-02 
1688.000  1.8065636300e-01  2.2875959400e-02 
1689.000  1.7847718200e-01  2.2592685700e-02 
1690.000  1.7833172500e-01  2.2530622480e-02 
1691.000  1.8063888000e-01  2.2815553670e-02 
1692.000  1.8096418000e-01  2.2855749130e-02 
1693.000  1.8032429500e-01  2.2780336380e-02 
1694.000  1.8005502800e-01  2.2745492940e-02 
1695.000  1.8010113200e-01  2.2728710170e-02 
1696.000  1.7904708700e-01  2.2580625530e-02 
1697.000  1.7792048000e-01  2.2408273700e-02 
1698.000  1.7897570100e-01  2.2517862320e-02 
1699.000  1.7781997800e-01  2.2356288910e-02 
1700.000  1.7556862200e-01  2.2058517460e-02 
