 lambda   Irr_dw            Rad_up 
 550.000  1.5346096000e+00  1.4394757080e-01 
 551.000  1.5244581000e+00  1.4292681880e-01 
 552.000  1.5895294000e+00  1.4903511050e-01 
 553.000  1.5267118000e+00  1.4305998230e-01 
 554.000  1.5760505000e+00  1.4767602540e-01 
 555.000  1.5799556000e+00  1.4793228150e-01 
 556.000  1.5359183000e+00  1.4370831300e-01 
 557.000  1.4899095000e+00  1.3939889530e-01 
 558.000  1.5460609000e+00  1.4454986570e-01 
 559.000  1.4609669000e+00  1.3653651430e-01 
 560.000  1.4670132000e+00  1.3709167480e-01 
 561.000  1.6119106000e+00  1.5051940920e-01 
 562.000  1.4792684000e+00  1.3809135440e-01 
 563.000  1.5472918000e+00  1.4433729550e-01 
 564.000  1.5251755000e+00  1.4212635800e-01 
 565.000  1.5430095000e+00  1.4375155640e-01 
 566.000  1.4223393000e+00  1.3241760250e-01 
 567.000  1.5253663000e+00  1.4178184510e-01 
 568.000  1.5209576000e+00  1.4077169800e-01 
 569.000  1.4895877000e+00  1.3660165410e-01 
 570.000  1.4972414000e+00  1.3743489070e-01 
 571.000  1.4444943000e+00  1.3339123540e-01 
 572.000  1.5260079000e+00  1.4008227540e-01 
 573.000  1.5421011000e+00  1.4176393130e-01 
 574.000  1.5334883000e+00  1.4097473140e-01 
 575.000  1.4957769000e+00  1.3738613890e-01 
 576.000  1.4684618000e+00  1.3480616760e-01 
 577.000  1.5293777000e+00  1.4053692630e-01 
 578.000  1.4848093000e+00  1.3676361080e-01 
 579.000  1.4734378000e+00  1.3581106570e-01 
 580.000  1.5241457000e+00  1.4065220640e-01 
 581.000  1.4966021000e+00  1.3829153440e-01 
 582.000  1.5189311000e+00  1.4032716370e-01 
 583.000  1.5293653000e+00  1.4132354740e-01 
 584.000  1.5243555000e+00  1.4074861150e-01 
 585.000  1.5141647000e+00  1.3970831300e-01 
 586.000  1.4489544000e+00  1.3366505430e-01 
 587.000  1.5053738000e+00  1.3831719970e-01 
 588.000  1.4893383000e+00  1.3517742920e-01 
 589.000  1.3198750000e+00  1.1771759800e-01 
 590.000  1.3780268000e+00  1.2277027890e-01 
 591.000  1.4643242000e+00  1.3187927250e-01 
 592.000  1.4361179000e+00  1.2845181270e-01 
 593.000  1.4513159000e+00  1.3144119260e-01 
 594.000  1.4644646000e+00  1.3222178650e-01 
 595.000  1.4363008000e+00  1.2844334410e-01 
 596.000  1.4719587000e+00  1.3334672550e-01 
 597.000  1.4763046000e+00  1.3326254270e-01 
 598.000  1.4460965000e+00  1.3125349430e-01 
 599.000  1.4464655000e+00  1.3157072450e-01 
 600.000  1.4468154000e+00  1.3227233890e-01 
 601.000  1.4386895000e+00  1.3202465820e-01 
 602.000  1.4229532000e+00  1.3069177250e-01 
 603.000  1.4315323000e+00  1.3165756230e-01 
 604.000  1.4768672000e+00  1.3599867250e-01 
 605.000  1.4730651000e+00  1.3560415650e-01 
 606.000  1.4559637000e+00  1.3408425900e-01 
 607.000  1.4477430000e+00  1.3328739930e-01 
 608.000  1.4423935000e+00  1.3273289490e-01 
 609.000  1.4275549000e+00  1.3136566160e-01 
 610.000  1.4046548000e+00  1.2919880680e-01 
 611.000  1.4274229000e+00  1.3128128050e-01 
 612.000  1.4088009000e+00  1.2956314090e-01 
 613.000  1.3881796000e+00  1.2761678310e-01 
 614.000  1.3375491000e+00  1.2296947480e-01 
 615.000  1.4021162000e+00  1.2882707210e-01 
 616.000  1.3331073000e+00  1.2249986270e-01 
 617.000  1.3406035000e+00  1.2317517090e-01 
 618.000  1.4038172000e+00  1.2888638310e-01 
 619.000  1.3909266000e+00  1.2773117830e-01 
 620.000  1.4114369000e+00  1.2951416020e-01 
 621.000  1.4356725000e+00  1.3171731570e-01 
 622.000  1.3599133000e+00  1.2470719150e-01 
 623.000  1.3704717000e+00  1.2554466250e-01 
 624.000  1.3719080000e+00  1.2570653530e-01 
 625.000  1.3347163000e+00  1.2227669530e-01 
 626.000  1.3414401000e+00  1.2270512390e-01 
 627.000  1.3638023000e+00  1.2414771270e-01 
 628.000  1.3453266000e+00  1.2135686490e-01 
 629.000  1.3791835000e+00  1.2476161960e-01 
 630.000  1.3334384000e+00  1.2114041900e-01 
 631.000  1.3823860000e+00  1.2570628360e-01 
 632.000  1.2875984000e+00  1.1664584350e-01 
 633.000  1.3821883000e+00  1.2574728390e-01 
 634.000  1.3406854000e+00  1.2214901730e-01 
 635.000  1.3651888000e+00  1.2437391660e-01 
 636.000  1.3170908000e+00  1.2008666990e-01 
 637.000  1.3605480000e+00  1.2411251830e-01 
 638.000  1.3817365000e+00  1.2628318020e-01 
 639.000  1.3703098000e+00  1.2514064790e-01 
 640.000  1.3273177000e+00  1.2143904110e-01 
 641.000  1.3464768000e+00  1.2315569310e-01 
 642.000  1.3303140000e+00  1.2174510190e-01 
 643.000  1.3535587000e+00  1.2365200810e-01 
 644.000  1.3380269000e+00  1.2215320590e-01 
 645.000  1.3496719000e+00  1.2295731350e-01 
 646.000  1.2981254800e+00  1.1703621670e-01 
 647.000  1.3156598800e+00  1.1777913670e-01 
 648.000  1.3132481200e+00  1.1678988650e-01 
 649.000  1.3393510300e+00  1.1971343990e-01 
 650.000  1.2412532500e+00  1.1227178960e-01 
 651.000  1.3370603200e+00  1.2092008970e-01 
 652.000  1.3111593200e+00  1.1733103940e-01 
 653.000  1.3377280500e+00  1.2113321690e-01 
 654.000  1.3201930900e+00  1.1928610990e-01 
 655.000  1.2853340800e+00  1.1559994510e-01 
 656.000  1.0912506800e+00  9.8265663150e-02 
 657.000  1.1647107500e+00  1.0512693790e-01 
 658.000  1.2973830700e+00  1.1763740540e-01 
 659.000  1.3005328900e+00  1.1817282100e-01 
 660.000  1.3107441300e+00  1.1922911830e-01 
 661.000  1.3165482700e+00  1.2016482540e-01 
 662.000  1.3355111100e+00  1.2205719760e-01 
 663.000  1.3206614800e+00  1.2061071780e-01 
 664.000  1.2996832500e+00  1.1873806000e-01 
 665.000  1.3053401700e+00  1.1927673340e-01 
 666.000  1.3210702700e+00  1.2083236690e-01 
 667.000  1.2948516700e+00  1.1840692900e-01 
 668.000  1.3022141500e+00  1.1919525150e-01 
 669.000  1.3207928700e+00  1.2094627380e-01 
 670.000  1.3053008000e+00  1.1944187930e-01 
 671.000  1.2911846200e+00  1.1818118290e-01 
 672.000  1.2870949800e+00  1.1779326630e-01 
 673.000  1.2962829900e+00  1.1860906220e-01 
 674.000  1.2987895800e+00  1.1884362030e-01 
 675.000  1.2789654000e+00  1.1699197390e-01 
 676.000  1.3031053800e+00  1.1920504000e-01 
 677.000  1.2771776100e+00  1.1684383390e-01 
 678.000  1.2983141200e+00  1.1874945070e-01 
 679.000  1.2799767100e+00  1.1701651760e-01 
 680.000  1.2701402100e+00  1.1607262420e-01 
 681.000  1.2714896000e+00  1.1611782840e-01 
 682.000  1.2688452400e+00  1.1580199430e-01 
 683.000  1.2771605100e+00  1.1647352600e-01 
 684.000  1.2540818300e+00  1.1429706570e-01 
 685.000  1.2682375100e+00  1.1560140230e-01 
 686.000  1.2124201400e+00  1.1022445680e-01 
 687.000  1.1212868400e+00  9.8360557560e-02 
 688.000  1.1510691500e+00  1.0210089870e-01 
 689.000  1.1456146700e+00  1.0130154420e-01 
 690.000  1.1661365800e+00  1.0371978760e-01 
 691.000  1.1897621300e+00  1.0641802220e-01 
 692.000  1.1928130900e+00  1.0672126770e-01 
 693.000  1.1918208400e+00  1.0503089900e-01 
 694.000  1.1939147800e+00  1.0386937710e-01 
 695.000  1.1810491800e+00  1.0338706210e-01 
 696.000  1.1994422600e+00  1.0541322330e-01 
 697.000  1.2222584100e+00  1.0981152340e-01 
 698.000  1.1952002600e+00  1.0680099490e-01 
 699.000  1.1986084400e+00  1.0502871700e-01 
 700.000  1.1875287100e+00  1.0434825130e-01 
 701.000  1.1568145100e+00  1.0116911320e-01 
 702.000  1.1539762600e+00  1.0122875210e-01 
 703.000  1.1853787200e+00  1.0563442230e-01 
 704.000  1.1893329500e+00  1.0606777190e-01 
 705.000  1.1920356000e+00  1.0557864380e-01 
 706.000  1.1805253200e+00  1.0469068150e-01 
 707.000  1.1648753000e+00  1.0355488590e-01 
 708.000  1.2010696400e+00  1.0704587550e-01 
 709.000  1.1631359100e+00  1.0420492550e-01 
 710.000  1.1844598600e+00  1.0545357510e-01 
 711.000  1.1778498000e+00  1.0545874020e-01 
 712.000  1.1658576600e+00  1.0492970280e-01 
 713.000  1.1571792500e+00  1.0368597410e-01 
 714.000  1.1754929200e+00  1.0511475370e-01 
 715.000  1.1283918100e+00  1.0017872620e-01 
 716.000  1.1516630700e+00  1.0148303990e-01 
 717.000  1.0795340700e+00  9.1238449100e-02 
 718.000  1.0471254700e+00  8.6185607910e-02 
 719.000  1.0254354000e+00  8.3520347600e-02 
 720.000  1.0186068300e+00  8.1839179990e-02 
 721.000  1.0795169600e+00  9.2201690670e-02 
 722.000  1.1169507400e+00  9.7364997860e-02 
 723.000  1.1017447500e+00  9.4877502440e-02 
 724.000  1.0718582000e+00  8.9185485840e-02 
 725.000  1.0653766000e+00  8.9085807800e-02 
 726.000  1.0615882700e+00  8.8635437010e-02 
 727.000  1.0823221900e+00  9.0777961730e-02 
 728.000  1.0580315100e+00  8.8306076050e-02 
 729.000  1.0290275600e+00  8.7003448490e-02 
 730.000  1.0644916400e+00  8.9815864560e-02 
 731.000  1.0439452700e+00  8.7902755740e-02 
 732.000  1.0863672700e+00  9.3453002930e-02 
 733.000  1.0909797100e+00  9.5885299680e-02 
 734.000  1.1238796000e+00  9.9774795530e-02 
 735.000  1.1110477100e+00  9.8248054500e-02 
 736.000  1.0836353700e+00  9.5191513060e-02 
 737.000  1.1027993500e+00  9.7330711360e-02 
 738.000  1.1065051300e+00  9.8343971250e-02 
 739.000  1.0734691700e+00  9.5721534730e-02 
 740.000  1.0898383800e+00  9.7850349430e-02 
 741.000  1.0846991000e+00  9.7847114560e-02 
 742.000  1.0682667100e+00  9.6550254820e-02 
 743.000  1.1029026300e+00  1.0009233090e-01 
 744.000  1.1147371900e+00  1.0137046810e-01 
 745.000  1.0868148100e+00  9.8994918820e-02 
 746.000  1.1027542000e+00  1.0053504940e-01 
 747.000  1.1193760700e+00  1.0204187010e-01 
 748.000  1.1000186000e+00  1.0033499150e-01 
 749.000  1.1005157000e+00  1.0042106630e-01 
 750.000  1.0840221000e+00  9.8845886230e-02 
 751.000  1.0812454800e+00  9.8592521670e-02 
 752.000  1.0982919400e+00  1.0022240450e-01 
 753.000  1.0880730800e+00  9.9309669490e-02 
 754.000  1.1052183200e+00  1.0088541410e-01 
 755.000  1.0988947000e+00  1.0030854800e-01 
 756.000  1.0774048700e+00  9.8347923280e-02 
 757.000  1.0853493400e+00  9.9072723390e-02 
 758.000  1.0830877400e+00  9.8814582820e-02 
 759.000  1.0011127000e+00  8.9561157230e-02 
 760.000  5.1156906000e-01  3.7908462520e-02 
 761.000  4.6214100000e-01  3.3348590850e-02 
 762.000  7.3775920000e-01  6.0680511470e-02 
 763.000  6.6944795000e-01  5.3114002230e-02 
 764.000  7.1556405000e-01  5.7785881040e-02 
 765.000  8.1709593000e-01  6.8718681340e-02 
 766.000  8.8364343000e-01  7.7314735410e-02 
 767.000  9.4706390000e-01  8.4275955200e-02 
 768.000  1.0177128100e+00  9.1593406680e-02 
 769.000  1.0351858700e+00  9.3883995060e-02 
 770.000  1.0401632800e+00  9.4678390500e-02 
 771.000  1.0457035900e+00  9.5384513850e-02 
 772.000  1.0427820600e+00  9.5171981810e-02 
 773.000  1.0388748100e+00  9.4841369630e-02 
 774.000  1.0503218200e+00  9.5912544250e-02 
 775.000  1.0110169000e+00  9.2343490600e-02 
 776.000  1.0527592000e+00  9.6201538090e-02 
 777.000  1.0454606800e+00  9.5530830380e-02 
 778.000  1.0398341800e+00  9.4994773860e-02 
 779.000  1.0431974100e+00  9.5272804260e-02 
 780.000  1.0302684800e+00  9.4111320500e-02 
 781.000  1.0286784300e+00  9.3976982120e-02 
 782.000  1.0410550100e+00  9.5049812320e-02 
 783.000  1.0167109800e+00  9.2875823970e-02 
 784.000  1.0222620700e+00  9.3330070500e-02 
 785.000  1.0241209200e+00  9.3288383480e-02 
 786.000  1.0051890000e+00  9.1341156010e-02 
 787.000  1.0170829900e+00  9.1840141300e-02 
 788.000  1.0002681000e+00  9.0068092350e-02 
 789.000  1.0004061500e+00  8.9168334960e-02 
 790.000  9.8979531000e-01  8.8114944460e-02 
 791.000  9.8577209000e-01  8.7936912540e-02 
 792.000  9.7111855000e-01  8.6752220150e-02 
 793.000  9.7240594000e-01  8.7222427370e-02 
 794.000  9.6720048000e-01  8.7548767090e-02 
 795.000  9.5902493000e-01  8.6270256040e-02 
 796.000  9.6740569000e-01  8.5899856570e-02 
 797.000  9.7576961000e-01  8.6999633790e-02 
 798.000  9.8131958000e-01  8.8257575990e-02 
 799.000  9.7936759000e-01  8.7879051210e-02 
 800.000  9.5020822000e-01  8.4716651920e-02 
 801.000  9.6837578000e-01  8.6403999330e-02 
 802.000  9.6604945000e-01  8.6118766780e-02 
 803.000  9.5279973000e-01  8.5032180790e-02 
 804.000  9.6310971000e-01  8.6247673030e-02 
 805.000  9.3995127000e-01  8.4685119630e-02 
 806.000  9.6735700000e-01  8.7436195370e-02 
 807.000  9.6145804000e-01  8.6943908690e-02 
 808.000  9.5466202000e-01  8.6129539490e-02 
 809.000  9.3706535000e-01  8.4322944640e-02 
 810.000  9.3128705000e-01  8.3558265690e-02 
 811.000  9.4287489000e-01  8.4149597170e-02 
 812.000  9.3514561000e-01  8.2877548220e-02 
 813.000  9.2537191000e-01  8.1274093630e-02 
 814.000  9.1635463000e-01  7.9645431520e-02 
 815.000  8.9669443000e-01  7.6918609620e-02 
 816.000  8.7577977000e-01  7.3894454960e-02 
 817.000  8.8181139000e-01  7.4455383300e-02 
 818.000  8.7750958000e-01  7.4139602660e-02 
 819.000  8.5801540000e-01  7.2937973020e-02 
 820.000  8.5549528000e-01  7.4061119080e-02 
 821.000  9.0047569000e-01  7.9568496700e-02 
 822.000  8.6278048000e-01  7.4966720580e-02 
 823.000  8.3893784000e-01  6.9811088560e-02 
 824.000  8.8201609000e-01  7.6118659970e-02 
 825.000  8.9963811000e-01  7.9629379270e-02 
 826.000  9.0198760000e-01  7.9462516780e-02 
 827.000  8.9664522000e-01  7.8714729310e-02 
 828.000  8.8238750000e-01  7.6209884640e-02 
 829.000  8.8640775000e-01  7.6963317870e-02 
 830.000  8.7720612000e-01  7.6652153020e-02 
 831.000  8.6288202000e-01  7.5515327450e-02 
 832.000  8.8096559000e-01  7.7143768310e-02 
 833.000  8.5621199000e-01  7.5325279240e-02 
 834.000  8.7193163000e-01  7.7067947390e-02 
 835.000  8.7924090000e-01  7.8347518920e-02 
 836.000  8.8765958000e-01  7.8962921140e-02 
 837.000  8.8008927000e-01  7.8248001100e-02 
 838.000  8.8586199000e-01  7.9130233760e-02 
 839.000  8.5967137000e-01  7.6986488340e-02 
 840.000  8.8319475000e-01  7.9138488770e-02 
 841.000  8.8400212000e-01  7.8967048650e-02 
 842.000  8.7975521000e-01  7.8777542110e-02 
 843.000  8.7668897000e-01  7.9072433470e-02 
 844.000  8.6342184000e-01  7.8116943360e-02 
 845.000  8.7708686000e-01  7.9465263370e-02 
 846.000  8.8546391000e-01  8.0381675720e-02 
 847.000  8.5552995000e-01  7.7831802370e-02 
 848.000  8.7972183000e-01  7.9787796020e-02 
 849.000  8.8144707000e-01  8.0024650570e-02 
 850.000  7.6167922000e-01  6.9008461000e-02 
 851.000  8.7206795000e-01  7.8856399540e-02 
 852.000  8.3903506000e-01  7.5922851560e-02 
 853.000  8.4951846000e-01  7.7025169370e-02 
 854.000  6.8293036000e-01  6.1938274380e-02 
 855.000  7.5208282000e-01  6.8333160400e-02 
 856.000  8.5402406000e-01  7.7755531310e-02 
 857.000  8.6788443000e-01  7.9169067380e-02 
 858.000  8.5407991000e-01  7.7943305970e-02 
 859.000  8.5415573000e-01  7.8050491330e-02 
 860.000  8.4661303000e-01  7.7446876530e-02 
 861.000  8.4650536000e-01  7.7439743040e-02 
 862.000  8.4373767000e-01  7.7176925660e-02 
 863.000  8.5986442000e-01  7.8724327090e-02 
 864.000  8.5814657000e-01  7.8501510620e-02 
 865.000  8.4216403000e-01  7.7138389590e-02 
 866.000  7.0640072000e-01  6.4740425110e-02 
 867.000  7.5223075000e-01  6.8824234010e-02 
 868.000  8.1582537000e-01  7.4706123350e-02 
 869.000  8.0437536000e-01  7.3664535520e-02 
 870.000  8.3754664000e-01  7.6778938290e-02 
 871.000  8.3636184000e-01  7.6638053890e-02 
 872.000  8.3299243000e-01  7.6206909180e-02 
 873.000  8.3632416000e-01  7.6586151120e-02 
 874.000  8.1798171000e-01  7.4858764650e-02 
 875.000  8.1045665000e-01  7.4262283330e-02 
 876.000  8.1717389000e-01  7.4821426390e-02 
 877.000  8.3344987000e-01  7.6224525450e-02 
 878.000  8.1908174000e-01  7.4920425420e-02 
 879.000  8.2097926000e-01  7.5130157470e-02 
 880.000  8.1617314000e-01  7.4550109860e-02 
 881.000  7.7372958000e-01  7.0686126710e-02 
 882.000  8.1642677000e-01  7.4457534790e-02 
 883.000  7.9781092000e-01  7.2891639710e-02 
 884.000  8.0459125000e-01  7.3649940490e-02 
 885.000  8.1278603000e-01  7.4058082580e-02 
 886.000  7.8606094000e-01  7.1553474430e-02 
 887.000  7.7805752000e-01  7.0892280580e-02 
 888.000  8.0134035000e-01  7.2904289250e-02 
 889.000  8.0677384000e-01  7.3592399600e-02 
 890.000  8.0413346000e-01  7.3242401120e-02 
 891.000  7.9935522000e-01  7.2561454770e-02 
 892.000  7.9506399000e-01  7.1799896240e-02 
 893.000  7.5915860000e-01  6.7394279480e-02 
 894.000  7.8129683000e-01  6.8865196230e-02 
 895.000  7.3152683000e-01  6.3167430880e-02 
 896.000  7.4560825000e-01  6.3039169310e-02 
 897.000  7.1308683000e-01  5.9145618440e-02 
 898.000  7.0705712000e-01  5.8030006410e-02 
 899.000  6.8571279000e-01  5.4745380400e-02 
 900.000  6.7154213000e-01  5.3755702970e-02 
 901.000  6.5198582000e-01  5.1844097140e-02 
 902.000  6.4082447000e-01  5.1042850490e-02 
 903.000  7.0612602000e-01  5.8803947450e-02 
 904.000  7.4024043000e-01  6.3287807460e-02 
 905.000  7.3745721000e-01  6.3165649410e-02 
 906.000  7.0521237000e-01  5.9414306640e-02 
 907.000  6.9416461000e-01  5.6726081850e-02 
 908.000  6.6237807000e-01  5.3013805390e-02 
 909.000  6.4991947000e-01  5.2042327880e-02 
 910.000  6.5982384000e-01  5.2989906310e-02 
 911.000  6.6786392000e-01  5.4447906490e-02 
 912.000  6.6452136000e-01  5.3696838380e-02 
 913.000  6.5880723000e-01  5.1798477170e-02 
 914.000  6.6496737000e-01  5.2984321590e-02 
 915.000  6.6215849000e-01  5.3461288450e-02 
 916.000  6.7157730000e-01  5.4344131470e-02 
 917.000  6.6534900000e-01  5.4155586240e-02 
 918.000  6.6749083000e-01  5.4755859380e-02 
 919.000  6.9530143000e-01  5.8740646360e-02 
 920.000  7.0277718000e-01  6.0369312290e-02 
 921.000  6.8430464000e-01  5.8528129580e-02 
 922.000  6.7790179000e-01  5.8018054960e-02 
 923.000  6.4580949000e-01  5.4765899660e-02 
 924.000  6.6390693000e-01  5.5745918270e-02 
 925.000  6.7198314000e-01  5.6299018860e-02 
 926.000  6.4787586000e-01  5.4124214170e-02 
 927.000  6.6118556000e-01  5.4494995120e-02 
 928.000  6.4837386000e-01  5.2031803130e-02 
 929.000  6.1503768000e-01  4.7513210300e-02 
 930.000  5.8212523000e-01  4.2725925450e-02 
 931.000  5.4599672000e-01  3.7575653080e-02 
 932.000  4.9325748000e-01  3.0943710330e-02 
 933.000  4.5754585000e-01  2.6857471470e-02 
 934.000  4.1439873000e-01  2.2679588320e-02 
 935.000  4.0420238000e-01  2.1923660280e-02 
 936.000  4.1684901000e-01  2.3224573140e-02 
 937.000  4.2197701000e-01  2.3374946590e-02 
 938.000  4.6006379000e-01  2.7555549620e-02 
 939.000  5.6974174000e-01  4.1085041050e-02 
 940.000  5.8164994000e-01  4.2923934940e-02 
 941.000  5.5571105000e-01  4.0255825040e-02 
 942.000  5.0415419000e-01  3.4595710750e-02 
 943.000  4.7632708000e-01  2.9610528950e-02 
 944.000  4.5951093000e-01  2.8349874500e-02 
 945.000  4.8372091000e-01  3.0887958530e-02 
 946.000  4.9127520000e-01  3.1451549530e-02 
 947.000  5.0553493000e-01  3.3447078700e-02 
 948.000  5.1865352000e-01  3.4978492740e-02 
 949.000  5.1883808000e-01  3.4929622650e-02 
 950.000  5.1793411000e-01  3.5044765470e-02 
 951.000  5.3699213000e-01  3.7859130860e-02 
 952.000  5.1301879000e-01  3.4663417820e-02 
 953.000  5.2811273000e-01  3.6832511900e-02 
 954.000  5.4029599000e-01  3.8917747500e-02 
 955.000  4.9131152000e-01  3.4544616700e-02 
 956.000  5.2069649000e-01  3.6454048160e-02 
 957.000  5.6375392000e-01  4.2535976410e-02 
 958.000  5.7350633000e-01  4.3683425900e-02 
 959.000  5.6841833000e-01  4.2876392360e-02 
 960.000  5.6087902000e-01  4.2204189300e-02 
 961.000  5.5123808000e-01  4.1271900180e-02 
 962.000  5.5714793000e-01  4.1953529360e-02 
 963.000  5.7907955000e-01  4.5181285860e-02 
 964.000  5.7564310000e-01  4.5156261440e-02 
 965.000  5.8041566000e-01  4.5410724640e-02 
 966.000  5.6478862000e-01  4.4297134400e-02 
 967.000  5.9776610000e-01  4.8059635160e-02 
 968.000  6.1754084000e-01  5.1670219420e-02 
 969.000  6.3310652000e-01  5.3912521360e-02 
 970.000  6.3542916000e-01  5.4175174710e-02 
 971.000  6.2950177000e-01  5.3654502870e-02 
 972.000  6.3066984000e-01  5.3491096500e-02 
 973.000  6.1701946000e-01  5.1747932430e-02 
 974.000  5.9824110000e-01  4.9488140110e-02 
 975.000  5.9518198000e-01  4.8795101170e-02 
 976.000  6.0986591000e-01  5.0557956700e-02 
 977.000  6.0632953000e-01  5.1173595430e-02 
 978.000  6.2028363000e-01  5.2292491910e-02 
 979.000  6.0526260000e-01  5.1278610230e-02 
 980.000  6.2599559000e-01  5.4018924710e-02 
 981.000  6.3296773000e-01  5.4857353210e-02 
 982.000  6.2885171000e-01  5.4291603090e-02 
 983.000  6.3335478000e-01  5.5217021940e-02 
 984.000  6.3547695000e-01  5.5975376130e-02 
 985.000  6.3877538000e-01  5.6607654570e-02 
 986.000  6.3819038000e-01  5.7010921480e-02 
 987.000  6.4756495000e-01  5.8053588870e-02 
 988.000  6.3991009000e-01  5.7421840670e-02 
 989.000  6.3205169000e-01  5.6749214170e-02 
 990.000  6.3790511000e-01  5.7325962070e-02 
 991.000  6.4481259000e-01  5.8131614690e-02 
 992.000  6.3931114000e-01  5.7690177920e-02 
 993.000  6.3943906000e-01  5.7723964690e-02 
 994.000  6.4414921000e-01  5.8312770840e-02 
 995.000  6.4042710000e-01  5.8097892760e-02 
 996.000  6.4028741000e-01  5.8086845400e-02 
 997.000  6.4031201000e-01  5.8015560150e-02 
 998.000  6.3720508000e-01  5.7656856540e-02 
 999.000  6.3534268000e-01  5.7459850310e-02 
1000.000  6.3049244000e-01  5.7047912600e-02 
1001.000  6.3251068000e-01  5.7059875490e-02 
1002.000  6.2919163000e-01  5.6493938450e-02 
1003.000  6.2238095000e-01  5.5945610050e-02 
1004.000  6.1848704000e-01  5.5747104640e-02 
1005.000  5.7839948000e-01  5.2198867800e-02 
1006.000  6.0878328000e-01  5.4966293330e-02 
1007.000  6.1944059000e-01  5.5878555300e-02 
1008.000  6.2020020000e-01  5.5734977720e-02 
1009.000  6.1394664000e-01  5.4898906710e-02 
1010.000  6.1732778000e-01  5.5325290680e-02 
1011.000  6.1661078000e-01  5.5562385560e-02 
1012.000  6.1777018000e-01  5.5786949160e-02 
1013.000  6.1406114000e-01  5.5548408510e-02 
1014.000  6.1829336000e-01  5.5997753140e-02 
1015.000  6.0692705000e-01  5.5004486080e-02 
1016.000  6.1114205000e-01  5.5457942960e-02 
1017.000  6.0523227000e-01  5.4968414310e-02 
1018.000  6.1277474000e-01  5.5635448460e-02 
1019.000  5.9800468000e-01  5.4216190340e-02 
1020.000  5.9700732000e-01  5.4145545960e-02 
1021.000  6.0348990000e-01  5.4771526340e-02 
1022.000  5.9351946000e-01  5.3702133180e-02 
1023.000  6.0414221000e-01  5.4519481660e-02 
1024.000  6.0061459000e-01  5.4102375030e-02 
1025.000  6.0174880000e-01  5.4358005520e-02 
1026.000  6.0302102000e-01  5.4556205750e-02 
1027.000  5.9913348000e-01  5.4205879210e-02 
1028.000  6.0073703000e-01  5.4419677730e-02 
1029.000  5.9210458000e-01  5.3757358550e-02 
1030.000  5.9856332000e-01  5.4464977260e-02 
1031.000  5.9692333000e-01  5.4398639680e-02 
1032.000  5.9501059000e-01  5.4285938260e-02 
1033.000  5.8409108000e-01  5.3290531160e-02 
1034.000  5.8979696000e-01  5.3825618740e-02 
1035.000  5.8209342000e-01  5.3105163570e-02 
1036.000  5.9171473000e-01  5.3994358060e-02 
1037.000  5.7925396000e-01  5.2855587010e-02 
1038.000  5.8498203000e-01  5.3374519350e-02 
1039.000  5.8736798000e-01  5.3574317930e-02 
1040.000  5.8041266000e-01  5.2925514220e-02 
1041.000  5.8343605000e-01  5.3185997010e-02 
1042.000  5.8516329000e-01  5.3332740780e-02 
1043.000  5.7506030000e-01  5.2404552460e-02 
1044.000  5.8077801000e-01  5.2912883760e-02 
1045.000  5.7823609000e-01  5.2700294490e-02 
1046.000  5.6141416000e-01  5.1196292880e-02 
1047.000  5.7171413000e-01  5.2164073940e-02 
1048.000  5.7738170000e-01  5.2715469360e-02 
1049.000  5.7367181000e-01  5.2415870670e-02 
1050.000  5.7126030000e-01  5.2218303680e-02 
1051.000  5.7024125000e-01  5.2092018130e-02 
1052.000  5.6751503000e-01  5.1818355560e-02 
1053.000  5.6612987000e-01  5.1669025420e-02 
1054.000  5.6192005000e-01  5.1233463290e-02 
1055.000  5.6601010000e-01  5.1576751710e-02 
1056.000  5.6448184000e-01  5.1404911040e-02 
1057.000  5.6342215000e-01  5.1250774380e-02 
1058.000  5.5737261000e-01  5.0599052430e-02 
1059.000  5.3985553000e-01  4.9036277770e-02 
1060.000  5.5938490000e-01  5.0893451690e-02 
1061.000  5.3976125000e-01  4.9112079620e-02 
1062.000  5.5464071000e-01  5.0412315370e-02 
1063.000  5.4524742000e-01  4.9540271760e-02 
1064.000  5.5197607000e-01  5.0073436740e-02 
1065.000  5.5114613000e-01  4.9894149780e-02 
1066.000  5.3426411000e-01  4.8348133090e-02 
1067.000  5.4687284000e-01  4.9432987210e-02 
1068.000  5.4413771000e-01  4.9012805940e-02 
1069.000  5.0288356000e-01  4.5203773500e-02 
1070.000  5.3278653000e-01  4.7921043400e-02 
1071.000  5.3326633000e-01  4.7889514920e-02 
1072.000  5.3465353000e-01  4.7942653660e-02 
1073.000  5.1698522000e-01  4.6358741760e-02 
1074.000  5.3516149000e-01  4.8019420620e-02 
1075.000  5.1912736000e-01  4.6720577240e-02 
1076.000  5.3015809000e-01  4.7636550900e-02 
1077.000  5.2847216000e-01  4.7383251190e-02 
1078.000  5.2923858000e-01  4.7333332060e-02 
1079.000  5.0877592000e-01  4.5492431640e-02 
1080.000  5.2220699000e-01  4.6380657200e-02 
1081.000  5.0290165000e-01  4.4646301270e-02 
1082.000  5.1003578000e-01  4.5387451170e-02 
1083.000  4.9541588000e-01  4.3900268550e-02 
1084.000  5.1331428000e-01  4.5282943730e-02 
1085.000  5.0411150000e-01  4.4048057560e-02 
1086.000  5.1129570000e-01  4.4742675780e-02 
1087.000  4.8256966000e-01  4.2633892060e-02 
1088.000  5.1190314000e-01  4.5276954650e-02 
1089.000  4.8911900000e-01  4.2772438050e-02 
1090.000  4.9910292000e-01  4.3576526640e-02 
1091.000  5.0300689000e-01  4.4043949130e-02 
1092.000  4.8966603000e-01  4.2648460390e-02 
1093.000  4.7981196000e-01  4.1271701810e-02 
1094.000  4.3504127000e-01  3.7190975190e-02 
1095.000  4.7117503400e-01  4.0288654330e-02 
1096.000  4.7250168000e-01  4.0424884800e-02 
1097.000  4.6244972800e-01  3.9408103940e-02 
1098.000  4.4515919000e-01  3.6732898710e-02 
1099.000  4.3487202700e-01  3.4875057220e-02 
1100.000  4.4315977000e-01  3.5603580470e-02 
1101.000  4.4381704600e-01  3.5790321350e-02 
1102.000  4.2467589800e-01  3.4172168730e-02 
1103.000  4.4260846600e-01  3.5697170260e-02 
1104.000  4.3741509600e-01  3.5104476930e-02 
1105.000  4.3167508900e-01  3.4226108550e-02 
1106.000  4.2286578500e-01  3.3134094240e-02 
1107.000  4.2370061800e-01  3.3276481630e-02 
1108.000  4.2336869600e-01  3.3290542600e-02 
1109.000  4.2985565000e-01  3.4098014830e-02 
1110.000  4.3161601400e-01  3.4133853910e-02 
1111.000  4.2365716900e-01  3.3283439640e-02 
1112.000  4.0732209900e-01  3.1164123540e-02 
1113.000  3.8865435100e-01  2.8552680970e-02 
1114.000  3.8845951700e-01  2.8116571430e-02 
1115.000  3.6290395000e-01  2.4749568940e-02 
1116.000  3.4476835900e-01  2.2626688000e-02 
1117.000  3.1582712300e-01  1.9041419980e-02 
1118.000  2.8191835700e-01  1.5646295550e-02 
1119.000  2.5809404000e-01  1.3615941050e-02 
1120.000  2.3794674000e-01  1.1762368200e-02 
1121.000  2.3486764200e-01  1.1420473100e-02 
1122.000  2.1111703000e-01  9.5114145280e-03 
1123.000  2.2496014700e-01  1.0535918240e-02 
1124.000  2.3390846300e-01  1.1222031590e-02 
1125.000  2.2475578200e-01  1.0636689190e-02 
1126.000  2.1871001800e-01  1.0298896790e-02 
1127.000  2.2787513300e-01  1.0811984060e-02 
1128.000  2.2708981300e-01  1.0928157810e-02 
1129.000  2.4988738300e-01  1.2833967210e-02 
1130.000  2.9864254000e-01  1.7384252550e-02 
1131.000  3.1556182500e-01  1.9010383610e-02 
1132.000  2.9761898500e-01  1.7081296920e-02 
1133.000  2.5543762500e-01  1.3419502260e-02 
1134.000  1.8683834600e-01  7.9088559150e-03 
1135.000  1.9448490500e-01  8.4151802060e-03 
1136.000  2.6159044300e-01  1.3973288540e-02 
1137.000  2.9981350300e-01  1.7500509260e-02 
1138.000  3.2027826400e-01  2.0361282350e-02 
1139.000  3.3629022200e-01  2.2025136950e-02 
1140.000  3.3128156300e-01  2.1352128980e-02 
1141.000  3.0974823300e-01  1.9366662980e-02 
1142.000  3.1388975900e-01  1.9394533160e-02 
1143.000  2.9500467600e-01  1.7585388180e-02 
1144.000  2.7774569500e-01  1.5910714150e-02 
1145.000  2.5690358100e-01  1.3847912790e-02 
1146.000  2.6490819100e-01  1.4490384100e-02 
1147.000  2.8399246900e-01  1.6277063370e-02 
1148.000  2.9658942300e-01  1.7692777630e-02 
1149.000  3.0350621200e-01  1.8406650540e-02 
1150.000  3.0225492000e-01  1.8396331790e-02 
1151.000  3.1010182000e-01  1.9378284450e-02 
1152.000  3.1373341400e-01  1.9856863020e-02 
1153.000  3.1940936800e-01  2.0587236400e-02 
1154.000  3.1965919800e-01  2.0542287830e-02 
1155.000  3.3246520900e-01  2.2126028060e-02 
1156.000  3.4089514000e-01  2.3546342850e-02 
1157.000  3.7025074300e-01  2.7371753690e-02 
1158.000  3.8059640500e-01  2.8876298900e-02 
1159.000  3.8380254800e-01  2.9760719300e-02 
1160.000  3.8238527000e-01  2.9926710130e-02 
1161.000  3.8290155600e-01  3.0597135540e-02 
1162.000  4.0319147000e-01  3.2745906830e-02 
1163.000  4.1274010300e-01  3.4150505070e-02 
1164.000  4.0617997600e-01  3.3741031650e-02 
1165.000  4.1452087900e-01  3.4528167720e-02 
1166.000  4.0532341900e-01  3.3916992190e-02 
1167.000  4.1285756100e-01  3.4646095280e-02 
1168.000  4.1606732300e-01  3.4890075680e-02 
1169.000  4.0274500900e-01  3.3869567870e-02 
1170.000  4.1458318300e-01  3.4952545170e-02 
1171.000  4.1924893800e-01  3.5558841710e-02 
1172.000  4.1630642800e-01  3.5192008970e-02 
1173.000  4.1180911500e-01  3.4701740260e-02 
1174.000  4.1211135600e-01  3.4737545010e-02 
1175.000  4.1155587900e-01  3.5009948730e-02 
1176.000  4.0544048500e-01  3.4782310490e-02 
1177.000  4.1611000400e-01  3.5557193760e-02 
1178.000  4.0534715200e-01  3.4359020230e-02 
1179.000  4.0353814900e-01  3.4208908080e-02 
1180.000  4.0784767000e-01  3.4475181580e-02 
1181.000  4.0224306300e-01  3.3746116640e-02 
1182.000  3.9924430400e-01  3.3243038180e-02 
1183.000  3.7647090300e-01  3.1374851230e-02 
1184.000  3.9542305600e-01  3.3096225740e-02 
1185.000  4.0555817300e-01  3.4304996490e-02 
1186.000  4.0170174100e-01  3.3871753690e-02 
1187.000  3.9684777400e-01  3.3105113980e-02 
1188.000  3.9366399100e-01  3.2753334050e-02 
1189.000  3.7355119600e-01  3.1278820040e-02 
1190.000  3.9964169500e-01  3.4019260410e-02 
1191.000  4.0818912500e-01  3.4908302310e-02 
1192.000  4.0925729200e-01  3.5241485600e-02 
1193.000  4.0870215900e-01  3.5121372220e-02 
1194.000  4.0742369900e-01  3.4977008820e-02 
1195.000  3.9963198000e-01  3.4072078700e-02 
1196.000  3.9982229900e-01  3.4129020690e-02 
1197.000  3.9814854400e-01  3.3875381470e-02 
1198.000  3.8443541400e-01  3.2689422610e-02 
1199.000  3.6831383900e-01  3.1189334870e-02 
1200.000  3.9264032900e-01  3.3336021420e-02 
1201.000  3.9589476900e-01  3.3656787870e-02 
1202.000  3.9680434500e-01  3.3801479340e-02 
1203.000  3.7638805900e-01  3.2022789000e-02 
1204.000  3.8323663500e-01  3.2683876040e-02 
1205.000  3.9740921100e-01  3.4303508760e-02 
1206.000  3.9745489200e-01  3.4494667050e-02 
1207.000  4.0113192700e-01  3.4890739440e-02 
1208.000  3.9456925700e-01  3.4256137850e-02 
1209.000  3.6878889600e-01  3.1922246930e-02 
1210.000  3.9260510400e-01  3.3811450960e-02 
1211.000  3.7920436000e-01  3.2637454990e-02 
1212.000  3.9163391000e-01  3.3756908420e-02 
1213.000  3.9522551300e-01  3.4237174990e-02 
1214.000  3.9316403200e-01  3.4043842320e-02 
1215.000  3.9524162700e-01  3.4295837400e-02 
1216.000  3.9700647300e-01  3.4724967960e-02 
1217.000  3.9861398200e-01  3.5106464390e-02 
1218.000  3.9819092200e-01  3.5188289640e-02 
1219.000  3.9496225300e-01  3.4976608280e-02 
1220.000  3.9769639900e-01  3.5218303680e-02 
1221.000  3.9722281100e-01  3.5195095060e-02 
1222.000  3.9520740600e-01  3.5020599370e-02 
1223.000  3.9354317500e-01  3.4911197660e-02 
1224.000  3.9806790800e-01  3.5466117860e-02 
1225.000  3.9619209600e-01  3.5343364720e-02 
1226.000  3.9799321900e-01  3.5564090730e-02 
1227.000  3.8517039700e-01  3.4505115510e-02 
1228.000  3.9802415400e-01  3.5766853330e-02 
1229.000  3.9817184300e-01  3.5864875790e-02 
1230.000  3.9747491700e-01  3.5898654940e-02 
1231.000  3.9784424200e-01  3.5989349370e-02 
1232.000  3.9349399200e-01  3.5623310090e-02 
1233.000  3.9667431000e-01  3.5931781770e-02 
1234.000  3.9634103700e-01  3.6021293640e-02 
1235.000  3.9389746700e-01  3.5843677520e-02 
1236.000  3.9639319700e-01  3.6101940160e-02 
1237.000  3.9664403000e-01  3.6167816160e-02 
1238.000  3.9648783500e-01  3.6173648830e-02 
1239.000  3.9201484300e-01  3.5779239650e-02 
1240.000  3.9024081900e-01  3.5648784640e-02 
1241.000  3.9364904500e-01  3.5981006620e-02 
1242.000  3.9125662000e-01  3.5779575350e-02 
1243.000  3.8680515400e-01  3.5391147610e-02 
1244.000  3.8316872200e-01  3.5064426420e-02 
1245.000  3.8964174600e-01  3.5664485930e-02 
1246.000  3.8648596700e-01  3.5345066070e-02 
1247.000  3.8440495700e-01  3.5122241970e-02 
1248.000  3.8721432100e-01  3.5347084050e-02 
1249.000  3.8571098500e-01  3.5189926150e-02 
1250.000  3.8403429400e-01  3.5006717680e-02 
1251.000  3.8120770800e-01  3.4729095460e-02 
1252.000  3.7977185900e-01  3.4565971370e-02 
1253.000  3.7632183900e-01  3.4216220860e-02 
1254.000  3.7668112100e-01  3.4176242830e-02 
1255.000  3.7559850800e-01  3.4033111570e-02 
1256.000  3.7440457700e-01  3.3891410830e-02 
1257.000  3.6956123800e-01  3.3386436460e-02 
1258.000  3.6964288400e-01  3.3267787930e-02 
1259.000  3.6441434100e-01  3.2695640560e-02 
1260.000  3.6355026600e-01  3.2503414150e-02 
1261.000  3.6133666200e-01  3.2186840060e-02 
1262.000  3.5031526100e-01  3.1024871830e-02 
1263.000  3.5329245300e-01  3.1252832410e-02 
1264.000  3.4695676100e-01  3.0679506300e-02 
1265.000  3.4727996500e-01  3.0709394450e-02 
1266.000  3.4814000800e-01  3.0731864930e-02 
1267.000  3.4007160000e-01  2.9967700960e-02 
1268.000  3.3498995600e-01  2.9470203400e-02 
1269.000  3.3734218500e-01  2.9655265810e-02 
1270.000  3.4551478500e-01  3.0519676210e-02 
1271.000  3.4943076400e-01  3.0923803330e-02 
1272.000  3.5001458100e-01  3.1043493270e-02 
1273.000  3.5117383700e-01  3.1232944490e-02 
1274.000  3.5087205000e-01  3.1310146330e-02 
1275.000  3.5380956500e-01  3.1604246140e-02 
1276.000  3.5489256600e-01  3.1702957150e-02 
1277.000  3.5493351800e-01  3.1683431630e-02 
1278.000  3.5424588200e-01  3.1587770460e-02 
1279.000  3.5222333800e-01  3.1413869860e-02 
1280.000  3.5112435600e-01  3.1408575060e-02 
1281.000  3.4205204800e-01  3.0682411190e-02 
1282.000  3.0450955500e-01  2.7391334530e-02 
1283.000  3.3470960600e-01  3.0147535320e-02 
1284.000  3.4858481600e-01  3.1408071520e-02 
1285.000  3.5142378000e-01  3.1677984240e-02 
1286.000  3.5088131800e-01  3.1570615770e-02 
1287.000  3.5215234200e-01  3.1587533950e-02 
1288.000  3.4667127400e-01  3.0781236650e-02 
1289.000  3.4772344300e-01  3.0773208620e-02 
1290.000  3.3960996200e-01  3.0030807500e-02 
1291.000  3.4484017500e-01  3.0502815250e-02 
1292.000  3.4770884400e-01  3.0836950300e-02 
1293.000  3.4814795000e-01  3.0848905560e-02 
1294.000  3.4121177000e-01  3.0065271380e-02 
1295.000  3.4256027500e-01  2.9951473240e-02 
1296.000  3.4037277600e-01  2.9538579940e-02 
1297.000  3.3628011800e-01  2.9018367770e-02 
1298.000  3.3309331800e-01  2.8719409940e-02 
1299.000  3.3631614400e-01  2.8972524640e-02 
1300.000  3.3462702900e-01  2.8800323490e-02 
1301.000  3.3364723900e-01  2.8660245900e-02 
1302.000  3.2797255800e-01  2.8031839370e-02 
1303.000  3.2200555900e-01  2.7175939560e-02 
1304.000  3.2063777900e-01  2.6903156280e-02 
1305.000  3.2188901700e-01  2.6932888030e-02 
1306.000  3.2167116100e-01  2.6835184100e-02 
1307.000  3.1966040800e-01  2.6583213810e-02 
1308.000  3.1669227700e-01  2.6125736240e-02 
1309.000  3.1276372500e-01  2.5526723860e-02 
1310.000  3.1104255000e-01  2.5357654570e-02 
1311.000  3.1018914900e-01  2.5280584340e-02 
1312.000  3.0476613700e-01  2.4535205840e-02 
1313.000  2.8867379700e-01  2.2906906130e-02 
1314.000  2.9319421800e-01  2.2961120610e-02 
1315.000  2.8542291100e-01  2.2478010180e-02 
1316.000  2.9539390800e-01  2.3460571290e-02 
1317.000  2.9839729800e-01  2.3683073040e-02 
1318.000  2.8901359300e-01  2.2581914900e-02 
1319.000  2.8537664900e-01  2.1820381160e-02 
1320.000  2.7467335600e-01  2.0450117110e-02 
1321.000  2.7014450700e-01  1.9882280350e-02 
1322.000  2.7520964500e-01  2.0593738560e-02 
1323.000  2.8209187800e-01  2.1456850050e-02 
1324.000  2.8535108600e-01  2.1886579510e-02 
1325.000  2.8297170100e-01  2.1564376830e-02 
1326.000  2.7589891100e-01  2.0669910430e-02 
1327.000  2.6138215800e-01  1.8777545930e-02 
1328.000  2.4826870000e-01  1.6917194370e-02 
1329.000  2.1420650500e-01  1.3229405400e-02 
1330.000  2.0816685200e-01  1.2390539170e-02 
1331.000  2.0268336700e-01  1.1775342940e-02 
1332.000  2.0048803400e-01  1.1719354630e-02 
1333.000  2.1149670700e-01  1.2613546370e-02 
1334.000  2.1991279400e-01  1.3469862940e-02 
1335.000  2.2585527800e-01  1.4104063030e-02 
1336.000  2.2574823000e-01  1.4190146450e-02 
1337.000  2.2830355500e-01  1.4385255810e-02 
1338.000  2.3205490600e-01  1.4832136150e-02 
1339.000  2.3256873500e-01  1.4935806270e-02 
1340.000  2.3418853900e-01  1.5225993160e-02 
1341.000  2.3814581700e-01  1.5324836730e-02 
1342.000  2.3804875800e-01  1.5325238230e-02 
1343.000  2.2902130600e-01  1.3986855510e-02 
1344.000  2.1517273500e-01  1.2361959460e-02 
1345.000  1.7803465600e-01  8.8051414490e-03 
1346.000  1.5186708700e-01  6.5760946270e-03 
1347.000  1.3470325800e-01  5.3477516170e-03 
1348.000  1.1167504500e-01  3.7197549340e-03 
1349.000  1.0157253580e-01  3.1473670010e-03 
1350.000  7.9120649000e-02  1.9380499120e-03 
1351.000  6.8305423100e-02  1.4947929380e-03 
1352.000  5.2245596000e-02  8.8481408360e-04 
1353.000  3.7031286300e-02  4.8459228870e-04 
1354.000  2.9609940000e-02  3.2357144360e-04 
1355.000  2.2989633400e-02  2.0734560490e-04 
1356.000  1.7384932300e-02  1.2613220510e-04 
1357.000  1.1883081010e-02  6.3522562380e-05 
1358.000  8.7943039900e-03  3.8777444510e-05 
1359.000  4.6371907400e-03  1.3152901080e-05 
1360.000  3.0667195500e-03  6.9119483230e-06 
1361.000  2.2822904700e-03  4.1119083760e-06 
1362.000  2.1000787100e-03  3.6165092610e-06 
1363.000  3.0298721200e-03  6.3159582210e-06 
1364.000  3.5132267000e-03  7.9112593080e-06 
1365.000  3.6785383600e-03  8.3482218910e-06 
1366.000  4.2480991600e-03  1.0430847290e-05 
1367.000  3.5684712600e-03  8.1710722300e-06 
1368.000  3.1641446600e-03  7.0631769490e-06 
1369.000  3.2446891500e-03  7.4324025770e-06 
1370.000  5.3662037200e-03  1.7267400400e-05 
1371.000  9.5567432700e-03  4.3315324930e-05 
1372.000  1.7696166900e-02  1.1993389580e-04 
1373.000  2.5103463500e-02  2.1191094820e-04 
1374.000  3.0483445300e-02  2.9340276120e-04 
1375.000  3.2500693100e-02  3.2956254480e-04 
1376.000  3.0145747300e-02  2.9225850110e-04 
1377.000  2.6837221500e-02  2.3872907460e-04 
1378.000  2.0455558000e-02  1.5211717780e-04 
1379.000  1.4046703080e-02  8.2050018010e-05 
1380.000  7.9668957700e-03  3.2726056870e-05 
1381.000  4.6085472300e-03  1.3631041160e-05 
1382.000  3.2226946600e-03  7.6876296660e-06 
1383.000  3.1180834900e-03  7.1815135890e-06 
1384.000  5.0718362400e-03  1.5511082490e-05 
1385.000  7.2001160700e-03  2.7217136700e-05 
1386.000  1.0997426890e-02  5.3747050460e-05 
1387.000  2.0206241900e-02  1.4820373060e-04 
1388.000  2.6781530000e-02  2.3298388720e-04 
1389.000  3.0763866600e-02  2.9716095330e-04 
1390.000  3.1403186000e-02  3.1072282790e-04 
1391.000  2.9315262400e-02  2.7638584380e-04 
1392.000  2.2163615900e-02  1.7466644940e-04 
1393.000  1.6942349500e-02  1.1381050940e-04 
1394.000  1.2979779720e-02  7.4231013660e-05 
1395.000  1.4631307800e-02  9.0043351050e-05 
1396.000  2.0077372700e-02  1.4907909930e-04 
1397.000  2.5909705100e-02  2.2718846800e-04 
1398.000  2.6682498300e-02  2.3758928480e-04 
1399.000  2.4913556000e-02  2.1545280520e-04 
1400.000  2.3296296000e-02  1.9579114020e-04 
1401.000  2.4765149000e-02  2.1981327240e-04 
1402.000  3.0702049100e-02  3.0721217390e-04 
1403.000  3.5348383800e-02  3.9891189340e-04 
1404.000  3.3248327200e-02  3.5890966650e-04 
1405.000  3.4826859700e-02  3.9695757630e-04 
1406.000  3.2294308100e-02  3.4732833500e-04 
1407.000  3.3492389300e-02  3.7938934560e-04 
1408.000  4.0142920700e-02  5.0950795410e-04 
1409.000  4.7056544200e-02  6.7557877300e-04 
1410.000  5.7714222500e-02  9.5000642540e-04 
1411.000  6.8648478100e-02  1.3082482810e-03 
1412.000  6.6322311800e-02  1.2626858950e-03 
1413.000  7.3147085100e-02  1.5117092130e-03 
1414.000  7.2118125700e-02  1.4516048430e-03 
1415.000  7.9725225600e-02  1.7695357800e-03 
1416.000  8.5658774700e-02  2.0038394930e-03 
1417.000  8.7864094500e-02  2.1126544480e-03 
1418.000  8.8647067400e-02  2.1341304780e-03 
1419.000  8.8462389100e-02  2.1675407890e-03 
1420.000  9.0563271100e-02  2.2519288060e-03 
1421.000  1.0185596660e-01  2.7652812000e-03 
1422.000  1.0427875820e-01  2.9235687260e-03 
1423.000  1.0544153290e-01  3.0128042700e-03 
1424.000  1.0508324370e-01  2.9852709770e-03 
1425.000  1.0389046060e-01  2.8952806000e-03 
1426.000  1.0016484980e-01  2.7945506570e-03 
1427.000  1.0609433290e-01  3.0602331160e-03 
1428.000  1.1205600490e-01  3.3075141910e-03 
1429.000  1.1365709190e-01  3.4556720260e-03 
1430.000  1.1089331260e-01  3.3719279770e-03 
1431.000  1.0331117030e-01  3.0076451300e-03 
1432.000  1.0101706650e-01  2.8599071500e-03 
1433.000  1.0073240630e-01  2.8437020780e-03 
1434.000  9.6081011100e-02  2.6512007710e-03 
1435.000  1.0315113060e-01  2.9738600250e-03 
1436.000  1.0571964500e-01  3.1029152870e-03 
1437.000  1.0740471290e-01  3.1813089850e-03 
1438.000  1.1386678510e-01  3.5227236750e-03 
1439.000  1.1596813970e-01  3.6011319160e-03 
1440.000  1.1119512660e-01  3.4983522890e-03 
1441.000  1.1810144250e-01  3.7431311610e-03 
1442.000  1.1328655880e-01  3.5416712760e-03 
1443.000  1.1532269430e-01  3.6141633990e-03 
1444.000  1.1792245830e-01  3.7412970070e-03 
1445.000  1.1815851330e-01  3.7631638050e-03 
1446.000  1.2367454030e-01  4.0376467700e-03 
1447.000  1.2705433800e-01  4.2406058310e-03 
1448.000  1.2850230900e-01  4.3076686860e-03 
1449.000  1.2597953520e-01  4.1665229800e-03 
1450.000  1.2046736640e-01  3.8978536130e-03 
1451.000  1.2181602230e-01  3.9909250740e-03 
1452.000  1.2714682700e-01  4.3491988180e-03 
1453.000  1.4167874600e-01  5.1474218370e-03 
1454.000  1.5416741300e-01  5.9427037240e-03 
1455.000  1.6014009500e-01  6.3972001080e-03 
1456.000  1.6724267900e-01  6.9173898700e-03 
1457.000  1.6993240200e-01  7.0670170780e-03 
1458.000  1.7325598000e-01  7.2595577240e-03 
1459.000  1.6838890400e-01  6.8987741470e-03 
1460.000  1.6071337600e-01  6.4568567280e-03 
1461.000  1.5763076300e-01  6.2733430860e-03 
1462.000  1.4914368500e-01  5.7607460020e-03 
1463.000  1.4815487600e-01  5.7368407250e-03 
1464.000  1.4624131100e-01  5.6199975010e-03 
1465.000  1.4299716700e-01  5.3750157360e-03 
1466.000  1.3327023200e-01  4.8680586810e-03 
1467.000  1.3230397000e-01  4.7344555850e-03 
1468.000  1.2416304300e-01  4.3401041030e-03 
1469.000  1.1778337190e-01  3.9492111210e-03 
1470.000  1.1437256840e-01  3.7819800380e-03 
1471.000  1.2137174040e-01  4.2475929260e-03 
1472.000  1.3364988700e-01  4.9906983380e-03 
1473.000  1.5019503700e-01  6.0588202480e-03 
1474.000  1.5742980800e-01  6.7180571560e-03 
1475.000  1.6022899300e-01  6.8631596570e-03 
1476.000  1.6048966400e-01  6.9001345630e-03 
1477.000  1.5704983400e-01  6.6740136150e-03 
1478.000  1.5090839800e-01  6.3412489890e-03 
1479.000  1.4791568300e-01  6.1038846970e-03 
1480.000  1.5099656200e-01  6.3490939140e-03 
1481.000  1.5381920000e-01  6.6447052960e-03 
1482.000  1.6076750800e-01  7.1561841960e-03 
1483.000  1.5898863300e-01  7.1523389820e-03 
1484.000  1.6001956500e-01  7.2383952140e-03 
1485.000  1.6232004900e-01  7.3443388940e-03 
1486.000  1.6369247400e-01  7.6056852340e-03 
1487.000  1.7371184800e-01  8.4730157850e-03 
1488.000  1.5223350000e-01  7.4860000610e-03 
1489.000  1.8681618000e-01  9.7735652920e-03 
1490.000  1.9764715800e-01  1.0892001150e-02 
1491.000  2.0470802900e-01  1.1611651420e-02 
1492.000  2.0099620400e-01  1.1499676700e-02 
1493.000  2.0842457500e-01  1.2150952340e-02 
1494.000  2.0812123200e-01  1.2208582880e-02 
1495.000  2.0984381300e-01  1.2539405820e-02 
1496.000  2.0947992300e-01  1.2843698500e-02 
1497.000  2.1458789300e-01  1.3230038640e-02 
1498.000  2.2166623500e-01  1.3973297120e-02 
1499.000  2.2265427900e-01  1.4331472400e-02 
1500.000  2.2952001000e-01  1.5015256880e-02 
1501.000  2.2821448900e-01  1.4915292740e-02 
1502.000  2.2453401900e-01  1.4627618790e-02 
1503.000  2.0058157500e-01  1.3046776770e-02 
1504.000  2.0991351500e-01  1.3752598760e-02 
1505.000  2.1253516800e-01  1.4151512150e-02 
1506.000  2.1546633000e-01  1.4410688400e-02 
1507.000  2.2828028800e-01  1.5492151260e-02 
1508.000  2.2627273100e-01  1.5501763340e-02 
1509.000  2.2879591600e-01  1.5831831930e-02 
1510.000  2.3289563600e-01  1.6208806990e-02 
1511.000  2.3504177400e-01  1.6479290010e-02 
1512.000  2.3135683500e-01  1.6311405180e-02 
1513.000  2.3126689400e-01  1.6379085540e-02 
1514.000  2.2810096300e-01  1.6202152250e-02 
1515.000  2.3340511500e-01  1.6667482380e-02 
1516.000  2.3149925600e-01  1.6572847370e-02 
1517.000  2.3087824700e-01  1.6596830370e-02 
1518.000  2.3659841400e-01  1.7128507610e-02 
1519.000  2.3481625600e-01  1.7133808140e-02 
1520.000  2.3841441700e-01  1.7582653050e-02 
1521.000  2.3502561500e-01  1.7462347030e-02 
1522.000  2.3366625600e-01  1.7412565230e-02 
1523.000  2.3969119700e-01  1.7939443590e-02 
1524.000  2.3760790300e-01  1.7809049610e-02 
1525.000  2.3187369800e-01  1.7394935610e-02 
1526.000  2.3850747800e-01  1.7921089170e-02 
1527.000  2.3639498100e-01  1.7820125580e-02 
1528.000  2.3849493300e-01  1.8051511760e-02 
1529.000  2.3774878700e-01  1.8013553620e-02 
1530.000  2.2289868500e-01  1.6951047900e-02 
1531.000  2.3853800700e-01  1.8191518780e-02 
1532.000  2.3740113200e-01  1.8160400390e-02 
1533.000  2.3643984500e-01  1.8123327260e-02 
1534.000  2.3296262900e-01  1.7888874050e-02 
1535.000  2.3394981600e-01  1.7997510910e-02 
1536.000  2.3708172000e-01  1.8287355420e-02 
1537.000  2.3801807900e-01  1.8430816650e-02 
1538.000  2.3169304200e-01  1.8014842990e-02 
1539.000  2.3670689400e-01  1.8476249690e-02 
1540.000  2.2816027200e-01  1.7865802760e-02 
1541.000  2.3297186000e-01  1.8276525500e-02 
1542.000  2.3435853500e-01  1.8410207750e-02 
1543.000  2.3372082400e-01  1.8394763950e-02 
1544.000  2.3672302500e-01  1.8672845840e-02 
1545.000  2.3763102000e-01  1.8799993520e-02 
1546.000  2.3784965500e-01  1.8876943590e-02 
1547.000  2.3553985700e-01  1.8748313900e-02 
1548.000  2.2858289900e-01  1.8242252350e-02 
1549.000  2.3444165900e-01  1.8746276860e-02 
1550.000  2.3312433500e-01  1.8672960280e-02 
1551.000  2.3189700200e-01  1.8590597150e-02 
1552.000  2.3584984200e-01  1.8919767380e-02 
1553.000  2.3461690100e-01  1.8840709690e-02 
1554.000  2.2602050700e-01  1.8161506650e-02 
1555.000  2.2979210800e-01  1.8488883970e-02 
1556.000  2.2540499800e-01  1.8174282070e-02 
1557.000  2.3278537000e-01  1.8822147370e-02 
1558.000  2.3094269000e-01  1.8713655470e-02 
1559.000  2.3096092800e-01  1.8753053670e-02 
1560.000  2.2697256200e-01  1.8474842070e-02 
1561.000  2.3226983600e-01  1.8925550460e-02 
1562.000  2.3216207700e-01  1.8912525180e-02 
1563.000  2.2869221000e-01  1.8634567260e-02 
1564.000  2.2403500000e-01  1.8251186370e-02 
1565.000  2.2728756400e-01  1.8506288530e-02 
1566.000  2.2298099900e-01  1.8177003860e-02 
1567.000  2.2262419400e-01  1.8150783540e-02 
1568.000  2.1747101900e-01  1.7719202040e-02 
1569.000  2.1765329000e-01  1.7716976170e-02 
1570.000  2.1159923200e-01  1.7220891950e-02 
1571.000  2.1726898100e-01  1.7709697720e-02 
1572.000  2.1710313000e-01  1.7710670470e-02 
1573.000  2.1380554100e-01  1.7478122710e-02 
1574.000  2.1464820300e-01  1.7593145370e-02 
1575.000  1.9942797400e-01  1.6379743580e-02 
1576.000  2.1425162300e-01  1.7612070080e-02 
1577.000  1.9353586100e-01  1.5908618930e-02 
1578.000  2.1188057800e-01  1.7415939330e-02 
1579.000  2.1320314500e-01  1.7531290050e-02 
1580.000  2.1775117200e-01  1.7924135210e-02 
1581.000  2.1630720700e-01  1.7808025360e-02 
1582.000  2.1215776700e-01  1.7515588760e-02 
1583.000  2.1496187600e-01  1.7794059750e-02 
1584.000  2.1322988100e-01  1.7699321750e-02 
1585.000  2.1967542800e-01  1.8276058200e-02 
1586.000  2.1691639900e-01  1.8071123120e-02 
1587.000  2.1465547600e-01  1.7923965450e-02 
1588.000  2.1150633600e-01  1.7699291230e-02 
1589.000  1.9350654800e-01  1.6212329860e-02 
1590.000  2.0847382000e-01  1.7484148030e-02 
1591.000  2.0380350000e-01  1.7110105510e-02 
1592.000  2.1447560200e-01  1.8011899950e-02 
1593.000  2.1909046100e-01  1.8399997710e-02 
1594.000  2.1721613000e-01  1.8244594570e-02 
1595.000  2.1818934900e-01  1.8330915450e-02 
1596.000  2.0438533800e-01  1.7190086360e-02 
1597.000  2.1197427100e-01  1.7826202390e-02 
1598.000  2.1488911900e-01  1.8061103820e-02 
1599.000  2.0645443800e-01  1.7335182190e-02 
1600.000  2.0890669600e-01  1.7530721660e-02 
1601.000  2.0011226900e-01  1.6810895920e-02 
1602.000  2.0497833300e-01  1.7248161320e-02 
1603.000  2.0375073900e-01  1.7192958830e-02 
1604.000  2.0679432400e-01  1.7503812790e-02 
1605.000  2.0373666700e-01  1.7275531770e-02 
1606.000  2.0309811200e-01  1.7256492610e-02 
1607.000  2.0378549800e-01  1.7301612850e-02 
1608.000  2.0597929600e-01  1.7475286480e-02 
1609.000  2.0518731600e-01  1.7405063630e-02 
1610.000  1.9253036000e-01  1.6331455230e-02 
1611.000  1.9867530200e-01  1.6874105450e-02 
1612.000  2.0114253500e-01  1.7106918330e-02 
1613.000  2.0616040900e-01  1.7555894850e-02 
1614.000  2.0413646400e-01  1.7378517150e-02 
1615.000  2.0790648900e-01  1.7715837480e-02 
1616.000  1.9519094100e-01  1.6642120360e-02 
1617.000  2.0129307000e-01  1.7209693910e-02 
1618.000  2.0756461500e-01  1.7769462590e-02 
1619.000  2.0728348300e-01  1.7794000630e-02 
1620.000  2.0239359800e-01  1.7420606610e-02 
1621.000  1.9966753300e-01  1.7222978590e-02 
1622.000  2.0469266500e-01  1.7666975020e-02 
1623.000  2.0897215300e-01  1.8056686400e-02 
1624.000  2.1049971200e-01  1.8203731540e-02 
1625.000  2.0548609700e-01  1.7807556150e-02 
1626.000  2.0778662900e-01  1.7995182040e-02 
1627.000  2.0754815500e-01  1.7994813920e-02 
1628.000  2.0912528900e-01  1.8139356610e-02 
1629.000  2.0898905800e-01  1.8132751460e-02 
1630.000  2.0312804700e-01  1.7619657520e-02 
1631.000  2.0630464500e-01  1.7906116490e-02 
1632.000  2.0613242700e-01  1.7853553770e-02 
1633.000  2.0341263000e-01  1.7601211550e-02 
1634.000  1.9845261200e-01  1.7148370740e-02 
1635.000  2.0377235900e-01  1.7593919750e-02 
1636.000  2.0300719200e-01  1.7507316590e-02 
1637.000  1.9369891200e-01  1.6685071950e-02 
1638.000  1.9228350300e-01  1.6552026750e-02 
1639.000  1.9000160000e-01  1.6326549530e-02 
1640.000  1.9094757100e-01  1.6391420360e-02 
1641.000  1.8958436300e-01  1.6261436460e-02 
1642.000  1.8934690600e-01  1.6282238010e-02 
1643.000  1.9414538600e-01  1.6728736880e-02 
1644.000  1.9107443900e-01  1.6493976590e-02 
1645.000  1.9137346100e-01  1.6544605260e-02 
1646.000  1.9367294100e-01  1.6779132840e-02 
1647.000  1.9547342500e-01  1.6940097810e-02 
1648.000  1.9458993100e-01  1.6857749940e-02 
1649.000  1.9011927800e-01  1.6472795490e-02 
1650.000  1.9493654800e-01  1.6896846770e-02 
1651.000  1.9058457500e-01  1.6519788740e-02 
1652.000  1.9437377600e-01  1.6840677260e-02 
1653.000  1.9237289200e-01  1.6677587510e-02 
1654.000  1.9453073200e-01  1.6869657520e-02 
1655.000  1.9084614400e-01  1.6564588550e-02 
1656.000  1.9466761500e-01  1.6906568530e-02 
1657.000  1.9325446200e-01  1.6787872310e-02 
1658.000  1.9447342500e-01  1.6908086780e-02 
1659.000  1.9093617900e-01  1.6604595180e-02 
1660.000  1.9314291100e-01  1.6790334700e-02 
1661.000  1.9389775100e-01  1.6847562790e-02 
1662.000  1.9243983200e-01  1.6687814710e-02 
1663.000  1.9116567400e-01  1.6556602480e-02 
1664.000  1.9027452500e-01  1.6457399370e-02 
1665.000  1.8833350600e-01  1.6262800220e-02 
1666.000  1.8756417000e-01  1.6203517910e-02 
1667.000  1.8947956300e-01  1.6414636610e-02 
1668.000  1.8626925100e-01  1.6156982420e-02 
1669.000  1.8679435000e-01  1.6230854030e-02 
1670.000  1.9099415500e-01  1.6627801900e-02 
1671.000  1.8959742900e-01  1.6526248930e-02 
1672.000  1.8061715400e-01  1.5771157260e-02 
1673.000  1.8577652200e-01  1.6234823230e-02 
1674.000  1.8652633500e-01  1.6319150920e-02 
1675.000  1.8479531000e-01  1.6195917130e-02 
1676.000  1.8180699700e-01  1.5940079690e-02 
1677.000  1.8273661900e-01  1.6023393630e-02 
1678.000  1.8374970600e-01  1.6121128080e-02 
1679.000  1.8130840700e-01  1.5904663090e-02 
1680.000  1.7509365900e-01  1.5368188860e-02 
1681.000  1.6902524300e-01  1.4839342120e-02 
1682.000  1.7390678300e-01  1.5265886310e-02 
1683.000  1.7819624500e-01  1.5635128970e-02 
1684.000  1.8148953200e-01  1.5917572020e-02 
1685.000  1.8200917100e-01  1.5940613750e-02 
1686.000  1.7981338700e-01  1.5740839960e-02 
1687.000  1.8050909100e-01  1.5760083200e-02 
1688.000  1.8060213400e-01  1.5732962610e-02 
1689.000  1.7842348100e-01  1.5533160210e-02 
1690.000  1.7827847800e-01  1.5481240270e-02 
1691.000  1.8058494200e-01  1.5681458470e-02 
1692.000  1.8091051500e-01  1.5715939520e-02 
1693.000  1.8027165600e-01  1.5671820640e-02 
1694.000  1.8000241200e-01  1.5654740330e-02 
1695.000  1.8004825700e-01  1.5647090910e-02 
1696.000  1.7899471500e-01  1.5535568240e-02 
1697.000  1.7786896500e-01  1.5404309270e-02 
1698.000  1.7892396400e-01  1.5467420580e-02 
1699.000  1.7776821500e-01  1.5345351220e-02 
1700.000  1.7551742100e-01  1.5130555150e-02 
