 lambda   Irr_dw            Rad_up 
 550.000  1.5354588000e+00  1.4770713810e-01 
 551.000  1.5252976000e+00  1.4666461180e-01 
 552.000  1.5904008000e+00  1.5293183900e-01 
 553.000  1.5275439000e+00  1.4680628970e-01 
 554.000  1.5769058000e+00  1.5154144290e-01 
 555.000  1.5808082000e+00  1.5181224060e-01 
 556.000  1.5367431000e+00  1.4748223880e-01 
 557.000  1.4907057000e+00  1.4306040950e-01 
 558.000  1.5468827000e+00  1.4835157780e-01 
 559.000  1.4617401000e+00  1.4013221740e-01 
 560.000  1.4677851000e+00  1.4070161440e-01 
 561.000  1.6127552000e+00  1.5449168400e-01 
 562.000  1.4800382000e+00  1.4173806760e-01 
 563.000  1.5480939000e+00  1.4815728760e-01 
 564.000  1.5259616000e+00  1.4589602660e-01 
 565.000  1.5438004000e+00  1.4756896970e-01 
 566.000  1.4230632000e+00  1.3593997190e-01 
 567.000  1.5261362000e+00  1.4556140140e-01 
 568.000  1.5217121000e+00  1.4453710940e-01 
 569.000  1.4903061000e+00  1.4027931210e-01 
 570.000  1.4979616000e+00  1.4113809200e-01 
 571.000  1.4451976000e+00  1.3697721860e-01 
 572.000  1.5267346000e+00  1.4386186220e-01 
 573.000  1.5428345000e+00  1.4558934020e-01 
 574.000  1.5342154000e+00  1.4478303530e-01 
 575.000  1.4964814000e+00  1.4110331730e-01 
 576.000  1.4691502000e+00  1.3845814510e-01 
 577.000  1.5300937000e+00  1.4434733580e-01 
 578.000  1.4855051000e+00  1.4046774290e-01 
 579.000  1.4741306000e+00  1.3949452210e-01 
 580.000  1.5248628000e+00  1.4446495060e-01 
 581.000  1.4973088000e+00  1.4203990170e-01 
 582.000  1.5196480000e+00  1.4413589480e-01 
 583.000  1.5300845000e+00  1.4515751650e-01 
 584.000  1.5250711000e+00  1.4457257080e-01 
 585.000  1.5148720000e+00  1.4350891110e-01 
 586.000  1.4496293000e+00  1.3730140690e-01 
 587.000  1.5060658000e+00  1.4209147640e-01 
 588.000  1.4899983000e+00  1.3888934330e-01 
 589.000  1.3204355000e+00  1.2097798920e-01 
 590.000  1.3786096000e+00  1.2617140960e-01 
 591.000  1.4649564000e+00  1.3551850890e-01 
 592.000  1.4367268000e+00  1.3201325990e-01 
 593.000  1.4519473000e+00  1.3507002260e-01 
 594.000  1.4650945000e+00  1.3587863160e-01 
 595.000  1.4369041000e+00  1.3201554870e-01 
 596.000  1.4725931000e+00  1.3703553770e-01 
 597.000  1.4769334000e+00  1.3696168520e-01 
 598.000  1.4467189000e+00  1.3489013670e-01 
 599.000  1.4470894000e+00  1.3521542360e-01 
 600.000  1.4474462000e+00  1.3593121340e-01 
 601.000  1.4393201000e+00  1.3567355350e-01 
 602.000  1.4235775000e+00  1.3430880740e-01 
 603.000  1.4321608000e+00  1.3530159000e-01 
 604.000  1.4775159000e+00  1.3976470950e-01 
 605.000  1.4737104000e+00  1.3936653140e-01 
 606.000  1.4565996000e+00  1.3780616760e-01 
 607.000  1.4483730000e+00  1.3699401860e-01 
 608.000  1.4430192000e+00  1.3643144230e-01 
 609.000  1.4281719000e+00  1.3502990720e-01 
 610.000  1.4052594000e+00  1.3280868530e-01 
 611.000  1.4280356000e+00  1.3495230100e-01 
 612.000  1.4094025000e+00  1.3318702700e-01 
 613.000  1.3887701000e+00  1.3118997190e-01 
 614.000  1.3381152000e+00  1.2641282650e-01 
 615.000  1.4027079000e+00  1.3244044490e-01 
 616.000  1.3336674000e+00  1.2593659970e-01 
 617.000  1.3411643000e+00  1.2663206480e-01 
 618.000  1.4044014000e+00  1.3250965880e-01 
 619.000  1.3915023000e+00  1.3132043460e-01 
 620.000  1.4120183000e+00  1.3315884400e-01 
 621.000  1.4362607000e+00  1.3541763310e-01 
 622.000  1.3604691000e+00  1.2820660400e-01 
 623.000  1.3710287000e+00  1.2906675720e-01 
 624.000  1.3724624000e+00  1.2922372440e-01 
 625.000  1.3352528000e+00  1.2569202420e-01 
 626.000  1.3419755000e+00  1.2613168330e-01 
 627.000  1.3643353000e+00  1.2761698910e-01 
 628.000  1.3458222000e+00  1.2475504300e-01 
 629.000  1.3797034000e+00  1.2824794010e-01 
 630.000  1.3339437000e+00  1.2451072690e-01 
 631.000  1.3829136000e+00  1.2920896910e-01 
 632.000  1.2880849000e+00  1.1990454860e-01 
 633.000  1.3827174000e+00  1.2925926210e-01 
 634.000  1.3411998000e+00  1.2556158450e-01 
 635.000  1.3657110000e+00  1.2785157010e-01 
 636.000  1.3175950000e+00  1.2344671630e-01 
 637.000  1.3610680000e+00  1.2758718110e-01 
 638.000  1.3822668000e+00  1.2982170100e-01 
 639.000  1.3708349000e+00  1.2865519710e-01 
 640.000  1.3278275000e+00  1.2484754180e-01 
 641.000  1.3469912000e+00  1.2661452480e-01 
 642.000  1.3308220000e+00  1.2516565700e-01 
 643.000  1.3540709000e+00  1.2713105010e-01 
 644.000  1.3385310000e+00  1.2559433750e-01 
 645.000  1.3501758000e+00  1.2642511750e-01 
 646.000  1.2985949600e+00  1.2035694120e-01 
 647.000  1.3161263900e+00  1.2113516240e-01 
 648.000  1.3137039300e+00  1.2012649540e-01 
 649.000  1.3398219800e+00  1.2313103490e-01 
 650.000  1.2417008600e+00  1.1546125790e-01 
 651.000  1.3375404000e+00  1.2435804750e-01 
 652.000  1.3116144100e+00  1.2068503570e-01 
 653.000  1.3382068500e+00  1.2458205410e-01 
 654.000  1.3206624300e+00  1.2269157410e-01 
 655.000  1.2857837400e+00  1.1891040040e-01 
 656.000  1.0916326800e+00  1.0108094020e-01 
 657.000  1.1651195500e+00  1.0813774870e-01 
 658.000  1.2978419400e+00  1.2100120540e-01 
 659.000  1.3009946800e+00  1.2155264280e-01 
 660.000  1.3112095600e+00  1.2264006040e-01 
 661.000  1.3170185300e+00  1.2359725190e-01 
 662.000  1.3359891200e+00  1.2554231260e-01 
 663.000  1.3211323600e+00  1.2406005100e-01 
 664.000  1.3001464700e+00  1.2213428500e-01 
 665.000  1.3058039700e+00  1.2269134520e-01 
 666.000  1.3215389000e+00  1.2428901670e-01 
 667.000  1.2953103900e+00  1.2179784390e-01 
 668.000  1.3026744500e+00  1.2260630040e-01 
 669.000  1.3212587700e+00  1.2440699770e-01 
 670.000  1.3057603400e+00  1.2286647800e-01 
 671.000  1.2916375100e+00  1.2157022860e-01 
 672.000  1.2875441800e+00  1.2117075350e-01 
 673.000  1.2967341100e+00  1.2201130680e-01 
 674.000  1.2992396300e+00  1.2225379940e-01 
 675.000  1.2794071200e+00  1.2035246280e-01 
 676.000  1.3035540600e+00  1.2262931060e-01 
 677.000  1.2776158500e+00  1.2020021820e-01 
 678.000  1.2987577900e+00  1.2216255950e-01 
 679.000  1.2804125400e+00  1.2038269040e-01 
 680.000  1.2705699300e+00  1.1941190340e-01 
 681.000  1.2719173700e+00  1.1946414180e-01 
 682.000  1.2692705700e+00  1.1914489750e-01 
 683.000  1.2775866900e+00  1.1984203340e-01 
 684.000  1.2544971700e+00  1.1760640720e-01 
 685.000  1.2686564600e+00  1.1895348360e-01 
 686.000  1.2128158500e+00  1.1343196870e-01 
 687.000  1.1215987100e+00  1.0125757600e-01 
 688.000  1.1513989400e+00  1.0510314940e-01 
 689.000  1.1459391100e+00  1.0428211980e-01 
 690.000  1.1664727600e+00  1.0676984410e-01 
 691.000  1.1901125300e+00  1.0954582980e-01 
 692.000  1.1931670100e+00  1.0986053470e-01 
 693.000  1.1921678500e+00  1.0814630130e-01 
 694.000  1.1942532700e+00  1.0696550750e-01 
 695.000  1.1813877800e+00  1.0646674350e-01 
 696.000  1.1997886900e+00  1.0855211640e-01 
 697.000  1.2226302800e+00  1.1305429080e-01 
 698.000  1.1955578000e+00  1.0996552280e-01 
 699.000  1.1989490100e+00  1.0816521450e-01 
 700.000  1.1878662900e+00  1.0746416470e-01 
 701.000  1.1571398900e+00  1.0419794460e-01 
 702.000  1.1543019000e+00  1.0425727080e-01 
 703.000  1.1857248700e+00  1.0877969360e-01 
 704.000  1.1896808700e+00  1.0922585300e-01 
 705.000  1.1923780100e+00  1.0873088840e-01 
 706.000  1.1808580500e+00  1.0781643680e-01 
 707.000  1.1652102300e+00  1.0664346310e-01 
 708.000  1.2014168500e+00  1.1023845670e-01 
 709.000  1.1634744700e+00  1.0730918880e-01 
 710.000  1.1847959000e+00  1.0860492710e-01 
 711.000  1.1781894700e+00  1.0860811610e-01 
 712.000  1.1661985300e+00  1.0805933380e-01 
 713.000  1.1575128500e+00  1.0678818510e-01 
 714.000  1.1758280600e+00  1.0826728820e-01 
 715.000  1.1287537600e+00  1.0319630430e-01 
 716.000  1.1519795900e+00  1.0455381770e-01 
 717.000  1.0798058200e+00  9.4046112060e-02 
 718.000  1.0473778800e+00  8.8871231080e-02 
 719.000  1.0256764400e+00  8.6140007020e-02 
 720.000  1.0188412200e+00  8.4422431950e-02 
 721.000  1.0797906900e+00  9.5036834720e-02 
 722.000  1.1172450600e+00  1.0033858490e-01 
 723.000  1.1020270700e+00  9.7786254880e-02 
 724.000  1.0721155900e+00  9.1954833980e-02 
 725.000  1.0656334000e+00  9.1844535830e-02 
 726.000  1.0618437600e+00  9.1379058840e-02 
 727.000  1.0825845800e+00  9.3578277590e-02 
 728.000  1.0582873300e+00  9.1035881040e-02 
 729.000  1.0292776400e+00  8.9678382870e-02 
 730.000  1.0647488900e+00  9.2577224730e-02 
 731.000  1.0441972500e+00  9.0603790280e-02 
 732.000  1.0866377100e+00  9.6302864070e-02 
 733.000  1.0912624600e+00  9.8784629820e-02 
 734.000  1.1241858500e+00  1.0278076170e-01 
 735.000  1.1113390800e+00  1.0121266170e-01 
 736.000  1.0839148300e+00  9.8068695070e-02 
 737.000  1.1030859300e+00  1.0026815030e-01 
 738.000  1.1068068100e+00  1.0130343630e-01 
 739.000  1.0737529100e+00  9.8596435550e-02 
 740.000  1.0901327200e+00  1.0078097530e-01 
 741.000  1.0849946700e+00  1.0076841740e-01 
 742.000  1.0685589500e+00  9.9428245540e-02 
 743.000  1.1032076600e+00  1.0306814580e-01 
 744.000  1.1150465400e+00  1.0437865450e-01 
 745.000  1.0871163700e+00  1.0192881010e-01 
 746.000  1.1030610600e+00  1.0351168060e-01 
 747.000  1.1196872100e+00  1.0506156160e-01 
 748.000  1.1003244700e+00  1.0330430600e-01 
 749.000  1.1008216700e+00  1.0339014430e-01 
 750.000  1.0843219300e+00  1.0176823430e-01 
 751.000  1.0815436000e+00  1.0151068120e-01 
 752.000  1.0985949300e+00  1.0319133000e-01 
 753.000  1.0883729400e+00  1.0225419620e-01 
 754.000  1.1055223000e+00  1.0387992100e-01 
 755.000  1.0991959900e+00  1.0328881070e-01 
 756.000  1.0776993300e+00  1.0127352140e-01 
 757.000  1.0856451800e+00  1.0202194210e-01 
 758.000  1.0833805600e+00  1.0176087190e-01 
 759.000  1.0013537200e+00  9.2251785280e-02 
 760.000  5.1162718000e-01  3.9102226260e-02 
 761.000  4.6218860000e-01  3.4406368260e-02 
 762.000  7.3788725000e-01  6.2557441710e-02 
 763.000  6.6954541000e-01  5.4770778660e-02 
 764.000  7.1567676000e-01  5.9584564210e-02 
 765.000  8.1725199000e-01  7.0839775090e-02 
 766.000  8.8383769000e-01  7.9671920780e-02 
 767.000  9.4728248000e-01  8.6837234500e-02 
 768.000  1.0179582900e+00  9.4371208190e-02 
 769.000  1.0354456700e+00  9.6727539060e-02 
 770.000  1.0404304800e+00  9.7546340940e-02 
 771.000  1.0459761500e+00  9.8273262020e-02 
 772.000  1.0430544600e+00  9.8054000850e-02 
 773.000  1.0391455200e+00  9.7714279170e-02 
 774.000  1.0505954600e+00  9.8818038940e-02 
 775.000  1.0112800500e+00  9.5142417910e-02 
 776.000  1.0530330800e+00  9.9116409300e-02 
 777.000  1.0457316300e+00  9.8427612300e-02 
 778.000  1.0401026900e+00  9.7877304080e-02 
 779.000  1.0434660800e+00  9.8165992740e-02 
 780.000  1.0305329200e+00  9.6969924930e-02 
 781.000  1.0289423100e+00  9.6837600710e-02 
 782.000  1.0413213000e+00  9.7952743530e-02 
 783.000  1.0169698700e+00  9.5714950560e-02 
 784.000  1.0225215400e+00  9.6190986630e-02 
 785.000  1.0243779900e+00  9.6159667970e-02 
 786.000  1.0054383100e+00  9.4160644530e-02 
 787.000  1.0173294100e+00  9.4690925600e-02 
 788.000  1.0005078400e+00  9.2873428340e-02 
 789.000  1.0006387000e+00  9.1964500430e-02 
 790.000  9.9002312000e-01  9.0885643010e-02 
 791.000  9.8600110000e-01  9.0700416560e-02 
 792.000  9.7134320000e-01  8.9478713990e-02 
 793.000  9.7263312000e-01  8.9959335330e-02 
 794.000  9.6743228000e-01  9.0285377500e-02 
 795.000  9.5924996000e-01  8.8977363590e-02 
 796.000  9.6762450000e-01  8.8607032780e-02 
 797.000  9.7598891000e-01  8.9736587520e-02 
 798.000  9.8154694000e-01  9.1025993350e-02 
 799.000  9.7959246000e-01  9.0639572140e-02 
 800.000  9.5041548000e-01  8.7386207580e-02 
 801.000  9.6859132000e-01  8.9126823430e-02 
 802.000  9.6626308000e-01  8.8835327150e-02 
 803.000  9.5301110000e-01  8.7713966370e-02 
 804.000  9.6332597000e-01  8.8963905330e-02 
 805.000  9.4016634000e-01  8.7345718380e-02 
 806.000  9.6757977000e-01  9.0181800840e-02 
 807.000  9.6167923000e-01  8.9673545840e-02 
 808.000  9.5487919000e-01  8.8839523320e-02 
 809.000  9.3727738000e-01  8.6980072020e-02 
 810.000  9.3149421000e-01  8.6196952820e-02 
 811.000  9.4309534000e-01  8.6839698790e-02 
 812.000  9.3534477000e-01  8.5515647890e-02 
 813.000  9.2556545000e-01  8.3876731870e-02 
 814.000  9.1654044000e-01  8.2207382200e-02 
 815.000  8.9687149000e-01  7.9407569890e-02 
 816.000  8.7594647000e-01  7.6304382320e-02 
 817.000  8.8197919000e-01  7.6884681700e-02 
 818.000  8.7767742000e-01  7.6566452030e-02 
 819.000  8.5818200000e-01  7.5321182250e-02 
 820.000  8.5566530000e-01  7.6471069340e-02 
 821.000  9.0066283000e-01  8.2154739380e-02 
 822.000  8.6295284000e-01  7.7431060790e-02 
 823.000  8.3909287000e-01  7.2147827150e-02 
 824.000  8.8218870000e-01  7.8649169920e-02 
 825.000  8.9982437000e-01  8.2262733460e-02 
 826.000  9.0217180000e-01  8.2108749390e-02 
 827.000  8.9682626000e-01  8.1352401730e-02 
 828.000  8.8255998000e-01  7.8790588380e-02 
 829.000  8.8658183000e-01  7.9578178410e-02 
 830.000  8.7738043000e-01  7.9262748720e-02 
 831.000  8.6305401000e-01  7.8081222530e-02 
 832.000  8.8114125000e-01  7.9760360720e-02 
 833.000  8.5638350000e-01  7.7867897030e-02 
 834.000  8.7210823000e-01  7.9659797670e-02 
 835.000  8.7942380000e-01  8.0973800660e-02 
 836.000  8.8784195000e-01  8.1602058410e-02 
 837.000  8.8026800000e-01  8.0859367370e-02 
 838.000  8.8603388000e-01  8.1761238100e-02 
 839.000  8.5985102000e-01  7.9539154050e-02 
 840.000  8.8337844000e-01  8.1758895870e-02 
 841.000  8.8418045000e-01  8.1590431210e-02 
 842.000  8.7993673000e-01  8.1394416810e-02 
 843.000  8.7687270000e-01  8.1692420960e-02 
 844.000  8.6360432000e-01  8.0705413820e-02 
 845.000  8.7727327000e-01  8.2099845890e-02 
 846.000  8.8565250000e-01  8.3045921330e-02 
 847.000  8.5571309000e-01  8.0410438540e-02 
 848.000  8.7990772000e-01  8.2438934330e-02 
 849.000  8.8163279000e-01  8.2683448790e-02 
 850.000  7.6183855000e-01  7.1308753970e-02 
 851.000  8.7224856000e-01  8.1490531920e-02 
 852.000  8.3920855000e-01  7.8458473210e-02 
 853.000  8.4969530000e-01  7.9599685670e-02 
 854.000  6.8307205000e-01  6.4008872990e-02 
 855.000  7.5223956000e-01  7.0616577150e-02 
 856.000  8.5420271000e-01  8.0356254580e-02 
 857.000  8.6806699000e-01  8.1815567020e-02 
 858.000  8.5425966000e-01  8.0549942020e-02 
 859.000  8.5433600000e-01  8.0662796020e-02 
 860.000  8.4679225000e-01  8.0037643430e-02 
 861.000  8.4668355000e-01  8.0027572630e-02 
 862.000  8.4391587000e-01  7.9755271910e-02 
 863.000  8.6004542000e-01  8.1347702030e-02 
 864.000  8.5832682000e-01  8.1119628910e-02 
 865.000  8.4234049000e-01  7.9702064510e-02 
 866.000  7.0654878000e-01  6.6887718200e-02 
 867.000  7.5238811000e-01  7.1111740110e-02 
 868.000  8.1599524000e-01  7.7182655330e-02 
 869.000  8.0454268000e-01  7.6103515620e-02 
 870.000  8.3772023000e-01  7.9313339230e-02 
 871.000  8.3653472000e-01  7.9171684270e-02 
 872.000  8.3316466000e-01  7.8736503600e-02 
 873.000  8.3649652000e-01  7.9124435420e-02 
 874.000  8.1814963000e-01  7.7345069890e-02 
 875.000  8.1062241000e-01  7.6724632260e-02 
 876.000  8.1734040000e-01  7.7306633000e-02 
 877.000  8.3361943000e-01  7.8762596130e-02 
 878.000  8.1924705000e-01  7.7413391110e-02 
 879.000  8.2114433000e-01  7.7630348210e-02 
 880.000  8.1633658000e-01  7.7038871770e-02 
 881.000  7.7388376000e-01  7.3044921880e-02 
 882.000  8.1658823000e-01  7.6950332640e-02 
 883.000  7.9796887000e-01  7.5327415470e-02 
 884.000  8.0475019000e-01  7.6104385380e-02 
 885.000  8.1294557000e-01  7.6544189450e-02 
 886.000  7.8621319000e-01  7.3954071040e-02 
 887.000  7.7820956000e-01  7.3273513790e-02 
 888.000  8.0149602000e-01  7.5361129760e-02 
 889.000  8.0693071000e-01  7.6063827510e-02 
 890.000  8.0428852000e-01  7.5706695560e-02 
 891.000  7.9950687000e-01  7.5011390690e-02 
 892.000  7.9521206000e-01  7.4231124880e-02 
 893.000  7.5929304000e-01  6.9698753360e-02 
 894.000  7.8143205000e-01  7.1226913450e-02 
 895.000  7.3164750000e-01  6.5345832820e-02 
 896.000  7.4572468000e-01  6.5235778810e-02 
 897.000  7.1319540000e-01  6.1216995240e-02 
 898.000  7.0716249000e-01  6.0074531560e-02 
 899.000  6.8581061000e-01  5.6698375700e-02 
 900.000  6.7163811000e-01  5.5676406860e-02 
 901.000  6.5207797000e-01  5.3703052520e-02 
 902.000  6.4091520000e-01  5.2874263760e-02 
 903.000  7.0623254000e-01  6.0883018490e-02 
 904.000  7.4035432000e-01  6.5513076780e-02 
 905.000  7.3757933000e-01  6.5379325870e-02 
 906.000  7.0532009000e-01  6.1508884430e-02 
 907.000  6.9426524000e-01  5.8751834870e-02 
 908.000  6.6247138000e-01  5.4927280430e-02 
 909.000  6.5001080000e-01  5.3922935490e-02 
 910.000  6.5991681000e-01  5.4905078890e-02 
 911.000  6.6795986000e-01  5.6402507780e-02 
 912.000  6.6461508000e-01  5.5641262050e-02 
 913.000  6.5889651000e-01  5.3695487980e-02 
 914.000  6.6505919000e-01  5.4919776920e-02 
 915.000  6.6225128000e-01  5.5401935580e-02 
 916.000  6.7167172000e-01  5.6320198060e-02 
 917.000  6.6544320000e-01  5.6124256130e-02 
 918.000  6.6758632000e-01  5.6743621830e-02 
 919.000  6.9540439000e-01  6.0842933650e-02 
 920.000  7.0288632000e-01  6.2531185150e-02 
 921.000  6.8441109000e-01  6.0631698610e-02 
 922.000  6.7800148000e-01  6.0102924350e-02 
 923.000  6.4590369000e-01  5.6754367830e-02 
 924.000  6.6400500000e-01  5.7770393370e-02 
 925.000  6.7208209000e-01  5.8350925450e-02 
 926.000  6.4796995000e-01  5.6106544490e-02 
 927.000  6.6127868000e-01  5.6495540620e-02 
 928.000  6.4846070000e-01  5.3968486790e-02 
 929.000  6.1511505000e-01  4.9312801360e-02 
 930.000  5.8219087000e-01  4.4373165130e-02 
 931.000  5.4604952000e-01  3.9038501740e-02 
 932.000  4.9329526000e-01  3.2162029270e-02 
 933.000  4.5757539000e-01  2.7923929210e-02 
 934.000  4.1442126000e-01  2.3587575910e-02 
 935.000  4.0422386000e-01  2.2803413390e-02 
 936.000  4.1687260000e-01  2.4156017300e-02 
 937.000  4.2200049000e-01  2.4314449310e-02 
 938.000  4.6009478000e-01  2.8656467440e-02 
 939.000  5.6980197000e-01  4.2703033450e-02 
 940.000  5.8171435000e-01  4.4609321590e-02 
 941.000  5.5577035000e-01  4.1841857910e-02 
 942.000  5.0420164000e-01  3.5966068270e-02 
 943.000  4.7636222000e-01  3.0791814800e-02 
 944.000  4.5954408000e-01  2.9481687550e-02 
 945.000  4.8375884000e-01  3.2117580410e-02 
 946.000  4.9131379000e-01  3.2702819820e-02 
 947.000  5.0557820000e-01  3.4774063110e-02 
 948.000  5.1869979000e-01  3.6364105220e-02 
 949.000  5.1888411000e-01  3.6312793730e-02 
 950.000  5.1798056000e-01  3.6431808470e-02 
 951.000  5.3704528000e-01  3.9353828430e-02 
 952.000  5.1306444000e-01  3.6036060330e-02 
 953.000  5.2816352000e-01  3.8288166050e-02 
 954.000  5.4035202000e-01  4.0451431270e-02 
 955.000  4.9135949000e-01  3.5909389500e-02 
 956.000  5.2074690000e-01  3.7894168850e-02 
 957.000  5.6381848000e-01  4.4199295040e-02 
 958.000  5.7357330000e-01  4.5387901310e-02 
 959.000  5.6848336000e-01  4.4554275510e-02 
 960.000  5.6094280000e-01  4.3857246400e-02 
 961.000  5.5130006000e-01  4.2890850070e-02 
 962.000  5.5721116000e-01  4.3597831730e-02 
 963.000  5.7914981000e-01  4.6935192110e-02 
 964.000  5.7571363000e-01  4.6906848910e-02 
 965.000  5.8048627000e-01  4.7173736570e-02 
 966.000  5.6485744000e-01  4.6016292570e-02 
 967.000  5.9784209000e-01  4.9908798220e-02 
 968.000  6.1762402000e-01  5.3633522030e-02 
 969.000  6.3319504000e-01  5.5953193660e-02 
 970.000  6.3551855000e-01  5.6226280210e-02 
 971.000  6.2958811000e-01  5.5686664580e-02 
 972.000  6.3075686000e-01  5.5520347600e-02 
 973.000  6.1710217000e-01  5.3717113490e-02 
 974.000  5.9831932000e-01  5.1379249570e-02 
 975.000  5.9525841000e-01  5.0665836330e-02 
 976.000  6.0994569000e-01  5.2490287780e-02 
 977.000  6.0641022000e-01  5.3120807650e-02 
 978.000  6.2036645000e-01  5.4283367160e-02 
 979.000  6.0534418000e-01  5.3228923800e-02 
 980.000  6.2608286000e-01  5.6065475460e-02 
 981.000  6.3305686000e-01  5.6934703830e-02 
 982.000  6.2893926000e-01  5.6350597380e-02 
 983.000  6.3344516000e-01  5.7307380680e-02 
 984.000  6.3556987000e-01  5.8089576720e-02 
 985.000  6.3886920000e-01  5.8743297580e-02 
 986.000  6.3828739000e-01  5.9157314300e-02 
 987.000  6.4761357000e-01  6.0237648010e-02 
 988.000  6.4000711000e-01  5.9583564760e-02 
 989.000  6.3214780000e-01  5.8886352540e-02 
 990.000  6.3800245000e-01  5.9486034390e-02 
 991.000  6.4491214000e-01  6.0319683070e-02 
 992.000  6.3940996000e-01  5.9861476900e-02 
 993.000  6.3953758000e-01  5.9896839140e-02 
 994.000  6.4424680000e-01  6.0505580900e-02 
 995.000  6.4052671000e-01  6.0281532290e-02 
 996.000  6.4038682000e-01  6.0270404820e-02 
 997.000  6.4041251000e-01  6.0198444370e-02 
 998.000  6.3730289000e-01  5.9828022000e-02 
 999.000  6.3543948000e-01  5.9624729160e-02 
1000.000  6.3058823000e-01  5.9197364810e-02 
1001.000  6.3260607000e-01  5.9217548370e-02 
1002.000  6.2928751000e-01  5.8639369960e-02 
1003.000  6.2247426000e-01  5.8074253080e-02 
1004.000  6.1857915000e-01  5.7871093750e-02 
1005.000  5.7848575000e-01  5.4191310880e-02 
1006.000  6.0887380000e-01  5.7068977360e-02 
1007.000  6.1953193000e-01  5.8021820070e-02 
1008.000  6.2029239000e-01  5.7881107330e-02 
1009.000  6.1403430000e-01  5.7021701810e-02 
1010.000  6.1741597000e-01  5.7467952730e-02 
1011.000  6.1669921000e-01  5.7710422520e-02 
1012.000  6.1786069000e-01  5.7942485810e-02 
1013.000  6.1415091000e-01  5.7693927760e-02 
1014.000  6.1838409000e-01  5.8158935550e-02 
1015.000  6.0701593000e-01  5.7126281740e-02 
1016.000  6.1123141000e-01  5.7595378880e-02 
1017.000  6.0531963000e-01  5.7086139680e-02 
1018.000  6.1286377000e-01  5.7777698520e-02 
1019.000  5.9809056000e-01  5.6304645540e-02 
1020.000  5.9709321000e-01  5.6232810970e-02 
1021.000  6.0357646000e-01  5.6885177610e-02 
1022.000  5.9360392000e-01  5.5780204770e-02 
1023.000  6.0422654000e-01  5.6634567260e-02 
1024.000  6.0069766000e-01  5.6205459590e-02 
1025.000  6.0183388000e-01  5.6471481320e-02 
1026.000  6.0310676000e-01  5.6677421570e-02 
1027.000  5.9921823000e-01  5.6312290190e-02 
1028.000  6.0082260000e-01  5.6532348630e-02 
1029.000  5.9218888000e-01  5.5840816500e-02 
1030.000  5.9864864000e-01  5.6573509220e-02 
1031.000  5.9700724000e-01  5.6503341670e-02 
1032.000  5.9509481000e-01  5.6385761260e-02 
1033.000  5.8417330000e-01  5.5354839320e-02 
1034.000  5.8988004000e-01  5.5912460330e-02 
1035.000  5.8217541000e-01  5.5168647770e-02 
1036.000  5.9179780000e-01  5.6094192500e-02 
1037.000  5.7933520000e-01  5.4913620000e-02 
1038.000  5.8506407000e-01  5.5455924990e-02 
1039.000  5.8744980000e-01  5.5666252140e-02 
1040.000  5.8049348000e-01  5.4994964600e-02 
1041.000  5.8351675000e-01  5.5268230440e-02 
1042.000  5.8524414000e-01  5.5423404690e-02 
1043.000  5.7513977000e-01  5.4460765840e-02 
1044.000  5.8085759000e-01  5.4991382600e-02 
1045.000  5.7831588000e-01  5.4770030980e-02 
1046.000  5.6149083000e-01  5.3205966950e-02 
1047.000  5.7179148000e-01  5.4211280820e-02 
1048.000  5.7746086000e-01  5.4782924650e-02 
1049.000  5.7374830000e-01  5.4470512390e-02 
1050.000  5.7133862000e-01  5.4264381410e-02 
1051.000  5.7031344000e-01  5.4134876250e-02 
1052.000  5.6763519000e-01  5.3853397370e-02 
1053.000  5.6621393000e-01  5.3700523380e-02 
1054.000  5.6199032000e-01  5.3256961820e-02 
1055.000  5.6608258000e-01  5.3609779360e-02 
1056.000  5.6455507000e-01  5.3434532170e-02 
1057.000  5.6349474000e-01  5.3276206970e-02 
1058.000  5.5744260000e-01  5.2601295470e-02 
1059.000  5.3992301000e-01  5.0976673130e-02 
1060.000  5.5945557000e-01  5.2906600950e-02 
1061.000  5.3983010000e-01  5.1056686400e-02 
1062.000  5.5470979000e-01  5.2411609650e-02 
1063.000  5.4531495000e-01  5.1508483890e-02 
1064.000  5.5204493000e-01  5.2068477630e-02 
1065.000  5.5121354000e-01  5.1887794490e-02 
1066.000  5.3432929000e-01  5.0284530640e-02 
1067.000  5.4693952000e-01  5.1418254850e-02 
1068.000  5.4420321000e-01  5.0988143920e-02 
1069.000  5.0294416000e-01  4.7030151370e-02 
1070.000  5.3285016000e-01  4.9857643130e-02 
1071.000  5.3332915000e-01  4.9823486330e-02 
1072.000  5.3471643000e-01  4.9877204900e-02 
1073.000  5.1704552000e-01  4.8226703640e-02 
1074.000  5.3522455000e-01  4.9951496120e-02 
1075.000  5.1918866000e-01  4.8596305850e-02 
1076.000  5.3022010000e-01  4.9548122410e-02 
1077.000  5.2853259000e-01  4.9284519200e-02 
1078.000  5.2929930000e-01  4.9232383730e-02 
1079.000  5.0883401000e-01  4.7316249850e-02 
1080.000  5.2226562000e-01  4.8242366790e-02 
1081.000  5.0295801000e-01  4.6439479830e-02 
1082.000  5.1009393000e-01  4.7211456300e-02 
1083.000  4.9547111000e-01  4.5669067380e-02 
1084.000  5.1337066000e-01  4.7112491610e-02 
1085.000  5.0416585000e-01  4.5834518430e-02 
1086.000  5.1135057000e-01  4.6559040070e-02 
1087.000  4.8262301000e-01  4.4361900330e-02 
1088.000  5.1195998000e-01  4.7110237120e-02 
1089.000  4.8917127000e-01  4.4508567810e-02 
1090.000  4.9915619000e-01  4.5344741820e-02 
1091.000  5.0306093000e-01  4.5830013280e-02 
1092.000  4.8971764000e-01  4.4380413060e-02 
1093.000  4.7986030000e-01  4.2953228000e-02 
1094.000  4.3508507700e-01  3.8711654660e-02 
1095.000  4.7122282100e-01  4.1939311980e-02 
1096.000  4.7254955000e-01  4.2084190370e-02 
1097.000  4.6249606200e-01  4.1030815120e-02 
1098.000  4.4520162700e-01  3.8262046810e-02 
1099.000  4.3491162300e-01  3.6344058990e-02 
1100.000  4.4319991900e-01  3.7103977200e-02 
1101.000  4.4385735000e-01  3.7296913150e-02 
1102.000  4.2471399900e-01  3.5612171170e-02 
1103.000  4.4264839600e-01  3.7200668330e-02 
1104.000  4.3745425200e-01  3.6585979460e-02 
1105.000  4.3171285900e-01  3.5677238460e-02 
1106.000  4.2290202400e-01  3.4544551850e-02 
1107.000  4.2373699600e-01  3.4692375180e-02 
1108.000  4.2340501600e-01  3.4707069400e-02 
1109.000  4.2989303100e-01  3.5545413970e-02 
1110.000  4.3165311600e-01  3.5584892270e-02 
1111.000  4.2369298800e-01  3.4703098300e-02 
1112.000  4.0735484300e-01  3.2505241390e-02 
1113.000  3.8868265400e-01  2.9793127060e-02 
1114.000  3.8848666500e-01  2.9343200680e-02 
1115.000  3.6292581700e-01  2.5837265010e-02 
1116.000  3.4478717800e-01  2.3625242230e-02 
1117.000  3.1584099300e-01  1.9888351440e-02 
1118.000  2.8192839700e-01  1.6347843170e-02 
1119.000  2.5810207100e-01  1.4228967670e-02 
1120.000  2.3795301900e-01  1.2293625830e-02 
1121.000  2.3487350900e-01  1.1937154770e-02 
1122.000  2.1112137000e-01  9.9422197340e-03 
1123.000  2.2496526000e-01  1.1013987540e-02 
1124.000  2.3391412100e-01  1.1731889720e-02 
1125.000  2.2476103900e-01  1.1120696070e-02 
1126.000  2.1871506500e-01  1.0768202780e-02 
1127.000  2.2788049000e-01  1.1305378910e-02 
1128.000  2.2709535700e-01  1.1427508350e-02 
1129.000  2.4989455600e-01  1.3420355800e-02 
1130.000  2.9865414700e-01  1.8174314500e-02 
1131.000  3.1557524700e-01  1.9874023440e-02 
1132.000  2.9763020000e-01  1.7860239030e-02 
1133.000  2.5544535600e-01  1.4035259250e-02 
1134.000  1.8684156700e-01  8.2723751070e-03 
1135.000  1.9448847100e-01  8.8027181630e-03 
1136.000  2.6159872800e-01  1.4616358760e-02 
1137.000  2.9982535200e-01  1.8302450180e-02 
1138.000  3.2029393000e-01  2.1291221620e-02 
1139.000  3.3630816300e-01  2.3029779430e-02 
1140.000  3.3129853400e-01  2.2327959060e-02 
1141.000  3.0976296700e-01  2.0254188540e-02 
1142.000  3.1390420600e-01  2.0285598750e-02 
1143.000  2.9501701700e-01  1.8397018430e-02 
1144.000  2.7775626000e-01  1.6648645400e-02 
1145.000  2.5691198700e-01  1.4494482040e-02 
1146.000  2.6491720000e-01  1.5167220120e-02 
1147.000  2.8400325400e-01  1.7036066060e-02 
1148.000  2.9660188600e-01  1.8516771320e-02 
1149.000  3.0351961200e-01  1.9264423370e-02 
1150.000  3.0226843300e-01  1.9254362110e-02 
1151.000  3.1011662200e-01  2.0280830380e-02 
1152.000  3.1374896400e-01  2.0781461720e-02 
1153.000  3.1942604800e-01  2.1545242310e-02 
1154.000  3.1967568700e-01  2.1498048780e-02 
1155.000  3.3248404100e-01  2.3153730390e-02 
1156.000  3.4091642300e-01  2.4638015750e-02 
1157.000  3.7027786900e-01  2.8633012770e-02 
1158.000  3.8062608200e-01  3.0200235370e-02 
1159.000  3.8383371500e-01  3.1117822650e-02 
1160.000  3.8241705900e-01  3.1288469310e-02 
1161.000  3.8293455200e-01  3.1980594640e-02 
1162.000  4.0322743000e-01  3.4219154360e-02 
1163.000  4.1277788900e-01  3.5678871150e-02 
1164.000  4.0621743400e-01  3.5250598910e-02 
1165.000  4.1455933200e-01  3.6072021480e-02 
1166.000  4.0536118400e-01  3.5432155610e-02 
1167.000  4.1289633300e-01  3.6193283080e-02 
1168.000  4.1610631800e-01  3.6449359890e-02 
1169.000  4.0278279800e-01  3.5383037570e-02 
1170.000  4.1462240400e-01  3.6514221190e-02 
1171.000  4.1928910900e-01  3.7146564480e-02 
1172.000  4.1634556600e-01  3.6765655520e-02 
1173.000  4.1184769000e-01  3.6255619050e-02 
1174.000  4.1215000300e-01  3.6294048310e-02 
1175.000  4.1159537700e-01  3.6576557160e-02 
1176.000  4.0547979600e-01  3.6337032320e-02 
1177.000  4.1615012300e-01  3.7149169920e-02 
1178.000  4.0538542400e-01  3.5901287080e-02 
1179.000  4.0357623300e-01  3.5745548250e-02 
1180.000  4.0788578900e-01  3.6025810240e-02 
1181.000  4.0227999600e-01  3.5267120360e-02 
1182.000  3.9928053400e-01  3.4744518280e-02 
1183.000  3.7650507600e-01  3.2792030330e-02 
1184.000  3.9545907900e-01  3.4589904790e-02 
1185.000  4.0559609100e-01  3.5849628450e-02 
1186.000  4.0173879700e-01  3.5398551940e-02 
1187.000  3.9688377800e-01  3.4601699830e-02 
1188.000  3.9369946400e-01  3.4235908510e-02 
1189.000  3.7358528900e-01  3.2693634030e-02 
1190.000  3.9967907700e-01  3.5553863530e-02 
1191.000  4.0822791500e-01  3.6484256740e-02 
1192.000  4.0929694900e-01  3.6832992550e-02 
1193.000  4.0874170500e-01  3.6711082460e-02 
1194.000  4.0746252600e-01  3.6562145230e-02 
1195.000  3.9966972300e-01  3.5619655610e-02 
1196.000  3.9985994300e-01  3.5680114750e-02 
1197.000  3.9818581800e-01  3.5417236330e-02 
1198.000  3.8447113100e-01  3.4178668980e-02 
1199.000  3.6834773200e-01  3.2612682340e-02 
1200.000  3.9267639600e-01  3.4857841490e-02 
1201.000  3.9593109400e-01  3.5192924500e-02 
1202.000  3.9684114300e-01  3.5343353270e-02 
1203.000  3.7642271400e-01  3.3483848570e-02 
1204.000  3.8327207700e-01  3.4174278260e-02 
1205.000  3.9744691600e-01  3.5863491060e-02 
1206.000  3.9749302400e-01  3.6061428070e-02 
1207.000  4.0117042400e-01  3.6474624630e-02 
1208.000  3.9460692800e-01  3.5811988830e-02 
1209.000  3.6882359600e-01  3.3373298650e-02 
1210.000  3.9264160100e-01  3.5350170140e-02 
1211.000  3.7923978300e-01  3.4124683380e-02 
1212.000  3.9167013100e-01  3.5296077730e-02 
1213.000  3.9526248900e-01  3.5797882080e-02 
1214.000  3.9320042100e-01  3.5597270970e-02 
1215.000  3.9527858900e-01  3.5861431120e-02 
1216.000  3.9704404500e-01  3.6308395390e-02 
1217.000  3.9865249100e-01  3.6706340790e-02 
1218.000  3.9822942100e-01  3.6792686460e-02 
1219.000  3.9500032400e-01  3.6572586060e-02 
1220.000  3.9773488700e-01  3.6827865600e-02 
1221.000  3.9726134900e-01  3.6802597050e-02 
1222.000  3.9524572900e-01  3.6619441990e-02 
1223.000  3.9358120100e-01  3.6502952580e-02 
1224.000  3.9810653000e-01  3.7079349520e-02 
1225.000  3.9623104700e-01  3.6948886870e-02 
1226.000  3.9803243200e-01  3.7176914220e-02 
1227.000  3.8520813900e-01  3.6067100520e-02 
1228.000  3.9806377700e-01  3.7382602690e-02 
1229.000  3.9821171800e-01  3.7482696530e-02 
1230.000  3.9751434700e-01  3.7515239720e-02 
1231.000  3.9788394600e-01  3.7610015870e-02 
1232.000  3.9353383100e-01  3.7227787020e-02 
1233.000  3.9671417800e-01  3.7550323490e-02 
1234.000  3.9638192200e-01  3.7642864230e-02 
1235.000  3.9393735000e-01  3.7457603450e-02 
1236.000  3.9643326300e-01  3.7728160860e-02 
1237.000  3.9668444300e-01  3.7797100070e-02 
1238.000  3.9652824700e-01  3.7803989410e-02 
1239.000  3.9205545000e-01  3.7392482760e-02 
1240.000  3.9028064800e-01  3.7255207060e-02 
1241.000  3.9368872000e-01  3.7603885650e-02 
1242.000  3.9129602500e-01  3.7394886020e-02 
1243.000  3.8684418900e-01  3.6990642550e-02 
1244.000  3.8320697100e-01  3.6650547030e-02 
1245.000  3.8968064300e-01  3.7279869080e-02 
1246.000  3.8652442000e-01  3.6950908660e-02 
1247.000  3.8444280400e-01  3.6722839360e-02 
1248.000  3.8725225000e-01  3.6962985990e-02 
1249.000  3.8574860500e-01  3.6803157810e-02 
1250.000  3.8407152100e-01  3.6616542820e-02 
1251.000  3.8124441300e-01  3.6327289580e-02 
1252.000  3.7980816000e-01  3.6157642360e-02 
1253.000  3.7635736400e-01  3.5793087010e-02 
1254.000  3.7671612400e-01  3.5753105160e-02 
1255.000  3.7563312000e-01  3.5604763030e-02 
1256.000  3.7443870500e-01  3.5457778930e-02 
1257.000  3.6959472900e-01  3.4932247160e-02 
1258.000  3.6967566900e-01  3.4812397000e-02 
1259.000  3.6444610200e-01  3.4217441560e-02 
1260.000  3.6358138300e-01  3.4020366670e-02 
1261.000  3.6136714800e-01  3.3694293980e-02 
1262.000  3.5034396000e-01  3.2482990260e-02 
1263.000  3.5332106600e-01  3.2722473140e-02 
1264.000  3.4698472000e-01  3.2122718810e-02 
1265.000  3.4730781400e-01  3.2154438020e-02 
1266.000  3.4816764300e-01  3.2178863530e-02 
1267.000  3.4009830400e-01  3.1379650120e-02 
1268.000  3.3501599100e-01  3.0860122680e-02 
1269.000  3.3736822600e-01  3.1055217740e-02 
1270.000  3.4554204700e-01  3.1960269930e-02 
1271.000  3.4945857000e-01  3.2383087160e-02 
1272.000  3.5004263700e-01  3.2507652280e-02 
1273.000  3.5120236400e-01  3.2705017090e-02 
1274.000  3.5090099600e-01  3.2785171510e-02 
1275.000  3.5383901300e-01  3.3093311310e-02 
1276.000  3.5492228300e-01  3.3197673800e-02 
1277.000  3.5496318700e-01  3.3178344730e-02 
1278.000  3.5427556200e-01  3.3079563140e-02 
1279.000  3.5225292700e-01  3.2897342680e-02 
1280.000  3.5115407700e-01  3.2889278410e-02 
1281.000  3.4208122200e-01  3.2128463750e-02 
1282.000  3.0453581900e-01  2.8681854250e-02 
1283.000  3.3473858400e-01  3.1568174360e-02 
1284.000  3.4861495900e-01  3.2888961790e-02 
1285.000  3.5145439900e-01  3.3173633580e-02 
1286.000  3.5091151100e-01  3.3064800260e-02 
1287.000  3.5218233200e-01  3.3086784360e-02 
1288.000  3.4669987700e-01  3.2249397280e-02 
1289.000  3.4775204300e-01  3.2244972230e-02 
1290.000  3.3963780900e-01  3.1470251080e-02 
1291.000  3.4486868700e-01  3.1967046740e-02 
1292.000  3.4773788200e-01  3.2318538670e-02 
1293.000  3.4817707900e-01  3.2333633420e-02 
1294.000  3.4124000400e-01  3.1517042160e-02 
1295.000  3.4258807700e-01  3.1402683260e-02 
1296.000  3.4039998100e-01  3.0973236080e-02 
1297.000  3.3630669700e-01  3.0429508210e-02 
1298.000  3.3311947800e-01  3.0116132740e-02 
1299.000  3.3634253800e-01  3.0382020950e-02 
1300.000  3.3465328700e-01  3.0201555250e-02 
1301.000  3.3367349000e-01  3.0057006840e-02 
1302.000  3.2799792200e-01  2.9402366640e-02 
1303.000  3.2202974900e-01  2.8511032100e-02 
1304.000  3.2066187400e-01  2.8229654310e-02 
1305.000  3.2191282100e-01  2.8264411930e-02 
1306.000  3.2169516000e-01  2.8165775300e-02 
1307.000  3.1968403400e-01  2.7903852460e-02 
1308.000  3.1671525600e-01  2.7427585600e-02 
1309.000  3.1278611000e-01  2.6803722380e-02 
1310.000  3.1106462300e-01  2.6627603530e-02 
1311.000  3.1021131200e-01  2.6548341750e-02 
1312.000  3.0478750500e-01  2.5771612170e-02 
1313.000  2.8869355800e-01  2.4067367550e-02 
1314.000  2.9321385500e-01  2.4131546020e-02 
1315.000  2.8544221800e-01  2.3623289110e-02 
1316.000  2.9541411300e-01  2.4654165270e-02 
1317.000  2.9841761800e-01  2.4889707570e-02 
1318.000  2.8903281300e-01  2.3739616390e-02 
1319.000  2.8539485300e-01  2.2947387700e-02 
1320.000  2.7468992800e-01  2.1513713840e-02 
1321.000  2.7016037300e-01  2.0919858930e-02 
1322.000  2.7522640400e-01  2.1667268750e-02 
1323.000  2.8210964000e-01  2.2573389050e-02 
1324.000  2.8536954200e-01  2.3024639130e-02 
1325.000  2.8298963500e-01  2.2689508440e-02 
1326.000  2.7591565700e-01  2.1754163740e-02 
1327.000  2.6139673200e-01  1.9770570760e-02 
1328.000  2.4828066900e-01  1.7817205430e-02 
1329.000  2.1421469800e-01  1.3940298080e-02 
1330.000  2.0817387300e-01  1.3060030940e-02 
1331.000  2.0268983700e-01  1.2414693830e-02 
1332.000  2.0049461200e-01  1.2356783870e-02 
1333.000  2.1150408200e-01  1.3299736980e-02 
1334.000  2.1992106900e-01  1.4202631950e-02 
1335.000  2.2586411600e-01  1.4871957780e-02 
1336.000  2.2575729100e-01  1.4964330670e-02 
1337.000  2.2831271500e-01  1.5172322270e-02 
1338.000  2.3206463500e-01  1.5644874570e-02 
1339.000  2.3257852600e-01  1.5757073400e-02 
1340.000  2.3419873900e-01  1.6064756390e-02 
1341.000  2.3815589000e-01  1.6175001140e-02 
1342.000  2.3805882500e-01  1.6178819660e-02 
1343.000  2.2902970300e-01  1.4772574420e-02 
1344.000  2.1517949800e-01  1.3060865400e-02 
1345.000  1.7803841400e-01  9.3073940280e-03 
1346.000  1.5186937200e-01  6.9529004100e-03 
1347.000  1.3470489400e-01  5.6549587250e-03 
1348.000  1.1167591600e-01  3.9330608840e-03 
1349.000  1.0157318690e-01  3.3279774190e-03 
1350.000  7.9120924200e-02  2.0487580300e-03 
1351.000  6.8305596500e-02  1.5799762010e-03 
1352.000  5.2245663100e-02  9.3498688940e-04 
1353.000  3.7031311900e-02  5.1197415590e-04 
1354.000  2.9609955300e-02  3.4183272720e-04 
1355.000  2.2989641000e-02  2.1903637050e-04 
1356.000  1.7384936100e-02  1.3323940340e-04 
1357.000  1.1883082260e-02  6.7099928860e-05 
1358.000  8.7943046300e-03  4.0962345900e-05 
1359.000  4.6371907400e-03  1.3894222680e-05 
1360.000  3.0667198600e-03  7.3019084520e-06 
1361.000  2.2822904700e-03  4.3444298210e-06 
1362.000  2.1000788600e-03  3.8215264210e-06 
1363.000  3.0298724300e-03  6.6749998370e-06 
1364.000  3.5132267000e-03  8.3621935920e-06 
1365.000  3.6785386700e-03  8.8252667340e-06 
1366.000  4.2480994700e-03  1.1028507720e-05 
1367.000  3.5684715700e-03  8.6403731260e-06 
1368.000  3.1641446600e-03  7.4698263780e-06 
1369.000  3.2446891500e-03  7.8614139930e-06 
1370.000  5.3662043300e-03  1.8267782410e-05 
1371.000  9.5567444900e-03  4.5839659870e-05 
1372.000  1.7696170700e-02  1.2697704140e-04 
1373.000  2.5103470900e-02  2.2444179650e-04 
1374.000  3.0483460200e-02  3.1086415050e-04 
1375.000  3.2500707700e-02  3.4928008910e-04 
1376.000  3.0145759300e-02  3.0980679390e-04 
1377.000  2.6837231300e-02  2.5310453770e-04 
1378.000  2.0455564100e-02  1.6129221020e-04 
1379.000  1.4046704310e-02  8.7005309760e-05 
1380.000  7.9668963800e-03  3.4703850750e-05 
1381.000  4.6085475400e-03  1.4457236040e-05 
1382.000  3.2226946600e-03  8.1553841010e-06 
1383.000  3.1180834900e-03  7.6206331140e-06 
1384.000  5.0718365500e-03  1.6466446220e-05 
1385.000  7.2001166700e-03  2.8905443850e-05 
1386.000  1.0997428120e-02  5.7108391080e-05 
1387.000  2.0206246700e-02  1.5757946670e-04 
1388.000  2.6781539700e-02  2.4785472450e-04 
1389.000  3.0763881100e-02  3.1627944110e-04 
1390.000  3.1403202700e-02  3.3083719020e-04 
1391.000  2.9315274400e-02  2.9441428180e-04 
1392.000  2.2163623100e-02  1.8611031770e-04 
1393.000  1.6942353100e-02  1.2130521240e-04 
1394.000  1.2979782080e-02  7.9144373540e-05 
1395.000  1.4631310100e-02  9.6060931680e-05 
1396.000  2.0077377500e-02  1.5916617210e-04 
1397.000  2.5909714600e-02  2.4275533850e-04 
1398.000  2.6682507900e-02  2.5401246550e-04 
1399.000  2.4913565500e-02  2.3045474290e-04 
1400.000  2.3296302900e-02  2.0952323080e-04 
1401.000  2.4765158400e-02  2.3549178240e-04 
1402.000  3.0702065600e-02  3.2954829930e-04 
1403.000  3.5348407200e-02  4.2848879100e-04 
1404.000  3.3248348100e-02  3.8587167860e-04 
1405.000  3.4826885400e-02  4.2728653550e-04 
1406.000  3.2294329100e-02  3.7418630720e-04 
1407.000  3.3492412700e-02  4.0921571850e-04 
1408.000  4.0142962600e-02  5.5036216970e-04 
1409.000  4.7056609700e-02  7.3088306190e-04 
1410.000  5.7714352700e-02  1.0295734410e-03 
1411.000  6.8648715400e-02  1.4198762180e-03 
1412.000  6.6322539700e-02  1.3713362220e-03 
1413.000  7.3147394200e-02  1.6436513660e-03 
1414.000  7.2118416200e-02  1.5790960790e-03 
1415.000  7.9725657700e-02  1.9274364710e-03 
1416.000  8.5659332800e-02  2.1850247380e-03 
1417.000  8.7864711100e-02  2.3056104180e-03 
1418.000  8.8647712600e-02  2.3307051660e-03 
1419.000  8.8463061700e-02  2.3690571780e-03 
1420.000  9.0564013600e-02  2.4633288380e-03 
1421.000  1.0185705870e-01  3.0280485150e-03 
1422.000  1.0428000290e-01  3.2033972740e-03 
1423.000  1.0544285840e-01  3.3028488160e-03 
1424.000  1.0508455290e-01  3.2737565040e-03 
1425.000  1.0389168710e-01  3.1757349970e-03 
1426.000  1.0016604380e-01  3.0664410590e-03 
1427.000  1.0609574870e-01  3.3600935940e-03 
1428.000  1.1205760710e-01  3.6335961820e-03 
1429.000  1.1365886730e-01  3.7985520360e-03 
1430.000  1.1089502780e-01  3.7078220840e-03 
1431.000  1.0331254160e-01  3.3063416480e-03 
1432.000  1.0101829150e-01  3.1434180740e-03 
1433.000  1.0073361300e-01  3.1258094310e-03 
1434.000  9.6082083100e-02  2.9139266010e-03 
1435.000  1.0315246110e-01  3.2700464730e-03 
1436.000  1.0572108280e-01  3.4127285480e-03 
1437.000  1.0740621190e-01  3.4994804860e-03 
1438.000  1.1386860850e-01  3.8765852450e-03 
1439.000  1.1597002600e-01  3.9633271690e-03 
1440.000  1.1119700690e-01  3.8508841990e-03 
1441.000  1.1810349040e-01  4.1200380330e-03 
1442.000  1.1328844910e-01  3.8975026610e-03 
1443.000  1.1532462630e-01  3.9768352510e-03 
1444.000  1.1792450180e-01  4.1165523530e-03 
1445.000  1.1816058840e-01  4.1401996610e-03 
1446.000  1.2367687490e-01  4.4422798160e-03 
1447.000  1.2705689300e-01  4.6655430790e-03 
1448.000  1.2850492700e-01  4.7388710980e-03 
1449.000  1.2598199910e-01  4.5827517510e-03 
1450.000  1.2046958800e-01  4.2862553600e-03 
1451.000  1.2181832340e-01  4.3886799810e-03 
1452.000  1.2714958100e-01  4.7834711070e-03 
1453.000  1.4168236200e-01  5.6621637340e-03 
1454.000  1.5417197500e-01  6.5373516080e-03 
1455.000  1.6014527400e-01  7.0371475220e-03 
1456.000  1.6724870700e-01  7.6092643740e-03 
1457.000  1.6993852600e-01  7.7734813690e-03 
1458.000  1.7326244800e-01  7.9849066730e-03 
1459.000  1.6839476200e-01  7.5874934200e-03 
1460.000  1.6071863200e-01  7.1009922030e-03 
1461.000  1.5763574900e-01  6.8975377080e-03 
1462.000  1.4914795800e-01  6.3322925570e-03 
1463.000  1.4815910200e-01  6.3045625690e-03 
1464.000  1.4624534200e-01  6.1746096610e-03 
1465.000  1.4300087200e-01  5.9038672450e-03 
1466.000  1.3327339200e-01  5.3454785350e-03 
1467.000  1.3230688800e-01  5.1971893310e-03 
1468.000  1.2416557470e-01  4.7627425190e-03 
1469.000  1.1778545220e-01  4.3318557740e-03 
1470.000  1.1437448590e-01  4.1470823290e-03 
1471.000  1.2137414560e-01  4.6572556500e-03 
1472.000  1.3365302400e-01  5.4710955620e-03 
1473.000  1.5019930000e-01  6.6401495930e-03 
1474.000  1.5743492600e-01  7.3600873950e-03 
1475.000  1.6023422600e-01  7.5162835120e-03 
1476.000  1.6049487900e-01  7.5539484020e-03 
1477.000  1.5705475500e-01  7.3036861420e-03 
1478.000  1.5091290300e-01  6.9370107650e-03 
1479.000  1.4791985300e-01  6.6748909950e-03 
1480.000  1.5100095700e-01  6.9405326840e-03 
1481.000  1.5382399800e-01  7.2608695030e-03 
1482.000  1.6077294800e-01  7.8167285920e-03 
1483.000  1.5899401800e-01  7.8095726970e-03 
1484.000  1.6002507100e-01  7.9005646710e-03 
1485.000  1.6232550300e-01  8.0132389070e-03 
1486.000  1.6369834500e-01  8.2949552540e-03 
1487.000  1.7371886900e-01  9.2370719910e-03 
1488.000  1.5223974300e-01  8.1578016280e-03 
1489.000  1.8682516800e-01  1.0647024150e-02 
1490.000  1.9765799100e-01  1.1861924170e-02 
1491.000  2.0471994700e-01  1.2639341350e-02 
1492.000  2.0100791100e-01  1.2511773110e-02 
1493.000  2.0843732300e-01  1.3213268280e-02 
1494.000  2.0813371000e-01  1.3269946100e-02 
1495.000  2.0985693100e-01  1.3622561450e-02 
1496.000  2.0949362900e-01  1.3944626810e-02 
1497.000  2.1460197000e-01  1.4358027460e-02 
1498.000  2.2168111600e-01  1.5155232430e-02 
1499.000  2.2266965500e-01  1.5534327510e-02 
1500.000  2.2953619500e-01  1.6266523360e-02 
1501.000  2.2823040100e-01  1.6154293060e-02 
1502.000  2.2454965200e-01  1.5839171410e-02 
1503.000  2.0059517800e-01  1.4124127390e-02 
1504.000  2.0992799400e-01  1.4883186340e-02 
1505.000  2.1255008300e-01  1.5307436940e-02 
1506.000  2.1548128200e-01  1.5581725120e-02 
1507.000  2.2829659600e-01  1.6743200300e-02 
1508.000  2.2628890400e-01  1.6746549610e-02 
1509.000  2.2881240700e-01  1.7095720290e-02 
1510.000  2.3291249900e-01  1.7495941160e-02 
1511.000  2.3505899600e-01  1.7783555980e-02 
1512.000  2.3137371500e-01  1.7598470690e-02 
1513.000  2.3128369200e-01  1.7667465210e-02 
1514.000  2.2811741800e-01  1.7472948070e-02 
1515.000  2.3342203100e-01  1.7971794130e-02 
1516.000  2.3151602000e-01  1.7868078230e-02 
1517.000  2.3089503900e-01  1.7892307280e-02 
1518.000  2.3661573100e-01  1.8463167190e-02 
1519.000  2.3483365700e-01  1.8466554640e-02 
1520.000  2.3843242700e-01  1.8946208950e-02 
1521.000  2.3504353500e-01  1.8812175750e-02 
1522.000  2.3368400000e-01  1.8754909520e-02 
1523.000  2.3970924600e-01  1.9318311690e-02 
1524.000  2.3762574400e-01  1.9174423220e-02 
1525.000  2.3189092700e-01  1.8725849150e-02 
1526.000  2.3852518000e-01  1.9291402820e-02 
1527.000  2.3641262200e-01  1.9181468960e-02 
1528.000  2.3851295200e-01  1.9429136280e-02 
1529.000  2.3776666900e-01  1.9387493130e-02 
1530.000  2.2291546800e-01  1.8242713930e-02 
1531.000  2.3855599300e-01  1.9575794220e-02 
1532.000  2.3741909400e-01  1.9540281300e-02 
1533.000  2.3645772200e-01  1.9498666760e-02 
1534.000  2.3298032300e-01  1.9244749070e-02 
1535.000  2.3396754500e-01  1.9359998700e-02 
1536.000  2.3709959000e-01  1.9666797640e-02 
1537.000  2.3803607200e-01  1.9815729140e-02 
1538.000  2.3171059700e-01  1.9363136290e-02 
1539.000  2.3672481600e-01  1.9853591920e-02 
1540.000  2.2817754600e-01  1.9192575450e-02 
1541.000  2.3298945800e-01  1.9630695340e-02 
1542.000  2.3437617900e-01  1.9771526340e-02 
1543.000  2.3373848400e-01  1.9752054210e-02 
1544.000  2.3674092500e-01  2.0047681810e-02 
1545.000  2.3764915600e-01  2.0180940630e-02 
1546.000  2.3786777500e-01  2.0259561540e-02 
1547.000  2.3555786700e-01  2.0117462160e-02 
1548.000  2.2860040500e-01  1.9570478440e-02 
1549.000  2.3445958200e-01  2.0107341770e-02 
1550.000  2.3314205900e-01  2.0024950030e-02 
1551.000  2.3191458300e-01  1.9934778210e-02 
1552.000  2.3586759100e-01  2.0286342620e-02 
1553.000  2.3463458800e-01  2.0200277330e-02 
1554.000  2.2603754200e-01  1.9470691680e-02 
1555.000  2.2980943000e-01  1.9820186610e-02 
1556.000  2.2542198100e-01  1.9479633330e-02 
1557.000  2.3280287000e-01  2.0169336320e-02 
1558.000  2.3096001100e-01  2.0048658370e-02 
1559.000  2.3097814600e-01  2.0086507800e-02 
1560.000  2.2698946700e-01  1.9783950810e-02 
1561.000  2.3228699800e-01  2.0263820650e-02 
1562.000  2.3217900800e-01  2.0248849870e-02 
1563.000  2.2870879000e-01  1.9949953080e-02 
1564.000  2.2405123500e-01  1.9538434980e-02 
1565.000  2.2730380600e-01  1.9810426710e-02 
1566.000  2.2299703100e-01  1.9455739970e-02 
1567.000  2.2263986700e-01  1.9424497600e-02 
1568.000  2.1748589200e-01  1.8959596630e-02 
1569.000  2.1766790000e-01  1.8954328540e-02 
1570.000  2.1161323300e-01  1.8420612340e-02 
1571.000  2.1728330000e-01  1.8940921780e-02 
1572.000  2.1711736300e-01  1.8939783100e-02 
1573.000  2.1381956200e-01  1.8688720700e-02 
1574.000  2.1466233400e-01  1.8809251790e-02 
1575.000  1.9944112000e-01  1.7509790420e-02 
1576.000  2.1426567400e-01  1.8825742720e-02 
1577.000  1.9354859900e-01  1.7005550380e-02 
1578.000  2.1189453400e-01  1.8617355350e-02 
1579.000  2.1321718400e-01  1.8741245270e-02 
1580.000  2.1776567800e-01  1.9161701200e-02 
1581.000  2.1632155000e-01  1.9037033080e-02 
1582.000  2.1217193200e-01  1.8721748350e-02 
1583.000  2.1497636200e-01  1.9016635890e-02 
1584.000  2.1324434100e-01  1.8912639620e-02 
1585.000  2.1969028000e-01  1.9526153560e-02 
1586.000  2.1693116400e-01  1.9304636000e-02 
1587.000  2.1467009900e-01  1.9144559860e-02 
1588.000  2.1152077600e-01  1.8901784900e-02 
1589.000  1.9351962400e-01  1.7311536790e-02 
1590.000  2.0848785100e-01  1.8667037960e-02 
1591.000  2.0381722800e-01  1.8266029360e-02 
1592.000  2.1449001400e-01  1.9227159500e-02 
1593.000  2.1910513600e-01  1.9639902110e-02 
1594.000  2.1723042600e-01  1.9472410200e-02 
1595.000  2.1820358100e-01  1.9562917710e-02 
1596.000  2.0439861900e-01  1.8343578340e-02 
1597.000  2.1198789700e-01  1.9020860670e-02 
1598.000  2.1490270900e-01  1.9269918440e-02 
1599.000  2.0646732200e-01  1.8494043350e-02 
1600.000  2.0891957100e-01  1.8701129910e-02 
1601.000  2.0012449900e-01  1.7931568150e-02 
1602.000  2.0499084100e-01  1.8395225520e-02 
1603.000  2.0376318300e-01  1.8333333970e-02 
1604.000  2.0680703900e-01  1.8661739350e-02 
1605.000  2.0374915400e-01  1.8415500640e-02 
1606.000  2.0311056100e-01  1.8392692570e-02 
1607.000  2.0379790900e-01  1.8441390990e-02 
1608.000  2.0599181000e-01  1.8626945500e-02 
1609.000  2.0519972700e-01  1.8552429200e-02 
1610.000  1.9254202200e-01  1.7408515930e-02 
1611.000  1.9868739200e-01  1.7986980440e-02 
1612.000  2.0115485200e-01  1.8235376360e-02 
1613.000  2.0617313200e-01  1.8714187620e-02 
1614.000  2.0414907000e-01  1.8525657650e-02 
1615.000  2.0791942500e-01  1.8885536190e-02 
1616.000  1.9520311000e-01  1.7741157530e-02 
1617.000  2.0130570300e-01  1.8343784330e-02 
1618.000  2.0757764000e-01  1.8938386920e-02 
1619.000  2.0729652700e-01  1.8961967470e-02 
1620.000  2.0240643900e-01  1.8561555860e-02 
1621.000  1.9968020900e-01  1.8349012370e-02 
1622.000  2.0470564500e-01  1.8821176530e-02 
1623.000  2.0898547500e-01  1.9235389710e-02 
1624.000  2.1051310900e-01  1.9391277310e-02 
1625.000  2.0549928400e-01  1.8967880250e-02 
1626.000  2.0779980500e-01  1.9167268750e-02 
1627.000  2.0756137200e-01  1.9165475850e-02 
1628.000  2.0913852600e-01  1.9318218230e-02 
1629.000  2.0900217800e-01  1.9310169220e-02 
1630.000  2.0314068400e-01  1.8762845990e-02 
1631.000  2.0631743700e-01  1.9067310330e-02 
1632.000  2.0614506400e-01  1.9013195040e-02 
1633.000  2.0342512200e-01  1.8746377940e-02 
1634.000  1.9846479400e-01  1.8265861510e-02 
1635.000  2.0378482600e-01  1.8742179870e-02 
1636.000  2.0301946000e-01  1.8651699070e-02 
1637.000  1.9371055900e-01  1.7777021410e-02 
1638.000  1.9229509200e-01  1.7636798860e-02 
1639.000  1.9001296200e-01  1.7398115160e-02 
1640.000  1.9095896300e-01  1.7468736650e-02 
1641.000  1.8959559500e-01  1.7330457690e-02 
1642.000  1.8935809000e-01  1.7348743440e-02 
1643.000  1.9415678700e-01  1.7820720670e-02 
1644.000  1.9108561500e-01  1.7566989900e-02 
1645.000  1.9138456500e-01  1.7617204670e-02 
1646.000  1.9368416200e-01  1.7863737110e-02 
1647.000  1.9548468700e-01  1.8034591670e-02 
1648.000  1.9460116200e-01  1.7946561810e-02 
1649.000  1.9013015000e-01  1.7536268230e-02 
1650.000  1.9494771700e-01  1.7986963270e-02 
1651.000  1.9059542100e-01  1.7585802080e-02 
1652.000  1.9438482700e-01  1.7927515030e-02 
1653.000  1.9238380900e-01  1.7753860470e-02 
1654.000  1.9454173200e-01  1.7958150860e-02 
1655.000  1.9085697700e-01  1.7632932660e-02 
1656.000  1.9467880900e-01  1.7996757510e-02 
1657.000  1.9326546400e-01  1.7870452880e-02 
1658.000  1.9448445400e-01  1.7998477940e-02 
1659.000  1.9094701700e-01  1.7675277710e-02 
1660.000  1.9315385900e-01  1.7873199460e-02 
1661.000  1.9390847100e-01  1.7935022350e-02 
1662.000  1.9245059900e-01  1.7768157960e-02 
1663.000  1.9117637900e-01  1.7630952840e-02 
1664.000  1.9028506900e-01  1.7528810500e-02 
1665.000  1.8834411100e-01  1.7323867800e-02 
1666.000  1.8757474900e-01  1.7261501310e-02 
1667.000  1.8949028500e-01  1.7484615330e-02 
1668.000  1.8627982600e-01  1.7208269120e-02 
1669.000  1.8680489100e-01  1.7284751890e-02 
1670.000  1.9100495700e-01  1.7704769130e-02 
1671.000  1.8960808700e-01  1.7596023560e-02 
1672.000  1.8062729300e-01  1.6789011000e-02 
1673.000  1.8578703500e-01  1.7281057360e-02 
1674.000  1.8653666600e-01  1.7365579610e-02 
1675.000  1.8480537500e-01  1.7226131440e-02 
1676.000  1.8181736900e-01  1.6984430310e-02 
1677.000  1.8274688800e-01  1.7051788330e-02 
1678.000  1.8375993200e-01  1.7157932280e-02 
1679.000  1.8131859400e-01  1.6926948550e-02 
1680.000  1.7510357200e-01  1.6356168750e-02 
1681.000  1.6903468200e-01  1.5795018200e-02 
1682.000  1.7391655400e-01  1.6249118800e-02 
1683.000  1.7820619700e-01  1.6642736430e-02 
1684.000  1.8149966000e-01  1.6944278720e-02 
1685.000  1.8201924700e-01  1.6970190050e-02 
1686.000  1.7982339300e-01  1.6758268360e-02 
1687.000  1.8051894600e-01  1.6780883790e-02 
1688.000  1.8061191900e-01  1.6753282550e-02 
1689.000  1.7843320800e-01  1.6541852950e-02 
1690.000  1.7828811000e-01  1.6489202500e-02 
1691.000  1.8059468800e-01  1.6702409740e-02 
1692.000  1.8092023900e-01  1.6739273070e-02 
1693.000  1.8028120300e-01  1.6692161560e-02 
1694.000  1.8001198200e-01  1.6674068450e-02 
1695.000  1.8005787600e-01  1.6666168210e-02 
1696.000  1.7900424000e-01  1.6550411220e-02 
1697.000  1.7787835700e-01  1.6413234710e-02 
1698.000  1.7893338300e-01  1.6483879090e-02 
1699.000  1.7777764500e-01  1.6356985090e-02 
1700.000  1.7552674500e-01  1.6130455020e-02 
