 lambda   Irr_dw            Rad_up 
 550.000  1.5513598000e+00  2.3540699770e-01 
 551.000  1.5410019000e+00  2.3380502320e-01 
 552.000  1.6066758000e+00  2.4378318790e-01 
 553.000  1.5430867000e+00  2.3409284970e-01 
 554.000  1.5928538000e+00  2.4164450070e-01 
 555.000  1.5967061000e+00  2.4217291260e-01 
 556.000  1.5521112000e+00  2.3535636900e-01 
 557.000  1.5055211000e+00  2.2829472350e-01 
 558.000  1.5621692000e+00  2.3682955930e-01 
 559.000  1.4760976000e+00  2.2375260930e-01 
 560.000  1.4821125000e+00  2.2466098020e-01 
 561.000  1.6284027000e+00  2.4676829530e-01 
 562.000  1.4942941000e+00  2.2639248660e-01 
 563.000  1.5629118000e+00  2.3671994020e-01 
 564.000  1.5404747000e+00  2.3322000120e-01 
 565.000  1.5583714000e+00  2.3587796020e-01 
 566.000  1.4364083000e+00  2.1735917660e-01 
 567.000  1.5403114000e+00  2.3285472110e-01 
 568.000  1.5355752000e+00  2.3141204830e-01 
 569.000  1.5035052000e+00  2.2503237920e-01 
 570.000  1.5111864000e+00  2.2639811710e-01 
 571.000  1.4580805000e+00  2.1949969480e-01 
 572.000  1.5400429000e+00  2.3078695680e-01 
 573.000  1.5562525000e+00  2.3351171880e-01 
 574.000  1.5474916000e+00  2.3225560000e-01 
 575.000  1.5093354000e+00  2.2642347720e-01 
 576.000  1.4816884000e+00  2.2222422790e-01 
 577.000  1.5431278000e+00  2.3168191530e-01 
 578.000  1.4981839000e+00  2.2534103390e-01 
 579.000  1.4867224000e+00  2.2381646730e-01 
 580.000  1.5378736000e+00  2.3169851680e-01 
 581.000  1.5101185000e+00  2.2778588870e-01 
 582.000  1.5326425000e+00  2.3124575810e-01 
 583.000  1.5431176000e+00  2.3285437010e-01 
 584.000  1.5380144000e+00  2.3202809140e-01 
 585.000  1.5276698000e+00  2.3039785770e-01 
 586.000  1.4618160000e+00  2.2044728090e-01 
 587.000  1.5185666000e+00  2.2838522340e-01 
 588.000  1.5019321000e+00  2.2373896790e-01 
 589.000  1.3305878000e+00  1.9547627260e-01 
 590.000  1.3891308000e+00  2.0389340210e-01 
 591.000  1.4763339000e+00  2.1864100650e-01 
 592.000  1.4476922000e+00  2.1328547670e-01 
 593.000  1.4632875000e+00  2.1781704710e-01 
 594.000  1.4763983000e+00  2.1923150630e-01 
 595.000  1.4477161000e+00  2.1335430910e-01 
 596.000  1.4839353000e+00  2.2100845340e-01 
 597.000  1.4881773000e+00  2.2108975220e-01 
 598.000  1.4578201000e+00  2.1755375670e-01 
 599.000  1.4582007000e+00  2.1801699830e-01 
 600.000  1.4586595000e+00  2.1899235530e-01 
 601.000  1.4505208000e+00  2.1841192630e-01 
 602.000  1.4346488000e+00  2.1621386720e-01 
 603.000  1.4432879000e+00  2.1774098210e-01 
 604.000  1.4889745000e+00  2.2482646180e-01 
 605.000  1.4851062000e+00  2.2425903320e-01 
 606.000  1.4678090000e+00  2.2169134520e-01 
 607.000  1.4594688000e+00  2.2041931150e-01 
 608.000  1.4540240000e+00  2.1956471250e-01 
 609.000  1.4390094000e+00  2.1729847720e-01 
 610.000  1.4158733000e+00  2.1377066040e-01 
 611.000  1.4387685000e+00  2.1723020940e-01 
 612.000  1.4199443000e+00  2.1439395140e-01 
 613.000  1.3991069000e+00  2.1122441100e-01 
 614.000  1.3480254000e+00  2.0352357480e-01 
 615.000  1.4130469000e+00  2.1329922490e-01 
 616.000  1.3434467000e+00  2.0280616760e-01 
 617.000  1.3509469000e+00  2.0393280030e-01 
 618.000  1.4145944000e+00  2.1348231510e-01 
 619.000  1.4015439000e+00  2.1152760310e-01 
 620.000  1.4221541000e+00  2.1457487490e-01 
 621.000  1.4465092000e+00  2.1822468570e-01 
 622.000  1.3701178000e+00  2.0665031430e-01 
 623.000  1.3806946000e+00  2.0814750670e-01 
 624.000  1.3820744000e+00  2.0835371400e-01 
 625.000  1.3445429000e+00  2.0266177370e-01 
 626.000  1.3512362000e+00  2.0348686220e-01 
 627.000  1.3735470000e+00  2.0608093260e-01 
 628.000  1.3543991000e+00  2.0177420040e-01 
 629.000  1.3886847000e+00  2.0739178470e-01 
 630.000  1.3426608000e+00  2.0116571040e-01 
 631.000  1.3920010000e+00  2.0877845760e-01 
 632.000  1.2964499000e+00  1.9384950260e-01 
 633.000  1.3918096000e+00  2.0886112980e-01 
 634.000  1.3500274000e+00  2.0282093810e-01 
 635.000  1.3746646000e+00  2.0650355530e-01 
 636.000  1.3262266000e+00  1.9935670470e-01 
 637.000  1.3699662000e+00  2.0601438900e-01 
 638.000  1.3913425000e+00  2.0957495120e-01 
 639.000  1.3798043000e+00  2.0778256230e-01 
 640.000  1.3365107000e+00  2.0149615480e-01 
 641.000  1.3557626000e+00  2.0437205510e-01 
 642.000  1.3394764000e+00  2.0202874760e-01 
 643.000  1.3627834000e+00  2.0526695250e-01 
 644.000  1.3471083000e+00  2.0285867310e-01 
 645.000  1.3587267000e+00  2.0424263000e-01 
 646.000  1.3065633000e+00  1.9483665470e-01 
 647.000  1.3240422000e+00  1.9636738590e-01 
 648.000  1.3214451000e+00  1.9488929750e-01 
 649.000  1.3477877000e+00  1.9967784120e-01 
 650.000  1.2492738000e+00  1.8687300110e-01 
 651.000  1.3456577000e+00  2.0127107240e-01 
 652.000  1.3193267000e+00  1.9564604190e-01 
 653.000  1.3462868000e+00  2.0158670040e-01 
 654.000  1.3285699000e+00  1.9865191650e-01 
 655.000  1.2933550000e+00  1.9267207340e-01 
 656.000  1.0980557800e+00  1.6375924680e-01 
 657.000  1.1719863800e+00  1.7511726380e-01 
 658.000  1.3055446000e+00  1.9575607300e-01 
 659.000  1.3087384000e+00  1.9659500120e-01 
 660.000  1.3190024000e+00  1.9830271910e-01 
 661.000  1.3248850000e+00  1.9971447750e-01 
 662.000  1.3439745000e+00  2.0281826780e-01 
 663.000  1.3289820000e+00  2.0047995000e-01 
 664.000  1.3078500000e+00  1.9736619570e-01 
 665.000  1.3135169000e+00  1.9827554320e-01 
 666.000  1.3293230000e+00  2.0078306580e-01 
 667.000  1.3029189000e+00  1.9682147220e-01 
 668.000  1.3103037000e+00  1.9805628970e-01 
 669.000  1.3289663000e+00  2.0093403630e-01 
 670.000  1.3133498000e+00  1.9854048160e-01 
 671.000  1.2991149700e+00  1.9642222600e-01 
 672.000  1.2949672400e+00  1.9579295350e-01 
 673.000  1.3041799800e+00  1.9717845150e-01 
 674.000  1.3066679500e+00  1.9756350710e-01 
 675.000  1.2866926100e+00  1.9452687070e-01 
 676.000  1.3109450400e+00  1.9820208740e-01 
 677.000  1.2848282500e+00  1.9426675420e-01 
 678.000  1.3060595900e+00  1.9746511840e-01 
 679.000  1.2875795300e+00  1.9463604740e-01 
 680.000  1.2776373000e+00  1.9306945800e-01 
 681.000  1.2789444200e+00  1.9318307500e-01 
 682.000  1.2762485600e+00  1.9272612000e-01 
 683.000  1.2845716000e+00  1.9390615840e-01 
 684.000  1.2612970800e+00  1.9027545170e-01 
 685.000  1.2755215200e+00  1.9248767090e-01 
 686.000  1.2192778000e+00  1.8371301270e-01 
 687.000  1.1267111100e+00  1.6470921330e-01 
 688.000  1.1568008200e+00  1.7077909850e-01 
 689.000  1.1512302400e+00  1.6943113710e-01 
 690.000  1.1719362800e+00  1.7337173460e-01 
 691.000  1.1958108400e+00  1.7777671810e-01 
 692.000  1.1989444600e+00  1.7829193120e-01 
 693.000  1.1978001600e+00  1.7596459960e-01 
 694.000  1.1997513500e+00  1.7431414790e-01 
 695.000  1.1868871300e+00  1.7339216610e-01 
 696.000  1.2054053000e+00  1.7670304870e-01 
 697.000  1.2286495200e+00  1.8341076660e-01 
 698.000  1.2013408100e+00  1.7856939700e-01 
 699.000  1.2044594600e+00  1.7610038760e-01 
 700.000  1.1933395200e+00  1.7490112300e-01 
 701.000  1.1624021800e+00  1.6971278380e-01 
 702.000  1.1595619300e+00  1.6972927860e-01 
 703.000  1.1913158900e+00  1.7673516850e-01 
 704.000  1.1952757500e+00  1.7741917420e-01 
 705.000  1.1978658400e+00  1.7678134160e-01 
 706.000  1.1862910700e+00  1.7525540160e-01 
 707.000  1.1705770600e+00  1.7327560420e-01 
 708.000  1.2069620800e+00  1.7904405210e-01 
 709.000  1.1689032400e+00  1.7416304020e-01 
 710.000  1.1902180800e+00  1.7644819640e-01 
 711.000  1.1836425900e+00  1.7631277470e-01 
 712.000  1.1716527200e+00  1.7526332090e-01 
 713.000  1.1628381300e+00  1.7332023620e-01 
 714.000  1.1811952000e+00  1.7580105590e-01 
 715.000  1.1338476900e+00  1.6775746150e-01 
 716.000  1.1570170100e+00  1.7016119380e-01 
 717.000  1.0841578500e+00  1.5394171140e-01 
 718.000  1.0514159900e+00  1.4607257080e-01 
 719.000  1.0295573200e+00  1.4185324100e-01 
 720.000  1.0225975900e+00  1.3928096010e-01 
 721.000  1.0841478100e+00  1.5533551030e-01 
 722.000  1.1219197100e+00  1.6360891720e-01 
 723.000  1.1065135800e+00  1.5970739750e-01 
 724.000  1.0762306300e+00  1.5092272950e-01 
 725.000  1.0697402900e+00  1.5061923220e-01 
 726.000  1.0659065600e+00  1.4988250730e-01 
 727.000  1.0867407500e+00  1.5341218570e-01 
 728.000  1.0623008300e+00  1.4932087710e-01 
 729.000  1.0332477100e+00  1.4682460020e-01 
 730.000  1.0688298600e+00  1.5160862730e-01 
 731.000  1.0481688300e+00  1.4838163760e-01 
 732.000  1.0909053900e+00  1.5727383420e-01 
 733.000  1.0957152900e+00  1.6084132390e-01 
 734.000  1.1288652500e+00  1.6714910890e-01 
 735.000  1.1159117200e+00  1.6470143130e-01 
 736.000  1.0882876900e+00  1.5971144100e-01 
 737.000  1.1075734800e+00  1.6321952820e-01 
 738.000  1.1113658800e+00  1.6475584410e-01 
 739.000  1.0781991400e+00  1.6026084900e-01 
 740.000  1.0947207200e+00  1.6365936280e-01 
 741.000  1.0896017600e+00  1.6348797610e-01 
 742.000  1.0731041800e+00  1.6125828550e-01 
 743.000  1.1079459800e+00  1.6704382320e-01 
 744.000  1.1198420900e+00  1.6909895320e-01 
 745.000  1.0918015200e+00  1.6507073970e-01 
 746.000  1.1078177700e+00  1.6763070680e-01 
 747.000  1.1245010100e+00  1.7016668700e-01 
 748.000  1.1050558600e+00  1.6732919310e-01 
 749.000  1.1055449400e+00  1.6746258540e-01 
 750.000  1.0889489100e+00  1.6488334660e-01 
 751.000  1.0861427500e+00  1.6446360780e-01 
 752.000  1.1032652300e+00  1.6716226200e-01 
 753.000  1.0929874700e+00  1.6563722230e-01 
 754.000  1.1101954900e+00  1.6826603700e-01 
 755.000  1.1038266600e+00  1.6730845640e-01 
 756.000  1.0822242200e+00  1.6404177860e-01 
 757.000  1.0901871000e+00  1.6525376890e-01 
 758.000  1.0878745100e+00  1.6484260560e-01 
 759.000  1.0050545500e+00  1.4983897400e-01 
 760.000  5.1254244000e-01  6.4726806640e-02 
 761.000  4.6293902000e-01  5.7094314580e-02 
 762.000  7.3987721000e-01  1.0264481350e-01 
 763.000  6.7106338000e-01  9.0138908390e-02 
 764.000  7.1742852000e-01  9.7916839600e-02 
 765.000  8.1966810000e-01  1.1593918610e-01 
 766.000  8.8681097000e-01  1.2969761660e-01 
 767.000  9.5062768000e-01  1.4110705570e-01 
 768.000  1.0217038100e+00  1.5313662720e-01 
 769.000  1.0394003700e+00  1.5679322810e-01 
 770.000  1.0444928300e+00  1.5803239440e-01 
 771.000  1.0501105900e+00  1.5915867610e-01 
 772.000  1.0471816100e+00  1.5878941350e-01 
 773.000  1.0432508300e+00  1.5823233030e-01 
 774.000  1.0547406900e+00  1.6001254270e-01 
 775.000  1.0152616400e+00  1.5405416870e-01 
 776.000  1.0571676100e+00  1.6045693970e-01 
 777.000  1.0498236800e+00  1.5934585570e-01 
 778.000  1.0441570100e+00  1.5847413640e-01 
 779.000  1.0475194100e+00  1.5896881100e-01 
 780.000  1.0345203900e+00  1.5700846860e-01 
 781.000  1.0329151600e+00  1.5679714970e-01 
 782.000  1.0453269700e+00  1.5864237980e-01 
 783.000  1.0208654400e+00  1.5495372010e-01 
 784.000  1.0264187700e+00  1.5574324040e-01 
 785.000  1.0282398400e+00  1.5578102110e-01 
 786.000  1.0091835500e+00  1.5258447270e-01 
 787.000  1.0210295300e+00  1.5364213560e-01 
 788.000  1.0040979000e+00  1.5074284360e-01 
 789.000  1.0041168400e+00  1.4950442500e-01 
 790.000  9.9344167000e-01  1.4779016110e-01 
 791.000  9.8940763000e-01  1.4742851260e-01 
 792.000  9.7470852000e-01  1.4543304440e-01 
 793.000  9.7603142000e-01  1.4612194820e-01 
 794.000  9.7089412000e-01  1.4641484070e-01 
 795.000  9.6261016000e-01  1.4449235530e-01 
 796.000  9.7087206000e-01  1.4412428280e-01 
 797.000  9.7928544000e-01  1.4585691830e-01 
 798.000  9.8493671000e-01  1.4776217650e-01 
 799.000  9.8294353000e-01  1.4720851140e-01 
 800.000  9.5360099000e-01  1.4206921390e-01 
 801.000  9.7182921000e-01  1.4487533570e-01 
 802.000  9.6948186000e-01  1.4443786620e-01 
 803.000  9.5617750000e-01  1.4257518010e-01 
 804.000  9.6654561000e-01  1.4450088500e-01 
 805.000  9.4335630000e-01  1.4172105410e-01 
 806.000  9.7088151000e-01  1.4626274110e-01 
 807.000  9.6495444000e-01  1.4540713500e-01 
 808.000  9.5809525000e-01  1.4412222290e-01 
 809.000  9.4040278000e-01  1.4117123410e-01 
 810.000  9.3456153000e-01  1.3997576900e-01 
 811.000  9.4613657000e-01  1.4110888670e-01 
 812.000  9.3830056000e-01  1.3909242250e-01 
 813.000  9.2842604000e-01  1.3662211610e-01 
 814.000  9.1929379000e-01  1.3404739380e-01 
 815.000  8.9949098000e-01  1.2967523190e-01 
 816.000  8.7842236000e-01  1.2484878540e-01 
 817.000  8.8446644000e-01  1.2578751370e-01 
 818.000  8.8015010000e-01  1.2528742980e-01 
 819.000  8.6061580000e-01  1.2311708830e-01 
 820.000  8.5816251000e-01  1.2471520230e-01 
 821.000  9.0341052000e-01  1.3367625430e-01 
 822.000  8.6548376000e-01  1.2626603700e-01 
 823.000  8.4137252000e-01  1.1823072050e-01 
 824.000  8.8472482000e-01  1.2830732730e-01 
 825.000  9.0254208000e-01  1.3371008300e-01 
 826.000  9.0486510000e-01  1.3355615230e-01 
 827.000  8.9947101000e-01  1.3238671880e-01 
 828.000  8.8506854000e-01  1.2847050480e-01 
 829.000  8.8912133000e-01  1.2967553710e-01 
 830.000  8.7991850000e-01  1.2904658510e-01 
 831.000  8.6555367000e-01  1.2711254880e-01 
 832.000  8.8369277000e-01  1.2985879520e-01 
 833.000  8.5887441000e-01  1.2666484070e-01 
 834.000  8.7466811000e-01  1.2950588990e-01 
 835.000  8.8205983000e-01  1.3157275390e-01 
 836.000  8.9047292000e-01  1.3256112670e-01 
 837.000  8.8286401000e-01  1.3138986210e-01 
 838.000  8.8868645000e-01  1.3276733400e-01 
 839.000  8.6241872000e-01  1.2913830570e-01 
 840.000  8.8602143000e-01  1.3276797490e-01 
 841.000  8.8679512000e-01  1.3254553220e-01 
 842.000  8.8254991000e-01  1.3219520570e-01 
 843.000  8.7951947000e-01  1.3248648070e-01 
 844.000  8.6622828000e-01  1.3081086730e-01 
 845.000  8.7994664000e-01  1.3303541560e-01 
 846.000  8.8835663000e-01  1.3449169920e-01 
 847.000  8.5833637000e-01  1.3014361570e-01 
 848.000  8.8256454000e-01  1.3350085450e-01 
 849.000  8.8428662000e-01  1.3382823180e-01 
 850.000  7.6411632000e-01  1.1548415370e-01 
 851.000  8.7483138000e-01  1.3202896120e-01 
 852.000  8.4168557000e-01  1.2706781770e-01 
 853.000  8.5221875000e-01  1.2890916440e-01 
 854.000  6.8509283000e-01  1.0363305660e-01 
 855.000  7.5447175000e-01  1.1427203370e-01 
 856.000  8.5675061000e-01  1.3002587890e-01 
 857.000  8.7066118000e-01  1.3230094910e-01 
 858.000  8.5681248000e-01  1.3025370790e-01 
 859.000  8.5689718000e-01  1.3040867610e-01 
 860.000  8.4932949000e-01  1.2934510800e-01 
 861.000  8.4921446000e-01  1.2933511350e-01 
 862.000  8.4643525000e-01  1.2892742920e-01 
 863.000  8.6260358000e-01  1.3143443300e-01 
 864.000  8.6087683000e-01  1.3114849850e-01 
 865.000  8.4483545000e-01  1.2877323910e-01 
 866.000  7.0863673000e-01  1.0803655240e-01 
 867.000  7.5460412000e-01  1.1497514340e-01 
 868.000  8.1838863000e-01  1.2473181150e-01 
 869.000  8.0689634000e-01  1.2298751070e-01 
 870.000  8.4016159000e-01  1.2809811400e-01 
 871.000  8.3896543000e-01  1.2790230560e-01 
 872.000  8.3558355000e-01  1.2732750700e-01 
 873.000  8.3891300000e-01  1.2786874390e-01 
 874.000  8.2050572000e-01  1.2503266910e-01 
 875.000  8.1294666000e-01  1.2393410490e-01 
 876.000  8.1967343000e-01  1.2491233060e-01 
 877.000  8.3599181000e-01  1.2734530640e-01 
 878.000  8.2155896000e-01  1.2510342410e-01 
 879.000  8.2345371000e-01  1.2541080470e-01 
 880.000  8.1861816000e-01  1.2455091090e-01 
 881.000  7.7603430000e-01  1.1805729680e-01 
 882.000  8.1884760000e-01  1.2447383880e-01 
 883.000  8.0017220000e-01  1.2173523710e-01 
 884.000  8.0696410000e-01  1.2285948180e-01 
 885.000  8.1516162000e-01  1.2382182310e-01 
 886.000  7.8833253000e-01  1.1958982090e-01 
 887.000  7.8031253000e-01  1.1850308230e-01 
 888.000  8.0365542000e-01  1.2198077390e-01 
 889.000  8.0909987000e-01  1.2294768520e-01 
 890.000  8.0643594000e-01  1.2240927890e-01 
 891.000  8.0161595000e-01  1.2138779450e-01 
 892.000  7.9726865000e-01  1.2020571900e-01 
 893.000  7.6115750000e-01  1.1321337890e-01 
 894.000  7.8330637000e-01  1.1577396390e-01 
 895.000  7.3331411000e-01  1.0639969640e-01 
 896.000  7.4735625000e-01  1.0656118770e-01 
 897.000  7.1470062000e-01  1.0015625760e-01 
 898.000  7.0863013000e-01  9.8454902650e-02 
 899.000  6.8717674000e-01  9.3304542540e-02 
 900.000  6.7297706000e-01  9.1627731320e-02 
 901.000  6.5336324000e-01  8.8448043820e-02 
 902.000  6.4217817000e-01  8.7057289120e-02 
 903.000  7.0771365000e-01  9.9664199830e-02 
 904.000  7.4197681000e-01  1.0693608860e-01 
 905.000  7.3918145000e-01  1.0655352780e-01 
 906.000  7.0680498000e-01  1.0041641240e-01 
 907.000  6.9566064000e-01  9.6310165410e-02 
 908.000  6.6376122000e-01  9.0328598020e-02 
 909.000  6.5127223000e-01  8.8673301700e-02 
 910.000  6.6120077000e-01  9.0248107910e-02 
 911.000  6.6927746000e-01  9.2425361630e-02 
 912.000  6.6591059000e-01  9.1386772160e-02 
 913.000  6.6012882000e-01  8.8496284480e-02 
 914.000  6.6632629000e-01  9.0362312320e-02 
 915.000  6.6352795000e-01  9.0886428830e-02 
 916.000  6.7296705000e-01  9.2385444640e-02 
 917.000  6.6673127000e-01  9.1988815310e-02 
 918.000  6.6889090000e-01  9.2891845700e-02 
 919.000  6.9680610000e-01  9.9041275020e-02 
 920.000  7.0435136000e-01  1.0171990970e-01 
 921.000  6.8582508000e-01  9.8661392210e-02 
 922.000  6.7939433000e-01  9.7720977780e-02 
 923.000  6.4720735000e-01  9.2519691470e-02 
 924.000  6.6531932000e-01  9.4122680660e-02 
 925.000  6.7340384000e-01  9.5103866580e-02 
 926.000  6.4923691000e-01  9.1522438050e-02 
 927.000  6.6253170000e-01  9.2175560000e-02 
 928.000  6.4963727000e-01  8.8415061950e-02 
 929.000  6.1616430000e-01  8.1231582640e-02 
 930.000  5.8308585000e-01  7.3503852840e-02 
 931.000  5.4677350000e-01  6.4876968380e-02 
 932.000  4.9381652000e-01  5.3672054290e-02 
 933.000  4.5798397000e-01  4.6731613160e-02 
 934.000  4.1473440000e-01  3.9581218720e-02 
 935.000  4.0452194000e-01  3.8271247860e-02 
 936.000  4.1719868000e-01  4.0496307370e-02 
 937.000  4.2232547000e-01  4.0764133450e-02 
 938.000  4.6051963000e-01  4.7876216890e-02 
 939.000  5.7061097000e-01  7.0808486940e-02 
 940.000  5.8257549000e-01  7.3825256350e-02 
 941.000  5.5656353000e-01  6.9327468870e-02 
 942.000  5.0483914000e-01  5.9726863860e-02 
 943.000  4.7683725000e-01  5.1313297270e-02 
 944.000  4.5999307000e-01  4.9141983030e-02 
 945.000  4.8426952000e-01  5.3456394200e-02 
 946.000  4.9183288000e-01  5.4413993840e-02 
 947.000  5.0615684000e-01  5.7775516510e-02 
 948.000  5.1931692000e-01  6.0364616390e-02 
 949.000  5.1949775000e-01  6.0267696380e-02 
 950.000  5.1859871000e-01  6.0443347930e-02 
 951.000  5.3774782000e-01  6.5178718570e-02 
 952.000  5.1367010000e-01  5.9758800510e-02 
 953.000  5.2883383000e-01  6.3403274540e-02 
 954.000  5.4108714000e-01  6.6869636540e-02 
 955.000  4.9199096000e-01  5.9407676700e-02 
 956.000  5.2141002000e-01  6.2675701140e-02 
 957.000  5.6465706000e-01  7.2756210330e-02 
 958.000  5.7444059000e-01  7.4624732970e-02 
 959.000  5.6932547000e-01  7.3308113100e-02 
 960.000  5.6176805000e-01  7.2162109380e-02 
 961.000  5.5210196000e-01  7.0593948360e-02 
 962.000  5.5802752000e-01  7.1715957640e-02 
 963.000  5.8005171000e-01  7.6903236390e-02 
 964.000  5.7661789000e-01  7.6797805790e-02 
 965.000  5.8139228000e-01  7.7256317140e-02 
 966.000  5.6573843000e-01  7.5330795290e-02 
 967.000  5.9880745000e-01  8.1416221620e-02 
 968.000  6.1868006000e-01  8.7050392150e-02 
 969.000  6.3430923000e-01  9.0651138310e-02 
 970.000  6.3663624000e-01  9.1075912480e-02 
 971.000  6.3069054000e-01  9.0205787660e-02 
 972.000  6.3184635000e-01  8.9982635500e-02 
 973.000  6.1814514000e-01  8.7159912110e-02 
 974.000  5.9930537000e-01  8.3493415830e-02 
 975.000  5.9622614000e-01  8.2428276060e-02 
 976.000  6.1095233000e-01  8.5283836360e-02 
 977.000  6.0743484000e-01  8.6150161740e-02 
 978.000  6.2140676000e-01  8.8043556210e-02 
 979.000  6.0636743000e-01  8.6291038510e-02 
 980.000  6.2717886000e-01  9.0731575010e-02 
 981.000  6.3417320000e-01  9.2095252990e-02 
 982.000  6.3003563000e-01  9.1179161070e-02 
 983.000  6.3457179000e-01  9.2631835940e-02 
 984.000  6.3672791000e-01  9.3785903930e-02 
 985.000  6.4005111000e-01  9.4768867490e-02 
 986.000  6.3949301000e-01  9.5332824710e-02 
 987.000  6.4886890000e-01  9.7022193910e-02 
 988.000  6.4122780000e-01  9.5955329900e-02 
 989.000  6.3335068000e-01  9.4824218750e-02 
 990.000  6.3921423000e-01  9.5776519780e-02 
 991.000  6.4614876000e-01  9.7079833980e-02 
 992.000  6.4063623000e-01  9.6336975100e-02 
 993.000  6.4076565000e-01  9.6397018430e-02 
 994.000  6.4549060000e-01  9.7345161440e-02 
 995.000  6.4177116000e-01  9.6956932070e-02 
 996.000  6.4162813000e-01  9.6948295590e-02 
 997.000  6.4164205000e-01  9.6863098140e-02 
 998.000  6.3851860000e-01  9.6295104980e-02 
 999.000  6.3664358000e-01  9.5984237670e-02 
1000.000  6.3178193000e-01  9.5298141480e-02 
1001.000  6.3378633000e-01  9.5381393430e-02 
1002.000  6.3043858000e-01  9.4522102360e-02 
1003.000  6.2361620000e-01  9.3601623540e-02 
1004.000  6.1972343000e-01  9.3241981510e-02 
1005.000  5.7955434000e-01  8.7300613400e-02 
1006.000  6.0999681000e-01  9.1935691830e-02 
1007.000  6.2066791000e-01  9.3489387510e-02 
1008.000  6.2140990000e-01  9.3320564270e-02 
1009.000  6.1512062000e-01  9.2004371640e-02 
1010.000  6.1851507000e-01  9.2701278690e-02 
1011.000  6.1780983000e-01  9.3026329040e-02 
1012.000  6.1898518000e-01  9.3378479000e-02 
1013.000  6.1526770000e-01  9.2959594730e-02 
1014.000  6.1951323000e-01  9.3682380680e-02 
1015.000  6.0812018000e-01  9.1998428340e-02 
1016.000  6.1234261000e-01  9.2723541260e-02 
1017.000  6.0639911000e-01  9.1881896970e-02 
1018.000  6.1396796000e-01  9.2987983700e-02 
1019.000  5.9915662000e-01  9.0627655030e-02 
1020.000  5.9815812000e-01  9.0529632570e-02 
1021.000  6.0465407000e-01  9.1609825130e-02 
1022.000  5.9465268000e-01  8.9913841250e-02 
1023.000  6.0528627000e-01  9.1368064880e-02 
1024.000  6.0173735000e-01  9.0740020750e-02 
1025.000  6.0289099000e-01  9.1172264100e-02 
1026.000  6.0417326000e-01  9.1498352050e-02 
1027.000  6.0027350000e-01  9.0893264770e-02 
1028.000  6.0188388000e-01  9.1215766910e-02 
1029.000  5.9322528000e-01  9.0052444460e-02 
1030.000  5.9970416000e-01  9.1185157780e-02 
1031.000  5.9805956000e-01  9.1030776980e-02 
1032.000  5.9614457000e-01  9.0815605160e-02 
1033.000  5.8520199000e-01  8.9171073910e-02 
1034.000  5.9091763000e-01  9.0078956600e-02 
1035.000  5.8319736000e-01  8.8911979680e-02 
1036.000  5.9283361000e-01  9.0407562260e-02 
1037.000  5.8034695000e-01  8.8521690370e-02 
1038.000  5.8608356000e-01  8.9412528990e-02 
1039.000  5.8846905000e-01  8.9772590640e-02 
1040.000  5.8149674000e-01  8.8708801270e-02 
1041.000  5.8452209000e-01  8.9166854860e-02 
1042.000  5.8625006000e-01  8.9432823180e-02 
1043.000  5.7612487000e-01  8.7894485470e-02 
1044.000  5.8184912000e-01  8.8767196660e-02 
1045.000  5.7929757000e-01  8.8385513310e-02 
1046.000  5.6243976000e-01  8.5831649780e-02 
1047.000  5.7275356000e-01  8.7422042850e-02 
1048.000  5.7842617000e-01  8.8312339780e-02 
1049.000  5.7470503000e-01  8.7775619510e-02 
1050.000  5.7228311000e-01  8.7408454900e-02 
1051.000  5.7125177000e-01  8.7220237730e-02 
1052.000  5.6856979000e-01  8.6788223270e-02 
1053.000  5.6714432000e-01  8.6562675480e-02 
1054.000  5.6290608000e-01  8.5892890930e-02 
1055.000  5.6699626000e-01  8.6463272090e-02 
1056.000  5.6546189000e-01  8.6201988220e-02 
1057.000  5.6439012000e-01  8.5964042660e-02 
1058.000  5.5831498000e-01  8.4896743770e-02 
1059.000  5.4076605000e-01  8.2261306760e-02 
1060.000  5.6033072000e-01  8.5345695500e-02 
1061.000  5.4067136000e-01  8.2350791930e-02 
1062.000  5.5556693000e-01  8.4540687560e-02 
1063.000  5.4615446000e-01  8.3092842100e-02 
1064.000  5.5288776000e-01  8.4037536620e-02 
1065.000  5.5204762000e-01  8.3791801450e-02 
1066.000  5.3513713000e-01  8.1225097660e-02 
1067.000  5.4776466000e-01  8.3086692810e-02 
1068.000  5.4501634000e-01  8.2453041080e-02 
1069.000  5.0368805000e-01  7.6077018740e-02 
1070.000  5.3364059000e-01  8.0624053960e-02 
1071.000  5.3410783000e-01  8.0566909790e-02 
1072.000  5.3549142000e-01  8.0651885990e-02 
1073.000  5.1779418000e-01  7.7966011050e-02 
1074.000  5.3600079000e-01  8.0729713440e-02 
1075.000  5.1994798000e-01  7.8494422910e-02 
1076.000  5.3097657000e-01  8.0040344240e-02 
1077.000  5.2928400000e-01  7.9629692080e-02 
1078.000  5.3004678000e-01  7.9564476010e-02 
1079.000  5.0955028000e-01  7.6462791440e-02 
1080.000  5.2298747000e-01  7.8013427730e-02 
1081.000  5.0365582000e-01  7.5098037720e-02 
1082.000  5.1080476000e-01  7.6342094420e-02 
1083.000  4.9615081000e-01  7.3898323060e-02 
1084.000  5.1407069000e-01  7.6285949710e-02 
1085.000  5.0483454000e-01  7.4299903870e-02 
1086.000  5.1203079000e-01  7.5479766850e-02 
1087.000  4.8327476000e-01  7.1857582090e-02 
1088.000  5.1265295000e-01  7.6267532350e-02 
1089.000  4.8980955000e-01  7.2103584290e-02 
1090.000  4.9980550000e-01  7.3439575200e-02 
1091.000  5.0371928000e-01  7.4172958370e-02 
1092.000  4.9034666000e-01  7.1829795840e-02 
1093.000  4.8045254000e-01  6.9570480350e-02 
1094.000  4.3562051500e-01  6.2746730800e-02 
1095.000  4.7180516000e-01  6.7991676330e-02 
1096.000  4.7313029000e-01  6.8232704160e-02 
1097.000  4.6306208000e-01  6.6569297790e-02 
1098.000  4.4572041200e-01  6.2292484280e-02 
1099.000  4.3539592400e-01  5.9393402100e-02 
1100.000  4.4368994500e-01  6.0614608760e-02 
1101.000  4.4434923800e-01  6.0893325810e-02 
1102.000  4.2517795900e-01  5.8153205870e-02 
1103.000  4.4313376800e-01  6.0723411560e-02 
1104.000  4.3793071300e-01  5.9752822880e-02 
1105.000  4.3217271000e-01  5.8351715090e-02 
1106.000  4.2334528900e-01  5.6569942470e-02 
1107.000  4.2418040700e-01  5.6793357850e-02 
1108.000  4.2384751700e-01  5.6806781770e-02 
1109.000  4.3034735500e-01  5.8116546630e-02 
1110.000  4.3210478500e-01  5.8201442720e-02 
1111.000  4.2412818500e-01  5.6795814510e-02 
1112.000  4.0775395700e-01  5.3339466090e-02 
1113.000  3.8902924700e-01  4.9031192780e-02 
1114.000  3.8881917400e-01  4.8339557650e-02 
1115.000  3.6319551400e-01  4.2663345340e-02 
1116.000  3.4501988000e-01  3.9055370330e-02 
1117.000  3.1601360000e-01  3.2967227940e-02 
1118.000  2.8205413800e-01  2.7173574450e-02 
1119.000  2.5820297400e-01  2.3678316120e-02 
1120.000  2.3803259500e-01  2.0475761410e-02 
1121.000  2.3494786100e-01  1.9880289080e-02 
1122.000  2.1117665100e-01  1.6558977130e-02 
1123.000  2.2503014200e-01  1.8338315960e-02 
1124.000  2.3398551000e-01  1.9525724410e-02 
1125.000  2.2482729300e-01  1.8505626680e-02 
1126.000  2.1877857500e-01  1.7915065770e-02 
1127.000  2.2794775000e-01  1.8803173070e-02 
1128.000  2.2716480000e-01  1.8999618530e-02 
1129.000  2.4998366500e-01  2.2288282390e-02 
1130.000  2.9879640700e-01  3.0083703990e-02 
1131.000  3.1573870300e-01  3.2857185360e-02 
1132.000  2.9776696300e-01  2.9551519390e-02 
1133.000  2.5554017900e-01  2.3265258790e-02 
1134.000  1.8688187000e-01  1.3727586750e-02 
1135.000  1.9453298600e-01  1.4603219990e-02 
1136.000  2.6169931400e-01  2.4190570830e-02 
1137.000  2.9996756900e-01  3.0202793120e-02 
1138.000  3.2048010200e-01  3.5038089750e-02 
1139.000  3.3651993900e-01  3.7840194700e-02 
1140.000  3.3149847800e-01  3.6684547420e-02 
1141.000  3.0993638700e-01  3.3278728490e-02 
1142.000  3.1407393300e-01  3.3324375150e-02 
1143.000  2.9516209200e-01  3.0241691590e-02 
1144.000  2.7788038600e-01  2.7390981670e-02 
1145.000  2.5701124200e-01  2.3881946560e-02 
1146.000  2.6502288900e-01  2.4965265270e-02 
1147.000  2.8412864900e-01  2.7981592180e-02 
1148.000  2.9674567200e-01  3.0352647780e-02 
1149.000  3.0367300300e-01  3.1541978840e-02 
1150.000  3.0242245400e-01  3.1497238160e-02 
1151.000  3.1028477100e-01  3.3126098630e-02 
1152.000  3.1392469800e-01  3.3912403110e-02 
1153.000  3.1961353900e-01  3.5119552610e-02 
1154.000  3.1986042400e-01  3.5020900730e-02 
1155.000  3.3269365200e-01  3.7649074550e-02 
1156.000  3.4115116300e-01  3.9989639280e-02 
1157.000  3.7057331200e-01  4.6300338750e-02 
1158.000  3.8094677200e-01  4.8698108670e-02 
1159.000  3.8416766100e-01  5.0031929020e-02 
1160.000  3.8275679100e-01  5.0225883480e-02 
1161.000  3.8328486100e-01  5.1187610630e-02 
1162.000  4.0360708100e-01  5.4638957980e-02 
1163.000  4.1317524700e-01  5.6826911930e-02 
1164.000  4.0661164400e-01  5.6112522130e-02 
1165.000  4.1496242400e-01  5.7381168370e-02 
1166.000  4.0575689600e-01  5.6317699430e-02 
1167.000  4.1330221500e-01  5.7495006560e-02 
1168.000  4.1651380900e-01  5.7895881650e-02 
1169.000  4.0317832300e-01  5.6171943660e-02 
1170.000  4.1503097500e-01  5.7941158290e-02 
1171.000  4.1970574600e-01  5.8903488160e-02 
1172.000  4.1675414900e-01  5.8311340330e-02 
1173.000  4.1224999200e-01  5.7513210300e-02 
1174.000  4.1255157600e-01  5.7566417690e-02 
1175.000  4.1200242100e-01  5.7959426880e-02 
1176.000  4.0588717800e-01  5.7530349730e-02 
1177.000  4.1656212600e-01  5.8831684110e-02 
1178.000  4.0577956900e-01  5.6892547610e-02 
1179.000  4.0396954100e-01  5.6639820100e-02 
1180.000  4.0827999500e-01  5.7094459530e-02 
1181.000  4.0266250300e-01  5.5929065700e-02 
1182.000  3.9965526500e-01  5.5141872410e-02 
1183.000  3.7685750800e-01  5.2037689210e-02 
1184.000  3.9583224100e-01  5.4865840910e-02 
1185.000  4.0598498000e-01  5.6804115300e-02 
1186.000  4.0211920000e-01  5.6105640410e-02 
1187.000  3.9725504400e-01  5.4901985170e-02 
1188.000  3.9406473100e-01  5.4342144010e-02 
1189.000  3.7393597700e-01  5.1869876860e-02 
1190.000  4.0006366100e-01  5.6332664490e-02 
1191.000  4.0862576900e-01  5.7795417790e-02 
1192.000  4.0970069200e-01  5.8323715210e-02 
1193.000  4.0914418500e-01  5.8154663090e-02 
1194.000  4.0785947200e-01  5.7920173650e-02 
1195.000  4.0005309000e-01  5.6453304290e-02 
1196.000  4.0024327200e-01  5.6535430910e-02 
1197.000  3.9856570600e-01  5.6127750400e-02 
1198.000  3.8483539500e-01  5.4160495760e-02 
1199.000  3.6869391500e-01  5.1691200260e-02 
1200.000  3.9304572700e-01  5.5230964660e-02 
1201.000  3.9630143100e-01  5.5753871920e-02 
1202.000  3.9721441000e-01  5.5978801730e-02 
1203.000  3.7677563000e-01  5.3037784580e-02 
1204.000  3.8363189600e-01  5.4116756440e-02 
1205.000  3.9782878500e-01  5.6724967960e-02 
1206.000  3.9787829300e-01  5.7008094790e-02 
1207.000  4.0156029400e-01  5.7648242950e-02 
1208.000  3.9498773700e-01  5.6609802250e-02 
1209.000  3.6917619600e-01  5.2769577030e-02 
1210.000  3.9301266900e-01  5.5920879360e-02 
1211.000  3.7959681400e-01  5.3979057310e-02 
1212.000  3.9203798600e-01  5.5814479830e-02 
1213.000  3.9563688200e-01  5.6572326660e-02 
1214.000  3.9357144200e-01  5.6246528630e-02 
1215.000  3.9565272800e-01  5.6642215730e-02 
1216.000  3.9742481800e-01  5.7291248320e-02 
1217.000  3.9904105100e-01  5.7872711180e-02 
1218.000  3.9862013400e-01  5.7986568450e-02 
1219.000  3.9538880600e-01  5.7625755310e-02 
1220.000  3.9812571000e-01  5.8030689240e-02 
1221.000  3.9765156500e-01  5.7994865420e-02 
1222.000  3.9563291800e-01  5.7712856290e-02 
1223.000  3.9396623400e-01  5.7517379760e-02 
1224.000  3.9850004100e-01  5.8391551970e-02 
1225.000  3.9662190200e-01  5.8172313690e-02 
1226.000  3.9842656000e-01  5.8514556880e-02 
1227.000  3.8559028100e-01  5.6744934080e-02 
1228.000  3.9846080100e-01  5.8787986760e-02 
1229.000  3.9861291400e-01  5.8928081510e-02 
1230.000  3.9791590700e-01  5.8958095550e-02 
1231.000  3.9828596800e-01  5.9092227940e-02 
1232.000  3.9393121100e-01  5.8483730320e-02 
1233.000  3.9711547500e-01  5.8984954830e-02 
1234.000  3.9678697300e-01  5.9101318360e-02 
1235.000  3.9433938700e-01  5.8800838470e-02 
1236.000  3.9683867700e-01  5.9221858980e-02 
1237.000  3.9709158000e-01  5.9320663450e-02 
1238.000  3.9693546400e-01  5.9327907560e-02 
1239.000  3.9245709400e-01  5.8681022640e-02 
1240.000  3.9068007500e-01  5.8441268920e-02 
1241.000  3.9409008500e-01  5.8967052460e-02 
1242.000  3.9169264300e-01  5.8619155880e-02 
1243.000  3.8723475400e-01  5.7965267180e-02 
1244.000  3.8359136600e-01  5.7415927890e-02 
1245.000  3.9006950500e-01  5.8390392300e-02 
1246.000  3.8690817000e-01  5.7898296360e-02 
1247.000  3.8482251300e-01  5.7563125610e-02 
1248.000  3.8763268400e-01  5.7963882450e-02 
1249.000  3.8612618500e-01  5.7733505250e-02 
1250.000  3.8444548500e-01  5.7463443760e-02 
1251.000  3.8161355600e-01  5.7023921970e-02 
1252.000  3.8017307600e-01  5.6772689820e-02 
1253.000  3.7671614300e-01  5.6216342930e-02 
1254.000  3.7707018400e-01  5.6179328920e-02 
1255.000  3.7598249100e-01  5.5963680270e-02 
1256.000  3.7478386900e-01  5.5746841430e-02 
1257.000  3.6993343500e-01  5.4959419250e-02 
1258.000  3.7000811800e-01  5.4825717930e-02 
1259.000  3.6476864600e-01  5.3937164310e-02 
1260.000  3.6389748400e-01  5.3676864620e-02 
1261.000  3.6167710900e-01  5.3207447050e-02 
1262.000  3.5063592100e-01  5.1339496610e-02 
1263.000  3.5361250100e-01  5.1706989290e-02 
1264.000  3.4726891200e-01  5.0744247440e-02 
1265.000  3.4759087600e-01  5.0777866360e-02 
1266.000  3.4844807800e-01  5.0809726720e-02 
1267.000  3.4036969400e-01  4.9540016170e-02 
1268.000  3.3528011600e-01  4.8716091160e-02 
1269.000  3.3763267900e-01  4.9020538330e-02 
1270.000  3.4581806500e-01  5.0422649380e-02 
1271.000  3.4974025300e-01  5.1072139740e-02 
1272.000  3.5032639200e-01  5.1246704100e-02 
1273.000  3.5148991800e-01  5.1530551910e-02 
1274.000  3.5119217900e-01  5.1632286070e-02 
1275.000  3.5413471500e-01  5.2108184810e-02 
1276.000  3.5522033600e-01  5.2269363400e-02 
1277.000  3.5526063900e-01  5.2241725920e-02 
1278.000  3.5457272400e-01  5.2091388700e-02 
1279.000  3.5254893900e-01  5.1791393280e-02 
1280.000  3.5145098200e-01  5.1732540130e-02 
1281.000  3.4237234700e-01  5.0489318850e-02 
1282.000  3.0479712500e-01  4.5030925750e-02 
1283.000  3.3502699100e-01  4.9526824950e-02 
1284.000  3.4891393100e-01  5.1568283080e-02 
1285.000  3.5175810500e-01  5.1998474120e-02 
1286.000  3.5121140500e-01  5.1831802370e-02 
1287.000  3.5247950000e-01  5.1877948760e-02 
1288.000  3.4698431300e-01  5.0618511200e-02 
1289.000  3.4803543900e-01  5.0621147160e-02 
1290.000  3.3991360400e-01  4.9403923030e-02 
1291.000  3.4515035500e-01  5.0188964840e-02 
1292.000  3.4802349300e-01  5.0733299260e-02 
1293.000  3.4846265800e-01  5.0767093660e-02 
1294.000  3.4151639800e-01  4.9522659300e-02 
1295.000  3.4286028100e-01  4.9386489870e-02 
1296.000  3.4066554000e-01  4.8734462740e-02 
1297.000  3.3656543200e-01  4.7882617950e-02 
1298.000  3.3337351400e-01  4.7373538970e-02 
1299.000  3.3659817300e-01  4.7777935030e-02 
1300.000  3.3490743600e-01  4.7476863860e-02 
1301.000  3.3392674500e-01  4.7235145570e-02 
1302.000  3.2824099300e-01  4.6219238280e-02 
1303.000  3.2226166100e-01  4.4859348300e-02 
1304.000  3.2089272600e-01  4.4435523990e-02 
1305.000  3.2214067800e-01  4.4492038730e-02 
1306.000  3.2192414000e-01  4.4344493870e-02 
1307.000  3.1990888700e-01  4.3924598690e-02 
1308.000  3.1693297400e-01  4.3185977940e-02 
1309.000  3.1299849700e-01  4.2230335240e-02 
1310.000  3.1127287300e-01  4.1932540890e-02 
1311.000  3.1042044900e-01  4.1791790010e-02 
1312.000  3.0498914000e-01  4.0610664370e-02 
1313.000  2.8887999100e-01  3.7976001740e-02 
1314.000  2.9339930300e-01  3.8129779820e-02 
1315.000  2.8562333900e-01  3.7285652160e-02 
1316.000  2.9560307700e-01  3.8855621340e-02 
1317.000  2.9860742400e-01  3.9212913510e-02 
1318.000  2.8921241600e-01  3.7460937500e-02 
1319.000  2.8556518500e-01  3.6284191130e-02 
1320.000  2.7484556000e-01  3.4083873750e-02 
1321.000  2.7030920600e-01  3.3150352480e-02 
1322.000  2.7538254700e-01  3.4277431490e-02 
1323.000  2.8227375600e-01  3.5642192840e-02 
1324.000  2.8553938100e-01  3.6301307680e-02 
1325.000  2.8315402000e-01  3.5779911040e-02 
1326.000  2.7606942600e-01  3.4340133670e-02 
1327.000  2.6153138800e-01  3.1284223560e-02 
1328.000  2.4839181400e-01  2.8244844440e-02 
1329.000  2.1429192900e-01  2.2185314180e-02 
1330.000  2.0824015000e-01  2.0812877660e-02 
1331.000  2.0275096500e-01  1.9788820270e-02 
1332.000  2.0055629800e-01  1.9672891620e-02 
1333.000  2.1157274300e-01  2.1133378980e-02 
1334.000  2.1999718700e-01  2.2519531250e-02 
1335.000  2.2594470900e-01  2.3538604740e-02 
1336.000  2.2583939200e-01  2.3657939910e-02 
1337.000  2.2839534200e-01  2.3967998500e-02 
1338.000  2.3215154300e-01  2.4676959990e-02 
1339.000  2.3266552100e-01  2.4839529040e-02 
1340.000  2.3428850700e-01  2.5289506910e-02 
1341.000  2.3824412300e-01  2.5455966950e-02 
1342.000  2.3814595400e-01  2.5420965190e-02 
1343.000  2.2910278100e-01  2.3239868160e-02 
1344.000  2.1523852100e-01  2.0559875490e-02 
1345.000  1.7807172500e-01  1.4691996570e-02 
1346.000  1.5189008000e-01  1.0986937520e-02 
1347.000  1.3471983000e-01  8.9321823120e-03 
1348.000  1.1168409400e-01  6.2141547200e-03 
1349.000  1.0157932570e-01  5.2548351290e-03 
1350.000  7.9123631500e-02  3.2387421130e-03 
1351.000  6.8307299000e-02  2.4998903270e-03 
1352.000  5.2246364500e-02  1.4831104280e-03 
1353.000  3.7031584000e-02  8.1430244450e-04 
1354.000  2.9610103600e-02  5.4467397930e-04 
1355.000  2.2989717000e-02  3.4971246120e-04 
1356.000  1.7384976400e-02  2.1323692800e-04 
1357.000  1.1883099710e-02  1.0776498170e-04 
1358.000  8.7943135000e-03  6.5925255420e-05 
1359.000  4.6371932800e-03  2.2474789990e-05 
1360.000  3.0667207900e-03  1.1839286420e-05 
1361.000  2.2822911100e-03  7.0569864470e-06 
1362.000  2.1000793400e-03  6.2068952250e-06 
1363.000  3.0298733600e-03  1.0812290940e-05 
1364.000  3.5132279600e-03  1.3524823820e-05 
1365.000  3.6785399200e-03  1.4263652270e-05 
1366.000  4.2481010300e-03  1.7796425150e-05 
1367.000  3.5684728100e-03  1.3945923190e-05 
1368.000  3.1641459100e-03  1.2052877810e-05 
1369.000  3.2446903800e-03  1.2672832240e-05 
1370.000  5.3662074000e-03  2.9300110410e-05 
1371.000  9.5567543100e-03  7.3090188210e-05 
1372.000  1.7696206700e-02  2.0100864770e-04 
1373.000  2.5103550300e-02  3.5361465810e-04 
1374.000  3.0483584400e-02  4.8805129530e-04 
1375.000  3.2500859100e-02  5.4710185530e-04 
1376.000  3.0145884800e-02  4.8497051000e-04 
1377.000  2.6837321900e-02  3.9625981450e-04 
1378.000  2.0455611600e-02  2.5296908620e-04 
1379.000  1.4046726510e-02  1.3685052100e-04 
1380.000  7.9669030900e-03  5.4843645540e-05 
1381.000  4.6085496800e-03  2.2932788360e-05 
1382.000  3.2226958600e-03  1.2960577380e-05 
1383.000  3.1180847100e-03  1.2099886310e-05 
1384.000  5.0718392800e-03  2.5987813250e-05 
1385.000  7.2001220900e-03  4.5382481070e-05 
1386.000  1.0997440280e-02  8.9094437660e-05 
1387.000  2.0206292300e-02  2.4344238640e-04 
1388.000  2.6781621900e-02  3.8080695270e-04 
1389.000  3.0763997600e-02  4.8387587070e-04 
1390.000  3.1403328700e-02  5.0488609080e-04 
1391.000  2.9315378200e-02  4.4840607050e-04 
1392.000  2.2163676000e-02  2.8379464150e-04 
1393.000  1.6942383100e-02  1.8512496350e-04 
1394.000  1.2979798700e-02  1.2089607860e-04 
1395.000  1.4631332700e-02  1.4606891570e-04 
1396.000  2.0077420500e-02  2.4019132550e-04 
1397.000  2.5909788700e-02  3.6360973120e-04 
1398.000  2.6682586600e-02  3.7915003300e-04 
1399.000  2.4913632100e-02  3.4324389700e-04 
1400.000  2.3296363100e-02  3.1139558550e-04 
1401.000  2.4765225700e-02  3.4739175440e-04 
1402.000  3.0702171700e-02  4.8140281440e-04 
1403.000  3.5348564000e-02  6.1958003040e-04 
1404.000  3.3248478500e-02  5.5552184580e-04 
1405.000  3.4827034400e-02  6.1024463180e-04 
1406.000  3.2294448200e-02  5.3246355060e-04 
1407.000  3.3492546000e-02  5.7770597930e-04 
1408.000  4.0143167200e-02  7.6851451400e-04 
1409.000  4.7056922800e-02  1.0085901020e-03 
1410.000  5.7714882700e-02  1.4014290570e-03 
1411.000  6.8649599500e-02  1.9089831110e-03 
1412.000  6.6323375700e-02  1.8365007640e-03 
1413.000  7.3148458600e-02  2.1818764210e-03 
1414.000  7.2119407900e-02  2.0915715690e-03 
1415.000  7.9726981300e-02  2.5267891880e-03 
1416.000  8.5660938600e-02  2.8416030410e-03 
1417.000  8.7866407400e-02  2.9814255240e-03 
1418.000  8.8649418000e-02  3.0011358260e-03 
1419.000  8.8464788700e-02  3.0349416730e-03 
1420.000  9.0565807900e-02  3.1389689450e-03 
1421.000  1.0185943040e-01  3.8245084290e-03 
1422.000  1.0428254560e-01  4.0273756980e-03 
1423.000  1.0544545730e-01  4.1379432680e-03 
1424.000  1.0508710870e-01  4.0949115750e-03 
1425.000  1.0389410160e-01  3.9706389900e-03 
1426.000  1.0016837050e-01  3.8257639410e-03 
1427.000  1.0609833440e-01  4.1722674370e-03 
1428.000  1.1206036500e-01  4.4944167140e-03 
1429.000  1.1366176350e-01  4.6781868930e-03 
1430.000  1.1089778790e-01  4.5577654840e-03 
1431.000  1.0331490420e-01  4.0780811310e-03 
1432.000  1.0102047330e-01  3.8853783610e-03 
1433.000  1.0073577630e-01  3.8629171850e-03 
1434.000  9.6084055000e-02  3.6064791680e-03 
1435.000  1.0315474890e-01  4.0299639700e-03 
1436.000  1.0572348750e-01  4.1976594920e-03 
1437.000  1.0740866380e-01  4.2993245120e-03 
1438.000  1.1387136650e-01  4.7436971660e-03 
1439.000  1.1597284630e-01  4.8461060520e-03 
1440.000  1.1119975890e-01  4.7015671730e-03 
1441.000  1.1810645550e-01  5.0273728370e-03 
1442.000  1.1329124390e-01  4.7610440250e-03 
1443.000  1.1532745890e-01  4.8573446270e-03 
1444.000  1.1792744390e-01  5.0233831410e-03 
1445.000  1.1816355400e-01  5.0509796140e-03 
1446.000  1.2368008520e-01  5.4095592500e-03 
1447.000  1.2706028700e-01  5.6723704340e-03 
1448.000  1.2850837000e-01  5.7595887180e-03 
1449.000  1.2598529760e-01  5.5757431980e-03 
1450.000  1.2047269220e-01  5.2233629230e-03 
1451.000  1.2182148220e-01  5.3454251290e-03 
1452.000  1.2715312200e-01  5.8090190890e-03 
1453.000  1.4168658500e-01  6.8482484820e-03 
1454.000  1.5417680700e-01  7.8711242680e-03 
1455.000  1.6015051100e-01  8.4504165650e-03 
1456.000  1.6725452800e-01  9.1102380750e-03 
1457.000  1.6994444000e-01  9.3064203260e-03 
1458.000  1.7326860500e-01  9.5554170610e-03 
1459.000  1.6840056900e-01  9.1043004990e-03 
1460.000  1.6072402600e-01  8.5400762560e-03 
1461.000  1.5764106900e-01  8.3163709640e-03 
1462.000  1.4915285500e-01  7.6681423190e-03 
1463.000  1.4816399600e-01  7.6455249790e-03 
1464.000  1.4625015600e-01  7.5056910510e-03 
1465.000  1.4300557400e-01  7.2016367910e-03 
1466.000  1.3327766500e-01  6.5453372000e-03 
1467.000  1.3231105400e-01  6.3843860630e-03 
1468.000  1.2416939410e-01  5.8702707290e-03 
1469.000  1.1778886560e-01  5.3645138740e-03 
1470.000  1.1437776510e-01  5.1495485310e-03 
1471.000  1.2137803030e-01  5.7728800770e-03 
1472.000  1.3365774100e-01  6.7669034000e-03 
1473.000  1.5020525900e-01  8.1849889760e-03 
1474.000  1.5744183600e-01  9.0523958210e-03 
1475.000  1.6024143900e-01  9.2643442150e-03 
1476.000  1.6050222300e-01  9.3325080870e-03 
1477.000  1.5706196600e-01  9.0554876330e-03 
1478.000  1.5091975400e-01  8.6307973860e-03 
1479.000  1.4792650500e-01  8.3393983840e-03 
1480.000  1.5100798000e-01  8.6788587570e-03 
1481.000  1.5383165800e-01  9.0825567250e-03 
1482.000  1.6078157800e-01  9.7756452560e-03 
1483.000  1.5900266900e-01  9.7837305070e-03 
1484.000  1.6003409600e-01  9.9173507690e-03 
1485.000  1.6233463700e-01  1.0086365700e-02 
1486.000  1.6370814300e-01  1.0440454480e-02 
1487.000  1.7373036000e-01  1.1602052690e-02 
1488.000  1.5225014800e-01  1.0265124320e-02 
1489.000  1.8683956300e-01  1.3343352320e-02 
1490.000  1.9767471100e-01  1.4818490980e-02 
1491.000  2.0473799800e-01  1.5780354500e-02 
1492.000  2.0102604700e-01  1.5658345220e-02 
1493.000  2.0845724700e-01  1.6547594070e-02 
1494.000  2.0815362400e-01  1.6665332790e-02 
1495.000  2.0987802900e-01  1.7126394270e-02 
1496.000  2.0951563400e-01  1.7534427640e-02 
1497.000  2.1462531000e-01  1.8111257550e-02 
1498.000  2.2170586900e-01  1.9126781460e-02 
1499.000  2.2269560300e-01  1.9621902470e-02 
1500.000  2.2956384100e-01  2.0576259610e-02 
1501.000  2.2825846400e-01  2.0500089650e-02 
1502.000  2.2457809300e-01  2.0169395450e-02 
1503.000  2.0062052600e-01  1.8045654300e-02 
1504.000  2.0995555500e-01  1.9051025390e-02 
1505.000  2.1257870200e-01  1.9597518920e-02 
1506.000  2.1551055600e-01  1.9984811780e-02 
1507.000  2.2832896800e-01  2.1483694080e-02 
1508.000  2.2632144800e-01  2.1514730450e-02 
1509.000  2.2884615400e-01  2.1987394330e-02 
1510.000  2.3294772600e-01  2.2542587280e-02 
1511.000  2.3509538200e-01  2.2931198120e-02 
1512.000  2.3140993200e-01  2.2718553540e-02 
1513.000  2.3132011500e-01  2.2834478380e-02 
1514.000  2.2815361200e-01  2.2616973880e-02 
1515.000  2.3345984300e-01  2.3300136570e-02 
1516.000  2.3155426300e-01  2.3221542360e-02 
1517.000  2.3093394500e-01  2.3305295940e-02 
1518.000  2.3665658500e-01  2.4092536930e-02 
1519.000  2.3487531800e-01  2.4139636990e-02 
1520.000  2.3847605200e-01  2.4787836070e-02 
1521.000  2.3508705000e-01  2.4606443410e-02 
1522.000  2.3372747300e-01  2.4541843410e-02 
1523.000  2.3975380900e-01  2.5284120560e-02 
1524.000  2.3767024500e-01  2.5113168720e-02 
1525.000  2.3193452800e-01  2.4549221040e-02 
1526.000  2.3857027800e-01  2.5331132890e-02 
1527.000  2.3645820400e-01  2.5219913480e-02 
1528.000  2.3855990200e-01  2.5576528550e-02 
1529.000  2.3781396700e-01  2.5565095900e-02 
1530.000  2.2296021800e-01  2.4086729050e-02 
1531.000  2.3860462300e-01  2.5896461490e-02 
1532.000  2.3746820500e-01  2.5897773740e-02 
1533.000  2.3650723600e-01  2.5896371840e-02 
1534.000  2.3302985300e-01  2.5613498690e-02 
1535.000  2.3401786800e-01  2.5822366710e-02 
1536.000  2.3715093500e-01  2.6255699160e-02 
1537.000  2.3808830100e-01  2.6473611830e-02 
1538.000  2.3176199600e-01  2.5886602400e-02 
1539.000  2.3677773000e-01  2.6561140060e-02 
1540.000  2.2822930000e-01  2.5698471070e-02 
1541.000  2.3304252200e-01  2.6319480900e-02 
1542.000  2.3443015400e-01  2.6547266010e-02 
1543.000  2.3379274400e-01  2.6557880400e-02 
1544.000  2.3679659700e-01  2.6991275790e-02 
1545.000  2.3770608600e-01  2.7203388210e-02 
1546.000  2.3792535300e-01  2.7335250850e-02 
1547.000  2.3561538200e-01  2.7169813160e-02 
1548.000  2.2865686000e-01  2.6456951140e-02 
1549.000  2.3451780900e-01  2.7212991710e-02 
1550.000  2.3320036000e-01  2.7133132930e-02 
1551.000  2.3197289700e-01  2.7045028690e-02 
1552.000  2.3592734100e-01  2.7562353130e-02 
1553.000  2.3469449000e-01  2.7483354570e-02 
1554.000  2.2609565800e-01  2.6529794690e-02 
1555.000  2.2986909400e-01  2.7042196270e-02 
1556.000  2.2548089700e-01  2.6596242900e-02 
1557.000  2.3286404900e-01  2.7543605800e-02 
1558.000  2.3102074800e-01  2.7387989040e-02 
1559.000  2.3103897700e-01  2.7449840550e-02 
1560.000  2.2704937300e-01  2.7044298170e-02 
1561.000  2.3234839700e-01  2.7723199840e-02 
1562.000  2.3224050800e-01  2.7743629460e-02 
1563.000  2.2876904600e-01  2.7370735170e-02 
1564.000  2.2411063400e-01  2.6844917300e-02 
1565.000  2.2736408300e-01  2.7258815770e-02 
1566.000  2.2305648900e-01  2.6796510700e-02 
1567.000  2.2269872900e-01  2.6772323610e-02 
1568.000  2.1754257900e-01  2.6152723310e-02 
1569.000  2.1772392200e-01  2.6167669300e-02 
1570.000  2.1166729800e-01  2.5449646000e-02 
1571.000  2.1733903900e-01  2.6175434110e-02 
1572.000  2.1717282500e-01  2.6185968400e-02 
1573.000  2.1387447000e-01  2.5846618650e-02 
1574.000  2.1471793300e-01  2.6019330980e-02 
1575.000  1.9949309300e-01  2.4229160310e-02 
1576.000  2.1432170000e-01  2.6069034580e-02 
1577.000  1.9359953300e-01  2.3583618160e-02 
1578.000  2.1195077000e-01  2.5857677460e-02 
1579.000  2.1327414600e-01  2.6067207340e-02 
1580.000  2.1782450000e-01  2.6688295360e-02 
1581.000  2.1638042900e-01  2.6557994840e-02 
1582.000  2.1223045300e-01  2.6136384960e-02 
1583.000  2.1503646700e-01  2.6567316060e-02 
1584.000  2.1330472400e-01  2.6440246580e-02 
1585.000  2.1975310500e-01  2.7318750380e-02 
1586.000  2.1699357400e-01  2.7032583240e-02 
1587.000  2.1473274800e-01  2.6827177050e-02 
1588.000  2.1158264900e-01  2.6505990980e-02 
1589.000  1.9357627200e-01  2.4298362730e-02 
1590.000  2.0854858800e-01  2.6223955150e-02 
1591.000  2.0387704800e-01  2.5670770650e-02 
1592.000  2.1455347700e-01  2.7034759520e-02 
1593.000  2.1916930600e-01  2.7629663470e-02 
1594.000  2.1729410700e-01  2.7407783510e-02 
1595.000  2.1826684100e-01  2.7547580720e-02 
1596.000  2.0445798700e-01  2.5839721680e-02 
1597.000  2.1204938700e-01  2.6806932450e-02 
1598.000  2.1496407400e-01  2.7172489170e-02 
1599.000  2.0652581000e-01  2.6093868260e-02 
1600.000  2.0897814100e-01  2.6400533680e-02 
1601.000  2.0018063100e-01  2.5321300510e-02 
1602.000  2.0504820100e-01  2.5972118380e-02 
1603.000  2.0382040300e-01  2.5877063750e-02 
1604.000  2.0686549000e-01  2.6331972120e-02 
1605.000  2.0380667900e-01  2.5980857850e-02 
1606.000  2.0316807900e-01  2.5945508960e-02 
1607.000  2.0385567800e-01  2.6044660570e-02 
1608.000  2.0605019500e-01  2.6337469100e-02 
1609.000  2.0525812200e-01  2.6260457990e-02 
1610.000  1.9259698700e-01  2.4667366030e-02 
1611.000  1.9874464200e-01  2.5507944110e-02 
1612.000  2.0121350600e-01  2.5881916050e-02 
1613.000  2.0623394900e-01  2.6584190370e-02 
1614.000  2.0420932700e-01  2.6344232560e-02 
1615.000  2.0798138200e-01  2.6880262370e-02 
1616.000  1.9526184200e-01  2.5274484630e-02 
1617.000  2.0136683100e-01  2.6128763200e-02 
1618.000  2.0764066100e-01  2.6977041240e-02 
1619.000  2.0735943400e-01  2.7005941390e-02 
1620.000  2.0246877500e-01  2.6431423190e-02 
1621.000  1.9974192200e-01  2.6123130800e-02 
1622.000  2.0476892700e-01  2.6802803040e-02 
1623.000  2.0905038800e-01  2.7397661210e-02 
1624.000  2.1057870500e-01  2.7625892640e-02 
1625.000  2.0556388000e-01  2.7022502900e-02 
1626.000  2.0786466400e-01  2.7320468900e-02 
1627.000  2.0762622100e-01  2.7319009780e-02 
1628.000  2.0920368200e-01  2.7541528700e-02 
1629.000  2.0906708000e-01  2.7535671230e-02 
1630.000  2.0320341500e-01  2.6763622280e-02 
1631.000  2.0638109100e-01  2.7196926120e-02 
1632.000  2.0620830900e-01  2.7149961470e-02 
1633.000  2.0348746500e-01  2.6791934970e-02 
1634.000  1.9852578300e-01  2.6128683090e-02 
1635.000  2.0384728600e-01  2.6832681660e-02 
1636.000  2.0308113000e-01  2.6726493840e-02 
1637.000  1.9376912600e-01  2.5494415280e-02 
1638.000  1.9235351200e-01  2.5312393190e-02 
1639.000  1.9007067500e-01  2.4992902760e-02 
1640.000  1.9101684900e-01  2.5114339830e-02 
1641.000  1.8965304200e-01  2.4937229160e-02 
1642.000  1.8941518500e-01  2.4942647930e-02 
1643.000  1.9421512600e-01  2.5601848600e-02 
1644.000  1.9114300200e-01  2.5219545360e-02 
1645.000  1.9144158100e-01  2.5275480270e-02 
1646.000  1.9374170000e-01  2.5614048000e-02 
1647.000  1.9554269800e-01  2.5872047420e-02 
1648.000  1.9465924300e-01  2.5761779790e-02 
1649.000  1.9018652000e-01  2.5186216350e-02 
1650.000  1.9500572000e-01  2.5846572880e-02 
1651.000  1.9065190000e-01  2.5276746750e-02 
1652.000  1.9444255600e-01  2.5775646210e-02 
1653.000  1.9244074400e-01  2.5529071810e-02 
1654.000  1.9459918500e-01  2.5826894760e-02 
1655.000  1.9091381700e-01  2.5361688610e-02 
1656.000  1.9473768400e-01  2.5888767240e-02 
1657.000  1.9332318500e-01  2.5711713790e-02 
1658.000  1.9454214300e-01  2.5898235320e-02 
1659.000  1.9100398300e-01  2.5438591000e-02 
1660.000  1.9321146700e-01  2.5730827330e-02 
1661.000  1.9396497300e-01  2.5828783040e-02 
1662.000  1.9250729300e-01  2.5616243360e-02 
1663.000  1.9123287600e-01  2.5443494800e-02 
1664.000  1.9034063400e-01  2.5319885250e-02 
1665.000  1.8840027100e-01  2.5051202770e-02 
1666.000  1.8763047800e-01  2.4965858460e-02 
1667.000  1.8954690400e-01  2.5263919830e-02 
1668.000  1.8633545400e-01  2.4846385960e-02 
1669.000  1.8686049400e-01  2.4937435150e-02 
1670.000  1.9106144200e-01  2.5519676210e-02 
1671.000  1.8966369800e-01  2.5341442110e-02 
1672.000  1.8068055300e-01  2.4152410510e-02 
1673.000  1.8584201900e-01  2.4834827420e-02 
1674.000  1.8659117800e-01  2.4934339520e-02 
1675.000  1.8485830900e-01  2.4714183810e-02 
1676.000  1.8186960400e-01  2.4313060760e-02 
1677.000  1.8280025700e-01  2.4441909790e-02 
1678.000  1.8381273600e-01  2.4591173170e-02 
1679.000  1.8137155800e-01  2.4263498310e-02 
1680.000  1.7515502900e-01  2.3444618230e-02 
1681.000  1.6908357400e-01  2.2636579510e-02 
1682.000  1.7396713800e-01  2.3287096020e-02 
1683.000  1.7825752100e-01  2.3851827620e-02 
1684.000  1.8155188400e-01  2.4283966060e-02 
1685.000  1.8207129400e-01  2.4325059890e-02 
1686.000  1.7987496700e-01  2.4025791170e-02 
1687.000  1.8056975600e-01  2.4072547910e-02 
1688.000  1.8066266700e-01  2.4046321870e-02 
1689.000  1.7848343400e-01  2.3749031070e-02 
1690.000  1.7833792200e-01  2.3685607910e-02 
1691.000  1.8064514700e-01  2.3983659740e-02 
1692.000  1.8097040400e-01  2.4023796080e-02 
1693.000  1.8033040900e-01  2.3942331310e-02 
1694.000  1.8006110700e-01  2.3903614040e-02 
1695.000  1.8010722700e-01  2.3884778980e-02 
1696.000  1.7905310400e-01  2.3730749130e-02 
1697.000  1.7792641900e-01  2.3551959990e-02 
1698.000  1.7898165100e-01  2.3669284820e-02 
1699.000  1.7782592500e-01  2.3501350400e-02 
1700.000  1.7557452500e-01  2.3189956670e-02 
