 lambda   Irr_dw            Rad_up 
 550.000  1.5506480000e+00  2.2765254210e-01 
 551.000  1.5403012000e+00  2.2610983280e-01 
 552.000  1.6059527000e+00  2.3577212520e-01 
 553.000  1.5423979000e+00  2.2640606690e-01 
 554.000  1.5921498000e+00  2.3372219850e-01 
 555.000  1.5960069000e+00  2.3423823550e-01 
 556.000  1.5514373000e+00  2.2765251160e-01 
 557.000  1.5048740000e+00  2.2083438110e-01 
 558.000  1.5615033000e+00  2.2909704590e-01 
 559.000  1.4754758000e+00  2.1645420840e-01 
 560.000  1.4814930000e+00  2.1734301760e-01 
 561.000  1.6277333000e+00  2.3876586910e-01 
 562.000  1.4936899000e+00  2.1908952330e-01 
 563.000  1.5622895000e+00  2.2911839290e-01 
 564.000  1.5398723000e+00  2.2576643370e-01 
 565.000  1.5577720000e+00  2.2837873840e-01 
 566.000  1.4358654000e+00  2.1047978210e-01 
 567.000  1.5397399000e+00  2.2551878360e-01 
 568.000  1.5350212000e+00  2.2415052800e-01 
 569.000  1.5029805000e+00  2.1798616030e-01 
 570.000  1.5106677000e+00  2.1934788510e-01 
 571.000  1.4575783000e+00  2.1269262700e-01 
 572.000  1.5395256000e+00  2.2363227840e-01 
 573.000  1.5557342000e+00  2.2629238890e-01 
 574.000  1.5469809000e+00  2.2508941650e-01 
 575.000  1.5088438000e+00  2.1945176700e-01 
 576.000  1.4812114000e+00  2.1539620970e-01 
 577.000  1.5426344000e+00  2.2458108520e-01 
 578.000  1.4977080000e+00  2.1845617680e-01 
 579.000  1.4862531000e+00  2.1699372860e-01 
 580.000  1.5373920000e+00  2.2465800480e-01 
 581.000  1.5096475000e+00  2.2088624570e-01 
 582.000  1.5321694000e+00  2.2425630190e-01 
 583.000  1.5426451000e+00  2.2583685300e-01 
 584.000  1.5375471000e+00  2.2505055240e-01 
 585.000  1.5272122000e+00  2.2348712160e-01 
 586.000  1.4613821000e+00  2.1385261540e-01 
 587.000  1.5181231000e+00  2.2156140140e-01 
 588.000  1.5015083000e+00  2.1704884340e-01 
 589.000  1.3302263000e+00  1.8962315370e-01 
 590.000  1.3887587000e+00  1.9780293270e-01 
 591.000  1.4759384000e+00  2.1215126040e-01 
 592.000  1.4473128000e+00  2.0696771240e-01 
 593.000  1.4629019000e+00  2.1140806580e-01 
 594.000  1.4760153000e+00  2.1280099490e-01 
 595.000  1.4473565000e+00  2.0710499570e-01 
 596.000  1.4835615000e+00  2.1458064270e-01 
 597.000  1.4878096000e+00  2.1467758180e-01 
 598.000  1.4574619000e+00  2.1127641300e-01 
 599.000  1.4578463000e+00  2.1175448610e-01 
 600.000  1.4583074000e+00  2.1273551940e-01 
 601.000  1.4501740000e+00  2.1221188350e-01 
 602.000  1.4343094000e+00  2.1010842900e-01 
 603.000  1.4429521000e+00  2.1162948610e-01 
 604.000  1.4886337000e+00  2.1855120850e-01 
 605.000  1.4847708000e+00  2.1803337100e-01 
 606.000  1.4674831000e+00  2.1557046510e-01 
 607.000  1.4591502000e+00  2.1436570740e-01 
 608.000  1.4537113000e+00  2.1356492610e-01 
 609.000  1.4387048000e+00  2.1139410400e-01 
 610.000  1.4155794000e+00  2.0799298100e-01 
 611.000  1.4384742000e+00  2.1138237000e-01 
 612.000  1.4196579000e+00  2.0864616390e-01 
 613.000  1.3988298000e+00  2.0558557130e-01 
 614.000  1.3477624000e+00  1.9811274720e-01 
 615.000  1.4127756000e+00  2.0765161130e-01 
 616.000  1.3431922000e+00  1.9745829770e-01 
 617.000  1.3506961000e+00  1.9857817080e-01 
 618.000  1.4143361000e+00  2.0790156560e-01 
 619.000  1.4012919000e+00  2.0602055360e-01 
 620.000  1.4219028000e+00  2.0901052860e-01 
 621.000  1.4462582000e+00  2.1259178160e-01 
 622.000  1.3698848000e+00  2.0133920290e-01 
 623.000  1.3804636000e+00  2.0281965640e-01 
 624.000  1.3818472000e+00  2.0304425050e-01 
 625.000  1.3443258000e+00  1.9752032470e-01 
 626.000  1.3510220000e+00  1.9834580990e-01 
 627.000  1.3733356000e+00  2.0089103700e-01 
 628.000  1.3542017000e+00  1.9670108030e-01 
 629.000  1.3884818000e+00  2.0220634460e-01 
 630.000  1.3424673000e+00  1.9616549680e-01 
 631.000  1.3918017000e+00  2.0360772710e-01 
 632.000  1.2962681000e+00  1.8906129460e-01 
 633.000  1.3916154000e+00  2.0372460940e-01 
 634.000  1.3498420000e+00  1.9785316470e-01 
 635.000  1.3744778000e+00  2.0146279910e-01 
 636.000  1.3260485000e+00  1.9450941470e-01 
 637.000  1.3697863000e+00  2.0102442930e-01 
 638.000  1.3911610000e+00  2.0451791380e-01 
 639.000  1.3796266000e+00  2.0278509520e-01 
 640.000  1.3363418000e+00  1.9667015080e-01 
 641.000  1.3555948000e+00  1.9950016780e-01 
 642.000  1.3393139000e+00  1.9723767090e-01 
 643.000  1.3626215000e+00  2.0042015080e-01 
 644.000  1.3469518000e+00  1.9809021000e-01 
 645.000  1.3585727000e+00  1.9946340940e-01 
 646.000  1.3064207000e+00  1.9028814700e-01 
 647.000  1.3239010000e+00  1.9179788210e-01 
 648.000  1.3213090000e+00  1.9037324520e-01 
 649.000  1.3476515000e+00  1.9507595830e-01 
 650.000  1.2491483000e+00  1.8260011290e-01 
 651.000  1.3455256000e+00  1.9669126890e-01 
 652.000  1.3192009000e+00  1.9120462040e-01 
 653.000  1.3461596000e+00  1.9704473880e-01 
 654.000  1.3284472000e+00  1.9419406130e-01 
 655.000  1.2932391000e+00  1.8836596680e-01 
 656.000  1.0979600000e+00  1.6011775210e-01 
 657.000  1.1718850900e+00  1.7124455260e-01 
 658.000  1.3054343000e+00  1.9145375060e-01 
 659.000  1.3086307000e+00  1.9229727170e-01 
 660.000  1.3188960000e+00  1.9399084470e-01 
 661.000  1.3247821000e+00  1.9539360050e-01 
 662.000  1.3438723000e+00  1.9844761660e-01 
 663.000  1.3288841000e+00  1.9617356870e-01 
 664.000  1.3077563000e+00  1.9314590450e-01 
 665.000  1.3134256000e+00  1.9405390930e-01 
 666.000  1.3292336000e+00  1.9652694700e-01 
 667.000  1.3028342300e+00  1.9266418460e-01 
 668.000  1.3102217000e+00  1.9389070130e-01 
 669.000  1.3288856000e+00  1.9672669980e-01 
 670.000  1.3132730000e+00  1.9439918520e-01 
 671.000  1.2990406400e+00  1.9234547420e-01 
 672.000  1.2948962000e+00  1.9175184630e-01 
 673.000  1.3041111200e+00  1.9312928770e-01 
 674.000  1.3066009100e+00  1.9352926640e-01 
 675.000  1.2866293300e+00  1.9057569890e-01 
 676.000  1.3108831700e+00  1.9419859310e-01 
 677.000  1.2847703300e+00  1.9036318970e-01 
 678.000  1.3060027500e+00  1.9352000430e-01 
 679.000  1.2875249500e+00  1.9076695250e-01 
 680.000  1.2775858200e+00  1.8925343320e-01 
 681.000  1.2788948400e+00  1.8938456730e-01 
 682.000  1.2762008100e+00  1.8895278930e-01 
 683.000  1.2845253300e+00  1.9012962340e-01 
 684.000  1.2612535700e+00  1.8658798220e-01 
 685.000  1.2754795200e+00  1.8877659610e-01 
 686.000  1.2192388700e+00  1.8018519590e-01 
 687.000  1.1266760000e+00  1.6154391480e-01 
 688.000  1.1567670400e+00  1.6751945500e-01 
 689.000  1.1511973200e+00  1.6621328740e-01 
 690.000  1.1719048000e+00  1.7009906010e-01 
 691.000  1.1957798900e+00  1.7444548030e-01 
 692.000  1.1989152100e+00  1.7497325130e-01 
 693.000  1.1977718100e+00  1.7270271300e-01 
 694.000  1.1997243900e+00  1.7109886170e-01 
 695.000  1.1868618400e+00  1.7021629330e-01 
 696.000  1.2053819400e+00  1.7348956300e-01 
 697.000  1.2286291500e+00  1.8010760500e-01 
 698.000  1.2013226400e+00  1.7537272640e-01 
 699.000  1.2044416900e+00  1.7296109010e-01 
 700.000  1.1933231400e+00  1.7180474850e-01 
 701.000  1.1623867000e+00  1.6672091670e-01 
 702.000  1.1595491000e+00  1.6675277710e-01 
 703.000  1.1913047200e+00  1.7365600590e-01 
 704.000  1.1952662000e+00  1.7434416200e-01 
 705.000  1.1978572400e+00  1.7372985840e-01 
 706.000  1.1862819800e+00  1.7224557500e-01 
 707.000  1.1705713600e+00  1.7032458500e-01 
 708.000  1.2069560700e+00  1.7600181580e-01 
 709.000  1.1689008000e+00  1.7122146610e-01 
 710.000  1.1902167700e+00  1.7347950740e-01 
 711.000  1.1836432100e+00  1.7337062070e-01 
 712.000  1.1716551800e+00  1.7236189270e-01 
 713.000  1.1628405500e+00  1.7047050480e-01 
 714.000  1.1811996600e+00  1.7292947390e-01 
 715.000  1.1338890800e+00  1.6503306580e-01 
 716.000  1.1570227700e+00  1.6741781620e-01 
 717.000  1.0841596600e+00  1.5146772770e-01 
 718.000  1.0514189900e+00  1.4373510740e-01 
 719.000  1.0295570200e+00  1.3959730530e-01 
 720.000  1.0225980400e+00  1.3708021550e-01 
 721.000  1.0841563300e+00  1.5291709900e-01 
 722.000  1.1219314200e+00  1.6108547970e-01 
 723.000  1.1065255300e+00  1.5726013180e-01 
 724.000  1.0762391900e+00  1.4862025450e-01 
 725.000  1.0697491100e+00  1.4834167480e-01 
 726.000  1.0659175900e+00  1.4763389590e-01 
 727.000  1.0867551300e+00  1.5112818910e-01 
 728.000  1.0623165500e+00  1.4711666870e-01 
 729.000  1.0332650000e+00  1.4467720030e-01 
 730.000  1.0688463400e+00  1.4940954590e-01 
 731.000  1.0481862500e+00  1.4624685670e-01 
 732.000  1.0909279800e+00  1.5503274540e-01 
 733.000  1.0957430300e+00  1.5857197570e-01 
 734.000  1.1288957500e+00  1.6481178280e-01 
 735.000  1.1159436300e+00  1.6241513060e-01 
 736.000  1.0883184000e+00  1.5751199340e-01 
 737.000  1.1076059800e+00  1.6099073790e-01 
 738.000  1.1114019700e+00  1.6252473450e-01 
 739.000  1.0782364700e+00  1.5811088560e-01 
 740.000  1.0947611500e+00  1.6148385620e-01 
 741.000  1.0896436500e+00  1.6132624820e-01 
 742.000  1.0731466600e+00  1.5913768010e-01 
 743.000  1.1079923200e+00  1.6485906980e-01 
 744.000  1.1198902200e+00  1.6689884950e-01 
 745.000  1.0918495300e+00  1.6293365480e-01 
 746.000  1.1078683600e+00  1.6547119140e-01 
 747.000  1.1245534000e+00  1.6798783870e-01 
 748.000  1.1051085800e+00  1.6519548030e-01 
 749.000  1.1055982000e+00  1.6533714290e-01 
 750.000  1.0890021400e+00  1.6279914860e-01 
 751.000  1.0861971200e+00  1.6240623470e-01 
 752.000  1.1033216300e+00  1.6508908080e-01 
 753.000  1.0930442400e+00  1.6360221860e-01 
 754.000  1.1102546900e+00  1.6621890260e-01 
 755.000  1.1038868800e+00  1.6529245000e-01 
 756.000  1.0822843900e+00  1.6208396910e-01 
 757.000  1.0902486900e+00  1.6329977420e-01 
 758.000  1.0879365900e+00  1.6291249080e-01 
 759.000  1.0051034800e+00  1.4809523010e-01 
 760.000  5.1254821000e-01  6.3977615360e-02 
 761.000  4.6294330000e-01  5.6440547940e-02 
 762.000  7.3989713000e-01  1.0147850800e-01 
 763.000  6.7107711000e-01  8.9125099180e-02 
 764.000  7.1744589000e-01  9.6826759340e-02 
 765.000  8.1969669000e-01  1.1466226960e-01 
 766.000  8.8685205000e-01  1.2828845210e-01 
 767.000  9.5067653000e-01  1.3958879090e-01 
 768.000  1.0217611800e+00  1.5150701900e-01 
 769.000  1.0394633700e+00  1.5514378360e-01 
 770.000  1.0445597600e+00  1.5638829040e-01 
 771.000  1.0501809800e+00  1.5751892090e-01 
 772.000  1.0472532200e+00  1.5716879270e-01 
 773.000  1.0433226400e+00  1.5662930300e-01 
 774.000  1.0548143200e+00  1.5840609740e-01 
 775.000  1.0153331900e+00  1.5252146910e-01 
 776.000  1.0572434100e+00  1.5887583920e-01 
 777.000  1.0498997500e+00  1.5779008480e-01 
 778.000  1.0442326800e+00  1.5693955990e-01 
 779.000  1.0475961900e+00  1.5744418330e-01 
 780.000  1.0345964500e+00  1.5551731870e-01 
 781.000  1.0329927800e+00  1.5532937620e-01 
 782.000  1.0454063300e+00  1.5717968750e-01 
 783.000  1.0209435800e+00  1.5354721070e-01 
 784.000  1.0264977200e+00  1.5434906010e-01 
 785.000  1.0283189200e+00  1.5440893550e-01 
 786.000  1.0092602400e+00  1.5126165770e-01 
 787.000  1.0211052300e+00  1.5233058170e-01 
 788.000  1.0041723000e+00  1.4947711180e-01 
 789.000  1.0041884500e+00  1.4827032470e-01 
 790.000  9.9351422000e-01  1.4659124760e-01 
 791.000  9.8948132000e-01  1.4624441530e-01 
 792.000  9.7478150000e-01  1.4427772520e-01 
 793.000  9.7610492000e-01  1.4497274780e-01 
 794.000  9.7097150000e-01  1.4527613830e-01 
 795.000  9.6268569000e-01  1.4337991330e-01 
 796.000  9.7094241000e-01  1.4302774050e-01 
 797.000  9.7935777000e-01  1.4475956730e-01 
 798.000  9.8501385000e-01  1.4666194150e-01 
 799.000  9.8302091000e-01  1.4612471010e-01 
 800.000  9.5367532000e-01  1.4103543090e-01 
 801.000  9.7190268000e-01  1.4383633420e-01 
 802.000  9.6955658000e-01  1.4341577150e-01 
 803.000  9.5625196000e-01  1.4158081050e-01 
 804.000  9.6662328000e-01  1.4350773620e-01 
 805.000  9.4343469000e-01  1.4076104740e-01 
 806.000  9.7096373000e-01  1.4528681950e-01 
 807.000  9.6503661000e-01  1.4445088200e-01 
 808.000  9.5817693000e-01  1.4318856810e-01 
 809.000  9.4048248000e-01  1.4027204900e-01 
 810.000  9.3464051000e-01  1.3909802250e-01 
 811.000  9.4621421000e-01  1.4022091670e-01 
 812.000  9.3837739000e-01  1.3825378420e-01 
 813.000  9.2849958000e-01  1.3581547550e-01 
 814.000  9.1936521000e-01  1.3327348330e-01 
 815.000  8.9955772000e-01  1.2894390870e-01 
 816.000  8.7848649000e-01  1.2416367340e-01 
 817.000  8.8452943000e-01  1.2511126710e-01 
 818.000  8.8021524000e-01  1.2462830350e-01 
 819.000  8.6068008000e-01  1.2248181920e-01 
 820.000  8.5823054000e-01  1.2408277890e-01 
 821.000  9.0348761000e-01  1.3301393130e-01 
 822.000  8.6555408000e-01  1.2566243740e-01 
 823.000  8.4143301000e-01  1.1769221500e-01 
 824.000  8.8479679000e-01  1.2773474880e-01 
 825.000  9.0262135000e-01  1.3312734990e-01 
 826.000  9.0494389000e-01  1.3299513240e-01 
 827.000  8.9954886000e-01  1.3185125730e-01 
 828.000  8.8514244000e-01  1.2797442630e-01 
 829.000  8.8919699000e-01  1.2919233700e-01 
 830.000  8.7999579000e-01  1.2858395390e-01 
 831.000  8.6563030000e-01  1.2666515350e-01 
 832.000  8.8377155000e-01  1.2941030880e-01 
 833.000  8.5895248000e-01  1.2623506930e-01 
 834.000  8.7474874000e-01  1.2907366940e-01 
 835.000  8.8214678000e-01  1.3114082340e-01 
 836.000  8.9055826000e-01  1.3213523860e-01 
 837.000  8.8294832000e-01  1.3097727970e-01 
 838.000  8.8876357000e-01  1.3235803220e-01 
 839.000  8.6250584000e-01  1.2874821470e-01 
 840.000  8.8610884000e-01  1.3237600710e-01 
 841.000  8.8688329000e-01  1.3217286680e-01 
 842.000  8.8263935000e-01  1.3183808900e-01 
 843.000  8.7961204000e-01  1.3214295960e-01 
 844.000  8.6632138000e-01  1.3048786930e-01 
 845.000  8.8004220000e-01  1.3272280880e-01 
 846.000  8.8845449000e-01  1.3419177250e-01 
 847.000  8.5843228000e-01  1.2986915590e-01 
 848.000  8.8266225000e-01  1.3323603820e-01 
 849.000  8.8438504000e-01  1.3357951350e-01 
 850.000  7.6420163000e-01  1.1528391270e-01 
 851.000  8.7492807000e-01  1.3181149290e-01 
 852.000  8.4177862000e-01  1.2686911770e-01 
 853.000  8.5231459000e-01  1.2871798710e-01 
 854.000  6.8517007000e-01  1.0348797610e-01 
 855.000  7.5455772000e-01  1.1412190250e-01 
 856.000  8.5685079000e-01  1.2986538700e-01 
 857.000  8.7076312000e-01  1.3214833070e-01 
 858.000  8.5691322000e-01  1.3011404420e-01 
 859.000  8.5699912000e-01  1.3027967830e-01 
 860.000  8.4943164000e-01  1.2922813420e-01 
 861.000  8.4931695000e-01  1.2923150630e-01 
 862.000  8.4653778000e-01  1.2883784480e-01 
 863.000  8.6270866000e-01  1.3135740660e-01 
 864.000  8.6098203000e-01  1.3108471680e-01 
 865.000  8.4493920000e-01  1.2872441100e-01 
 866.000  7.0872419000e-01  1.0800642400e-01 
 867.000  7.5469737000e-01  1.1495583340e-01 
 868.000  8.1849004000e-01  1.2472310640e-01 
 869.000  8.0699628000e-01  1.2299158480e-01 
 870.000  8.4026623000e-01  1.2811657710e-01 
 871.000  8.3907044000e-01  1.2793347930e-01 
 872.000  8.3568813000e-01  1.2737088780e-01 
 873.000  8.3901795000e-01  1.2792515560e-01 
 874.000  8.2060850000e-01  1.2509983060e-01 
 875.000  8.1304878000e-01  1.2401239010e-01 
 876.000  8.1977665000e-01  1.2500343320e-01 
 877.000  8.3609693000e-01  1.2745199580e-01 
 878.000  8.2166207000e-01  1.2521892550e-01 
 879.000  8.2355706000e-01  1.2553908540e-01 
 880.000  8.1872014000e-01  1.2469124600e-01 
 881.000  7.7613149000e-01  1.1820607760e-01 
 882.000  8.1894923000e-01  1.2464662930e-01 
 883.000  8.0027232000e-01  1.2192008970e-01 
 884.000  8.0706594000e-01  1.2306004330e-01 
 885.000  8.1526318000e-01  1.2404231260e-01 
 886.000  7.8843033000e-01  1.1981838990e-01 
 887.000  7.8041045000e-01  1.1874415590e-01 
 888.000  8.0375656000e-01  1.2224601750e-01 
 889.000  8.0920193000e-01  1.2322957610e-01 
 890.000  8.0653737000e-01  1.2270633700e-01 
 891.000  8.0171585000e-01  1.2169760130e-01 
 892.000  7.9736642000e-01  1.2052758030e-01 
 893.000  7.6124447000e-01  1.1353563690e-01 
 894.000  7.8339387000e-01  1.1611936950e-01 
 895.000  7.3339172000e-01  1.0673632810e-01 
 896.000  7.4743503000e-01  1.0691884610e-01 
 897.000  7.1476947000e-01  1.0051002500e-01 
 898.000  7.0869729000e-01  9.8816841130e-02 
 899.000  6.8723863000e-01  9.3666152950e-02 
 900.000  6.7303791000e-01  9.1993064880e-02 
 901.000  6.5342191000e-01  8.8812431340e-02 
 902.000  6.4223628000e-01  8.7425018310e-02 
 903.000  7.0778407000e-01  1.0008253480e-01 
 904.000  7.4205309000e-01  1.0738640590e-01 
 905.000  7.3926186000e-01  1.0701279450e-01 
 906.000  7.0687867000e-01  1.0086641690e-01 
 907.000  6.9572860000e-01  9.6762619020e-02 
 908.000  6.6382344000e-01  9.0768280030e-02 
 909.000  6.5133356000e-01  8.9115852360e-02 
 910.000  6.6126348000e-01  9.0707801820e-02 
 911.000  6.6934339000e-01  9.2905456540e-02 
 912.000  6.6597536000e-01  9.1879104610e-02 
 913.000  6.6018981000e-01  8.8994461060e-02 
 914.000  6.6639012000e-01  9.0881416320e-02 
 915.000  6.6359335000e-01  9.1418510440e-02 
 916.000  6.7303400000e-01  9.2940002440e-02 
 917.000  6.6679862000e-01  9.2553375240e-02 
 918.000  6.6895989000e-01  9.3474571230e-02 
 919.000  6.9688271000e-01  9.9666389470e-02 
 920.000  7.0443140000e-01  1.0237180330e-01 
 921.000  6.8590486000e-01  9.9323493960e-02 
 922.000  6.7947238000e-01  9.8403305050e-02 
 923.000  6.4729174000e-01  9.3195770260e-02 
 924.000  6.6539439000e-01  9.4839927670e-02 
 925.000  6.7348007000e-01  9.5856430050e-02 
 926.000  6.4931087000e-01  9.2273704530e-02 
 927.000  6.6260506000e-01  9.2961730960e-02 
 928.000  6.4970597000e-01  8.9202896120e-02 
 929.000  6.1622498000e-01  8.1989402770e-02 
 930.000  5.8313651000e-01  7.4223114010e-02 
 931.000  5.4681369000e-01  6.5548339840e-02 
 932.000  4.9384462000e-01  5.4264225010e-02 
 933.000  4.5800567000e-01  4.7272190090e-02 
 934.000  4.1475069000e-01  4.0059505460e-02 
 935.000  4.0453764000e-01  3.8745868680e-02 
 936.000  4.1721622000e-01  4.1006797790e-02 
 937.000  4.2234314000e-01  4.1290294650e-02 
 938.000  4.6054396000e-01  4.8495185850e-02 
 939.000  5.7066167000e-01  7.1691413880e-02 
 940.000  5.8263090000e-01  7.4761474610e-02 
 941.000  5.5661465000e-01  7.0227287290e-02 
 942.000  5.0487971000e-01  6.0529495240e-02 
 943.000  4.7686665000e-01  5.2035690310e-02 
 944.000  4.6002108000e-01  4.9846961980e-02 
 945.000  4.8430217000e-01  5.4229049680e-02 
 946.000  4.9186651000e-01  5.5212863920e-02 
 947.000  5.0619523000e-01  5.8630023960e-02 
 948.000  5.1935864000e-01  6.1267131810e-02 
 949.000  5.1953967000e-01  6.1183448790e-02 
 950.000  5.1864151000e-01  6.1375411990e-02 
 951.000  5.3779768000e-01  6.6184577940e-02 
 952.000  5.1371274000e-01  6.0701507570e-02 
 953.000  5.2888193000e-01  6.4406814580e-02 
 954.000  5.4114116000e-01  6.7931838990e-02 
 955.000  4.9203725000e-01  6.0366828920e-02 
 956.000  5.2145897000e-01  6.3699520110e-02 
 957.000  5.6472181000e-01  7.3940040590e-02 
 958.000  5.7450845000e-01  7.5849540710e-02 
 959.000  5.6939155000e-01  7.4526351930e-02 
 960.000  5.6183325000e-01  7.3374397280e-02 
 961.000  5.5216536000e-01  7.1788459780e-02 
 962.000  5.5809252000e-01  7.2936241150e-02 
 963.000  5.8012541000e-01  7.8212593080e-02 
 964.000  5.7669223000e-01  7.8112823490e-02 
 965.000  5.8146692000e-01  7.8588165280e-02 
 966.000  5.6581137000e-01  7.6636810300e-02 
 967.000  5.9888880000e-01  8.2830337520e-02 
 968.000  6.1877136000e-01  8.8559906010e-02 
 969.000  6.3440618000e-01  9.2227966310e-02 
 970.000  6.3673514000e-01  9.2669540410e-02 
 971.000  6.3078676000e-01  9.1795562740e-02 
 972.000  6.3194205000e-01  9.1581565860e-02 
 973.000  6.1823688000e-01  8.8723281860e-02 
 974.000  5.9939212000e-01  8.5005363460e-02 
 975.000  5.9631054000e-01  8.3934761050e-02 
 976.000  6.1104042000e-01  8.6849952700e-02 
 977.000  6.0752600000e-01  8.7737525940e-02 
 978.000  6.2149857000e-01  8.9676971440e-02 
 979.000  6.0645867000e-01  8.7901535030e-02 
 980.000  6.2727757000e-01  9.2429740910e-02 
 981.000  6.3427461000e-01  9.3822288510e-02 
 982.000  6.3013456000e-01  9.2896072390e-02 
 983.000  6.3467436000e-01  9.4376823430e-02 
 984.000  6.3683423000e-01  9.5553863530e-02 
 985.000  6.4015896000e-01  9.6557861330e-02 
 986.000  6.3960450000e-01  9.7134368900e-02 
 987.000  6.4899364000e-01  9.8858741760e-02 
 988.000  6.4134111000e-01  9.7776580810e-02 
 989.000  6.3346108000e-01  9.6629074100e-02 
 990.000  6.3932702000e-01  9.7604095460e-02 
 991.000  6.4626407000e-01  9.8929771420e-02 
 992.000  6.4075084000e-01  9.8171203610e-02 
 993.000  6.4088037000e-01  9.8232116700e-02 
 994.000  6.4560581000e-01  9.9195793150e-02 
 995.000  6.4188733000e-01  9.8798713680e-02 
 996.000  6.4174374000e-01  9.8788612370e-02 
 997.000  6.4175517000e-01  9.8701622010e-02 
 998.000  6.3863189000e-01  9.8122879030e-02 
 999.000  6.3675555000e-01  9.7805587770e-02 
1000.000  6.3189297000e-01  9.7105827330e-02 
1001.000  6.3389556000e-01  9.7195594790e-02 
1002.000  6.3054139000e-01  9.6327163700e-02 
1003.000  6.2372235000e-01  9.5391471860e-02 
1004.000  6.1982907000e-01  9.5027717590e-02 
1005.000  5.7965315000e-01  8.8975662230e-02 
1006.000  6.1009990000e-01  9.3702606200e-02 
1007.000  6.2077206000e-01  9.5290512080e-02 
1008.000  6.2152056000e-01  9.5124748230e-02 
1009.000  6.1521965000e-01  9.3788742070e-02 
1010.000  6.1861556000e-01  9.4501792910e-02 
1011.000  6.1791152000e-01  9.4831596370e-02 
1012.000  6.1908915000e-01  9.5190940860e-02 
1013.000  6.1537073000e-01  9.4763229370e-02 
1014.000  6.1961745000e-01  9.5500747680e-02 
1015.000  6.0822201000e-01  9.3784889220e-02 
1016.000  6.1244481000e-01  9.4524246220e-02 
1017.000  6.0650424000e-01  9.3667289730e-02 
1018.000  6.1406982000e-01  9.4794876100e-02 
1019.000  5.9925440000e-01  9.2390373230e-02 
1020.000  5.9825577000e-01  9.2291656490e-02 
1021.000  6.0475304000e-01  9.3392036440e-02 
1022.000  5.9474824000e-01  9.1664726260e-02 
1023.000  6.0538325000e-01  9.3148735050e-02 
1024.000  6.0182822000e-01  9.2509124760e-02 
1025.000  6.0298788000e-01  9.2948371890e-02 
1026.000  6.0426996000e-01  9.3279922490e-02 
1027.000  6.0036911000e-01  9.2661994930e-02 
1028.000  6.0197985000e-01  9.2989730830e-02 
1029.000  5.9331435000e-01  9.1802291870e-02 
1030.000  5.9979882000e-01  9.2953819270e-02 
1031.000  5.9815571000e-01  9.2798233030e-02 
1032.000  5.9624098000e-01  9.2580627440e-02 
1033.000  5.8529505000e-01  9.0906463620e-02 
1034.000  5.9101117000e-01  9.1834663390e-02 
1035.000  5.8329011000e-01  9.0654014590e-02 
1036.000  5.9292778000e-01  9.2174797060e-02 
1037.000  5.8043882000e-01  9.0255111690e-02 
1038.000  5.8617532000e-01  9.1165687560e-02 
1039.000  5.8856157000e-01  9.1537818910e-02 
1040.000  5.8158754000e-01  9.0453964230e-02 
1041.000  5.8461329000e-01  9.0930534360e-02 
1042.000  5.8634032000e-01  9.1199554440e-02 
1043.000  5.7621317000e-01  8.9629310610e-02 
1044.000  5.8193851000e-01  9.0518302920e-02 
1045.000  5.7938565000e-01  9.0122497560e-02 
1046.000  5.6252417000e-01  8.7505294800e-02 
1047.000  5.7284046000e-01  8.9166069030e-02 
1048.000  5.7851257000e-01  9.0070411680e-02 
1049.000  5.7478953000e-01  8.9518379210e-02 
1050.000  5.7236789000e-01  8.9151184080e-02 
1051.000  5.7134150000e-01  8.8969589230e-02 
1052.000  5.6863322000e-01  8.8537193300e-02 
1053.000  5.6721994000e-01  8.8322517400e-02 
1054.000  5.6298710000e-01  8.7619209290e-02 
1055.000  5.6707973000e-01  8.8244712830e-02 
1056.000  5.6554270000e-01  8.7989173890e-02 
1057.000  5.6446998000e-01  8.7755187990e-02 
1058.000  5.5839350000e-01  8.6678337100e-02 
1059.000  5.4084134000e-01  8.3996368410e-02 
1060.000  5.6041018000e-01  8.7156295780e-02 
1061.000  5.4074802000e-01  8.4103866580e-02 
1062.000  5.5564438000e-01  8.6348640440e-02 
1063.000  5.4623060000e-01  8.4877799990e-02 
1064.000  5.5296416000e-01  8.5851120000e-02 
1065.000  5.5212322000e-01  8.5609748840e-02 
1066.000  5.3521045000e-01  8.2994743350e-02 
1067.000  5.4783974000e-01  8.4905052190e-02 
1068.000  5.4509034000e-01  8.4268241880e-02 
1069.000  5.0375552000e-01  7.7758987430e-02 
1070.000  5.3371247000e-01  8.2413215640e-02 
1071.000  5.3417928000e-01  8.2361183170e-02 
1072.000  5.3556236000e-01  8.2454429630e-02 
1073.000  5.1786261000e-01  7.9714050290e-02 
1074.000  5.3607217000e-01  8.2544700620e-02 
1075.000  5.2001815000e-01  8.0262557980e-02 
1076.000  5.3104711000e-01  8.1849700930e-02 
1077.000  5.2935439000e-01  8.1436965940e-02 
1078.000  5.3011628000e-01  8.1377799990e-02 
1079.000  5.0961687000e-01  7.8210182190e-02 
1080.000  5.2305391000e-01  7.9806114200e-02 
1081.000  5.0372093000e-01  7.6832633970e-02 
1082.000  5.1087136000e-01  7.8111991880e-02 
1083.000  4.9621435000e-01  7.5622604370e-02 
1084.000  5.1413728000e-01  7.8078140260e-02 
1085.000  5.0489747000e-01  7.6059707640e-02 
1086.000  5.1209499000e-01  7.7274383540e-02 
1087.000  4.8333658000e-01  7.3569107060e-02 
1088.000  5.1271880000e-01  7.8091743470e-02 
1089.000  4.8987086000e-01  7.3841651920e-02 
1090.000  4.9986772000e-01  7.5217735290e-02 
1091.000  5.0378344000e-01  7.5978195190e-02 
1092.000  4.9040770000e-01  7.3590904240e-02 
1093.000  4.8050977000e-01  7.1293197630e-02 
1094.000  4.3567262400e-01  6.4313186650e-02 
1095.000  4.7186177000e-01  6.9698905940e-02 
1096.000  4.7318723000e-01  6.9952056880e-02 
1097.000  4.6311757000e-01  6.8263938900e-02 
1098.000  4.4577090000e-01  6.3903129580e-02 
1099.000  4.3544273000e-01  6.0950412750e-02 
1100.000  4.4373758600e-01  6.2212028500e-02 
1101.000  4.4439737400e-01  6.2503570560e-02 
1102.000  4.2522352300e-01  5.9698863980e-02 
1103.000  4.4318161100e-01  6.2343566890e-02 
1104.000  4.3797768100e-01  6.1356250760e-02 
1105.000  4.3221796500e-01  5.9929527280e-02 
1106.000  4.2338875700e-01  5.8110893250e-02 
1107.000  4.2422413000e-01  5.8346233370e-02 
1108.000  4.2389121700e-01  5.8366413120e-02 
1109.000  4.3039254500e-01  5.9715789790e-02 
1110.000  4.3214968400e-01  5.9811511990e-02 
1111.000  4.2417178700e-01  5.8382511140e-02 
1112.000  4.0779355700e-01  5.4850463870e-02 
1113.000  3.8906329700e-01  5.0444503780e-02 
1114.000  3.8885181000e-01  4.9749622340e-02 
1115.000  3.6322157000e-01  4.3936389920e-02 
1116.000  3.4504223000e-01  4.0240695950e-02 
1117.000  3.1602988300e-01  3.3994297030e-02 
1118.000  2.8206575300e-01  2.8039627080e-02 
1119.000  2.5821223100e-01  2.4445274350e-02 
1120.000  2.3803981600e-01  2.1150144580e-02 
1121.000  2.3495463000e-01  2.0541084290e-02 
1122.000  2.1118165800e-01  1.7124944690e-02 
1123.000  2.2503613700e-01  1.8966587070e-02 
1124.000  2.3399218200e-01  2.0195764540e-02 
1125.000  2.2483353800e-01  1.9150974270e-02 
1126.000  2.1878463600e-01  1.8546499250e-02 
1127.000  2.2795414500e-01  1.9468839650e-02 
1128.000  2.2717157600e-01  1.9680553440e-02 
1129.000  2.4999259400e-01  2.3086776730e-02 
1130.000  2.9881125800e-01  3.1151693340e-02 
1131.000  3.1575612900e-01  3.4031078340e-02 
1132.000  2.9778157500e-01  3.0629186630e-02 
1133.000  2.5555021700e-01  2.4134727480e-02 
1134.000  1.8688596000e-01  1.4262245180e-02 
1135.000  1.9453757200e-01  1.5176280020e-02 
1136.000  2.6171038500e-01  2.5124713900e-02 
1137.000  2.9998385700e-01  3.1368846890e-02 
1138.000  3.2050217700e-01  3.6388832090e-02 
1139.000  3.3654559900e-01  3.9309043880e-02 
1140.000  3.3152288500e-01  3.8128906250e-02 
1141.000  3.0995779700e-01  3.4614986420e-02 
1142.000  3.1409518800e-01  3.4684429170e-02 
1143.000  2.9518038200e-01  3.1499618530e-02 
1144.000  2.7789609700e-01  2.8551664350e-02 
1145.000  2.5702377500e-01  2.4915260310e-02 
1146.000  2.6503649500e-01  2.6057270050e-02 
1147.000  2.8414532300e-01  2.9216232300e-02 
1148.000  2.9676536900e-01  3.1704425810e-02 
1149.000  3.0369440700e-01  3.2963485720e-02 
1150.000  3.0244434700e-01  3.2934055330e-02 
1151.000  3.1030912400e-01  3.4647338870e-02 
1152.000  3.1395048400e-01  3.5482090000e-02 
1153.000  3.1964148600e-01  3.6757057190e-02 
1154.000  3.1988827200e-01  3.6666236880e-02 
1155.000  3.3272592600e-01  3.9430171970e-02 
1156.000  3.4118809000e-01  4.1893299100e-02 
1157.000  3.7062152200e-01  4.8513019560e-02 
1158.000  3.8100036400e-01  5.1041923520e-02 
1159.000  3.8422480800e-01  5.2457019810e-02 
1160.000  3.8281564400e-01  5.2680034640e-02 
1161.000  3.8334651500e-01  5.3691730500e-02 
1162.000  4.0367463300e-01  5.7315975190e-02 
1163.000  4.1324694700e-01  5.9614532470e-02 
1164.000  4.0668301500e-01  5.8873321530e-02 
1165.000  4.1503597600e-01  6.0212711330e-02 
1166.000  4.0582960100e-01  5.9104663850e-02 
1167.000  4.1337691700e-01  6.0348499300e-02 
1168.000  4.1658917800e-01  6.0779224400e-02 
1169.000  4.0325176900e-01  5.8977802280e-02 
1170.000  4.1510723600e-01  6.0844203950e-02 
1171.000  4.1978406200e-01  6.1860889430e-02 
1172.000  4.1683100200e-01  6.1247692110e-02 
1173.000  4.1232569100e-01  6.0417964940e-02 
1174.000  4.1262737600e-01  6.0481178280e-02 
1175.000  4.1207966700e-01  6.0899482730e-02 
1176.000  4.0596479900e-01  6.0454269410e-02 
1177.000  4.1664087800e-01  6.1830524440e-02 
1178.000  4.0585466700e-01  5.9802223210e-02 
1179.000  4.0404454100e-01  5.9543994900e-02 
1180.000  4.0835521800e-01  6.0029773710e-02 
1181.000  4.0273557200e-01  5.8814144130e-02 
1182.000  3.9972671800e-01  5.7995830540e-02 
1183.000  3.7692496600e-01  5.4737369540e-02 
1184.000  3.9590385500e-01  5.7717906950e-02 
1185.000  4.0606012000e-01  5.9761772160e-02 
1186.000  4.0219287200e-01  5.9034824370e-02 
1187.000  3.9732658200e-01  5.7778350830e-02 
1188.000  3.9413530500e-01  5.7197364810e-02 
1189.000  3.7400403300e-01  5.4600334170e-02 
1190.000  4.0013895500e-01  5.9301486970e-02 
1191.000  4.0870365800e-01  6.0845146180e-02 
1192.000  4.0978029600e-01  6.1404754640e-02 
1193.000  4.0922323600e-01  6.1232540130e-02 
1194.000  4.0793769800e-01  6.0990570070e-02 
1195.000  4.0012842800e-01  5.9451854710e-02 
1196.000  4.0031860200e-01  5.9542499540e-02 
1197.000  3.9864067500e-01  5.9118396760e-02 
1198.000  3.8490718400e-01  5.7050628660e-02 
1199.000  3.6876221600e-01  5.4454719540e-02 
1200.000  3.9311862300e-01  5.8187511440e-02 
1201.000  3.9637484600e-01  5.8743942260e-02 
1202.000  3.9728851300e-01  5.8986717220e-02 
1203.000  3.7684557800e-01  5.5894142150e-02 
1204.000  3.8370364400e-01  5.7036525730e-02 
1205.000  3.9790517900e-01  5.9788642880e-02 
1206.000  3.9795579900e-01  6.0091842650e-02 
1207.000  4.0163921600e-01  6.0772453310e-02 
1208.000  3.9506452700e-01  5.9684558870e-02 
1209.000  3.6924745200e-01  5.5642326350e-02 
1210.000  3.9308750200e-01  5.8972713470e-02 
1211.000  3.7966861700e-01  5.6924571990e-02 
1212.000  3.9211196300e-01  5.8859058380e-02 
1213.000  3.9571298500e-01  5.9656291960e-02 
1214.000  3.9364616500e-01  5.9312084200e-02 
1215.000  3.9572826900e-01  5.9728233340e-02 
1216.000  3.9750194300e-01  6.0409492490e-02 
1217.000  3.9911979000e-01  6.1020023350e-02 
1218.000  3.9869918100e-01  6.1138477330e-02 
1219.000  3.9546783400e-01  6.0756900790e-02 
1220.000  3.9820514000e-01  6.1183628080e-02 
1221.000  3.9773069700e-01  6.1149471280e-02 
1222.000  3.9571132200e-01  6.0855659480e-02 
1223.000  3.9404444500e-01  6.0652187350e-02 
1224.000  3.9857990700e-01  6.1575748440e-02 
1225.000  3.9670168000e-01  6.1347381590e-02 
1226.000  3.9850671300e-01  6.1711044310e-02 
1227.000  3.8566826100e-01  5.9846828460e-02 
1228.000  3.9854197500e-01  6.2003749850e-02 
1229.000  3.9869466200e-01  6.2153926850e-02 
1230.000  3.9799831000e-01  6.2187961580e-02 
1231.000  3.9836871900e-01  6.2332363130e-02 
1232.000  3.9401246600e-01  6.1693771360e-02 
1233.000  3.9719777500e-01  6.2225856780e-02 
1234.000  3.9687108300e-01  6.2350856780e-02 
1235.000  3.9442225700e-01  6.2036994930e-02 
1236.000  3.9692270700e-01  6.2484729770e-02 
1237.000  3.9717580400e-01  6.2592128750e-02 
1238.000  3.9702007300e-01  6.2603378300e-02 
1239.000  3.9254095600e-01  6.1923946380e-02 
1240.000  3.9076353900e-01  6.1673587800e-02 
1241.000  3.9417366100e-01  6.2225917820e-02 
1242.000  3.9177513700e-01  6.1856651310e-02 
1243.000  3.8731606200e-01  6.1164424900e-02 
1244.000  3.8367107700e-01  6.0582603450e-02 
1245.000  3.9014985900e-01  6.1609024050e-02 
1246.000  3.8698743000e-01  6.1089179990e-02 
1247.000  3.8490073800e-01  6.0734630580e-02 
1248.000  3.8771085100e-01  6.1157375340e-02 
1249.000  3.8620359000e-01  6.0913085940e-02 
1250.000  3.8452196200e-01  6.0627567290e-02 
1251.000  3.8168900400e-01  6.0165931700e-02 
1252.000  3.8024749800e-01  5.9902339940e-02 
1253.000  3.7678915800e-01  5.9316627500e-02 
1254.000  3.7714205700e-01  5.9279571530e-02 
1255.000  3.7605331400e-01  5.9054134370e-02 
1256.000  3.7485366800e-01  5.8826728820e-02 
1257.000  3.7000192300e-01  5.7998512270e-02 
1258.000  3.7007497200e-01  5.7860748290e-02 
1259.000  3.6483336500e-01  5.6926044460e-02 
1260.000  3.6396074700e-01  5.6654727940e-02 
1261.000  3.6173899400e-01  5.6167510990e-02 
1262.000  3.5069413800e-01  5.4204105380e-02 
1263.000  3.5367067500e-01  5.4597743990e-02 
1264.000  3.4732568400e-01  5.3586845400e-02 
1265.000  3.4764750100e-01  5.3627590180e-02 
1266.000  3.4850419500e-01  5.3667236330e-02 
1267.000  3.4042401700e-01  5.2331787110e-02 
1268.000  3.3533303500e-01  5.1467208860e-02 
1269.000  3.3768576100e-01  5.1794437410e-02 
1270.000  3.4587361300e-01  5.3280105590e-02 
1271.000  3.4979725600e-01  5.3975391390e-02 
1272.000  3.5038410100e-01  5.4168163300e-02 
1273.000  3.5154872000e-01  5.4476531980e-02 
1274.000  3.5125207000e-01  5.4592689510e-02 
1275.000  3.5419579100e-01  5.5105113980e-02 
1276.000  3.5528207200e-01  5.5285469060e-02 
1277.000  3.5532251200e-01  5.5266044620e-02 
1278.000  3.5463477100e-01  5.5117458340e-02 
1279.000  3.5261097400e-01  5.4809185030e-02 
1280.000  3.5151356900e-01  5.4754631040e-02 
1281.000  3.4243400800e-01  5.3446575160e-02 
1282.000  3.0485279200e-01  4.7675655360e-02 
1283.000  3.3508868800e-01  5.2444076540e-02 
1284.000  3.4897820600e-01  5.4614723210e-02 
1285.000  3.5182360100e-01  5.5080085750e-02 
1286.000  3.5127618300e-01  5.4914379120e-02 
1287.000  3.5254388100e-01  5.4974391940e-02 
1288.000  3.4704587100e-01  5.3653297420e-02 
1289.000  3.4809692300e-01  5.3666637420e-02 
1290.000  3.3997365400e-01  5.2386745450e-02 
1291.000  3.4521211900e-01  5.3239887240e-02 
1292.000  3.4808662700e-01  5.3837581630e-02 
1293.000  3.4852626300e-01  5.3894973750e-02 
1294.000  3.4157833600e-01  5.2596473690e-02 
1295.000  3.4292154600e-01  5.2474876400e-02 
1296.000  3.4072553700e-01  5.1803997040e-02 
1297.000  3.3662424400e-01  5.0919105530e-02 
1298.000  3.3343175200e-01  5.0396629330e-02 
1299.000  3.3665713700e-01  5.0845893860e-02 
1300.000  3.3496650600e-01  5.0544670100e-02 
1301.000  3.3398601500e-01  5.0313232420e-02 
1302.000  3.2829844700e-01  4.9257934570e-02 
1303.000  3.2231681900e-01  4.7836601260e-02 
1304.000  3.2094785400e-01  4.7410804750e-02 
1305.000  3.2219568300e-01  4.7496059420e-02 
1306.000  3.2197968100e-01  4.7363945010e-02 
1307.000  3.1996388600e-01  4.6939044950e-02 
1308.000  3.1698656400e-01  4.6175609590e-02 
1309.000  3.1305101800e-01  4.5179019930e-02 
1310.000  3.1132486300e-01  4.4882743840e-02 
1311.000  3.1047289900e-01  4.4749923710e-02 
1312.000  3.0503984000e-01  4.3505535130e-02 
1313.000  2.8892686800e-01  4.0698093410e-02 
1314.000  2.9344593400e-01  4.0886646270e-02 
1315.000  2.8566931000e-01  3.9995937350e-02 
1316.000  2.9565154300e-01  4.1694229130e-02 
1317.000  2.9865642400e-01  4.2094390870e-02 
1318.000  2.8925872500e-01  4.0232940670e-02 
1319.000  2.8560895800e-01  3.8987991330e-02 
1320.000  2.7488528600e-01  3.6640823360e-02 
1321.000  2.7034741600e-01  3.5661300660e-02 
1322.000  2.7542335900e-01  3.6896701810e-02 
1323.000  2.8231743200e-01  3.8389278410e-02 
1324.000  2.8558516900e-01  3.9123703000e-02 
1325.000  2.8319865900e-01  3.8587863920e-02 
1326.000  2.7611133800e-01  3.7060932160e-02 
1327.000  2.6156762900e-01  3.3786590580e-02 
1328.000  2.4842148000e-01  3.0525926590e-02 
1329.000  2.1431204600e-01  2.3998617170e-02 
1330.000  2.0825742200e-01  2.2530464170e-02 
1331.000  2.0276701500e-01  2.1444524770e-02 
1332.000  2.0057276200e-01  2.1339376450e-02 
1333.000  2.1159149100e-01  2.2944841380e-02 
1334.000  2.2001845100e-01  2.4472299580e-02 
1335.000  2.2596773200e-01  2.5603984830e-02 
1336.000  2.2586321700e-01  2.5758962630e-02 
1337.000  2.2841966500e-01  2.6122320180e-02 
1338.000  2.3217761700e-01  2.6921348570e-02 
1339.000  2.3269197500e-01  2.7125703810e-02 
1340.000  2.3431633400e-01  2.7644811630e-02 
1341.000  2.3827186600e-01  2.7873945240e-02 
1342.000  2.3817407900e-01  2.7882572170e-02 
1343.000  2.2912631700e-01  2.5530406950e-02 
1344.000  2.1525757700e-01  2.2621080400e-02 
1345.000  1.7808225700e-01  1.6189016340e-02 
1346.000  1.5189646500e-01  1.2122593880e-02 
1347.000  1.3472439500e-01  9.8685064320e-03 
1348.000  1.1168651200e-01  6.8729004860e-03 
1349.000  1.0158113330e-01  5.8192963600e-03 
1350.000  7.9124401600e-02  3.5911564830e-03 
1351.000  6.8307778100e-02  2.7734131810e-03 
1352.000  5.2246555300e-02  1.6468453410e-03 
1353.000  3.7031658400e-02  9.0522593260e-04 
1354.000  2.9610142000e-02  6.0609334710e-04 
1355.000  2.2989739700e-02  3.8956576590e-04 
1356.000  1.7384986500e-02  2.3783095180e-04 
1357.000  1.1883103450e-02  1.2039257590e-04 
1358.000  8.7943160400e-03  7.3738351460e-05 
1359.000  4.6371939100e-03  2.5196719910e-05 
1360.000  3.0667211000e-03  1.3291225770e-05 
1361.000  2.2822912700e-03  7.9373167830e-06 
1362.000  2.1000794900e-03  6.9885980340e-06 
1363.000  3.0298736700e-03  1.2174979780e-05 
1364.000  3.5132282700e-03  1.5238174240e-05 
1365.000  3.6785402400e-03  1.6084531320e-05 
1366.000  4.2481016600e-03  2.0080309360e-05 
1367.000  3.5684731100e-03  1.5753941610e-05 
1368.000  3.1641462300e-03  1.3629069550e-05 
1369.000  3.2446906800e-03  1.4341583480e-05 
1370.000  5.3662086200e-03  3.3150050790e-05 
1371.000  9.5567573800e-03  8.2727015020e-05 
1372.000  1.7696217900e-02  2.2764815390e-04 
1373.000  2.5103575100e-02  4.0099427100e-04 
1374.000  3.0483624200e-02  5.5431896450e-04 
1375.000  3.2500910300e-02  6.2243741750e-04 
1376.000  3.0145928200e-02  5.5267548560e-04 
1377.000  2.6837353800e-02  4.5231679080e-04 
1378.000  2.0455628700e-02  2.8921565410e-04 
1379.000  1.4046733910e-02  1.5671184660e-04 
1380.000  7.9669055300e-03  6.2911264600e-05 
1381.000  4.6085506000e-03  2.6366822420e-05 
1382.000  3.2226961600e-03  1.4933268540e-05 
1383.000  3.1180850100e-03  1.3968068180e-05 
1384.000  5.0718401900e-03  3.0052369460e-05 
1385.000  7.2001239000e-03  5.2584152670e-05 
1386.000  1.0997445160e-02  1.0346513990e-04 
1387.000  2.0206311500e-02  2.8356027600e-04 
1388.000  2.6781658200e-02  4.4483387470e-04 
1389.000  3.0764050900e-02  5.6680583950e-04 
1390.000  3.1403388200e-02  5.9285962580e-04 
1391.000  2.9315428800e-02  5.2834814790e-04 
1392.000  2.2163702500e-02  3.3524960280e-04 
1393.000  1.6942397500e-02  2.1926502880e-04 
1394.000  1.2979807010e-02  1.4355812970e-04 
1395.000  1.4631343300e-02  1.7411401870e-04 
1396.000  2.0077442000e-02  2.8768125180e-04 
1397.000  2.5909831700e-02  4.3769100310e-04 
1398.000  2.6682634400e-02  4.5812535290e-04 
1399.000  2.4913672600e-02  4.1609823700e-04 
1400.000  2.3296400200e-02  3.7871995570e-04 
1401.000  2.4765272200e-02  4.2568662760e-04 
1402.000  3.0702249500e-02  5.9500688310e-04 
1403.000  3.5348685700e-02  7.7273207900e-04 
1404.000  3.3248581000e-02  6.9717800620e-04 
1405.000  3.4827162600e-02  7.7205502990e-04 
1406.000  3.2294555600e-02  6.7756062750e-04 
1407.000  3.3492670000e-02  7.4106925730e-04 
1408.000  4.0143376500e-02  9.9552780390e-04 
1409.000  4.7057278000e-02  1.3203216790e-03 
1410.000  5.7715556500e-02  1.8565672640e-03 
1411.000  6.8650851200e-02  2.5543320180e-03 
1412.000  6.6324591500e-02  2.4683268070e-03 
1413.000  7.3150140600e-02  2.9555158620e-03 
1414.000  7.2120989900e-02  2.8424711230e-03 
1415.000  7.9729333500e-02  3.4648087020e-03 
1416.000  8.5664014000e-02  3.9256348610e-03 
1417.000  8.7869825000e-02  4.1424055100e-03 
1418.000  8.8652982900e-02  4.1894836430e-03 
1419.000  8.8468575200e-02  4.2592239380e-03 
1420.000  9.0569962800e-02  4.4295954700e-03 
1421.000  1.0186557420e-01  5.4370098110e-03 
1422.000  1.0428954620e-01  5.7497200970e-03 
1423.000  1.0545293060e-01  5.9273037910e-03 
1424.000  1.0509453580e-01  5.8772096630e-03 
1425.000  1.0390105400e-01  5.7046637540e-03 
1426.000  1.0017519670e-01  5.5095605850e-03 
1427.000  1.0610643200e-01  6.0345344540e-03 
1428.000  1.1206949790e-01  6.5242948530e-03 
1429.000  1.1367196030e-01  6.8179211620e-03 
1430.000  1.1090766260e-01  6.6567311290e-03 
1431.000  1.0332278390e-01  5.9420223240e-03 
1432.000  1.0102746480e-01  5.6532039640e-03 
1433.000  1.0074268450e-01  5.6223406790e-03 
1434.000  9.6090214100e-02  5.2442326550e-03 
1435.000  1.0316237890e-01  5.8799653050e-03 
1436.000  1.0573175790e-01  6.1346998210e-03 
1437.000  1.0741729140e-01  6.2899160390e-03 
1438.000  1.1388184260e-01  6.9616904260e-03 
1439.000  1.1598367970e-01  7.1174092290e-03 
1440.000  1.1121061190e-01  6.9139828680e-03 
1441.000  1.1811830100e-01  7.3962450030e-03 
1442.000  1.1330215310e-01  6.9992661480e-03 
1443.000  1.1533858390e-01  7.1416473390e-03 
1444.000  1.1793922160e-01  7.3907737730e-03 
1445.000  1.1817551240e-01  7.4329156880e-03 
1446.000  1.2369356830e-01  7.9708490370e-03 
1447.000  1.2707507600e-01  8.3671264650e-03 
1448.000  1.2852348400e-01  8.4978904720e-03 
1449.000  1.2599946900e-01  8.2211942670e-03 
1450.000  1.2048549100e-01  7.6934714320e-03 
1451.000  1.2183473480e-01  7.8750166890e-03 
1452.000  1.2716901600e-01  8.5733270650e-03 
1453.000  1.4170751800e-01  1.0128859520e-02 
1454.000  1.5420318300e-01  1.1665852550e-02 
1455.000  1.6018046100e-01  1.2536927220e-02 
1456.000  1.6728936900e-01  1.3531695370e-02 
1457.000  1.6997984400e-01  1.3820235250e-02 
1458.000  1.7330592400e-01  1.4189641950e-02 
1459.000  1.6843439700e-01  1.3499941830e-02 
1460.000  1.6075436700e-01  1.2647472380e-02 
1461.000  1.5766984500e-01  1.2290921210e-02 
1462.000  1.4917752200e-01  1.1299966810e-02 
1463.000  1.4818833800e-01  1.1248945240e-02 
1464.000  1.4627329100e-01  1.1020756720e-02 
1465.000  1.4302682500e-01  1.0547004700e-02 
1466.000  1.3329576400e-01  9.5590438840e-03 
1467.000  1.3232778600e-01  9.2998218540e-03 
1468.000  1.2418389230e-01  8.5277929310e-03 
1469.000  1.1780074520e-01  7.7641091350e-03 
1470.000  1.1438872080e-01  7.4348344800e-03 
1471.000  1.2139177710e-01  8.3365945820e-03 
1472.000  1.3367563900e-01  9.7730703350e-03 
1473.000  1.5022959700e-01  1.1823899270e-02 
1474.000  1.5747098900e-01  1.3070145610e-02 
1475.000  1.6027123000e-01  1.3343561170e-02 
1476.000  1.6053178700e-01  1.3407620430e-02 
1477.000  1.5708982700e-01  1.2969746590e-02 
1478.000  1.5094524000e-01  1.2324510570e-02 
1479.000  1.4795000200e-01  1.1868834500e-02 
1480.000  1.5103274400e-01  1.2328701970e-02 
1481.000  1.5385866500e-01  1.2879523280e-02 
1482.000  1.6081218700e-01  1.3841539380e-02 
1483.000  1.5903288600e-01  1.3820541380e-02 
1484.000  1.6006497300e-01  1.3975495340e-02 
1485.000  1.6236508900e-01  1.4174891470e-02 
1486.000  1.6374087800e-01  1.4647777560e-02 
1487.000  1.7376952600e-01  1.6263772960e-02 
1488.000  1.5228488900e-01  1.4354392050e-02 
1489.000  1.8688958900e-01  1.8663795470e-02 
1490.000  1.9773496500e-01  2.0729249950e-02 
1491.000  2.0480424000e-01  2.2035320280e-02 
1492.000  2.0109097800e-01  2.1800418850e-02 
1493.000  2.0852793800e-01  2.2981319430e-02 
1494.000  2.0822255800e-01  2.3072196960e-02 
1495.000  2.0995043900e-01  2.3648754120e-02 
1496.000  2.0959101600e-01  2.4150022510e-02 
1497.000  2.1470267700e-01  2.4864597320e-02 
1498.000  2.2178750300e-01  2.6185194020e-02 
1499.000  2.2277989500e-01  2.6785381320e-02 
1500.000  2.2965213800e-01  2.8004653930e-02 
1501.000  2.2834518300e-01  2.7830768590e-02 
1502.000  2.2466307100e-01  2.7312351230e-02 
1503.000  2.0069419500e-01  2.4374393460e-02 
1504.000  2.1003383900e-01  2.5673425670e-02 
1505.000  2.1265920300e-01  2.6354295730e-02 
1506.000  2.1559121100e-01  2.6810060500e-02 
1507.000  2.2841684800e-01  2.8758867260e-02 
1508.000  2.2640822700e-01  2.8733810420e-02 
1509.000  2.2893461000e-01  2.9297662730e-02 
1510.000  2.3303792500e-01  2.9964311600e-02 
1511.000  2.3518725700e-01  3.0427505490e-02 
1512.000  2.3150000900e-01  3.0090505600e-02 
1513.000  2.3140944900e-01  3.0187824250e-02 
1514.000  2.2824082200e-01  2.9842855450e-02 
1515.000  2.3354943000e-01  3.0687818530e-02 
1516.000  2.3164281200e-01  3.0525815960e-02 
1517.000  2.3102227000e-01  3.0578632350e-02 
1518.000  2.3674767400e-01  3.1555181500e-02 
1519.000  2.3496657100e-01  3.1561223980e-02 
1520.000  2.3857036400e-01  3.2354164120e-02 
1521.000  2.3518072300e-01  3.2081874850e-02 
1522.000  2.3382014800e-01  3.1957084660e-02 
1523.000  2.3984803400e-01  3.2883518220e-02 
1524.000  2.3776325400e-01  3.2617782590e-02 
1525.000  2.3202435200e-01  3.1842905040e-02 
1526.000  2.3866215500e-01  3.2815193180e-02 
1527.000  2.3654980900e-01  3.2631187440e-02 
1528.000  2.3865302000e-01  3.3052837370e-02 
1529.000  2.3790636300e-01  3.2995098110e-02 
1530.000  2.2304673800e-01  3.1049112320e-02 
1531.000  2.3869723400e-01  3.3335792540e-02 
1532.000  2.3756037100e-01  3.3291477200e-02 
1533.000  2.3659879700e-01  3.3242591860e-02 
1534.000  2.3312009400e-01  3.2832695010e-02 
1535.000  2.3410820800e-01  3.3053054810e-02 
1536.000  2.3724176400e-01  3.3558303830e-02 
1537.000  2.3817976100e-01  3.3788223270e-02 
1538.000  2.3185098800e-01  3.2991485600e-02 
1539.000  2.3686838400e-01  3.3802017210e-02 
1540.000  2.2831671500e-01  3.2655975340e-02 
1541.000  2.3313125900e-01  3.3401927950e-02 
1542.000  2.3451911900e-01  3.3647125240e-02 
1543.000  2.3388128600e-01  3.3617229460e-02 
1544.000  2.3688622000e-01  3.4122093200e-02 
1545.000  2.3779669900e-01  3.4346885680e-02 
1546.000  2.3801623200e-01  3.4469322200e-02 
1547.000  2.3570490500e-01  3.4216384890e-02 
1548.000  2.2874377200e-01  3.3275142670e-02 
1549.000  2.3460647600e-01  3.4180442810e-02 
1550.000  2.3328797300e-01  3.4034545900e-02 
1551.000  2.3205961300e-01  3.3889186860e-02 
1552.000  2.3601510600e-01  3.4502281190e-02 
1553.000  2.3478173800e-01  3.4368747710e-02 
1554.000  2.2617926400e-01  3.3141925810e-02 
1555.000  2.2995406400e-01  3.3747787480e-02 
1556.000  2.2556413800e-01  3.3157039640e-02 
1557.000  2.3294976100e-01  3.4302463530e-02 
1558.000  2.3110522600e-01  3.4072795870e-02 
1559.000  2.3112277600e-01  3.4113384250e-02 
1560.000  2.2713136100e-01  3.3573799130e-02 
1561.000  2.3243168100e-01  3.4384384160e-02 
1562.000  2.3232282500e-01  3.4377468110e-02 
1563.000  2.2884914900e-01  3.3883571620e-02 
1564.000  2.2418871200e-01  3.3201255800e-02 
1565.000  2.2744229100e-01  3.3681175230e-02 
1566.000  2.2313302400e-01  3.3079071040e-02 
1567.000  2.2277359700e-01  3.3016551970e-02 
1568.000  2.1761390400e-01  3.2220024110e-02 
1569.000  2.1779373600e-01  3.2205753330e-02 
1570.000  2.1173399000e-01  3.1290983200e-02 
1571.000  2.1740739000e-01  3.2161426540e-02 
1572.000  2.1724052700e-01  3.2151996610e-02 
1573.000  2.1394111500e-01  3.1714218140e-02 
1574.000  2.1478509000e-01  3.1905231480e-02 
1575.000  1.9955548500e-01  2.9690235140e-02 
1576.000  2.1438845000e-01  3.1923074720e-02 
1577.000  1.9365976100e-01  2.8860603330e-02 
1578.000  2.1201664900e-01  3.1622663500e-02 
1579.000  2.1334030800e-01  3.1858497620e-02 
1580.000  2.1789243800e-01  3.2596710210e-02 
1581.000  2.1644755200e-01  3.2407058720e-02 
1582.000  2.1229667300e-01  3.1862842560e-02 
1583.000  2.1510389700e-01  3.2357883450e-02 
1584.000  2.1337193500e-01  3.2172992710e-02 
1585.000  2.1982251800e-01  3.3210350040e-02 
1586.000  2.1706187400e-01  3.2830581670e-02 
1587.000  2.1480062300e-01  3.2549739840e-02 
1588.000  2.1164926300e-01  3.2129295350e-02 
1589.000  1.9363659300e-01  2.9424367900e-02 
1590.000  2.0861283800e-01  3.1724630360e-02 
1591.000  2.0394006200e-01  3.1038082120e-02 
1592.000  2.1461964300e-01  3.2668651580e-02 
1593.000  2.1923608300e-01  3.3367942810e-02 
1594.000  2.1735964000e-01  3.3080787660e-02 
1595.000  2.1833170400e-01  3.3230388640e-02 
1596.000  2.0451858700e-01  3.1152547840e-02 
1597.000  2.1211162700e-01  3.2299690250e-02 
1598.000  2.1502597100e-01  3.2720546720e-02 
1599.000  2.0658425700e-01  3.1402776720e-02 
1600.000  2.0903632800e-01  3.1752901080e-02 
1601.000  2.0023613800e-01  3.0439693450e-02 
1602.000  2.0510473500e-01  3.1205648420e-02 
1603.000  2.0387664500e-01  3.1075916290e-02 
1604.000  2.0692278400e-01  3.1606195450e-02 
1605.000  2.0386289100e-01  3.1168497090e-02 
1606.000  2.0322408300e-01  3.1110055920e-02 
1607.000  2.0391157400e-01  3.1213653560e-02 
1608.000  2.0610627900e-01  3.1549245830e-02 
1609.000  2.0531376600e-01  3.1441759110e-02 
1610.000  1.9264910200e-01  2.9520238880e-02 
1611.000  1.9879869000e-01  3.0513565060e-02 
1612.000  2.0126855800e-01  3.0948291780e-02 
1613.000  2.0629076000e-01  3.1774799350e-02 
1614.000  2.0426534100e-01  3.1474475860e-02 
1615.000  2.0803873800e-01  3.2101455690e-02 
1616.000  1.9531583300e-01  3.0170970920e-02 
1617.000  2.0142295600e-01  3.1176481250e-02 
1618.000  2.0769828500e-01  3.2173316960e-02 
1619.000  2.0741690300e-01  3.2192974090e-02 
1620.000  2.0252558400e-01  3.1493644710e-02 
1621.000  1.9979801900e-01  3.1116336820e-02 
1622.000  2.0482625100e-01  3.1915691380e-02 
1623.000  2.0910909800e-01  3.2613857270e-02 
1624.000  2.1063782200e-01  3.2875209810e-02 
1625.000  2.0562200400e-01  3.2147201540e-02 
1626.000  2.0792281200e-01  3.2490879060e-02 
1627.000  2.0768415100e-01  3.2478374480e-02 
1628.000  2.0926167600e-01  3.2732093810e-02 
1629.000  2.0912461700e-01  3.2714073180e-02 
1630.000  2.0325878400e-01  3.1785873410e-02 
1631.000  2.0643722600e-01  3.2296592710e-02 
1632.000  2.0626376000e-01  3.2237781520e-02 
1633.000  2.0354197200e-01  3.1809900280e-02 
1634.000  1.9857896500e-01  3.1019922260e-02 
1635.000  2.0390162900e-01  3.1853021620e-02 
1636.000  2.0313469700e-01  3.1724102020e-02 
1637.000  1.9381981500e-01  3.0258821490e-02 
1638.000  1.9240391000e-01  3.0040332790e-02 
1639.000  1.9012022800e-01  2.9658346180e-02 
1640.000  1.9106644500e-01  2.9799747470e-02 
1641.000  1.8970198600e-01  2.9578447340e-02 
1642.000  1.8946377900e-01  2.9571710590e-02 
1643.000  1.9426464000e-01  3.0339853290e-02 
1644.000  1.9119157500e-01  2.9873302460e-02 
1645.000  1.9148976700e-01  2.9925983430e-02 
1646.000  1.9379025600e-01  3.0313798900e-02 
1647.000  1.9559144200e-01  3.0607425690e-02 
1648.000  1.9470774400e-01  3.0465145110e-02 
1649.000  1.9023345800e-01  2.9773019790e-02 
1650.000  1.9505378700e-01  3.0541824340e-02 
1651.000  1.9069863200e-01  2.9865100860e-02 
1652.000  1.9449017500e-01  3.0450931550e-02 
1653.000  1.9248770800e-01  3.0156288150e-02 
1654.000  1.9464647000e-01  3.0504539490e-02 
1655.000  1.9096049400e-01  2.9951814650e-02 
1656.000  1.9478592300e-01  3.0570774080e-02 
1657.000  1.9337049400e-01  3.0358343120e-02 
1658.000  1.9458944400e-01  3.0575078960e-02 
1659.000  1.9105057000e-01  3.0028980260e-02 
1660.000  1.9325846200e-01  3.0370460510e-02 
1661.000  1.9401119900e-01  3.0488767620e-02 
1662.000  1.9255347100e-01  3.0241989140e-02 
1663.000  1.9127885300e-01  3.0042112350e-02 
1664.000  1.9038592100e-01  2.9900320050e-02 
1665.000  1.8844578300e-01  2.9586982730e-02 
1666.000  1.8767572400e-01  2.9489320760e-02 
1667.000  1.8959303800e-01  2.9842817310e-02 
1668.000  1.8638086300e-01  2.9350875850e-02 
1669.000  1.8690598400e-01  2.9459684370e-02 
1670.000  1.9110786900e-01  3.0146091460e-02 
1671.000  1.8970953200e-01  2.9940673830e-02 
1672.000  1.8072448100e-01  2.8537878040e-02 
1673.000  1.8588737900e-01  2.9346113200e-02 
1674.000  1.8663628400e-01  2.9465583800e-02 
1675.000  1.8490236200e-01  2.9207319260e-02 
1676.000  1.8191332600e-01  2.8736427310e-02 
1677.000  1.8284467700e-01  2.8892673490e-02 
1678.000  1.8385689300e-01  2.9074285510e-02 
1679.000  1.8141576000e-01  2.8689674380e-02 
1680.000  1.7519798800e-01  2.7725420000e-02 
1681.000  1.6912456100e-01  2.6774890900e-02 
1682.000  1.7400951900e-01  2.7549489970e-02 
1683.000  1.7830068500e-01  2.8222810750e-02 
1684.000  1.8159580000e-01  2.8739610670e-02 
1685.000  1.8211500700e-01  2.8793560030e-02 
1686.000  1.7991834500e-01  2.8445043560e-02 
1687.000  1.8061255000e-01  2.8505865100e-02 
1688.000  1.8070529600e-01  2.8480508800e-02 
1689.000  1.7852564500e-01  2.8134140010e-02 
1690.000  1.7837977600e-01  2.8064451220e-02 
1691.000  1.8068760600e-01  2.8424289700e-02 
1692.000  1.8101276200e-01  2.8478326800e-02 
1693.000  1.8037216600e-01  2.8388195040e-02 
1694.000  1.8010293000e-01  2.8348773960e-02 
1695.000  1.8014926300e-01  2.8332654950e-02 
1696.000  1.7909481200e-01  2.8157943730e-02 
1697.000  1.7796747300e-01  2.7953849790e-02 
1698.000  1.7902291300e-01  2.8101150510e-02 
1699.000  1.7786717200e-01  2.7910015110e-02 
1700.000  1.7561532600e-01  2.7548166280e-02 
