 lambda   Irr_dw            Rad_up 
 550.000  1.5269591000e+00  1.0729460140e-01 
 551.000  1.5169017000e+00  1.0651484680e-01 
 552.000  1.5816981000e+00  1.1108193970e-01 
 553.000  1.5192319000e+00  1.0660163120e-01 
 554.000  1.5683757000e+00  1.1004869080e-01 
 555.000  1.5723033000e+00  1.1020258330e-01 
 556.000  1.5285211000e+00  1.0702153780e-01 
 557.000  1.4827778000e+00  1.0382263950e-01 
 558.000  1.5387017000e+00  1.0762620540e-01 
 559.000  1.4540536000e+00  1.0164672850e-01 
 560.000  1.4601149000e+00  1.0206897740e-01 
 561.000  1.6043765000e+00  1.1202353670e-01 
 562.000  1.4724059000e+00  1.0277571870e-01 
 563.000  1.5401586000e+00  1.0738668060e-01 
 564.000  1.5181891000e+00  1.0568716430e-01 
 565.000  1.5359966000e+00  1.0690465550e-01 
 566.000  1.4159156000e+00  9.8441345210e-02 
 567.000  1.5185440000e+00  1.0535329440e-01 
 568.000  1.5142856000e+00  1.0452558140e-01 
 569.000  1.4832354000e+00  1.0124459840e-01 
 570.000  1.4908771000e+00  1.0186222080e-01 
 571.000  1.4382936000e+00  9.8955009460e-02 
 572.000  1.5196031000e+00  1.0381778720e-01 
 573.000  1.5356438000e+00  1.0508372500e-01 
 574.000  1.5270986000e+00  1.0448151400e-01 
 575.000  1.4895903000e+00  1.0179165650e-01 
 576.000  1.4624271000e+00  9.9861030580e-02 
 577.000  1.5231060000e+00  1.0410099790e-01 
 578.000  1.4787053000e+00  1.0135323330e-01 
 579.000  1.4673753000e+00  1.0062664030e-01 
 580.000  1.5178828000e+00  1.0425788120e-01 
 581.000  1.4904364000e+00  1.0251540370e-01 
 582.000  1.5126752000e+00  1.0397663880e-01 
 583.000  1.5230909000e+00  1.0473432920e-01 
 584.000  1.5181241000e+00  1.0425830840e-01 
 585.000  1.5080023000e+00  1.0345372770e-01 
 586.000  1.4430853000e+00  9.8975997920e-02 
 587.000  1.4993536000e+00  1.0231660460e-01 
 588.000  1.4835911000e+00  9.9792343140e-02 
 589.000  1.3149844000e+00  8.6654846190e-02 
 590.000  1.3729584000e+00  9.0367279050e-02 
 591.000  1.4588447000e+00  9.7228126530e-02 
 592.000  1.4308358000e+00  9.4578514100e-02 
 593.000  1.4458540000e+00  9.6954650880e-02 
 594.000  1.4590208000e+00  9.7493713380e-02 
 595.000  1.4310950000e+00  9.4564918520e-02 
 596.000  1.4664976000e+00  9.8374359130e-02 
 597.000  1.4708908000e+00  9.8230918880e-02 
 598.000  1.4407527000e+00  9.6837455750e-02 
 599.000  1.4411165000e+00  9.7101722720e-02 
 600.000  1.4414182000e+00  9.7697303770e-02 
 601.000  1.4332991000e+00  9.7579589840e-02 
 602.000  1.4176235000e+00  9.6585807800e-02 
 603.000  1.4261774000e+00  9.7324325560e-02 
 604.000  1.4713532000e+00  1.0057492830e-01 
 605.000  1.4675810000e+00  1.0024339290e-01 
 606.000  1.4505698000e+00  9.9143821720e-02 
 607.000  1.4424039000e+00  9.8535667420e-02 
 608.000  1.4370988000e+00  9.8098609920e-02 
 609.000  1.4223408000e+00  9.7091529850e-02 
 610.000  1.3995479000e+00  9.5464614870e-02 
 611.000  1.4222589000e+00  9.7005668640e-02 
 612.000  1.4037291000e+00  9.5741432190e-02 
 613.000  1.3832060000e+00  9.4286766050e-02 
 614.000  1.3327815000e+00  9.0863945010e-02 
 615.000  1.3971419000e+00  9.5165008540e-02 
 616.000  1.3284029000e+00  9.0504760740e-02 
 617.000  1.3358970000e+00  9.1006179810e-02 
 618.000  1.3989127000e+00  9.5191177370e-02 
 619.000  1.3860957000e+00  9.4362556460e-02 
 620.000  1.4065604000e+00  9.5646217350e-02 
 621.000  1.4307418000e+00  9.7277946470e-02 
 622.000  1.3552717000e+00  9.2087860110e-02 
 623.000  1.3658223000e+00  9.2663047790e-02 
 624.000  1.3672855000e+00  9.2814483640e-02 
 625.000  1.3302486000e+00  9.0290512080e-02 
 626.000  1.3369878000e+00  9.0562477110e-02 
 627.000  1.3593731000e+00  9.1557441710e-02 
 628.000  1.3412026000e+00  8.9372497560e-02 
 629.000  1.3748658000e+00  9.1901290890e-02 
 630.000  1.3292483000e+00  8.9317314150e-02 
 631.000  1.3780172000e+00  9.2674491880e-02 
 632.000  1.2835771600e+00  8.5962028500e-02 
 633.000  1.3778178000e+00  9.2713340760e-02 
 634.000  1.3364417000e+00  9.0093177800e-02 
 635.000  1.3608857000e+00  9.1747940060e-02 
 636.000  1.3129415400e+00  8.8602676390e-02 
 637.000  1.3562713000e+00  9.1590385440e-02 
 638.000  1.3773744000e+00  9.3210250850e-02 
 639.000  1.3659989000e+00  9.2328063960e-02 
 640.000  1.3231459000e+00  8.9662956240e-02 
 641.000  1.3422625000e+00  9.0920272830e-02 
 642.000  1.3261552600e+00  8.9878974910e-02 
 643.000  1.3493722000e+00  9.1265129090e-02 
 644.000  1.3339062200e+00  9.0125869750e-02 
 645.000  1.3455643700e+00  9.0708251950e-02 
 646.000  1.2942964700e+00  8.6177734380e-02 
 647.000  1.3118576800e+00  8.6611701970e-02 
 648.000  1.3095305800e+00  8.5823837280e-02 
 649.000  1.3355254900e+00  8.8003158570e-02 
 650.000  1.2376151800e+00  8.2683708190e-02 
 651.000  1.3331613400e+00  8.9045509340e-02 
 652.000  1.3074575200e+00  8.6266998290e-02 
 653.000  1.3338478600e+00  8.9206848140e-02 
 654.000  1.3163949500e+00  8.7782226560e-02 
 655.000  1.2816980300e+00  8.5005180360e-02 
 656.000  1.0881660400e+00  7.2260658260e-02 
 657.000  1.1614127200e+00  7.7329925540e-02 
 658.000  1.2936844500e+00  8.6605545040e-02 
 659.000  1.2968144300e+00  8.7010734560e-02 
 660.000  1.3070022400e+00  8.7802497860e-02 
 661.000  1.3127713200e+00  8.8549819950e-02 
 662.000  1.3316779000e+00  8.9962577820e-02 
 663.000  1.3168935800e+00  8.8876121520e-02 
 664.000  1.2959861800e+00  8.7499641420e-02 
 665.000  1.3016381200e+00  8.7894767760e-02 
 666.000  1.3173349100e+00  8.9078720090e-02 
 667.000  1.2912005800e+00  8.7265434270e-02 
 668.000  1.2985536800e+00  8.7881530760e-02 
 669.000  1.3170954000e+00  8.9190917970e-02 
 670.000  1.3016599100e+00  8.8041435240e-02 
 671.000  1.2875976000e+00  8.7126228330e-02 
 672.000  1.2835338200e+00  8.6835052490e-02 
 673.000  1.2927119300e+00  8.7427337650e-02 
 674.000  1.2952269400e+00  8.7606559750e-02 
 675.000  1.2754714700e+00  8.6225914000e-02 
 676.000  1.2995608600e+00  8.7864784240e-02 
 677.000  1.2737196300e+00  8.6131484990e-02 
 678.000  1.2948134300e+00  8.7527160640e-02 
 679.000  1.2765403100e+00  8.6229576110e-02 
 680.000  1.2667522700e+00  8.5537231450e-02 
 681.000  1.2681209400e+00  8.5559280400e-02 
 682.000  1.2654996100e+00  8.5298683170e-02 
 683.000  1.2738114300e+00  8.5768821720e-02 
 684.000  1.2508222000e+00  8.4178947450e-02 
 685.000  1.2649450600e+00  8.5120315550e-02 
 686.000  1.2093218200e+00  8.1089294430e-02 
 687.000  1.1188365700e+00  7.2068115230e-02 
 688.000  1.1484799000e+00  7.4883178710e-02 
 689.000  1.1430786700e+00  7.4308845520e-02 
 690.000  1.1635196800e+00  7.6123802190e-02 
 691.000  1.1870321000e+00  7.8148750310e-02 
 692.000  1.1900439900e+00  7.8377914430e-02 
 693.000  1.1891208100e+00  7.6948524480e-02 
 694.000  1.1912800500e+00  7.5991546630e-02 
 695.000  1.1784142100e+00  7.5684692380e-02 
 696.000  1.1967504900e+00  7.7204475400e-02 
 697.000  1.2193749200e+00  8.0688095090e-02 
 698.000  1.1924298300e+00  7.8406410220e-02 
 699.000  1.1959676200e+00  7.6920265200e-02 
 700.000  1.1849069300e+00  7.6448661800e-02 
 701.000  1.1542942000e+00  7.4066299440e-02 
 702.000  1.1514564700e+00  7.4145858760e-02 
 703.000  1.1827002200e+00  7.7521438600e-02 
 704.000  1.1866529400e+00  7.7859375000e-02 
 705.000  1.1894089700e+00  7.7433929440e-02 
 706.000  1.1779239200e+00  7.6801628110e-02 
 707.000  1.1623066100e+00  7.5999061580e-02 
 708.000  1.1984140700e+00  7.8595390320e-02 
 709.000  1.1605368900e+00  7.6561241150e-02 
 710.000  1.1818628700e+00  7.7404747010e-02 
 711.000  1.1752382200e+00  7.7465919490e-02 
 712.000  1.1632457100e+00  7.7144317630e-02 
 713.000  1.1546295100e+00  7.6183692930e-02 
 714.000  1.1729229300e+00  7.7199501040e-02 
 715.000  1.1259593000e+00  7.3497207640e-02 
 716.000  1.1492518600e+00  7.4373435970e-02 
 717.000  1.0774491500e+00  6.6502822880e-02 
 718.000  1.0451871200e+00  6.2577285770e-02 
 719.000  1.0235741200e+00  6.0528774260e-02 
 720.000  1.0168072400e+00  5.9206085210e-02 
 721.000  1.0774305100e+00  6.7305099490e-02 
 722.000  1.1147125500e+00  7.1236190800e-02 
 723.000  1.0995969800e+00  6.9309555050e-02 
 724.000  1.0698885300e+00  6.4852531430e-02 
 725.000  1.0634133500e+00  6.4833625790e-02 
 726.000  1.0596453800e+00  6.4498863220e-02 
 727.000  1.0803326000e+00  6.6090400700e-02 
 728.000  1.0561098000e+00  6.4264678960e-02 
 729.000  1.0271262700e+00  6.3426601410e-02 
 730.000  1.0625383900e+00  6.5464553830e-02 
 731.000  1.0420451700e+00  6.4075897220e-02 
 732.000  1.0843249200e+00  6.8302314760e-02 
 733.000  1.0888498300e+00  7.0288482670e-02 
 734.000  1.1216314700e+00  7.3223350520e-02 
 735.000  1.1088600300e+00  7.2063339230e-02 
 736.000  1.0815432900e+00  6.9774780270e-02 
 737.000  1.1006531200e+00  7.1376037600e-02 
 738.000  1.1043367100e+00  7.2184890750e-02 
 739.000  1.0713414600e+00  7.0303405760e-02 
 740.000  1.0876433000e+00  7.1931648250e-02 
 741.000  1.0824952300e+00  7.1996284480e-02 
 742.000  1.0660926400e+00  7.1068931580e-02 
 743.000  1.1006360500e+00  7.3727279660e-02 
 744.000  1.1124436600e+00  7.4702156070e-02 
 745.000  1.0845743200e+00  7.2980186460e-02 
 746.000  1.1004790300e+00  7.4118240360e-02 
 747.000  1.1170736000e+00  7.5222274780e-02 
 748.000  1.0977558300e+00  7.3961090090e-02 
 749.000  1.0982567800e+00  7.4029724120e-02 
 750.000  1.0818087000e+00  7.2852493290e-02 
 751.000  1.0790452700e+00  7.2668899540e-02 
 752.000  1.0960579600e+00  7.3881996150e-02 
 753.000  1.0858665000e+00  7.3213874820e-02 
 754.000  1.1029840100e+00  7.4379692080e-02 
 755.000  1.0966808300e+00  7.3957450870e-02 
 756.000  1.0752418100e+00  7.2514930730e-02 
 757.000  1.0831783000e+00  7.3051429750e-02 
 758.000  1.0809395800e+00  7.2858589170e-02 
 759.000  9.9933239000e-01  6.5881362920e-02 
 760.000  5.1113380000e-01  2.7394964220e-02 
 761.000  4.6178464000e-01  2.4043169020e-02 
 762.000  7.3681002000e-01  4.4228454590e-02 
 763.000  6.6872505000e-01  3.8601692200e-02 
 764.000  7.1472924000e-01  4.2058410640e-02 
 765.000  8.1594324000e-01  5.0210704800e-02 
 766.000  8.8222370000e-01  5.6765403750e-02 
 767.000  9.4546738000e-01  6.1980892180e-02 
 768.000  1.0159238300e+00  6.7449516300e-02 
 769.000  1.0332975100e+00  6.9203308110e-02 
 770.000  1.0382235800e+00  6.9824363710e-02 
 771.000  1.0437289800e+00  7.0366775510e-02 
 772.000  1.0408110900e+00  7.0216140750e-02 
 773.000  1.0369144000e+00  6.9976455690e-02 
 774.000  1.0483421400e+00  7.0770355220e-02 
 775.000  1.0091157100e+00  6.8140693660e-02 
 776.000  1.0507849200e+00  7.1003379820e-02 
 777.000  1.0435068700e+00  7.0507125850e-02 
 778.000  1.0378986900e+00  7.0103347780e-02 
 779.000  1.0412617000e+00  7.0296813960e-02 
 780.000  1.0283646600e+00  6.9452209470e-02 
 781.000  1.0267817900e+00  6.9354644780e-02 
 782.000  1.0391430800e+00  7.0131362920e-02 
 783.000  1.0148518400e+00  6.8561447140e-02 
 784.000  1.0204024400e+00  6.8893829350e-02 
 785.000  1.0222776800e+00  6.8829368590e-02 
 786.000  1.0034022000e+00  6.7383842470e-02 
 787.000  1.0153181400e+00  6.7675445560e-02 
 788.000  9.9855544000e-01  6.6355239870e-02 
 789.000  9.9874810000e-01  6.5600921630e-02 
 790.000  9.8816420000e-01  6.4811485290e-02 
 791.000  9.8414634000e-01  6.4707786560e-02 
 792.000  9.6951274000e-01  6.3838523860e-02 
 793.000  9.7078545000e-01  6.4223037720e-02 
 794.000  9.6554988000e-01  6.4559539790e-02 
 795.000  9.5742285000e-01  6.3533985140e-02 
 796.000  9.6585643000e-01  6.3172500610e-02 
 797.000  9.7419640000e-01  6.4026451110e-02 
 798.000  9.7970361000e-01  6.5029281620e-02 
 799.000  9.7777009000e-01  6.4720207210e-02 
 800.000  9.4868420000e-01  6.2333179470e-02 
 801.000  9.6683129000e-01  6.3587234500e-02 
 802.000  9.6451521000e-01  6.3364063260e-02 
 803.000  9.5128995000e-01  6.2584983830e-02 
 804.000  9.6157399000e-01  6.3528026580e-02 
 805.000  9.3843102000e-01  6.2442451480e-02 
 806.000  9.6578354000e-01  6.4495285030e-02 
 807.000  9.5989736000e-01  6.4149497990e-02 
 808.000  9.5312969000e-01  6.3523311610e-02 
 809.000  9.3557547000e-01  6.2167209630e-02 
 810.000  9.2982513000e-01  6.1574958800e-02 
 811.000  9.4142501000e-01  6.1971778870e-02 
 812.000  9.3373738000e-01  6.0981433870e-02 
 813.000  9.2400893000e-01  5.9716907500e-02 
 814.000  9.1504271000e-01  5.8461383820e-02 
 815.000  8.9544671000e-01  5.6380474090e-02 
 816.000  8.7459945000e-01  5.4065135960e-02 
 817.000  8.8062515000e-01  5.4477893830e-02 
 818.000  8.7633055000e-01  5.4234302520e-02 
 819.000  8.5685643000e-01  5.3410087590e-02 
 820.000  8.5430677000e-01  5.4346435550e-02 
 821.000  8.9916692000e-01  5.8518074040e-02 
 822.000  8.6157597000e-01  5.5021450040e-02 
 823.000  8.3785509000e-01  5.1010261540e-02 
 824.000  8.8080770000e-01  5.5854503630e-02 
 825.000  8.9834428000e-01  5.8644660950e-02 
 826.000  9.0070566000e-01  5.8483409880e-02 
 827.000  8.9538633000e-01  5.7911266330e-02 
 828.000  8.8119325000e-01  5.5966606140e-02 
 829.000  8.8519888000e-01  5.6556354520e-02 
 830.000  8.7599781000e-01  5.6380558010e-02 
 831.000  8.6169198000e-01  5.5553607940e-02 
 832.000  8.7975125000e-01  5.6749847410e-02 
 833.000  8.5502605000e-01  5.5467685700e-02 
 834.000  8.7071369000e-01  5.6787220000e-02 
 835.000  8.7798467000e-01  5.7757598880e-02 
 836.000  8.8640794000e-01  5.8236377720e-02 
 837.000  8.7885418000e-01  5.7698265080e-02 
 838.000  8.8461024000e-01  5.8390975950e-02 
 839.000  8.5844997000e-01  5.6820838930e-02 
 840.000  8.8193781000e-01  5.8401504520e-02 
 841.000  8.8275856000e-01  5.8254020690e-02 
 842.000  8.7851164000e-01  5.8127952580e-02 
 843.000  8.7543013000e-01  5.8426643370e-02 
 844.000  8.6217325000e-01  5.7751113890e-02 
 845.000  8.7581536000e-01  5.8762565610e-02 
 846.000  8.8417788000e-01  5.9474300380e-02 
 847.000  8.5428276000e-01  5.7623195650e-02 
 848.000  8.7845841000e-01  5.9042171480e-02 
 849.000  8.8018535000e-01  5.9250080110e-02 
 850.000  7.6059631000e-01  5.1065784450e-02 
 851.000  8.7083956000e-01  5.8328907010e-02 
 852.000  8.3785772000e-01  5.6180789950e-02 
 853.000  8.4831870000e-01  5.6994213100e-02 
 854.000  6.8196948000e-01  4.5842838290e-02 
 855.000  7.5102162000e-01  5.0601272580e-02 
 856.000  8.5281265000e-01  5.7575447080e-02 
 857.000  8.6665101000e-01  5.8659702300e-02 
 858.000  8.5286660000e-01  5.7748546600e-02 
 859.000  8.5293853000e-01  5.7835796360e-02 
 860.000  8.4540671000e-01  5.7411361690e-02 
 861.000  8.4530219000e-01  5.7400737760e-02 
 862.000  8.4254013000e-01  5.7187030790e-02 
 863.000  8.5864852000e-01  5.8362949370e-02 
 864.000  8.5693428000e-01  5.8156528470e-02 
 865.000  8.4097813000e-01  5.7182487490e-02 
 866.000  7.0540825000e-01  4.8004291530e-02 
 867.000  7.5117730000e-01  5.0976047520e-02 
 868.000  8.1468808000e-01  5.5357707980e-02 
 869.000  8.0325684000e-01  5.4583415990e-02 
 870.000  8.3638688000e-01  5.6925117490e-02 
 871.000  8.3520677000e-01  5.6805503850e-02 
 872.000  8.3184282000e-01  5.6427349090e-02 
 873.000  8.3517590000e-01  5.6750114440e-02 
 874.000  8.1686207000e-01  5.5452934270e-02 
 875.000  8.0935259000e-01  5.5056976320e-02 
 876.000  8.1606546000e-01  5.5455383300e-02 
 877.000  8.3232299000e-01  5.6459709170e-02 
 878.000  8.1798273000e-01  5.5525337220e-02 
 879.000  8.1988180000e-01  5.5702953340e-02 
 880.000  8.1508956000e-01  5.5231147770e-02 
 881.000  7.7270811000e-01  5.2390071870e-02 
 882.000  8.1535292000e-01  5.5140617370e-02 
 883.000  7.9676440000e-01  5.4037231450e-02 
 884.000  8.0354027000e-01  5.4664958950e-02 
 885.000  8.1173327000e-01  5.4856155400e-02 
 886.000  7.8505458000e-01  5.3027805330e-02 
 887.000  7.7705964000e-01  5.2533264160e-02 
 888.000  8.0031373000e-01  5.3980003360e-02 
 889.000  8.0574383000e-01  5.4573196410e-02 
 890.000  8.0311408000e-01  5.4299682620e-02 
 891.000  7.9835394000e-01  5.3753219600e-02 
 892.000  7.9408754000e-01  5.3161827090e-02 
 893.000  7.5827338000e-01  4.9756690980e-02 
 894.000  7.8040769000e-01  5.0814910890e-02 
 895.000  7.3073603000e-01  4.6540740970e-02 
 896.000  7.4483413000e-01  4.6301307680e-02 
 897.000  7.1237230000e-01  4.3387161250e-02 
 898.000  7.0636045000e-01  4.2500286100e-02 
 899.000  6.8506378000e-01  3.9938602450e-02 
 900.000  6.7090599000e-01  3.9211593630e-02 
 901.000  6.5137497000e-01  3.7790325160e-02 
 902.000  6.4022426000e-01  3.7216117860e-02 
 903.000  7.0542332000e-01  4.3109580990e-02 
 904.000  7.3947353000e-01  4.6516708370e-02 
 905.000  7.3670353000e-01  4.6504417420e-02 
 906.000  7.0450696000e-01  4.3673099520e-02 
 907.000  6.9350182000e-01  4.1536418910e-02 
 908.000  6.6176558000e-01  3.8698318480e-02 
 909.000  6.4932024000e-01  3.7990695950e-02 
 910.000  6.5921397000e-01  3.8698722840e-02 
 911.000  6.6723858000e-01  3.9887638090e-02 
 912.000  6.6390573000e-01  3.9243354800e-02 
 913.000  6.5822178000e-01  3.7733764650e-02 
 914.000  6.6436529000e-01  3.8659832000e-02 
 915.000  6.6155242000e-01  3.9126419070e-02 
 916.000  6.7096225000e-01  3.9774040220e-02 
 917.000  6.6473731000e-01  3.9666179660e-02 
 918.000  6.6687157000e-01  4.0151844020e-02 
 919.000  6.9463557000e-01  4.3317150120e-02 
 920.000  7.0208390000e-01  4.4536090850e-02 
 921.000  6.8363592000e-01  4.3161457060e-02 
 922.000  6.7723998000e-01  4.2819999690e-02 
 923.000  6.4517998000e-01  4.0303970340e-02 
 924.000  6.6328477000e-01  4.1057880400e-02 
 925.000  6.7135538000e-01  4.1447196960e-02 
 926.000  6.4727460000e-01  3.9809509280e-02 
 927.000  6.6059095000e-01  4.0086982730e-02 
 928.000  6.4781466000e-01  3.8123268130e-02 
 929.000  6.1453889000e-01  3.4623485570e-02 
 930.000  5.8170032000e-01  3.0954698560e-02 
 931.000  5.4565417000e-01  2.7140666960e-02 
 932.000  4.9301179000e-01  2.2264665600e-02 
 933.000  4.5735355000e-01  1.9272323610e-02 
 934.000  4.1425173000e-01  1.6230781560e-02 
 935.000  4.0406256000e-01  1.5688844680e-02 
 936.000  4.1669587000e-01  1.6640701290e-02 
 937.000  4.2182438000e-01  1.6749118800e-02 
 938.000  4.5986366000e-01  1.9816558840e-02 
 939.000  5.6935758000e-01  2.9756229400e-02 
 940.000  5.8124041000e-01  3.1151798250e-02 
 941.000  5.5533420000e-01  2.9178936000e-02 
 942.000  5.0385230000e-01  2.5021669390e-02 
 943.000  4.7610290000e-01  2.1349771500e-02 
 944.000  4.5929904000e-01  2.0435400010e-02 
 945.000  4.8347975000e-01  2.2294406890e-02 
 946.000  4.9102998000e-01  2.2707248690e-02 
 947.000  5.0526123000e-01  2.4179176330e-02 
 948.000  5.1836122000e-01  2.5304866790e-02 
 949.000  5.1854755000e-01  2.5274034500e-02 
 950.000  5.1764128000e-01  2.5365036010e-02 
 951.000  5.3665858000e-01  2.7442377090e-02 
 952.000  5.1273179000e-01  2.5098148350e-02 
 953.000  5.2779469000e-01  2.6700794220e-02 
 954.000  5.3994655000e-01  2.8256055830e-02 
 955.000  4.9101165000e-01  2.5062137600e-02 
 956.000  5.2038171000e-01  2.6453180310e-02 
 957.000  5.6335427000e-01  3.1005353930e-02 
 958.000  5.7309287000e-01  3.1876548770e-02 
 959.000  5.6801703000e-01  3.1262521740e-02 
 960.000  5.6048581000e-01  3.0769960400e-02 
 961.000  5.5085607000e-01  3.0081075670e-02 
 962.000  5.5675895000e-01  3.0595407490e-02 
 963.000  5.7864949000e-01  3.3076274870e-02 
 964.000  5.7521183000e-01  3.3082633970e-02 
 965.000  5.7998359000e-01  3.3260143280e-02 
 966.000  5.6436845000e-01  3.2456996920e-02 
 967.000  5.9730599000e-01  3.5332012180e-02 
 968.000  6.1703780000e-01  3.8161575320e-02 
 969.000  6.3257665000e-01  3.9882522580e-02 
 970.000  6.3489664000e-01  4.0084121700e-02 
 971.000  6.2897634000e-01  3.9699966430e-02 
 972.000  6.3015083000e-01  3.9563552860e-02 
 973.000  6.1652270000e-01  3.8237968440e-02 
 974.000  5.9777167000e-01  3.6521469120e-02 
 975.000  5.9472121000e-01  3.5975627900e-02 
 976.000  6.0938736000e-01  3.7322223660e-02 
 977.000  6.0584177000e-01  3.7840839390e-02 
 978.000  6.1978871000e-01  3.8667736050e-02 
 979.000  6.0477559000e-01  3.7937129970e-02 
 980.000  6.2547341000e-01  4.0029949190e-02 
 981.000  6.3243734000e-01  4.0667949680e-02 
 982.000  6.2833106000e-01  4.0236171720e-02 
 983.000  6.3281897000e-01  4.0959880830e-02 
 984.000  6.3492643000e-01  4.1566093440e-02 
 985.000  6.3821370000e-01  4.2063835140e-02 
 986.000  6.3761833000e-01  4.2403549190e-02 
 987.000  6.4694594000e-01  4.3198547360e-02 
 988.000  6.3933258000e-01  4.2733173370e-02 
 989.000  6.3148003000e-01  4.2235473630e-02 
 990.000  6.3732896000e-01  4.2669483180e-02 
 991.000  6.4422558000e-01  4.3286010740e-02 
 992.000  6.3872851000e-01  4.2961696620e-02 
 993.000  6.3885563000e-01  4.2987762450e-02 
 994.000  6.4356016000e-01  4.3440433500e-02 
 995.000  6.3983674000e-01  4.3292373660e-02 
 996.000  6.3969904000e-01  4.3282863620e-02 
 997.000  6.3972907000e-01  4.3220539090e-02 
 998.000  6.3662788000e-01  4.2944854740e-02 
 999.000  6.3477140000e-01  4.2793964390e-02 
1000.000  6.2992616000e-01  4.2488727570e-02 
1001.000  6.3195060000e-01  4.2482910160e-02 
1002.000  6.2864404000e-01  4.2038856510e-02 
1003.000  6.2184106000e-01  4.1638843540e-02 
1004.000  6.1794410000e-01  4.1507740020e-02 
1005.000  5.7789260000e-01  3.8874732970e-02 
1006.000  6.0825081000e-01  4.0940204620e-02 
1007.000  6.1890167000e-01  4.1617027280e-02 
1008.000  6.1967606000e-01  4.1492366790e-02 
1009.000  6.1343220000e-01  4.0847866060e-02 
1010.000  6.1680654000e-01  4.1178543090e-02 
1011.000  6.1608487000e-01  4.1381423950e-02 
1012.000  6.1723719000e-01  4.1557975770e-02 
1013.000  6.1353221000e-01  4.1388301850e-02 
1014.000  6.1775865000e-01  4.1736297610e-02 
1015.000  6.0640389000e-01  4.1007396700e-02 
1016.000  6.1061602000e-01  4.1360435490e-02 
1017.000  6.0471177000e-01  4.1007286070e-02 
1018.000  6.1225252000e-01  4.1510574340e-02 
1019.000  5.9749977000e-01  4.0451362610e-02 
1020.000  5.9650399000e-01  4.0391162870e-02 
1021.000  6.0297977000e-01  4.0844532010e-02 
1022.000  5.9302316000e-01  4.0013549800e-02 
1023.000  6.0364040000e-01  4.0591167450e-02 
1024.000  6.0011813000e-01  4.0253749850e-02 
1025.000  6.0124850000e-01  4.0440868380e-02 
1026.000  6.0251657000e-01  4.0591754910e-02 
1027.000  5.9863479000e-01  4.0341735840e-02 
1028.000  6.0023530000e-01  4.0518180850e-02 
1029.000  5.9162218000e-01  4.0046867370e-02 
1030.000  5.9806544000e-01  4.0597816470e-02 
1031.000  5.9642541000e-01  4.0570014950e-02 
1032.000  5.9451467000e-01  4.0500690460e-02 
1033.000  5.8360491000e-01  3.9754306790e-02 
1034.000  5.8930669000e-01  4.0150543210e-02 
1035.000  5.8161089000e-01  3.9607379910e-02 
1036.000  5.9122562000e-01  4.0267208100e-02 
1037.000  5.7877678000e-01  3.9413490300e-02 
1038.000  5.8450126000e-01  3.9795650480e-02 
1039.000  5.8688662000e-01  3.9939029690e-02 
1040.000  5.7993868000e-01  3.9450149540e-02 
1041.000  5.8296132000e-01  3.9637233730e-02 
1042.000  5.8468937000e-01  3.9740142820e-02 
1043.000  5.7459572000e-01  3.9041976930e-02 
1044.000  5.8031033000e-01  3.9413696290e-02 
1045.000  5.7777428000e-01  3.9268314360e-02 
1046.000  5.6096712000e-01  3.8162994380e-02 
1047.000  5.7126060000e-01  3.8900070190e-02 
1048.000  5.7692717000e-01  3.9327114110e-02 
1049.000  5.7322142000e-01  3.9120246890e-02 
1050.000  5.7081583000e-01  3.8988639830e-02 
1051.000  5.6980109000e-01  3.8889148710e-02 
1052.000  5.6714616000e-01  3.8677433010e-02 
1053.000  5.6570700000e-01  3.8559715270e-02 
1054.000  5.6148798000e-01  3.8232158660e-02 
1055.000  5.6557932000e-01  3.8473567960e-02 
1056.000  5.6405631000e-01  3.8337669370e-02 
1057.000  5.6300093000e-01  3.8218475340e-02 
1058.000  5.5696154000e-01  3.7727691650e-02 
1059.000  5.3945841000e-01  3.6570411680e-02 
1060.000  5.5897302000e-01  3.7969161990e-02 
1061.000  5.3936508000e-01  3.6647415160e-02 
1062.000  5.5423683000e-01  3.7619426730e-02 
1063.000  5.4485229000e-01  3.6966712950e-02 
1064.000  5.5157897000e-01  3.7349025730e-02 
1065.000  5.5075305000e-01  3.7197383880e-02 
1066.000  5.3388347000e-01  3.6035743710e-02 
1067.000  5.4648391000e-01  3.6832344060e-02 
1068.000  5.4375477000e-01  3.6495758060e-02 
1069.000  5.0253340000e-01  3.3651840210e-02 
1070.000  5.3241377000e-01  3.5689178470e-02 
1071.000  5.3289940000e-01  3.5669525150e-02 
1072.000  5.3428855000e-01  3.5713172910e-02 
1073.000  5.1663359000e-01  3.4542858120e-02 
1074.000  5.3479620000e-01  3.5792686460e-02 
1075.000  5.1876966000e-01  3.4844459530e-02 
1076.000  5.2980176000e-01  3.5526008610e-02 
1077.000  5.2811725000e-01  3.5333156590e-02 
1078.000  5.2888582000e-01  3.5290672300e-02 
1079.000  5.0843859000e-01  3.3921707150e-02 
1080.000  5.2186766000e-01  3.4564701080e-02 
1081.000  5.0257319000e-01  3.3272872920e-02 
1082.000  5.0970142000e-01  3.3825508120e-02 
1083.000  4.9509586000e-01  3.2695934300e-02 
1084.000  5.1298429000e-01  3.3704059600e-02 
1085.000  5.0379672000e-01  3.2750827790e-02 
1086.000  5.1097558000e-01  3.3263511660e-02 
1087.000  4.8226272000e-01  3.1718690870e-02 
1088.000  5.1157757000e-01  3.3705165860e-02 
1089.000  4.8881838000e-01  3.1824581150e-02 
1090.000  4.9879757000e-01  3.2433784480e-02 
1091.000  5.0269741000e-01  3.2806327820e-02 
1092.000  4.8937063000e-01  3.1769557950e-02 
1093.000  4.7953362900e-01  3.0727062230e-02 
1094.000  4.3478963300e-01  2.7670665740e-02 
1095.000  4.7090154700e-01  2.9969814300e-02 
1096.000  4.7222846000e-01  3.0065505980e-02 
1097.000  4.6218363600e-01  2.9294034960e-02 
1098.000  4.4491501800e-01  2.7222999570e-02 
1099.000  4.3464391500e-01  2.5757062910e-02 
1100.000  4.4292896700e-01  2.6304735180e-02 
1101.000  4.4358529800e-01  2.6456380840e-02 
1102.000  4.2445734800e-01  2.5255300520e-02 
1103.000  4.4237977600e-01  2.6391117100e-02 
1104.000  4.3719063800e-01  2.5938982010e-02 
1105.000  4.3145838100e-01  2.5255495070e-02 
1106.000  4.2265691100e-01  2.4419954300e-02 
1107.000  4.2349168200e-01  2.4531772610e-02 
1108.000  4.2316011000e-01  2.4545869830e-02 
1109.000  4.2964149600e-01  2.5166429520e-02 
1110.000  4.3140308700e-01  2.5184030530e-02 
1111.000  4.2345198600e-01  2.4541593550e-02 
1112.000  4.0713401100e-01  2.2920902250e-02 
1113.000  3.8849122300e-01  2.0942672730e-02 
1114.000  3.8830315700e-01  2.0603397370e-02 
1115.000  3.6277748500e-01  1.8100969310e-02 
1116.000  3.4465948100e-01  1.6534376140e-02 
1117.000  3.1574655800e-01  1.3884292600e-02 
1118.000  2.8185988700e-01  1.1380573270e-02 
1119.000  2.5804723900e-01  9.8943481450e-03 
1120.000  2.3791004000e-01  8.5421981810e-03 
1121.000  2.3483338300e-01  8.2949352260e-03 
1122.000  2.1109176800e-01  6.9111042020e-03 
1123.000  2.2493035900e-01  7.6554493900e-03 
1124.000  2.3387560400e-01  8.1557292940e-03 
1125.000  2.2472532700e-01  7.7317237850e-03 
1126.000  2.1868083200e-01  7.4876275060e-03 
1127.000  2.2784421800e-01  7.8621301650e-03 
1128.000  2.2705783000e-01  7.9481830600e-03 
1129.000  2.4984609200e-01  9.3410930630e-03 
1130.000  2.9857626500e-01  1.2687283520e-02 
1131.000  3.1548557200e-01  1.3884858130e-02 
1132.000  2.9755528400e-01  1.2467771530e-02 
1133.000  2.5539356500e-01  9.7791109090e-03 
1134.000  1.8682003600e-01  5.7651376720e-03 
1135.000  1.9446463800e-01  6.1334939000e-03 
1136.000  2.6154364500e-01  1.0192431450e-02 
1137.000  2.9974706700e-01  1.2795012470e-02 
1138.000  3.2019096700e-01  1.4914799690e-02 
1139.000  3.3619074200e-01  1.6151983260e-02 
1140.000  3.3118770400e-01  1.5659062390e-02 
1141.000  3.0966688400e-01  1.4203620910e-02 
1142.000  3.1381010600e-01  1.4224740980e-02 
1143.000  2.9493662000e-01  1.2889904980e-02 
1144.000  2.7768751500e-01  1.1652527810e-02 
1145.000  2.5685714800e-01  1.0127706530e-02 
1146.000  2.6485868900e-01  1.0605016710e-02 
1147.000  2.8393358500e-01  1.1933011050e-02 
1148.000  2.9652178700e-01  1.2991122250e-02 
1149.000  3.0343402400e-01  1.3527004240e-02 
1150.000  3.0218237800e-01  1.3527644160e-02 
1151.000  3.1002251300e-01  1.4266955380e-02 
1152.000  3.1365048800e-01  1.4629723550e-02 
1153.000  3.1932084600e-01  1.5180611610e-02 
1154.000  3.1957195000e-01  1.5154743190e-02 
1155.000  3.3236607100e-01  1.6346914290e-02 
1156.000  3.4078387900e-01  1.7418586730e-02 
1157.000  3.7011013300e-01  2.0308750150e-02 
1158.000  3.8044365500e-01  2.1478666310e-02 
1159.000  3.8364338100e-01  2.2194545750e-02 
1160.000  3.8222337100e-01  2.2349166870e-02 
1161.000  3.8273463500e-01  2.2909563060e-02 
1162.000  4.0301063900e-01  2.4569740300e-02 
1163.000  4.1255093200e-01  2.5678077700e-02 
1164.000  4.0599231600e-01  2.5381528850e-02 
1165.000  4.1432898000e-01  2.5987651820e-02 
1166.000  4.0513506600e-01  2.5544038770e-02 
1167.000  4.1266419100e-01  2.6104650500e-02 
1168.000  4.1587306400e-01  2.6289754870e-02 
1169.000  4.0255678600e-01  2.5531251910e-02 
1170.000  4.1438864400e-01  2.6356809620e-02 
1171.000  4.1905066700e-01  2.6830709460e-02 
1172.000  4.1611185100e-01  2.6550500870e-02 
1173.000  4.1161760800e-01  2.6177661900e-02 
1174.000  4.1192046500e-01  2.6208793640e-02 
1175.000  4.1136198000e-01  2.6436429980e-02 
1176.000  4.0524653200e-01  2.6284616470e-02 
1177.000  4.1591415000e-01  2.6865255360e-02 
1178.000  4.0515975000e-01  2.5947029110e-02 
1179.000  4.0335124100e-01  2.5837070470e-02 
1180.000  4.0766036800e-01  2.6035110470e-02 
1181.000  4.0206110900e-01  2.5471113200e-02 
1182.000  3.9906615800e-01  2.5075757980e-02 
1183.000  3.7630319700e-01  2.3668539050e-02 
1184.000  3.9524543400e-01  2.4976604460e-02 
1185.000  4.0537333500e-01  2.5911365510e-02 
1186.000  4.0152090500e-01  2.5577798840e-02 
1187.000  3.9667114900e-01  2.4976579670e-02 
1188.000  3.9349017400e-01  2.4702323910e-02 
1189.000  3.7338450600e-01  2.3598121640e-02 
1190.000  3.9945898300e-01  2.5692083360e-02 
1191.000  4.0799984400e-01  2.6365976330e-02 
1192.000  4.0906563200e-01  2.6624725340e-02 
1193.000  4.0851115100e-01  2.6522775650e-02 
1194.000  4.0723483900e-01  2.6412883760e-02 
1195.000  3.9944963300e-01  2.5720069890e-02 
1196.000  3.9964013500e-01  2.5768638610e-02 
1197.000  3.9796764200e-01  2.5574300770e-02 
1198.000  3.8426228200e-01  2.4680999760e-02 
1199.000  3.6814899000e-01  2.3544214250e-02 
1200.000  3.9246461800e-01  2.5172018050e-02 
1201.000  3.9571864300e-01  2.5418779370e-02 
1202.000  3.9662685000e-01  2.5534662250e-02 
1203.000  3.7622022800e-01  2.4190917970e-02 
1204.000  3.8306549200e-01  2.4697286610e-02 
1205.000  3.9722774500e-01  2.5947780610e-02 
1206.000  3.9727213500e-01  2.6105096820e-02 
1207.000  4.0094665500e-01  2.6411285400e-02 
1208.000  3.9438824900e-01  2.5928739550e-02 
1209.000  3.6862145300e-01  2.4157783510e-02 
1210.000  3.9242875200e-01  2.5579059600e-02 
1211.000  3.7903492600e-01  2.4695478440e-02 
1212.000  3.9145905000e-01  2.5553220750e-02 
1213.000  3.9504773400e-01  2.5934520720e-02 
1214.000  3.9298784500e-01  2.5795429230e-02 
1215.000  3.9506392600e-01  2.5998756410e-02 
1216.000  3.9682565900e-01  2.6350105290e-02 
1217.000  3.9842979800e-01  2.6660676960e-02 
1218.000  3.9800600500e-01  2.6734052660e-02 
1219.000  3.9477794900e-01  2.6581092830e-02 
1220.000  3.9751116600e-01  2.6766500470e-02 
1221.000  3.9703792500e-01  2.6745347980e-02 
1222.000  3.9502424700e-01  2.6608259200e-02 
1223.000  3.9336044900e-01  2.6529306410e-02 
1224.000  3.9788115800e-01  2.6963500980e-02 
1225.000  3.9600693700e-01  2.6874841690e-02 
1226.000  3.9780630300e-01  2.7048717500e-02 
1227.000  3.8498930100e-01  2.6251636510e-02 
1228.000  3.9783600300e-01  2.7221181870e-02 
1229.000  3.9798253100e-01  2.7301208500e-02 
1230.000  3.9728471600e-01  2.7333469390e-02 
1231.000  3.9765400400e-01  2.7409954070e-02 
1232.000  3.9330618200e-01  2.7135950090e-02 
1233.000  3.9648470400e-01  2.7374771120e-02 
1234.000  3.9614947900e-01  2.7455442430e-02 
1235.000  3.9370756200e-01  2.7324754710e-02 
1236.000  3.9620130200e-01  2.7524377820e-02 
1237.000  3.9645147700e-01  2.7579298020e-02 
1238.000  3.9629505500e-01  2.7586164470e-02 
1239.000  3.9182486300e-01  2.7287273410e-02 
1240.000  3.9005192600e-01  2.7200599670e-02 
1241.000  3.9345925500e-01  2.7468326570e-02 
1242.000  3.9106884400e-01  2.7328002930e-02 
1243.000  3.8662091200e-01  2.7044990540e-02 
1244.000  3.8298703100e-01  2.6807441710e-02 
1245.000  3.8945799400e-01  2.7275714870e-02 
1246.000  3.8630465200e-01  2.7024362560e-02 
1247.000  3.8422562700e-01  2.6847408290e-02 
1248.000  3.8703466500e-01  2.7012241360e-02 
1249.000  3.8553265600e-01  2.6886121750e-02 
1250.000  3.8385771100e-01  2.6739616390e-02 
1251.000  3.8103335200e-01  2.6521850590e-02 
1252.000  3.7959952600e-01  2.6391765590e-02 
1253.000  3.7615234000e-01  2.6119075780e-02 
1254.000  3.7651391500e-01  2.6079446790e-02 
1255.000  3.7543346800e-01  2.5963787080e-02 
1256.000  3.7424157900e-01  2.5850658420e-02 
1257.000  3.6940121200e-01  2.5448598860e-02 
1258.000  3.6948581400e-01  2.5335206990e-02 
1259.000  3.6426189600e-01  2.4878843310e-02 
1260.000  3.6340086300e-01  2.4711395260e-02 
1261.000  3.6119017000e-01  2.4452190400e-02 
1262.000  3.5017729100e-01  2.3552221300e-02 
1263.000  3.5315473900e-01  2.3732545850e-02 
1264.000  3.4682248600e-01  2.3305822370e-02 
1265.000  3.4714620900e-01  2.3337684630e-02 
1266.000  3.4800757900e-01  2.3360328670e-02 
1267.000  3.3994352800e-01  2.2785209660e-02 
1268.000  3.3486527700e-01  2.2410581590e-02 
1269.000  3.3721738300e-01  2.2554388050e-02 
1270.000  3.4538455700e-01  2.3223047260e-02 
1271.000  3.4929781200e-01  2.3536382680e-02 
1272.000  3.4988065700e-01  2.3634931560e-02 
1273.000  3.5103806800e-01  2.3788753510e-02 
1274.000  3.5073460400e-01  2.3855110170e-02 
1275.000  3.5366995300e-01  2.4081041340e-02 
1276.000  3.5475182700e-01  2.4155858990e-02 
1277.000  3.5479304200e-01  2.4138336180e-02 
1278.000  3.5410554600e-01  2.4061761860e-02 
1279.000  3.5208359700e-01  2.3933891300e-02 
1280.000  3.5098414300e-01  2.3948547360e-02 
1281.000  3.4191460600e-01  2.3414142610e-02 
1282.000  3.0438630600e-01  2.0920171740e-02 
1283.000  3.3457356800e-01  2.3040475850e-02 
1284.000  3.4844377600e-01  2.4017215730e-02 
1285.000  3.5128058500e-01  2.4229436870e-02 
1286.000  3.5073994700e-01  2.4144945140e-02 
1287.000  3.5201223400e-01  2.4152734760e-02 
1288.000  3.4653715800e-01  2.3514844890e-02 
1289.000  3.4758985300e-01  2.3504205700e-02 
1290.000  3.3947993700e-01  2.2936191560e-02 
1291.000  3.4470739500e-01  2.3291585920e-02 
1292.000  3.4757414400e-01  2.3546422960e-02 
1293.000  3.4801317000e-01  2.3548465730e-02 
1294.000  3.4108127600e-01  2.2932840350e-02 
1295.000  3.4243176400e-01  2.2825942990e-02 
1296.000  3.4024745400e-01  2.2501514430e-02 
1297.000  3.3615795700e-01  2.2103895190e-02 
1298.000  3.3297326700e-01  2.1882600780e-02 
1299.000  3.3619540200e-01  2.2080871580e-02 
1300.000  3.3450695700e-01  2.1956331250e-02 
1301.000  3.3352756500e-01  2.1852493290e-02 
1302.000  3.2785757900e-01  2.1363723750e-02 
1303.000  3.2189579400e-01  2.0691482540e-02 
1304.000  3.2052851500e-01  2.0472164150e-02 
1305.000  3.2178103600e-01  2.0489624020e-02 
1306.000  3.2156260200e-01  2.0407814030e-02 
1307.000  3.1955380200e-01  2.0215713500e-02 
1308.000  3.1658899600e-01  1.9861886980e-02 
1309.000  3.1266287300e-01  1.9394310000e-02 
1310.000  3.1094365400e-01  1.9271411900e-02 
1311.000  3.1008985500e-01  1.9218626020e-02 
1312.000  3.0467031300e-01  1.8634996410e-02 
1313.000  2.8858508800e-01  1.7374017720e-02 
1314.000  2.9310606000e-01  1.7395509720e-02 
1315.000  2.8533678700e-01  1.7045621870e-02 
1316.000  2.9530404900e-01  1.7813283920e-02 
1317.000  2.9830701900e-01  1.7987239840e-02 
1318.000  2.8892813300e-01  1.7125141140e-02 
1319.000  2.8529560400e-01  1.6516088490e-02 
1320.000  2.7459934800e-01  1.5451640130e-02 
1321.000  2.7007373300e-01  1.5017777440e-02 
1322.000  2.7513528900e-01  1.5574148180e-02 
1323.000  2.8201365900e-01  1.6251760480e-02 
1324.000  2.8527013300e-01  1.6596076970e-02 
1325.000  2.8289329400e-01  1.6345951080e-02 
1326.000  2.7582555000e-01  1.5650509830e-02 
1327.000  2.6131801700e-01  1.4187537190e-02 
1328.000  2.4821589900e-01  1.2766969680e-02 
1329.000  2.1416991900e-01  9.9581604000e-03 
1330.000  2.0813543400e-01  9.3156242370e-03 
1331.000  2.0265438700e-01  8.8493833540e-03 
1332.000  2.0045877600e-01  8.8136692050e-03 
1333.000  2.1146411100e-01  9.4983568190e-03 
1334.000  2.1987662800e-01  1.0157444950e-02 
1335.000  2.2581692700e-01  1.0647080420e-02 
1336.000  2.2570914500e-01  1.0718405720e-02 
1337.000  2.2826419900e-01  1.0868840220e-02 
1338.000  2.3201345200e-01  1.1215735440e-02 
1339.000  2.3252717900e-01  1.1293982510e-02 
1340.000  2.3414561900e-01  1.1521502490e-02 
1341.000  2.3810358800e-01  1.1591883660e-02 
1342.000  2.3800699300e-01  1.1602104190e-02 
1343.000  2.2898636300e-01  1.0577705380e-02 
1344.000  2.1514458500e-01  9.3470001220e-03 
1345.000  1.7801886200e-01  6.6491432190e-03 
1346.000  1.5185738300e-01  4.9679188730e-03 
1347.000  1.3469633500e-01  4.0450658800e-03 
1348.000  1.1167134300e-01  2.8225183490e-03 
1349.000  1.0156978830e-01  2.3930730820e-03 
1350.000  7.9119476300e-02  1.4805207250e-03 
1351.000  6.8304699400e-02  1.1444517370e-03 
1352.000  5.2245307100e-02  6.8001836540e-04 
1353.000  3.7031175900e-02  3.7363821270e-04 
1354.000  2.9609881200e-02  2.4998512860e-04 
1355.000  2.2989603000e-02  1.6049233080e-04 
1356.000  1.7384917200e-02  9.7811818120e-05 
1357.000  1.1883074770e-02  4.9364376810e-05 
1358.000  8.7943008300e-03  3.0171107500e-05 
1359.000  4.6371897900e-03  1.0254574940e-05 
1360.000  3.0667192400e-03  5.3940638900e-06 
1361.000  2.2822901500e-03  3.2124239950e-06 
1362.000  2.1000785500e-03  2.8269081380e-06 
1363.000  3.0298718100e-03  4.9364273440e-06 
1364.000  3.5132260700e-03  6.1845355670e-06 
1365.000  3.6785380500e-03  6.5287882460e-06 
1366.000  4.2480985300e-03  8.1591764460e-06 
1367.000  3.5684709500e-03  6.3955597580e-06 
1368.000  3.1641443500e-03  5.5311820470e-06 
1369.000  3.2446885400e-03  5.8224489910e-06 
1370.000  5.3662031100e-03  1.3519448230e-05 
1371.000  9.5567395900e-03  3.3896211530e-05 
1372.000  1.7696153300e-02  9.3746721740e-05 
1373.000  2.5103433800e-02  1.6555756330e-04 
1374.000  3.0483398000e-02  2.2921425100e-04 
1375.000  3.2500632100e-02  2.5758555530e-04 
1376.000  3.0145696700e-02  2.2869962450e-04 
1377.000  2.6837184800e-02  1.8707767130e-04 
1378.000  2.0455539800e-02  1.1942679440e-04 
1379.000  1.4046694450e-02  6.4542233940e-05 
1380.000  7.9668933300e-03  2.5794589890e-05 
1381.000  4.6085463100e-03  1.0763825850e-05 
1382.000  3.2226940600e-03  6.0790865680e-06 
1383.000  3.1180831900e-03  5.6848642420e-06 
1384.000  5.0718353300e-03  1.2285606000e-05 
1385.000  7.2001142700e-03  2.1571556110e-05 
1386.000  1.0997422030e-02  4.2619407180e-05 
1387.000  2.0206225100e-02  1.1750394850e-04 
1388.000  2.6781496200e-02  1.8481221800e-04 
1389.000  3.0763818100e-02  2.3589266840e-04 
1390.000  3.1403136100e-02  2.4692951140e-04 
1391.000  2.9315221400e-02  2.2010025380e-04 
1392.000  2.2163594200e-02  1.3943734770e-04 
1393.000  1.6942338700e-02  9.1053612530e-05 
1394.000  1.2979772590e-02  5.9507630770e-05 
1395.000  1.4631299500e-02  7.2301507000e-05 
1396.000  2.0077356000e-02  1.1988639090e-04 
1397.000  2.5909674000e-02  1.8298484390e-04 
1398.000  2.6682467300e-02  1.9171200690e-04 
1399.000  2.4913529800e-02  1.7417646940e-04 
1400.000  2.3296270500e-02  1.5857495370e-04 
1401.000  2.4765121200e-02  1.7865943910e-04 
1402.000  3.0702004300e-02  2.5059649350e-04 
1403.000  3.5348318300e-02  3.2661330700e-04 
1404.000  3.3248271300e-02  2.9493528600e-04 
1405.000  3.4826796800e-02  3.2744380830e-04 
1406.000  3.2294256700e-02  2.8752553460e-04 
1407.000  3.3492333200e-02  3.1528097390e-04 
1408.000  4.0142832400e-02  4.2518898840e-04 
1409.000  4.7056408700e-02  5.6625986100e-04 
1410.000  5.7713985600e-02  8.0004668240e-04 
1411.000  6.8648068800e-02  1.1055151220e-03 
1412.000  6.6321932000e-02  1.0696679350e-03 
1413.000  7.3146585200e-02  1.2846854930e-03 
1414.000  7.2117668700e-02  1.2364373210e-03 
1415.000  7.9724596000e-02  1.5125330690e-03 
1416.000  8.5658002000e-02  1.7183308600e-03 
1417.000  8.7863274400e-02  1.8169764280e-03 
1418.000  8.8646256500e-02  1.8403403760e-03 
1419.000  8.8461553300e-02  1.8745373490e-03 
1420.000  9.0562411100e-02  1.9531639810e-03 
1421.000  1.0185480030e-01  2.4051914220e-03 
1422.000  1.0427750110e-01  2.5478401180e-03 
1423.000  1.0544023960e-01  2.6302313800e-03 
1424.000  1.0508198440e-01  2.6094560620e-03 
1425.000  1.0388926690e-01  2.5332925320e-03 
1426.000  1.0016370640e-01  2.4485495090e-03 
1427.000  1.0609306380e-01  2.6869614120e-03 
1428.000  1.1205464120e-01  2.9096033570e-03 
1429.000  1.1365565600e-01  3.0463318820e-03 
1430.000  1.1089194800e-01  2.9765725140e-03 
1431.000  1.0331000920e-01  2.6528878210e-03 
1432.000  1.0101601270e-01  2.5216443540e-03 
1433.000  1.0073136250e-01  2.5080144410e-03 
1434.000  9.6080052500e-02  2.3377869130e-03 
1435.000  1.0315001960e-01  2.6258802410e-03 
1436.000  1.0571847110e-01  2.7419202330e-03 
1437.000  1.0740350740e-01  2.8127417560e-03 
1438.000  1.1386542820e-01  3.1191706660e-03 
1439.000  1.1596676170e-01  3.1900248530e-03 
1440.000  1.1119377630e-01  3.1011607650e-03 
1441.000  1.1809999310e-01  3.3184716700e-03 
1442.000  1.1328519030e-01  3.1382610800e-03 
1443.000  1.1532130480e-01  3.2022979260e-03 
1444.000  1.1792101920e-01  3.3156952860e-03 
1445.000  1.1815706240e-01  3.3350291250e-03 
1446.000  1.2367297240e-01  3.5805139540e-03 
1447.000  1.2705268400e-01  3.7627120020e-03 
1448.000  1.2850063700e-01  3.8223822120e-03 
1449.000  1.2597793190e-01  3.6949925420e-03 
1450.000  1.2046585460e-01  3.4540369510e-03 
1451.000  1.2181448370e-01  3.5369884970e-03 
1452.000  1.2714510530e-01  3.8593845370e-03 
1453.000  1.4167671500e-01  4.5775313380e-03 
1454.000  1.5416516500e-01  5.2992277150e-03 
1455.000  1.6013769400e-01  5.7143025400e-03 
1456.000  1.6724007600e-01  6.1907010080e-03 
1457.000  1.6992977500e-01  6.3248176570e-03 
1458.000  1.7325324800e-01  6.4991726880e-03 
1459.000  1.6838627500e-01  6.1658306120e-03 
1460.000  1.6071090000e-01  5.7624526020e-03 
1461.000  1.5762828300e-01  5.5892834660e-03 
1462.000  1.4914135600e-01  5.1180973050e-03 
1463.000  1.4815253100e-01  5.0919599530e-03 
1464.000  1.4623899400e-01  4.9806332590e-03 
1465.000  1.4299487200e-01  4.7530803680e-03 
1466.000  1.3326812600e-01  4.2948145870e-03 
1467.000  1.3230189700e-01  4.1690673830e-03 
1468.000  1.2416113870e-01  3.8146326540e-03 
1469.000  1.1778167000e-01  3.4629487990e-03 
1470.000  1.1437092850e-01  3.3116362090e-03 
1471.000  1.2136978950e-01  3.7197577950e-03 
1472.000  1.3364751200e-01  4.3736414910e-03 
1473.000  1.5019207200e-01  5.3197751050e-03 
1474.000  1.5742641500e-01  5.9061079030e-03 
1475.000  1.6022542400e-01  6.0251555440e-03 
1476.000  1.6048601600e-01  6.0482549670e-03 
1477.000  1.5704623000e-01  5.8366079330e-03 
1478.000  1.5090494800e-01  5.5329747200e-03 
1479.000  1.4791229900e-01  5.3114414220e-03 
1480.000  1.5099299900e-01  5.5213317870e-03 
1481.000  1.5381531500e-01  5.7771935460e-03 
1482.000  1.6076313700e-01  6.2229790690e-03 
1483.000  1.5898426400e-01  6.2126851080e-03 
1484.000  1.6001498000e-01  6.2795476910e-03 
1485.000  1.6231540800e-01  6.3602747920e-03 
1486.000  1.6368751100e-01  6.5872907640e-03 
1487.000  1.7370607200e-01  7.3478927610e-03 
1488.000  1.5222826600e-01  6.4848628040e-03 
1489.000  1.8680900400e-01  8.4844074250e-03 
1490.000  1.9763885200e-01  9.4691972730e-03 
1491.000  2.0469909100e-01  1.0099795340e-02 
1492.000  2.0098719600e-01  9.9876670840e-03 
1493.000  2.0841469800e-01  1.0551658630e-02 
1494.000  2.0811161000e-01  1.0576919560e-02 
1495.000  2.0983334700e-01  1.0863950730e-02 
1496.000  2.0946908600e-01  1.1131600380e-02 
1497.000  2.1457630800e-01  1.1441915510e-02 
1498.000  2.2165403200e-01  1.2086092950e-02 
1499.000  2.2264156400e-01  1.2394787790e-02 
1500.000  2.2950649500e-01  1.2975774770e-02 
1501.000  2.2820064300e-01  1.2860614780e-02 
1502.000  2.2451988300e-01  1.2582394600e-02 
1503.000  2.0056895200e-01  1.1196229930e-02 
1504.000  2.0989977000e-01  1.1788524630e-02 
1505.000  2.1252095700e-01  1.2134650230e-02 
1506.000  2.1545178800e-01  1.2345891000e-02 
1507.000  2.2826421400e-01  1.3274197580e-02 
1508.000  2.2625665600e-01  1.3275906560e-02 
1509.000  2.2877925600e-01  1.3553574560e-02 
1510.000  2.3287819900e-01  1.3864071850e-02 
1511.000  2.3502378800e-01  1.4093485830e-02 
1512.000  2.3133892800e-01  1.3944483760e-02 
1513.000  2.3124894800e-01  1.3996687890e-02 
1514.000  2.2808313300e-01  1.3836684230e-02 
1515.000  2.3338642300e-01  1.4221349720e-02 
1516.000  2.3148034000e-01  1.4117786410e-02 
1517.000  2.3085896900e-01  1.4116937640e-02 
1518.000  2.3657814500e-01  1.4551767350e-02 
1519.000  2.3479558100e-01  1.4539096830e-02 
1520.000  2.3839277500e-01  1.4915007590e-02 
1521.000  2.3500407000e-01  1.4820509910e-02 
1522.000  2.3364471900e-01  1.4779204370e-02 
1523.000  2.3966921900e-01  1.5229756360e-02 
1524.000  2.3758589900e-01  1.5116890910e-02 
1525.000  2.3185219600e-01  1.4759367940e-02 
1526.000  2.3848518300e-01  1.5188413620e-02 
1527.000  2.3637241500e-01  1.5088671680e-02 
1528.000  2.3847168400e-01  1.5271447180e-02 
1529.000  2.3772535100e-01  1.5220872880e-02 
1530.000  2.2287647400e-01  1.4309817310e-02 
1531.000  2.3851393100e-01  1.5335170750e-02 
1532.000  2.3737677600e-01  1.5287755010e-02 
1533.000  2.3641524500e-01  1.5233124730e-02 
1534.000  2.3293796000e-01  1.5012431140e-02 
1535.000  2.3392471200e-01  1.5079463010e-02 
1536.000  2.3705617800e-01  1.5318092350e-02 
1537.000  2.3799211200e-01  1.5436167720e-02 
1538.000  2.3166746200e-01  1.5086173060e-02 
1539.000  2.3668075200e-01  1.5470662120e-02 
1540.000  2.2813468900e-01  1.4956272130e-02 
1541.000  2.3294567500e-01  1.5288372990e-02 
1542.000  2.3433173200e-01  1.5386184690e-02 
1543.000  2.3369395100e-01  1.5360247610e-02 
1544.000  2.3669546200e-01  1.5579839710e-02 
1545.000  2.3760285600e-01  1.5674589160e-02 
1546.000  2.3782105200e-01  1.5731759070e-02 
1547.000  2.3551141900e-01  1.5617798810e-02 
1548.000  2.2855504400e-01  1.5189588550e-02 
1549.000  2.3441292800e-01  1.5600914000e-02 
1550.000  2.3309558900e-01  1.5531144140e-02 
1551.000  2.3186823100e-01  1.5450610160e-02 
1552.000  2.3582031900e-01  1.5708702090e-02 
1553.000  2.3458729200e-01  1.5628720280e-02 
1554.000  2.2599186400e-01  1.5050361630e-02 
1555.000  2.2976267400e-01  1.5307997700e-02 
1556.000  2.2537596900e-01  1.5043863300e-02 
1557.000  2.3275528800e-01  1.5584112170e-02 
1558.000  2.3091281800e-01  1.5497097020e-02 
1559.000  2.3093105700e-01  1.5531921390e-02 
1560.000  2.2694314500e-01  1.5304610250e-02 
1561.000  2.3223973200e-01  1.5672469140e-02 
1562.000  2.3213185900e-01  1.5646636010e-02 
1563.000  2.2866277700e-01  1.5403192520e-02 
1564.000  2.2400579100e-01  1.5072075840e-02 
1565.000  2.2725794300e-01  1.5268093110e-02 
1566.000  2.2295191500e-01  1.4988923070e-02 
1567.000  2.2259532900e-01  1.4964900970e-02 
1568.000  2.1744324300e-01  1.4605623250e-02 
1569.000  2.1762585800e-01  1.4600112920e-02 
1570.000  2.1157279800e-01  1.4188606260e-02 
1571.000  2.1724172800e-01  1.4592464450e-02 
1572.000  2.1707603000e-01  1.4591850280e-02 
1573.000  2.1377872400e-01  1.4400386810e-02 
1574.000  2.1462103000e-01  1.4495922090e-02 
1575.000  1.9940266700e-01  1.3496240620e-02 
1576.000  2.1422434600e-01  1.4506135940e-02 
1577.000  1.9351106300e-01  1.3088055610e-02 
1578.000  2.1185319100e-01  1.4311634060e-02 
1579.000  2.1317541300e-01  1.4390310290e-02 
1580.000  2.1772250400e-01  1.4697134020e-02 
1581.000  2.1627852200e-01  1.4585196500e-02 
1582.000  2.1212924900e-01  1.4341746330e-02 
1583.000  2.1493267300e-01  1.4565531730e-02 
1584.000  2.1320058300e-01  1.4484096530e-02 
1585.000  2.1964494600e-01  1.4951347350e-02 
1586.000  2.1688616500e-01  1.4778013230e-02 
1587.000  2.1462514000e-01  1.4653958320e-02 
1588.000  2.1147638600e-01  1.4466582300e-02 
1589.000  1.9347913100e-01  1.3245922090e-02 
1590.000  2.0844451800e-01  1.4279762270e-02 
1591.000  2.0377460800e-01  1.3972953800e-02 
1592.000  2.1444509200e-01  1.4707176210e-02 
1593.000  2.1905951900e-01  1.5021344180e-02 
1594.000  2.1718535400e-01  1.4892064090e-02 
1595.000  2.1815887200e-01  1.4960720060e-02 
1596.000  2.0435670600e-01  1.4028892520e-02 
1597.000  2.1194464700e-01  1.4545951840e-02 
1598.000  2.1485949400e-01  1.4735033990e-02 
1599.000  2.0642630000e-01  1.4139897350e-02 
1600.000  2.0887855200e-01  1.4296776770e-02 
1601.000  2.0008528100e-01  1.3709776880e-02 
1602.000  2.0495075800e-01  1.4072544100e-02 
1603.000  2.0372328200e-01  1.4034936900e-02 
1604.000  2.0676632000e-01  1.4296589850e-02 
1605.000  2.0370913600e-01  1.4116014480e-02 
1606.000  2.0307064000e-01  1.4105937960e-02 
1607.000  2.0375786900e-01  1.4131011960e-02 
1608.000  2.0595137900e-01  1.4260980610e-02 
1609.000  2.0515940800e-01  1.4192730900e-02 
1610.000  1.9250410100e-01  1.3307147980e-02 
1611.000  1.9864793000e-01  1.3741091730e-02 
1612.000  2.0111448900e-01  1.3921983720e-02 
1613.000  2.0613135100e-01  1.4278257370e-02 
1614.000  2.0410767800e-01  1.4123025890e-02 
1615.000  2.0787687000e-01  1.4387513160e-02 
1616.000  1.9516289000e-01  1.3506549840e-02 
1617.000  2.0126386900e-01  1.3972246170e-02 
1618.000  2.0753457100e-01  1.4429821970e-02 
1619.000  2.0725354200e-01  1.4455007550e-02 
1620.000  2.0236398000e-01  1.4156817440e-02 
1621.000  1.9963817400e-01  1.4001357080e-02 
1622.000  2.0466258100e-01  1.4361494060e-02 
1623.000  2.0894136300e-01  1.4678312300e-02 
1624.000  2.1046864300e-01  1.4797312740e-02 
1625.000  2.0545547100e-01  1.4477326390e-02 
1626.000  2.0775589900e-01  1.4626586910e-02 
1627.000  2.0751750700e-01  1.4628576280e-02 
1628.000  2.0909446500e-01  1.4746943470e-02 
1629.000  2.0895834000e-01  1.4742174150e-02 
1630.000  2.0309840200e-01  1.4324439050e-02 
1631.000  2.0627453700e-01  1.4559436800e-02 
1632.000  2.0610249500e-01  1.4503912930e-02 
1633.000  2.0338314900e-01  1.4288637160e-02 
1634.000  1.9842380100e-01  1.3910682680e-02 
1635.000  2.0374288700e-01  1.4262042050e-02 
1636.000  2.0297800100e-01  1.4181543350e-02 
1637.000  1.9367121200e-01  1.3506496430e-02 
1638.000  1.9225586800e-01  1.3390398030e-02 
1639.000  1.8997427700e-01  1.3198253630e-02 
1640.000  1.9092015500e-01  1.3242101670e-02 
1641.000  1.8955717900e-01  1.3130691530e-02 
1642.000  1.8931990300e-01  1.3162610050e-02 
1643.000  1.9411784900e-01  1.3538190840e-02 
1644.000  1.9104737500e-01  1.3362141610e-02 
1645.000  1.9134658200e-01  1.3416539190e-02 
1646.000  1.9364587900e-01  1.3618762020e-02 
1647.000  1.9544614600e-01  1.3747123720e-02 
1648.000  1.9456261300e-01  1.3676985740e-02 
1649.000  1.9009275700e-01  1.3362133980e-02 
1650.000  1.9490931400e-01  1.3703984260e-02 
1651.000  1.9055809500e-01  1.3396550180e-02 
1652.000  1.9434666400e-01  1.3655050280e-02 
1653.000  1.9234616400e-01  1.3522743230e-02 
1654.000  1.9450376500e-01  1.3678069110e-02 
1655.000  1.9081950600e-01  1.3431079860e-02 
1656.000  1.9464003100e-01  1.3708199500e-02 
1657.000  1.9322743800e-01  1.3611195560e-02 
1658.000  1.9444641900e-01  1.3708715440e-02 
1659.000  1.9090950200e-01  1.3461711880e-02 
1660.000  1.9311595300e-01  1.3610577580e-02 
1661.000  1.9387130200e-01  1.3652869220e-02 
1662.000  1.9241330700e-01  1.3509772300e-02 
1663.000  1.9113921100e-01  1.3391083720e-02 
1664.000  1.9024848500e-01  1.3298388480e-02 
1665.000  1.8830716700e-01  1.3128047940e-02 
1666.000  1.8753807200e-01  1.3077684400e-02 
1667.000  1.8945304800e-01  1.3260022160e-02 
1668.000  1.8624323500e-01  1.3061729430e-02 
1669.000  1.8676836300e-01  1.3131844520e-02 
1670.000  1.9096777400e-01  1.3463820460e-02 
1671.000  1.8957151300e-01  1.3394238470e-02 
1672.000  1.8059234800e-01  1.2796969410e-02 
1673.000  1.8575093900e-01  1.3186724660e-02 
1674.000  1.8650103400e-01  1.3269435880e-02 
1675.000  1.8477074000e-01  1.3184153560e-02 
1676.000  1.8178262100e-01  1.2981598850e-02 
1677.000  1.8271181500e-01  1.3049276350e-02 
1678.000  1.8372518200e-01  1.3129796030e-02 
1679.000  1.8128380000e-01  1.2952560420e-02 
1680.000  1.7506975300e-01  1.2516225810e-02 
1681.000  1.6900255900e-01  1.2086255070e-02 
1682.000  1.7388331700e-01  1.2434117320e-02 
1683.000  1.7817245500e-01  1.2734816550e-02 
1684.000  1.8146531300e-01  1.2964791300e-02 
1685.000  1.8198504500e-01  1.2981999400e-02 
1686.000  1.7978947700e-01  1.2817162510e-02 
1687.000  1.8048556700e-01  1.2826487540e-02 
1688.000  1.8057856700e-01  1.2798858640e-02 
1689.000  1.7840019200e-01  1.2633177760e-02 
1690.000  1.7825535300e-01  1.2585096360e-02 
1691.000  1.8056153000e-01  1.2751834870e-02 
1692.000  1.8088725100e-01  1.2785736080e-02 
1693.000  1.8024886400e-01  1.2756112100e-02 
1694.000  1.7997968600e-01  1.2748005870e-02 
1695.000  1.8002538600e-01  1.2745751380e-02 
1696.000  1.7897208600e-01  1.2647886280e-02 
1697.000  1.7784671400e-01  1.2531861310e-02 
1698.000  1.7890159000e-01  1.2574346540e-02 
1699.000  1.7774585100e-01  1.2467028620e-02 
1700.000  1.7549527900e-01  1.2284830090e-02 
