 lambda   Irr_dw            Rad_up 
 550.000  1.5268931000e+00  1.0853426360e-01 
 551.000  1.5168353000e+00  1.0773772430e-01 
 552.000  1.5816284000e+00  1.1234754940e-01 
 553.000  1.5191638000e+00  1.0780859380e-01 
 554.000  1.5683049000e+00  1.1128488160e-01 
 555.000  1.5722317000e+00  1.1143408970e-01 
 556.000  1.5284506000e+00  1.0820772550e-01 
 557.000  1.4827088000e+00  1.0496530910e-01 
 558.000  1.5386305000e+00  1.0880186460e-01 
 559.000  1.4539857000e+00  1.0274925990e-01 
 560.000  1.4600458000e+00  1.0316761780e-01 
 561.000  1.6042986000e+00  1.1322619630e-01 
 562.000  1.4723320000e+00  1.0387567140e-01 
 563.000  1.5400806000e+00  1.0853419490e-01 
 564.000  1.5181099000e+00  1.0681445310e-01 
 565.000  1.5359151000e+00  1.0804073330e-01 
 566.000  1.4158386000e+00  9.9485839840e-02 
 567.000  1.5184604000e+00  1.0646857450e-01 
 568.000  1.5142022000e+00  1.0563196560e-01 
 569.000  1.4831556000e+00  1.0231983950e-01 
 570.000  1.4907948000e+00  1.0294023130e-01 
 571.000  1.4382126000e+00  9.9994209290e-02 
 572.000  1.5195174000e+00  1.0490617370e-01 
 573.000  1.5355568000e+00  1.0618014530e-01 
 574.000  1.5270115000e+00  1.0556667330e-01 
 575.000  1.4895044000e+00  1.0284443660e-01 
 576.000  1.4623414000e+00  1.0089035030e-01 
 577.000  1.5230135000e+00  1.0516871640e-01 
 578.000  1.4786172000e+00  1.0238562770e-01 
 579.000  1.4672862000e+00  1.0164661410e-01 
 580.000  1.5177889000e+00  1.0530809780e-01 
 581.000  1.4903426000e+00  1.0354383090e-01 
 582.000  1.5125788000e+00  1.0501607510e-01 
 583.000  1.5229935000e+00  1.0577694700e-01 
 584.000  1.5180263000e+00  1.0529341130e-01 
 585.000  1.5079047000e+00  1.0447867580e-01 
 586.000  1.4429925000e+00  9.9951759340e-02 
 587.000  1.4992571000e+00  1.0332498170e-01 
 588.000  1.4834992000e+00  1.0077934270e-01 
 589.000  1.3149075000e+00  8.7516754150e-02 
 590.000  1.3728776000e+00  9.1263435360e-02 
 591.000  1.4587555000e+00  9.8177047730e-02 
 592.000  1.4307480000e+00  9.5495536800e-02 
 593.000  1.4457604000e+00  9.7879165650e-02 
 594.000  1.4589258000e+00  9.8415008540e-02 
 595.000  1.4310030000e+00  9.5454093930e-02 
 596.000  1.4663997000e+00  9.9282730100e-02 
 597.000  1.4707914000e+00  9.9129776000e-02 
 598.000  1.4406522000e+00  9.7711769100e-02 
 599.000  1.4410148000e+00  9.7968276980e-02 
 600.000  1.4413126000e+00  9.8556686400e-02 
 601.000  1.4331919000e+00  9.8431518550e-02 
 602.000  1.4175168000e+00  9.7425231930e-02 
 603.000  1.4260672000e+00  9.8166206360e-02 
 604.000  1.4712380000e+00  1.0143727110e-01 
 605.000  1.4674652000e+00  1.0110030360e-01 
 606.000  1.4504546000e+00  9.9985427860e-02 
 607.000  1.4422883000e+00  9.9369262700e-02 
 608.000  1.4369817000e+00  9.8924835210e-02 
 609.000  1.4222245000e+00  9.7904487610e-02 
 610.000  1.3994334000e+00  9.6260101320e-02 
 611.000  1.4221414000e+00  9.7805297850e-02 
 612.000  1.4036127000e+00  9.6521217350e-02 
 613.000  1.3830910000e+00  9.5047241210e-02 
 614.000  1.3326706000e+00  9.1588630680e-02 
 615.000  1.3970253000e+00  9.5915763850e-02 
 616.000  1.3282910000e+00  9.1211364750e-02 
 617.000  1.3357844000e+00  9.1708229060e-02 
 618.000  1.3987946000e+00  9.5917015080e-02 
 619.000  1.3859781000e+00  9.5073951720e-02 
 620.000  1.4064408000e+00  9.6358337400e-02 
 621.000  1.4306197000e+00  9.7998367310e-02 
 622.000  1.3551560000e+00  9.2765106200e-02 
 623.000  1.3657042000e+00  9.3340606690e-02 
 624.000  1.3671676000e+00  9.3487411500e-02 
 625.000  1.3301338000e+00  9.0940971370e-02 
 626.000  1.3368713000e+00  9.1211578370e-02 
 627.000  1.3592572000e+00  9.2211631770e-02 
 628.000  1.3410945000e+00  9.0011428830e-02 
 629.000  1.3747518000e+00  9.2552261350e-02 
 630.000  1.3291357000e+00  8.9944084170e-02 
 631.000  1.3778993000e+00  9.3315956120e-02 
 632.000  1.2834680100e+00  8.6549942020e-02 
 633.000  1.3776972000e+00  9.3337387080e-02 
 634.000  1.3363234000e+00  9.0690505980e-02 
 635.000  1.3607647000e+00  9.2347976680e-02 
 636.000  1.3128241600e+00  8.9173400880e-02 
 637.000  1.3561494000e+00  9.2172080990e-02 
 638.000  1.3772479000e+00  9.3792617800e-02 
 639.000  1.3658741000e+00  9.2897041320e-02 
 640.000  1.3230228900e+00  9.0206443790e-02 
 641.000  1.3421375000e+00  9.1467796330e-02 
 642.000  1.3260308900e+00  9.0416084290e-02 
 643.000  1.3492462000e+00  9.1807159420e-02 
 644.000  1.3337815900e+00  9.0657249450e-02 
 645.000  1.3454386600e+00  9.1239585880e-02 
 646.000  1.2941803400e+00  8.6681823730e-02 
 647.000  1.3117418200e+00  8.7116462710e-02 
 648.000  1.3094170500e+00  8.6321586610e-02 
 649.000  1.3354077500e+00  8.8508636470e-02 
 650.000  1.2375006600e+00  8.3152572630e-02 
 651.000  1.3330374000e+00  8.9554458620e-02 
 652.000  1.3073386100e+00  8.6765693660e-02 
 653.000  1.3337228000e+00  8.9723098750e-02 
 654.000  1.3162719600e+00  8.8295677190e-02 
 655.000  1.2815800100e+00  8.5505958560e-02 
 656.000  1.0880649000e+00  7.2689353940e-02 
 657.000  1.1613037900e+00  7.7791389470e-02 
 658.000  1.2935605700e+00  8.7124938960e-02 
 659.000  1.2966891100e+00  8.7535659790e-02 
 660.000  1.3068751500e+00  8.8335372920e-02 
 661.000  1.3126421300e+00  8.9083297730e-02 
 662.000  1.3315446800e+00  9.0500221250e-02 
 663.000  1.3167619500e+00  8.9404617310e-02 
 664.000  1.2958554500e+00  8.8015480040e-02 
 665.000  1.3015061600e+00  8.8409523010e-02 
 666.000  1.3172004300e+00  8.9596054080e-02 
 667.000  1.2910686900e+00  8.7769096370e-02 
 668.000  1.2984201300e+00  8.8384872440e-02 
 669.000  1.3169585200e+00  8.9698768620e-02 
 670.000  1.3015249200e+00  8.8537956240e-02 
 671.000  1.2874642000e+00  8.7614768980e-02 
 672.000  1.2834003800e+00  8.7315902710e-02 
 673.000  1.2925767600e+00  8.7907966610e-02 
 674.000  1.2950915600e+00  8.8083709720e-02 
 675.000  1.2753376000e+00  8.6692153930e-02 
 676.000  1.2994247900e+00  8.8333930970e-02 
 677.000  1.2735859500e+00  8.6587959290e-02 
 678.000  1.2946775000e+00  8.7987678530e-02 
 679.000  1.2764063400e+00  8.6678634640e-02 
 680.000  1.2666193200e+00  8.5978813170e-02 
 681.000  1.2679879200e+00  8.5995491030e-02 
 682.000  1.2653671600e+00  8.5729721070e-02 
 683.000  1.2736784600e+00  8.6197875980e-02 
 684.000  1.2506919200e+00  8.4593276980e-02 
 685.000  1.2648131600e+00  8.5534881590e-02 
 686.000  1.2091966300e+00  8.1479797360e-02 
 687.000  1.1187396600e+00  7.2419006350e-02 
 688.000  1.1483768200e+00  7.5240898130e-02 
 689.000  1.1429768400e+00  7.4659759520e-02 
 690.000  1.1634133700e+00  7.6477836610e-02 
 691.000  1.1869203600e+00  7.8504608150e-02 
 692.000  1.1899302800e+00  7.8727806090e-02 
 693.000  1.1890093700e+00  7.7287582400e-02 
 694.000  1.1911718100e+00  7.6321823120e-02 
 695.000  1.1783043000e+00  7.6007041930e-02 
 696.000  1.1966375000e+00  7.7526664730e-02 
 697.000  1.2192518500e+00  8.1015892030e-02 
 698.000  1.1923119100e+00  7.8719299320e-02 
 699.000  1.1958557600e+00  7.7223800660e-02 
 700.000  1.1847944300e+00  7.6743873600e-02 
 701.000  1.1541858000e+00  7.4349166870e-02 
 702.000  1.1513480900e+00  7.4424835210e-02 
 703.000  1.1825832700e+00  7.7807197570e-02 
 704.000  1.1865362000e+00  7.8142410280e-02 
 705.000  1.1892930300e+00  7.7711990360e-02 
 706.000  1.1778099500e+00  7.7073287960e-02 
 707.000  1.1621901600e+00  7.6263992310e-02 
 708.000  1.1982939000e+00  7.8864868160e-02 
 709.000  1.1604200600e+00  7.6819091800e-02 
 710.000  1.1817464400e+00  7.7662391660e-02 
 711.000  1.1751199600e+00  7.7716667180e-02 
 712.000  1.1631261000e+00  7.7387474060e-02 
 713.000  1.1545121000e+00  7.6417800900e-02 
 714.000  1.1728049800e+00  7.7430534360e-02 
 715.000  1.1259109900e+00  7.3711357120e-02 
 716.000  1.1491406400e+00  7.4583999630e-02 
 717.000  1.0773541300e+00  6.6687698360e-02 
 718.000  1.0450966600e+00  6.2745475770e-02 
 719.000  1.0234901600e+00  6.0686191560e-02 
 720.000  1.0167253500e+00  5.9354354860e-02 
 721.000  1.0773327500e+00  6.7470542910e-02 
 722.000  1.1146066300e+00  7.1405784610e-02 
 723.000  1.0994945600e+00  6.9470939640e-02 
 724.000  1.0697961200e+00  6.4999992370e-02 
 725.000  1.0633190500e+00  6.4976737980e-02 
 726.000  1.0595523000e+00  6.4637527470e-02 
 727.000  1.0802379200e+00  6.6228683470e-02 
 728.000  1.0560183900e+00  6.4394996640e-02 
 729.000  1.0270333500e+00  6.3551696780e-02 
 730.000  1.0624430600e+00  6.5589431760e-02 
 731.000  1.0419523600e+00  6.4193511960e-02 
 732.000  1.0842229400e+00  6.8422142030e-02 
 733.000  1.0887426100e+00  7.0406455990e-02 
 734.000  1.1215225900e+00  7.3340271000e-02 
 735.000  1.1087474600e+00  7.2172843930e-02 
 736.000  1.0814360900e+00  6.9875823970e-02 
 737.000  1.1005441300e+00  7.1473556520e-02 
 738.000  1.1042202700e+00  7.2277412410e-02 
 739.000  1.0712312100e+00  7.0388610840e-02 
 740.000  1.0875283600e+00  7.2013412480e-02 
 741.000  1.0823789500e+00  7.2074531560e-02 
 742.000  1.0659773300e+00  7.1141677860e-02 
 743.000  1.1005152700e+00  7.3798469540e-02 
 744.000  1.1123211500e+00  7.4770790100e-02 
 745.000  1.0844539600e+00  7.3042930600e-02 
 746.000  1.1003559300e+00  7.4177757260e-02 
 747.000  1.1169485900e+00  7.5278182980e-02 
 748.000  1.0976319400e+00  7.4011444090e-02 
 749.000  1.0981329500e+00  7.4076843260e-02 
 750.000  1.0816866800e+00  7.2894515990e-02 
 751.000  1.0789238000e+00  7.2704811100e-02 
 752.000  1.0959340600e+00  7.3913528440e-02 
 753.000  1.0857433300e+00  7.3239746090e-02 
 754.000  1.1028585400e+00  7.4400009160e-02 
 755.000  1.0965564000e+00  7.3972732540e-02 
 756.000  1.0751194600e+00  7.2524345400e-02 
 757.000  1.0830547600e+00  7.3055259700e-02 
 758.000  1.0808173000e+00  7.2857872010e-02 
 759.000  9.9923340000e-01  6.5877075200e-02 
 760.000  5.1111208000e-01  2.7394954680e-02 
 761.000  4.6176704000e-01  2.4041114810e-02 
 762.000  7.3675938000e-01  4.4215145110e-02 
 763.000  6.6868712000e-01  3.8588653560e-02 
 764.000  7.1468483000e-01  4.2039279940e-02 
 765.000  8.1587970000e-01  5.0181385040e-02 
 766.000  8.8214246000e-01  5.6728626250e-02 
 767.000  9.4537438000e-01  6.1935344700e-02 
 768.000  1.0158195200e+00  6.7394050600e-02 
 769.000  1.0331857300e+00  6.9140113830e-02 
 770.000  1.0381082600e+00  6.9754692080e-02 
 771.000  1.0436105900e+00  7.0291999820e-02 
 772.000  1.0406923500e+00  7.0137718200e-02 
 773.000  1.0367958000e+00  6.9894531250e-02 
 774.000  1.0482221100e+00  7.0684196470e-02 
 775.000  1.0089996500e+00  6.8053291320e-02 
 776.000  1.0506644000e+00  7.0907966610e-02 
 777.000  1.0433872600e+00  7.0407966610e-02 
 778.000  1.0377797800e+00  7.0001152040e-02 
 779.000  1.0411424000e+00  7.0190368650e-02 
 780.000  1.0282472600e+00  6.9342430110e-02 
 781.000  1.0266638900e+00  6.9236854550e-02 
 782.000  1.0390235300e+00  7.0003044130e-02 
 783.000  1.0147349400e+00  6.8427124020e-02 
 784.000  1.0202854300e+00  6.8750228880e-02 
 785.000  1.0221617000e+00  6.8675735470e-02 
 786.000  1.0032896400e+00  6.7224708560e-02 
 787.000  1.0152067200e+00  6.7504829410e-02 
 788.000  9.9844714000e-01  6.6179039000e-02 
 789.000  9.9864369000e-01  6.5415718080e-02 
 790.000  9.8806209000e-01  6.4619819640e-02 
 791.000  9.8404435000e-01  6.4513648990e-02 
 792.000  9.6941078000e-01  6.3644004820e-02 
 793.000  9.7068200000e-01  6.4024414060e-02 
 794.000  9.6544299000e-01  6.4359153750e-02 
 795.000  9.5731895000e-01  6.3330837250e-02 
 796.000  9.6575703000e-01  6.2965538020e-02 
 797.000  9.7409385000e-01  6.3814582820e-02 
 798.000  9.7959867000e-01  6.4812576290e-02 
 799.000  9.7766625000e-01  6.4500244140e-02 
 800.000  9.4858579000e-01  6.2116909030e-02 
 801.000  9.6672981000e-01  6.3360965730e-02 
 802.000  9.6441658000e-01  6.3132923130e-02 
 803.000  9.5119218000e-01  6.2350757600e-02 
 804.000  9.6147410000e-01  6.3286231990e-02 
 805.000  9.3833004000e-01  6.2200038910e-02 
 806.000  9.6567819000e-01  6.4239616390e-02 
 807.000  9.5979226000e-01  6.3890014650e-02 
 808.000  9.5302618000e-01  6.3259994510e-02 
 809.000  9.3547543000e-01  6.1902637480e-02 
 810.000  9.2972644000e-01  6.1306564330e-02 
 811.000  9.4133028000e-01  6.1689659120e-02 
 812.000  9.3364318000e-01  6.0706764220e-02 
 813.000  9.2391679000e-01  5.9442604060e-02 
 814.000  9.1495374000e-01  5.8188331600e-02 
 815.000  8.9536264000e-01  5.6112167360e-02 
 816.000  8.7452274000e-01  5.3801925660e-02 
 817.000  8.8054559000e-01  5.4209934230e-02 
 818.000  8.7624936000e-01  5.3964397430e-02 
 819.000  8.5677735000e-01  5.3143218990e-02 
 820.000  8.5422465000e-01  5.4074905400e-02 
 821.000  8.9907589000e-01  5.8215065000e-02 
 822.000  8.6149170000e-01  5.4720745090e-02 
 823.000  8.3778256000e-01  5.0712116240e-02 
 824.000  8.8072376000e-01  5.5522476200e-02 
 825.000  8.9825271000e-01  5.8289329530e-02 
 826.000  9.0061517000e-01  5.8113868710e-02 
 827.000  8.9529682000e-01  5.7531177520e-02 
 828.000  8.8110864000e-01  5.5582599640e-02 
 829.000  8.8511276000e-01  5.6156082150e-02 
 830.000  8.7591114000e-01  5.5969978330e-02 
 831.000  8.6160637000e-01  5.5147579190e-02 
 832.000  8.7966388000e-01  5.6333080290e-02 
 833.000  8.5494074000e-01  5.5060714720e-02 
 834.000  8.7062532000e-01  5.6370105740e-02 
 835.000  8.7788722000e-01  5.7332515720e-02 
 836.000  8.8631623000e-01  5.7807132720e-02 
 837.000  8.7876293000e-01  5.7270488740e-02 
 838.000  8.8450850000e-01  5.7957553860e-02 
 839.000  8.5835944000e-01  5.6397754670e-02 
 840.000  8.8184360000e-01  5.7964282990e-02 
 841.000  8.8266588000e-01  5.7810806270e-02 
 842.000  8.7841857000e-01  5.7681617740e-02 
 843.000  8.7533526000e-01  5.7975460050e-02 
 844.000  8.6207846000e-01  5.7301269530e-02 
 845.000  8.7571818000e-01  5.8299678800e-02 
 846.000  8.8407925000e-01  5.9001636510e-02 
 847.000  8.5418638000e-01  5.7161067960e-02 
 848.000  8.7836072000e-01  5.8562320710e-02 
 849.000  8.8008771000e-01  5.8764286040e-02 
 850.000  7.6051234000e-01  5.0640949250e-02 
 851.000  8.7074412000e-01  5.7839439390e-02 
 852.000  8.3776561000e-01  5.5707752230e-02 
 853.000  8.4822507000e-01  5.6511180880e-02 
 854.000  6.8189440000e-01  4.5452686310e-02 
 855.000  7.5093840000e-01  5.0168766020e-02 
 856.000  8.5271680000e-01  5.7080364230e-02 
 857.000  8.6655359000e-01  5.8153747560e-02 
 858.000  8.5277036000e-01  5.7248069760e-02 
 859.000  8.5284103000e-01  5.7332012180e-02 
 860.000  8.4531036000e-01  5.6909263610e-02 
 861.000  8.4520592000e-01  5.6898246770e-02 
 862.000  8.4244409000e-01  5.6685165410e-02 
 863.000  8.5855046000e-01  5.7851982120e-02 
 864.000  8.5683632000e-01  5.7644729610e-02 
 865.000  8.4088201000e-01  5.6681137080e-02 
 866.000  7.0532777000e-01  4.7584503170e-02 
 867.000  7.5109170000e-01  5.0526786800e-02 
 868.000  8.1459501000e-01  5.4871315000e-02 
 869.000  8.0316531000e-01  5.4103145600e-02 
 870.000  8.3629151000e-01  5.6425647740e-02 
 871.000  8.3511171000e-01  5.6302261350e-02 
 872.000  8.3174810000e-01  5.5919452670e-02 
 873.000  8.3508089000e-01  5.6236099240e-02 
 874.000  8.1676931000e-01  5.4946121220e-02 
 875.000  8.0926096000e-01  5.4550773620e-02 
 876.000  8.1597316000e-01  5.4940536500e-02 
 877.000  8.3222866000e-01  5.5928466800e-02 
 878.000  8.1789120000e-01  5.5000465390e-02 
 879.000  8.1978999000e-01  5.5172237400e-02 
 880.000  8.1499874000e-01  5.4698169710e-02 
 881.000  7.7262257000e-01  5.1879253390e-02 
 882.000  8.1526273000e-01  5.4593109130e-02 
 883.000  7.9667635000e-01  5.3497058870e-02 
 884.000  8.0345076000e-01  5.4115173340e-02 
 885.000  8.1164357000e-01  5.4290943150e-02 
 886.000  7.8496891000e-01  5.2475929260e-02 
 887.000  7.7697432000e-01  5.1979595180e-02 
 888.000  8.0022752000e-01  5.3401515960e-02 
 889.000  8.0565550000e-01  5.3986110690e-02 
 890.000  8.0302614000e-01  5.3707874300e-02 
 891.000  7.9826802000e-01  5.3159709930e-02 
 892.000  7.9400299000e-01  5.2568675990e-02 
 893.000  7.5819781000e-01  4.9189201350e-02 
 894.000  7.8033167000e-01  5.0229198460e-02 
 895.000  7.3066912000e-01  4.5996643070e-02 
 896.000  7.4476758000e-01  4.5747329710e-02 
 897.000  7.1231243000e-01  4.2860763550e-02 
 898.000  7.0630118000e-01  4.1976531980e-02 
 899.000  6.8500930000e-01  3.9432876590e-02 
 900.000  6.7085253000e-01  3.8711147310e-02 
 901.000  6.5132386000e-01  3.7302883150e-02 
 902.000  6.4017403000e-01  3.6733474730e-02 
 903.000  7.0536241000e-01  4.2562911990e-02 
 904.000  7.3940679000e-01  4.5928478240e-02 
 905.000  7.3663147000e-01  4.5917209630e-02 
 906.000  7.0444674000e-01  4.3113754270e-02 
 907.000  6.9344471000e-01  4.0990367890e-02 
 908.000  6.6171268000e-01  3.8177886960e-02 
 909.000  6.4926864000e-01  3.7476879120e-02 
 910.000  6.5916106000e-01  3.8172935490e-02 
 911.000  6.6718421000e-01  3.9348632810e-02 
 912.000  6.6385220000e-01  3.8701744080e-02 
 913.000  6.5817111000e-01  3.7199855800e-02 
 914.000  6.6431308000e-01  3.8111934660e-02 
 915.000  6.6149918000e-01  3.8574153900e-02 
 916.000  6.7090793000e-01  3.9208103180e-02 
 917.000  6.6468306000e-01  3.9098800660e-02 
 918.000  6.6681642000e-01  3.9575447080e-02 
 919.000  6.9457473000e-01  4.2706542970e-02 
 920.000  7.0202005000e-01  4.3903545380e-02 
 921.000  6.8357598000e-01  4.2539901730e-02 
 922.000  6.7717790000e-01  4.2198566440e-02 
 923.000  6.4512837000e-01  3.9704143520e-02 
 924.000  6.6322570000e-01  4.0441917420e-02 
 925.000  6.7129789000e-01  4.0816635130e-02 
 926.000  6.4721875000e-01  3.9194488530e-02 
 927.000  6.6053582000e-01  3.9460590360e-02 
 928.000  6.4776337000e-01  3.7509666440e-02 
 929.000  6.1449384000e-01  3.4046100620e-02 
 930.000  5.8166245000e-01  3.0419811250e-02 
 931.000  5.4562405000e-01  2.6659259800e-02 
 932.000  4.9299062000e-01  2.1858383180e-02 
 933.000  4.5733719000e-01  1.8912075040e-02 
 934.000  4.1423939000e-01  1.5920228000e-02 
 935.000  4.0405079000e-01  1.5384406090e-02 
 936.000  4.1668282000e-01  1.6314729690e-02 
 937.000  4.2181136000e-01  1.6416566850e-02 
 938.000  4.5984613000e-01  1.9422994610e-02 
 939.000  5.6932220000e-01  2.9173820500e-02 
 940.000  5.8120220000e-01  3.0539386750e-02 
 941.000  5.5529905000e-01  2.8599523540e-02 
 942.000  5.0382453000e-01  2.4517871860e-02 
 943.000  4.7608268000e-01  2.0912612920e-02 
 944.000  4.5927990000e-01  2.0014602660e-02 
 945.000  4.8345769000e-01  2.1835472110e-02 
 946.000  4.9100745000e-01  2.2238018040e-02 
 947.000  5.0523582000e-01  2.3679758070e-02 
 948.000  5.1833382000e-01  2.4781232830e-02 
 949.000  5.1852016000e-01  2.4748989110e-02 
 950.000  5.1761363000e-01  2.4836275100e-02 
 951.000  5.3662660000e-01  2.6871484760e-02 
 952.000  5.1270451000e-01  2.4571781160e-02 
 953.000  5.2776403000e-01  2.6141191480e-02 
 954.000  5.3991246000e-01  2.7665386200e-02 
 955.000  4.9098248000e-01  2.4534597400e-02 
 956.000  5.2035100000e-01  2.5894781110e-02 
 957.000  5.6331414000e-01  3.0360176090e-02 
 958.000  5.7305104000e-01  3.1213703160e-02 
 959.000  5.6797642000e-01  3.0607847210e-02 
 960.000  5.6044595000e-01  3.0122898100e-02 
 961.000  5.5081732000e-01  2.9445251460e-02 
 962.000  5.5671931000e-01  2.9947580340e-02 
 963.000  5.7860489000e-01  3.2384216310e-02 
 964.000  5.7516695000e-01  3.2389881130e-02 
 965.000  5.7993852000e-01  3.2560085300e-02 
 966.000  5.6432457000e-01  3.1772216800e-02 
 967.000  5.9725717000e-01  3.4594165800e-02 
 968.000  6.1698395000e-01  3.7377319340e-02 
 969.000  6.3251848000e-01  3.9065288540e-02 
 970.000  6.3483925000e-01  3.9260223390e-02 
 971.000  6.2891985000e-01  3.8880519870e-02 
 972.000  6.3009449000e-01  3.8741817470e-02 
 973.000  6.1646867000e-01  3.7437213900e-02 
 974.000  5.9772044000e-01  3.5749042510e-02 
 975.000  5.9467091000e-01  3.5208374020e-02 
 976.000  6.0933489000e-01  3.6527084350e-02 
 977.000  6.0578797000e-01  3.7037189480e-02 
 978.000  6.1973358000e-01  3.7842945100e-02 
 979.000  6.0472188000e-01  3.7126335140e-02 
 980.000  6.2541609000e-01  3.9176902770e-02 
 981.000  6.3237705000e-01  3.9799861910e-02 
 982.000  6.2827272000e-01  3.9372829440e-02 
 983.000  6.3275934000e-01  4.0081787110e-02 
 984.000  6.3486440000e-01  4.0675964360e-02 
 985.000  6.3814980000e-01  4.1162597660e-02 
 986.000  6.3755245000e-01  4.1495719910e-02 
 987.000  6.4682695000e-01  4.2272590640e-02 
 988.000  6.3926335000e-01  4.1814758300e-02 
 989.000  6.3141442000e-01  4.1324676510e-02 
 990.000  6.3726379000e-01  4.1746662140e-02 
 991.000  6.4415754000e-01  4.2349460600e-02 
 992.000  6.3866114000e-01  4.2030506130e-02 
 993.000  6.3878802000e-01  4.2054149630e-02 
 994.000  6.4349307000e-01  4.2496707920e-02 
 995.000  6.3976745000e-01  4.2350933070e-02 
 996.000  6.3962985000e-01  4.2339553830e-02 
 997.000  6.3966132000e-01  4.2275688170e-02 
 998.000  6.3656053000e-01  4.2003185270e-02 
 999.000  6.3470461000e-01  4.1853343960e-02 
1000.000  6.2985959000e-01  4.1552841190e-02 
1001.000  6.3188522000e-01  4.1538909910e-02 
1002.000  6.2857749000e-01  4.1095142360e-02 
1003.000  6.2178070000e-01  4.0698211670e-02 
1004.000  6.1788098000e-01  4.0565086360e-02 
1005.000  5.7783342000e-01  3.7986175540e-02 
1006.000  6.0818866000e-01  3.9998386380e-02 
1007.000  6.1883861000e-01  4.0652530670e-02 
1008.000  6.1961197000e-01  4.0521991730e-02 
1009.000  6.1337177000e-01  3.9883617400e-02 
1010.000  6.1674605000e-01  4.0201038360e-02 
1011.000  6.1602258000e-01  4.0400203700e-02 
1012.000  6.1717427000e-01  4.0572303770e-02 
1013.000  6.1346948000e-01  4.0405796050e-02 
1014.000  6.1769514000e-01  4.0745532990e-02 
1015.000  6.0634198000e-01  4.0033420560e-02 
1016.000  6.1055368000e-01  4.0378047940e-02 
1017.000  6.0463853000e-01  4.0032367710e-02 
1018.000  6.1219012000e-01  4.0523353580e-02 
1019.000  5.9744043000e-01  3.9487590790e-02 
1020.000  5.9644415000e-01  3.9426750180e-02 
1021.000  6.0291941000e-01  3.9866268160e-02 
1022.000  5.9296536000e-01  3.9050117490e-02 
1023.000  6.0358148000e-01  3.9608787540e-02 
1024.000  6.0006341000e-01  3.9275096890e-02 
1025.000  6.0118945000e-01  3.9456035610e-02 
1026.000  6.0245702000e-01  3.9601924900e-02 
1027.000  5.9857567000e-01  3.9357349400e-02 
1028.000  6.0017609000e-01  3.9529602050e-02 
1029.000  5.9156246000e-01  3.9070083620e-02 
1030.000  5.9800655000e-01  3.9608844760e-02 
1031.000  5.9636533000e-01  3.9579521180e-02 
1032.000  5.9445534000e-01  3.9508937840e-02 
1033.000  5.8354691000e-01  3.8775852200e-02 
1034.000  5.8924825000e-01  3.9158447270e-02 
1035.000  5.8155231000e-01  3.8620586400e-02 
1036.000  5.9116705000e-01  3.9261772160e-02 
1037.000  5.7871940000e-01  3.8424591060e-02 
1038.000  5.8444238000e-01  3.8792469020e-02 
1039.000  5.8682855000e-01  3.8927230830e-02 
1040.000  5.7988120000e-01  3.8445785520e-02 
1041.000  5.8290382000e-01  3.8624813080e-02 
1042.000  5.8463170000e-01  3.8721817020e-02 
1043.000  5.7453876000e-01  3.8038684840e-02 
1044.000  5.8025405000e-01  3.8397701260e-02 
1045.000  5.7771797000e-01  3.8255031590e-02 
1046.000  5.6091260000e-01  3.7177284240e-02 
1047.000  5.7120577000e-01  3.7894340520e-02 
1048.000  5.7687001000e-01  3.8309783940e-02 
1049.000  5.7316690000e-01  3.8107688900e-02 
1050.000  5.7076143000e-01  3.7978572850e-02 
1051.000  5.6974820000e-01  3.7878246310e-02 
1052.000  5.6706900000e-01  3.7667827610e-02 
1053.000  5.6564784000e-01  3.7548454280e-02 
1054.000  5.6143741000e-01  3.7217758180e-02 
1055.000  5.6552681000e-01  3.7456966400e-02 
1056.000  5.6400341000e-01  3.7320472720e-02 
1057.000  5.6294912000e-01  3.7200840000e-02 
1058.000  5.5691165000e-01  3.6719169620e-02 
1059.000  5.3940968000e-01  3.5590667720e-02 
1060.000  5.5892233000e-01  3.6950538640e-02 
1061.000  5.3931642000e-01  3.5660354610e-02 
1062.000  5.5418757000e-01  3.6601337430e-02 
1063.000  5.4480415000e-01  3.5961685180e-02 
1064.000  5.5153069000e-01  3.6327285770e-02 
1065.000  5.5070514000e-01  3.6172824860e-02 
1066.000  5.3383688000e-01  3.5037574770e-02 
1067.000  5.4643646000e-01  3.5806018830e-02 
1068.000  5.4370772000e-01  3.5471225740e-02 
1069.000  5.0248983000e-01  3.2701869960e-02 
1070.000  5.3236822000e-01  3.4678886410e-02 
1071.000  5.3285369000e-01  3.4657913210e-02 
1072.000  5.3424348000e-01  3.4698707580e-02 
1073.000  5.1659032000e-01  3.3560810090e-02 
1074.000  5.3475092000e-01  3.4774738310e-02 
1075.000  5.1872522000e-01  3.3854267120e-02 
1076.000  5.2975696000e-01  3.4514095310e-02 
1077.000  5.2807318000e-01  3.4324127200e-02 
1078.000  5.2884125000e-01  3.4280147550e-02 
1079.000  5.0839677000e-01  3.2948936460e-02 
1080.000  5.2182558000e-01  3.3568733220e-02 
1081.000  5.0253248000e-01  3.2311744690e-02 
1082.000  5.0965938000e-01  3.2846103670e-02 
1083.000  4.9505561000e-01  3.1743965150e-02 
1084.000  5.1294316000e-01  3.2717300420e-02 
1085.000  5.0375723000e-01  3.1784603120e-02 
1086.000  5.1093553000e-01  3.2279617310e-02 
1087.000  4.8222460000e-01  3.0781427380e-02 
1088.000  5.1153521000e-01  3.2708728790e-02 
1089.000  4.8878045000e-01  3.0878742220e-02 
1090.000  4.9875897000e-01  3.1468605040e-02 
1091.000  5.0265793000e-01  3.1828588490e-02 
1092.000  4.8933275000e-01  3.0818067550e-02 
1093.000  4.7949814800e-01  2.9799507140e-02 
1094.000  4.3475741500e-01  2.6828840260e-02 
1095.000  4.7086638000e-01  2.9053134920e-02 
1096.000  4.7219342000e-01  2.9142286300e-02 
1097.000  4.6214967400e-01  2.8386890410e-02 
1098.000  4.4488410700e-01  2.6363628390e-02 
1099.000  4.3461524800e-01  2.4927659990e-02 
1100.000  4.4289991300e-01  2.5455013280e-02 
1101.000  4.4355598200e-01  2.5602237700e-02 
1102.000  4.2442962800e-01  2.4437557220e-02 
1103.000  4.4235070800e-01  2.5536432270e-02 
1104.000  4.3716213500e-01  2.5095394130e-02 
1105.000  4.3143101000e-01  2.4427585600e-02 
1106.000  4.2263067100e-01  2.3613586430e-02 
1107.000  4.2346522800e-01  2.3721303940e-02 
1108.000  4.2313373000e-01  2.3734043120e-02 
1109.000  4.2961433900e-01  2.4336101530e-02 
1110.000  4.3137610200e-01  2.4350393300e-02 
1111.000  4.2342596700e-01  2.3723442080e-02 
1112.000  4.0711034300e-01  2.2144741060e-02 
1113.000  3.8847092800e-01  2.0220851900e-02 
1114.000  3.8828377000e-01  1.9886791230e-02 
1115.000  3.6276207200e-01  1.7460765840e-02 
1116.000  3.4464625900e-01  1.5943401340e-02 
1117.000  3.1573693800e-01  1.3378874780e-02 
1118.000  2.8185302800e-01  1.0958850860e-02 
1119.000  2.5804180200e-01  9.5238256450e-03 
1120.000  2.3790580400e-01  8.2191581730e-03 
1121.000  2.3482942700e-01  7.9794173240e-03 
1122.000  2.1108888000e-01  6.6459445950e-03 
1123.000  2.2492691600e-01  7.3609485630e-03 
1124.000  2.3387177500e-01  7.8410725590e-03 
1125.000  2.2472178700e-01  7.4318752290e-03 
1126.000  2.1867740900e-01  7.1958842280e-03 
1127.000  2.2784058100e-01  7.5546393390e-03 
1128.000  2.2705404600e-01  7.6362981800e-03 
1129.000  2.4984115200e-01  8.9750289920e-03 
1130.000  2.9856808800e-01  1.2195564270e-02 
1131.000  3.1547605500e-01  1.3347299580e-02 
1132.000  2.9754737900e-01  1.1980304720e-02 
1133.000  2.5538816800e-01  9.3912544250e-03 
1134.000  1.8681785600e-01  5.5325789450e-03 
1135.000  1.9446221400e-01  5.8853917120e-03 
1136.000  2.6153779200e-01  9.7848129270e-03 
1137.000  2.9973856000e-01  1.2287696840e-02 
1138.000  3.2017953600e-01  1.4328366280e-02 
1139.000  3.3617757800e-01  1.5518266680e-02 
1140.000  3.3117527100e-01  1.5041380880e-02 
1141.000  3.0965609000e-01  1.3638875960e-02 
1142.000  3.1379950700e-01  1.3655525210e-02 
1143.000  2.9492757100e-01  1.2368880270e-02 
1144.000  2.7767981000e-01  1.1176499370e-02 
1145.000  2.5685106800e-01  9.7078962330e-03 
1146.000  2.6485213500e-01  1.0164972310e-02 
1147.000  2.8392566000e-01  1.1439019200e-02 
1148.000  2.9651252100e-01  1.2454278950e-02 
1149.000  3.0342401300e-01  1.2966747280e-02 
1150.000  3.0217224200e-01  1.2965922360e-02 
1151.000  3.1001129200e-01  1.3675180440e-02 
1152.000  3.1363866900e-01  1.4022071840e-02 
1153.000  3.1930810100e-01  1.4549747470e-02 
1154.000  3.1955930100e-01  1.4524274830e-02 
1155.000  3.3235149500e-01  1.5667309760e-02 
1156.000  3.4076727200e-01  1.6696205140e-02 
1157.000  3.7008858500e-01  1.9475095750e-02 
1158.000  3.8041984400e-01  2.0601699830e-02 
1159.000  3.8361811200e-01  2.1293289180e-02 
1160.000  3.8219748200e-01  2.1442344670e-02 
1161.000  3.8270763200e-01  2.1987632750e-02 
1162.000  4.0298107200e-01  2.3587223050e-02 
1163.000  4.1251964300e-01  2.4658102040e-02 
1164.000  4.0596127100e-01  2.4373321530e-02 
1165.000  4.1429700000e-01  2.4955549240e-02 
1166.000  4.0510349300e-01  2.4530279160e-02 
1167.000  4.1263190100e-01  2.5068441390e-02 
1168.000  4.1584074200e-01  2.5244375230e-02 
1169.000  4.0252498000e-01  2.4515783310e-02 
1170.000  4.1435582300e-01  2.5308010100e-02 
1171.000  4.1901704000e-01  2.5762855530e-02 
1172.000  4.1607877400e-01  2.5490076070e-02 
1173.000  4.1158517400e-01  2.5128799440e-02 
1174.000  4.1188772700e-01  2.5156286240e-02 
1175.000  4.1132874100e-01  2.5375566480e-02 
1176.000  4.0521334600e-01  2.5230346680e-02 
1177.000  4.1587993300e-01  2.5783845900e-02 
1178.000  4.0512749800e-01  2.4897264480e-02 
1179.000  4.0331897800e-01  2.4789392470e-02 
1180.000  4.0762794700e-01  2.4976272580e-02 
1181.000  4.0202981900e-01  2.4430627820e-02 
1182.000  3.9903539000e-01  2.4046966550e-02 
1183.000  3.7627429300e-01  2.2696065900e-02 
1184.000  3.9521481200e-01  2.3950336460e-02 
1185.000  4.0534113000e-01  2.4848701480e-02 
1186.000  4.0148927400e-01  2.4525959010e-02 
1187.000  3.9664063300e-01  2.3943672180e-02 
1188.000  3.9346006500e-01  2.3677598950e-02 
1189.000  3.7335549000e-01  2.2618982320e-02 
1190.000  3.9942682100e-01  2.4629068370e-02 
1191.000  4.0796675600e-01  2.5273477550e-02 
1192.000  4.0903173300e-01  2.5520709990e-02 
1193.000  4.0847743300e-01  2.5418876650e-02 
1194.000  4.0720134700e-01  2.5311048510e-02 
1195.000  3.9941753100e-01  2.4643005370e-02 
1196.000  3.9960795300e-01  2.4688098910e-02 
1197.000  3.9793572300e-01  2.4499010090e-02 
1198.000  3.8423174600e-01  2.3641326900e-02 
1199.000  3.6811999200e-01  2.2549539570e-02 
1200.000  3.9243363700e-01  2.4107561110e-02 
1201.000  3.9568747700e-01  2.4343172070e-02 
1202.000  3.9659527400e-01  2.4453840260e-02 
1203.000  3.7619045100e-01  2.3165384290e-02 
1204.000  3.8303501400e-01  2.3650169370e-02 
1205.000  3.9719546100e-01  2.4850894930e-02 
1206.000  3.9723901200e-01  2.5002399440e-02 
1207.000  4.0091316100e-01  2.5295223240e-02 
1208.000  3.9435563100e-01  2.4831188200e-02 
1209.000  3.6859125800e-01  2.3132951740e-02 
1210.000  3.9239692900e-01  2.4490793230e-02 
1211.000  3.7900458700e-01  2.3640701290e-02 
1212.000  3.9142743900e-01  2.4458498000e-02 
1213.000  3.9501546100e-01  2.4821498870e-02 
1214.000  3.9295621200e-01  2.4684516910e-02 
1215.000  3.9503177800e-01  2.4876121520e-02 
1216.000  3.9679298800e-01  2.5211944580e-02 
1217.000  3.9839629400e-01  2.5507703780e-02 
1218.000  3.9797200800e-01  2.5574956890e-02 
1219.000  3.9474421900e-01  2.5425098420e-02 
1220.000  3.9747756000e-01  2.5597564700e-02 
1221.000  3.9700395800e-01  2.5578952790e-02 
1222.000  3.9499045900e-01  2.5449245450e-02 
1223.000  3.9332698100e-01  2.5376466750e-02 
1224.000  3.9784690500e-01  2.5796319960e-02 
1225.000  3.9597298200e-01  2.5714412690e-02 
1226.000  3.9777192100e-01  2.5884017940e-02 
1227.000  3.8495582400e-01  2.5124631880e-02 
1228.000  3.9780155900e-01  2.6056427000e-02 
1229.000  3.9794728800e-01  2.6136177060e-02 
1230.000  3.9724980900e-01  2.6170486450e-02 
1231.000  3.9761826400e-01  2.6242866520e-02 
1232.000  3.9327129400e-01  2.5979032520e-02 
1233.000  3.9644941900e-01  2.6206285480e-02 
1234.000  3.9611352600e-01  2.6283514020e-02 
1235.000  3.9367208300e-01  2.6157011030e-02 
1236.000  3.9616546700e-01  2.6346477510e-02 
1237.000  3.9641499000e-01  2.6397682190e-02 
1238.000  3.9625911800e-01  2.6402505870e-02 
1239.000  3.9178878900e-01  2.6114553450e-02 
1240.000  3.9001623000e-01  2.6031494140e-02 
1241.000  3.9342336600e-01  2.6285902020e-02 
1242.000  3.9103345100e-01  2.6150011060e-02 
1243.000  3.8658598100e-01  2.5877359390e-02 
1244.000  3.8295274300e-01  2.5648269650e-02 
1245.000  3.8942356400e-01  2.6093887330e-02 
1246.000  3.8627071400e-01  2.5848682400e-02 
1247.000  3.8419195200e-01  2.5674381260e-02 
1248.000  3.8700099800e-01  2.5826837540e-02 
1249.000  3.8549923200e-01  2.5701627730e-02 
1250.000  3.8382463900e-01  2.5556737900e-02 
1251.000  3.8100077600e-01  2.5346876140e-02 
1252.000  3.7956739800e-01  2.5221054080e-02 
1253.000  3.7612085100e-01  2.4958768840e-02 
1254.000  3.7648285700e-01  2.4918523790e-02 
1255.000  3.7540298600e-01  2.4806241990e-02 
1256.000  3.7421141800e-01  2.4696512220e-02 
1257.000  3.6937160500e-01  2.4309066770e-02 
1258.000  3.6945690300e-01  2.4196079250e-02 
1259.000  3.6423394100e-01  2.3756113050e-02 
1260.000  3.6337346500e-01  2.3591709140e-02 
1261.000  3.6116334600e-01  2.3337659840e-02 
1262.000  3.5015210600e-01  2.2472318650e-02 
1263.000  3.5312957200e-01  2.2642305370e-02 
1264.000  3.4679796200e-01  2.2233489990e-02 
1265.000  3.4712172900e-01  2.2262401580e-02 
1266.000  3.4798327900e-01  2.2281646730e-02 
1267.000  3.3992004300e-01  2.1730905530e-02 
1268.000  3.3484239700e-01  2.1371013640e-02 
1269.000  3.3719438500e-01  2.1505723950e-02 
1270.000  3.4536048600e-01  2.2142572400e-02 
1271.000  3.4927319500e-01  2.2441207890e-02 
1272.000  3.4985581800e-01  2.2535388950e-02 
1273.000  3.5101277400e-01  2.2682649610e-02 
1274.000  3.5070889500e-01  2.2746355060e-02 
1275.000  3.5364385900e-01  2.2961004260e-02 
1276.000  3.5472541100e-01  2.3030893330e-02 
1277.000  3.5476662300e-01  2.3012531280e-02 
1278.000  3.5407908200e-01  2.2937545780e-02 
1279.000  3.5205716300e-01  2.2815111160e-02 
1280.000  3.5095756900e-01  2.2831279750e-02 
1281.000  3.4188845600e-01  2.2322593690e-02 
1282.000  3.0436270500e-01  1.9945623400e-02 
1283.000  3.3454749400e-01  2.1967199330e-02 
1284.000  3.4841658700e-01  2.2897943500e-02 
1285.000  3.5125294000e-01  2.3098644260e-02 
1286.000  3.5071259500e-01  2.3014842990e-02 
1287.000  3.5198510700e-01  2.3018312450e-02 
1288.000  3.4651121600e-01  2.2403053280e-02 
1289.000  3.4756400900e-01  2.2389221190e-02 
1290.000  3.3945470500e-01  2.1845279690e-02 
1291.000  3.4468149200e-01  2.2179046630e-02 
1292.000  3.4754774100e-01  2.2418142320e-02 
1293.000  3.4798665500e-01  2.2414735790e-02 
1294.000  3.4105557400e-01  2.1821407320e-02 
1295.000  3.4240632600e-01  2.1711858750e-02 
1296.000  3.4022259200e-01  2.1397005080e-02 
1297.000  3.3613365300e-01  2.1014596940e-02 
1298.000  3.3294938600e-01  2.0801450730e-02 
1299.000  3.3617121100e-01  2.0987173080e-02 
1300.000  3.3448282400e-01  2.0866203310e-02 
1301.000  3.3350344900e-01  2.0764318470e-02 
1302.000  3.2783436500e-01  2.0294086460e-02 
1303.000  3.2187352900e-01  1.9647602080e-02 
1304.000  3.2050634000e-01  1.9433614730e-02 
1305.000  3.2175905300e-01  1.9445657730e-02 
1306.000  3.2154050300e-01  1.9363143920e-02 
1307.000  3.1953197000e-01  1.9177663800e-02 
1308.000  3.1656781200e-01  1.8836835860e-02 
1309.000  3.1264220100e-01  1.8387212750e-02 
1310.000  3.1092323500e-01  1.8268444060e-02 
1311.000  3.1006932500e-01  1.8215471270e-02 
1312.000  3.0465052800e-01  1.7654737470e-02 
1313.000  2.8856685300e-01  1.6453643800e-02 
1314.000  2.9308790700e-01  1.6463901520e-02 
1315.000  2.8531893100e-01  1.6132259370e-02 
1316.000  2.9528532900e-01  1.6859533310e-02 
1317.000  2.9828808300e-01  1.7021062850e-02 
1318.000  2.8891028500e-01  1.6196468350e-02 
1319.000  2.8527876600e-01  1.5610361100e-02 
1320.000  2.7458408700e-01  1.4594635960e-02 
1321.000  2.7005915600e-01  1.4179897310e-02 
1322.000  2.7511978700e-01  1.4706261630e-02 
1323.000  2.8199714500e-01  1.5347720150e-02 
1324.000  2.8525291700e-01  1.5673007010e-02 
1325.000  2.8287660000e-01  1.5431728360e-02 
1326.000  2.7580991600e-01  1.4767749790e-02 
1327.000  2.6130456400e-01  1.3376575470e-02 
1328.000  2.4820494100e-01  1.2028499600e-02 
1329.000  2.1416252800e-01  9.3710794450e-03 
1330.000  2.0812911700e-01  8.7611217500e-03 
1331.000  2.0264855600e-01  8.3181400300e-03 
1332.000  2.0045285100e-01  8.2828283310e-03 
1333.000  2.1145740000e-01  8.9259271620e-03 
1334.000  2.1986906900e-01  9.5452375410e-03 
1335.000  2.2580879300e-01  1.0004497530e-02 
1336.000  2.2570076800e-01  1.0069228170e-02 
1337.000  2.2825570100e-01  1.0207380290e-02 
1338.000  2.3200439700e-01  1.0531649590e-02 
1339.000  2.3251805700e-01  1.0601408000e-02 
1340.000  2.3413606100e-01  1.0813002590e-02 
1341.000  2.3809415500e-01  1.0871093750e-02 
1342.000  2.3799752300e-01  1.0875724790e-02 
1343.000  2.2897851500e-01  9.9051837920e-03 
1344.000  2.1513830400e-01  8.7448501590e-03 
1345.000  1.7801543300e-01  6.2125287060e-03 
1346.000  1.5185532200e-01  4.6374187470e-03 
1347.000  1.3469488100e-01  3.7736849780e-03 
1348.000  1.1167057600e-01  2.6315939430e-03 
1349.000  1.0156923010e-01  2.2301507000e-03 
1350.000  7.9119236800e-02  1.3788875340e-03 
1351.000  6.8304551700e-02  1.0655865670e-03 
1352.000  5.2245250400e-02  6.3285464050e-04 
1353.000  3.7031155300e-02  3.4753695130e-04 
1354.000  2.9609871000e-02  2.3241873090e-04 
1355.000  2.2989595400e-02  1.4914391930e-04 
1356.000  1.7384913400e-02  9.0846180920e-05 
1357.000  1.1883073530e-02  4.5816000550e-05 
1358.000  8.7943001900e-03  2.7987655250e-05 
1359.000  4.6371894800e-03  9.5031494270e-06 
1360.000  3.0667192400e-03  4.9959160390e-06 
1361.000  2.2822901500e-03  2.9731937680e-06 
1362.000  2.1000785500e-03  2.6153805670e-06 
1363.000  3.0298718100e-03  4.5670070690e-06 
1364.000  3.5132260700e-03  5.7206107300e-06 
1365.000  3.6785377400e-03  6.0371598230e-06 
1366.000  4.2480985300e-03  7.5433207680e-06 
1367.000  3.5684709500e-03  5.9102289380e-06 
1368.000  3.1641443500e-03  5.1095485690e-06 
1369.000  3.2446885400e-03  5.3770723750e-06 
1370.000  5.3662024900e-03  1.2488161210e-05 
1371.000  9.5567389700e-03  3.1312298030e-05 
1372.000  1.7696149500e-02  8.6607813840e-05 
1373.000  2.5103426300e-02  1.5291483700e-04 
1374.000  3.0483385600e-02  2.1162736420e-04 
1375.000  3.2500619800e-02  2.3770523070e-04 
1376.000  3.0145684600e-02  2.1092295650e-04 
1377.000  2.6837177500e-02  1.7242679000e-04 
1378.000  2.0455534900e-02  1.0999340560e-04 
1379.000  1.4046693210e-02  5.9395704420e-05 
1380.000  7.9668927200e-03  2.3715022950e-05 
1381.000  4.6085463100e-03  9.8845288160e-06 
1382.000  3.2226940600e-03  5.5769020690e-06 
1383.000  3.1180828800e-03  5.2112247790e-06 
1384.000  5.0718350300e-03  1.1257472450e-05 
1385.000  7.2001136600e-03  1.9756380470e-05 
1386.000  1.0997422030e-02  3.9013948290e-05 
1387.000  2.0206220300e-02  1.0751619940e-04 
1388.000  2.6781486500e-02  1.6898512840e-04 
1389.000  3.0763806000e-02  2.1552835400e-04 
1390.000  3.1403119400e-02  2.2543351350e-04 
1391.000  2.9315209300e-02  2.0070517060e-04 
1392.000  2.2163589400e-02  1.2700228390e-04 
1393.000  1.6942335100e-02  8.2837991420e-05 
1394.000  1.2979771400e-02  5.4076392200e-05 
1395.000  1.4631297100e-02  6.5630584960e-05 
1396.000  2.0077351200e-02  1.0870114710e-04 
1397.000  2.5909664500e-02  1.6571179030e-04 
1398.000  2.6682455400e-02  1.7341098190e-04 
1399.000  2.4913520200e-02  1.5737165510e-04 
1400.000  2.3296263500e-02  1.4311465620e-04 
1401.000  2.4765111900e-02  1.6087895630e-04 
1402.000  3.0701987800e-02  2.2511592510e-04 
1403.000  3.5348290200e-02  2.9267245530e-04 
1404.000  3.3248250300e-02  2.6371639970e-04 
1405.000  3.4826768900e-02  2.9207631950e-04 
1406.000  3.2294233300e-02  2.5593203310e-04 
1407.000  3.3492305100e-02  2.7995198970e-04 
1408.000  4.0142785900e-02  3.7650981550e-04 
1409.000  4.7056329200e-02  4.9997282030e-04 
1410.000  5.7713836800e-02  7.0413708690e-04 
1411.000  6.8647789700e-02  9.7056955100e-04 
1412.000  6.6321659500e-02  9.3770706650e-04 
1413.000  7.3146207500e-02  1.1238152980e-03 
1414.000  7.2117313700e-02  1.0802280900e-03 
1415.000  7.9724063200e-02  1.3183239700e-03 
1416.000  8.5657303200e-02  1.4945374730e-03 
1417.000  8.7862491000e-02  1.5775604250e-03 
1418.000  8.8645437300e-02  1.5953192710e-03 
1419.000  8.8460682000e-02  1.6222006080e-03 
1420.000  9.0561451400e-02  1.6872787480e-03 
1421.000  1.0185337030e-01  2.0738823410e-03 
1422.000  1.0427585460e-01  2.1941494940e-03 
1423.000  1.0543847940e-01  2.2627213000e-03 
1424.000  1.0508023110e-01  2.2430787090e-03 
1425.000  1.0388763220e-01  2.1763312820e-03 
1426.000  1.0016210170e-01  2.1016960140e-03 
1427.000  1.0609114480e-01  2.3034315110e-03 
1428.000  1.1205247070e-01  2.4914791580e-03 
1429.000  1.1365320910e-01  2.6055135730e-03 
1430.000  1.1088957740e-01  2.5437359810e-03 
1431.000  1.0330813500e-01  2.2679488660e-03 
1432.000  1.0101435390e-01  2.1561250690e-03 
1433.000  1.0072972120e-01  2.1440913680e-03 
1434.000  9.6078599000e-02  1.9987062220e-03 
1435.000  1.0314820580e-01  2.2432112690e-03 
1436.000  1.0571649870e-01  2.3413090710e-03 
1437.000  1.0740145560e-01  2.4010174270e-03 
1438.000  1.1386290920e-01  2.6606783870e-03 
1439.000  1.1596414660e-01  2.7203962800e-03 
1440.000  1.1119114840e-01  2.6436619760e-03 
1441.000  1.1809711760e-01  2.8290023800e-03 
1442.000  1.1328255300e-01  2.6760077480e-03 
1443.000  1.1531861510e-01  2.7308671470e-03 
1444.000  1.1791816430e-01  2.8275346760e-03 
1445.000  1.1815415920e-01  2.8442335130e-03 
1446.000  1.2366968300e-01  3.0532639030e-03 
1447.000  1.2704905300e-01  3.2084367280e-03 
1448.000  1.2849692400e-01  3.2595422270e-03 
1449.000  1.2597445510e-01  3.1515657900e-03 
1450.000  1.2046273830e-01  2.9468922620e-03 
1451.000  1.2181124210e-01  3.0176398750e-03 
1452.000  1.2714118750e-01  3.2919285300e-03 
1453.000  1.4167150000e-01  3.9038825040e-03 
1454.000  1.5415851300e-01  4.5193986890e-03 
1455.000  1.6013010400e-01  4.8739042280e-03 
1456.000  1.6723119700e-01  5.2807388310e-03 
1457.000  1.6992073800e-01  5.3956961630e-03 
1458.000  1.7324372200e-01  5.5450167660e-03 
1459.000  1.6837767200e-01  5.2611966130e-03 
1460.000  1.6070320400e-01  4.9174542430e-03 
1461.000  1.5762100400e-01  4.7720627780e-03 
1462.000  1.4913515000e-01  4.3719434740e-03 
1463.000  1.4814642200e-01  4.3518323900e-03 
1464.000  1.4623319600e-01  4.2589044570e-03 
1465.000  1.4298958500e-01  4.0664858820e-03 
1466.000  1.3326364200e-01  3.6764898300e-03 
1467.000  1.3229777800e-01  3.5709586140e-03 
1468.000  1.2415758910e-01  3.2694399360e-03 
1469.000  1.1777878480e-01  2.9704132080e-03 
1470.000  1.1436827830e-01  2.8424417970e-03 
1471.000  1.2136643790e-01  3.1940209870e-03 
1472.000  1.3364309950e-01  3.7576382160e-03 
1473.000  1.5018599800e-01  4.5741229060e-03 
1474.000  1.5741908600e-01  5.0828042030e-03 
1475.000  1.6021794000e-01  5.1895022390e-03 
1476.000  1.6047859400e-01  5.2136878970e-03 
1477.000  1.5703925400e-01  5.0352616310e-03 
1478.000  1.5089857700e-01  4.7770276070e-03 
1479.000  1.4790645900e-01  4.5892858510e-03 
1480.000  1.5098682000e-01  4.7746534350e-03 
1481.000  1.5380856200e-01  5.0003371240e-03 
1482.000  1.6075546200e-01  5.3910050390e-03 
1483.000  1.5897666400e-01  5.3866171840e-03 
1484.000  1.6000722700e-01  5.4490799900e-03 
1485.000  1.6230776100e-01  5.5235123630e-03 
1486.000  1.6367927100e-01  5.7260603900e-03 
1487.000  1.7369615300e-01  6.3935170170e-03 
1488.000  1.5221945600e-01  5.6474614140e-03 
1489.000  1.8679623400e-01  7.3954091070e-03 
1490.000  1.9762335300e-01  8.2605485920e-03 
1491.000  2.0468196800e-01  8.8206357960e-03 
1492.000  2.0097040600e-01  8.7313547130e-03 
1493.000  2.0839639800e-01  9.2349424360e-03 
1494.000  2.0809345400e-01  9.2713928220e-03 
1495.000  2.0981451000e-01  9.5283021930e-03 
1496.000  2.0944940700e-01  9.7753314970e-03 
1497.000  2.1455613900e-01  1.0057312970e-02 
1498.000  2.2163267100e-01  1.0637248990e-02 
1499.000  2.2261943700e-01  1.0921481130e-02 
1500.000  2.2948330400e-01  1.1447830200e-02 
1501.000  2.2817788300e-01  1.1352530480e-02 
1502.000  2.2449762300e-01  1.1112554550e-02 
1503.000  2.0054964900e-01  9.8937215810e-03 
1504.000  2.0987927100e-01  1.0424480440e-02 
1505.000  2.1249981200e-01  1.0741265300e-02 
1506.000  2.1543059100e-01  1.0937039380e-02 
1507.000  2.2824112500e-01  1.1770757680e-02 
1508.000  2.2623380900e-01  1.1782618520e-02 
1509.000  2.2875595100e-01  1.2039834020e-02 
1510.000  2.3285444000e-01  1.2325609210e-02 
1511.000  2.3499957300e-01  1.2536933900e-02 
1512.000  2.3131520900e-01  1.2410996440e-02 
1513.000  2.3122533600e-01  1.2464357380e-02 
1514.000  2.2806008900e-01  1.2328108790e-02 
1515.000  2.3336276700e-01  1.2676434520e-02 
1516.000  2.3145691300e-01  1.2587780000e-02 
1517.000  2.3083562700e-01  1.2590905190e-02 
1518.000  2.3655405200e-01  1.2983372690e-02 
1519.000  2.3477141900e-01  1.2976798060e-02 
1520.000  2.3836776900e-01  1.3319264410e-02 
1521.000  2.3497917800e-01  1.3242822650e-02 
1522.000  2.3362012100e-01  1.3212580680e-02 
1523.000  2.3964414100e-01  1.3622620580e-02 
1524.000  2.3756116100e-01  1.3528217320e-02 
1525.000  2.3182828000e-01  1.3213687900e-02 
1526.000  2.3846075700e-01  1.3600987430e-02 
1527.000  2.3634805700e-01  1.3515398030e-02 
1528.000  2.3844692000e-01  1.3683030130e-02 
1529.000  2.3770074900e-01  1.3640766140e-02 
1530.000  2.2285344300e-01  1.2827781680e-02 
1531.000  2.3848917200e-01  1.3749994280e-02 
1532.000  2.3735222600e-01  1.3710633280e-02 
1533.000  2.3639083700e-01  1.3664340970e-02 
1534.000  2.3291384700e-01  1.3468926430e-02 
1535.000  2.3390056200e-01  1.3531730650e-02 
1536.000  2.3703188800e-01  1.3752748490e-02 
1537.000  2.3796770800e-01  1.3866065980e-02 
1538.000  2.3164369100e-01  1.3558991430e-02 
1539.000  2.3665629900e-01  1.3912022590e-02 
1540.000  2.2811119800e-01  1.3456464770e-02 
1541.000  2.3292177200e-01  1.3759847640e-02 
1542.000  2.3430780700e-01  1.3852098460e-02 
1543.000  2.3367010600e-01  1.3833083150e-02 
1544.000  2.3667131800e-01  1.4035345080e-02 
1545.000  2.3757847800e-01  1.4125516890e-02 
1546.000  2.3779656400e-01  1.4182724950e-02 
1547.000  2.3548725400e-01  1.4085827830e-02 
1548.000  2.2853155500e-01  1.3705286980e-02 
1549.000  2.3438886900e-01  1.4082082750e-02 
1550.000  2.3307182900e-01  1.4024490360e-02 
1551.000  2.3184470800e-01  1.3954204560e-02 
1552.000  2.3579651100e-01  1.4189232830e-02 
1553.000  2.3456361100e-01  1.4118870740e-02 
1554.000  2.2596915100e-01  1.3598172190e-02 
1555.000  2.2973958300e-01  1.3833065990e-02 
1556.000  2.2535331500e-01  1.3598649980e-02 
1557.000  2.3273188500e-01  1.4093164440e-02 
1558.000  2.3088971700e-01  1.4020129200e-02 
1559.000  2.3090815400e-01  1.4057443620e-02 
1560.000  2.2692073100e-01  1.3857609750e-02 
1561.000  2.3221688100e-01  1.4194218640e-02 
1562.000  2.3210936500e-01  1.4172190670e-02 
1563.000  2.2864082200e-01  1.3953480720e-02 
1564.000  2.2398438900e-01  1.3655025480e-02 
1565.000  2.2723649600e-01  1.3834053990e-02 
1566.000  2.2293089900e-01  1.3584032060e-02 
1567.000  2.2257473300e-01  1.3566422460e-02 
1568.000  2.1742362700e-01  1.3244609830e-02 
1569.000  2.1760667800e-01  1.3243325230e-02 
1570.000  2.1155446900e-01  1.2873932840e-02 
1571.000  2.1722293700e-01  1.3243562700e-02 
1572.000  2.1705739000e-01  1.3245664600e-02 
1573.000  2.1376035200e-01  1.3074747090e-02 
1574.000  2.1460255600e-01  1.3164581300e-02 
1575.000  1.9938542100e-01  1.2259449960e-02 
1576.000  2.1420584700e-01  1.3178498270e-02 
1577.000  1.9349438400e-01  1.1889440540e-02 
1578.000  2.1183490300e-01  1.3000047680e-02 
1579.000  2.1315703200e-01  1.3070700650e-02 
1580.000  2.1770364500e-01  1.3348733900e-02 
1581.000  2.1625985300e-01  1.3247730260e-02 
1582.000  2.1211081100e-01  1.3030057910e-02 
1583.000  2.1491382400e-01  1.3236843110e-02 
1584.000  2.1318171700e-01  1.3166365620e-02 
1585.000  2.1962550600e-01  1.3594655990e-02 
1586.000  2.1686706900e-01  1.3440299030e-02 
1587.000  2.1460608600e-01  1.3331261630e-02 
1588.000  2.1145770200e-01  1.3164353370e-02 
1589.000  1.9346214100e-01  1.2056538580e-02 
1590.000  2.0842632200e-01  1.3000819210e-02 
1591.000  2.0375680700e-01  1.2723342900e-02 
1592.000  2.1442632800e-01  1.3393704410e-02 
1593.000  2.1904065400e-01  1.3681663510e-02 
1594.000  2.1716678500e-01  1.3565805440e-02 
1595.000  2.1814052500e-01  1.3630319600e-02 
1596.000  2.0433953300e-01  1.2783408160e-02 
1597.000  2.1192702600e-01  1.3256437300e-02 
1598.000  2.1484195500e-01  1.3430584910e-02 
1599.000  2.0640973000e-01  1.2889719010e-02 
1600.000  2.0886203500e-01  1.3034444810e-02 
1601.000  2.0006953200e-01  1.2501176830e-02 
1602.000  2.0493467500e-01  1.2835351940e-02 
1603.000  2.0370726500e-01  1.2804806710e-02 
1604.000  2.0674996300e-01  1.3047321320e-02 
1605.000  2.0369307200e-01  1.2885970120e-02 
1606.000  2.0305463100e-01  1.2879964830e-02 
1607.000  2.0374191000e-01  1.2901996610e-02 
1608.000  2.0593534600e-01  1.3019800190e-02 
1609.000  2.0514347700e-01  1.2956771850e-02 
1610.000  1.9248915000e-01  1.2147732730e-02 
1611.000  1.9863240500e-01  1.2543507580e-02 
1612.000  2.0109868500e-01  1.2708137510e-02 
1613.000  2.0611499500e-01  1.3032826420e-02 
1614.000  2.0409154800e-01  1.2890131950e-02 
1615.000  2.0786034100e-01  1.3130850790e-02 
1616.000  1.9514728500e-01  1.2326224330e-02 
1617.000  2.0124764900e-01  1.2754148480e-02 
1618.000  2.0751795700e-01  1.3174324040e-02 
1619.000  2.0723688600e-01  1.3200365070e-02 
1620.000  2.0234746800e-01  1.2931040760e-02 
1621.000  1.9962186500e-01  1.2791275980e-02 
1622.000  2.0464590400e-01  1.3120938300e-02 
1623.000  2.0892425700e-01  1.3411393170e-02 
1624.000  2.1045140900e-01  1.3520943640e-02 
1625.000  2.0543851500e-01  1.3229945180e-02 
1626.000  2.0773889200e-01  1.3366615300e-02 
1627.000  2.0750060900e-01  1.3369873050e-02 
1628.000  2.0907751600e-01  1.3479306220e-02 
1629.000  2.0894152300e-01  1.3476026540e-02 
1630.000  2.0308221200e-01  1.3095042230e-02 
1631.000  2.0625815000e-01  1.3310439110e-02 
1632.000  2.0608626100e-01  1.3256458280e-02 
1633.000  2.0336719200e-01  1.3057120320e-02 
1634.000  1.9840822100e-01  1.2709084510e-02 
1635.000  2.0372692200e-01  1.3027565000e-02 
1636.000  2.0296224100e-01  1.2951461790e-02 
1637.000  1.9365631800e-01  1.2332671170e-02 
1638.000  1.9224105700e-01  1.2224500660e-02 
1639.000  1.8995970200e-01  1.2046590810e-02 
1640.000  1.9090557900e-01  1.2084396360e-02 
1641.000  1.8954278000e-01  1.1980817790e-02 
1642.000  1.8930559600e-01  1.2013590810e-02 
1643.000  1.9410320900e-01  1.2359872820e-02 
1644.000  1.9103304600e-01  1.2202475550e-02 
1645.000  1.9133237400e-01  1.2255373950e-02 
1646.000  1.9363155600e-01  1.2442987440e-02 
1647.000  1.9543169200e-01  1.2559444430e-02 
1648.000  1.9454826500e-01  1.2494282720e-02 
1649.000  1.9007890300e-01  1.2205781940e-02 
1650.000  1.9489504300e-01  1.2517249110e-02 
1651.000  1.9054418000e-01  1.2235898970e-02 
1652.000  1.9433254700e-01  1.2471432690e-02 
1653.000  1.9233220200e-01  1.2350484850e-02 
1654.000  1.9448966900e-01  1.2492157940e-02 
1655.000  1.9080559700e-01  1.2266612050e-02 
1656.000  1.9462568700e-01  1.2519553180e-02 
1657.000  1.9321332800e-01  1.2430654530e-02 
1658.000  1.9443232900e-01  1.2519658090e-02 
1659.000  1.9089561600e-01  1.2293764110e-02 
1660.000  1.9310191700e-01  1.2429124830e-02 
1661.000  1.9385748400e-01  1.2465858460e-02 
1662.000  1.9239951500e-01  1.2330728530e-02 
1663.000  1.9112549300e-01  1.2218310360e-02 
1664.000  1.9023494200e-01  1.2129593850e-02 
1665.000  1.8829357300e-01  1.1969885830e-02 
1666.000  1.8752453900e-01  1.1922482490e-02 
1667.000  1.8943924800e-01  1.2091152190e-02 
1668.000  1.8622969000e-01  1.1912209510e-02 
1669.000  1.8675477100e-01  1.1978226660e-02 
1670.000  1.9095388000e-01  1.2284371380e-02 
1671.000  1.8955780300e-01  1.2221590040e-02 
1672.000  1.8057920000e-01  1.1679181100e-02 
1673.000  1.8573737900e-01  1.2037126540e-02 
1674.000  1.8648753900e-01  1.2115005490e-02 
1675.000  1.8475755900e-01  1.2039776800e-02 
1676.000  1.8176956700e-01  1.1854927060e-02 
1677.000  1.8269854500e-01  1.1915295600e-02 
1678.000  1.8371197000e-01  1.1987091060e-02 
1679.000  1.8127058500e-01  1.1824188230e-02 
1680.000  1.7505692000e-01  1.1424678800e-02 
1681.000  1.6899028900e-01  1.1031139370e-02 
1682.000  1.7387062500e-01  1.1347419740e-02 
1683.000  1.7815955000e-01  1.1620489120e-02 
1684.000  1.8145217700e-01  1.1828941350e-02 
1685.000  1.8197193200e-01  1.1842804910e-02 
1686.000  1.7977650500e-01  1.1690489770e-02 
1687.000  1.8047274300e-01  1.1695853230e-02 
1688.000  1.8056581700e-01  1.1667747500e-02 
1689.000  1.7838758100e-01  1.1514465330e-02 
1690.000  1.7824285000e-01  1.1467679020e-02 
1691.000  1.8054884800e-01  1.1619329450e-02 
1692.000  1.8087461200e-01  1.1650335310e-02 
1693.000  1.8023636200e-01  1.1623723980e-02 
1694.000  1.7996715800e-01  1.1616551400e-02 
1695.000  1.8001285500e-01  1.1614165310e-02 
1696.000  1.7895963100e-01  1.1521603580e-02 
1697.000  1.7783444800e-01  1.1411926270e-02 
1698.000  1.7888927100e-01  1.1446820260e-02 
1699.000  1.7773352000e-01  1.1345444680e-02 
1700.000  1.7548307900e-01  1.1176138880e-02 
