 lambda   Irr_dw            Rad_up 
 550.000  1.5317617000e+00  1.2996730040e-01 
 551.000  1.5216453000e+00  1.2903654480e-01 
 552.000  1.5866148000e+00  1.3455307010e-01 
 553.000  1.5239279000e+00  1.2914599610e-01 
 554.000  1.5731948000e+00  1.3331256100e-01 
 555.000  1.5771077000e+00  1.3352780150e-01 
 556.000  1.5331658000e+00  1.2969935610e-01 
 557.000  1.4872559000e+00  1.2581193540e-01 
 558.000  1.5433234000e+00  1.3044444270e-01 
 559.000  1.4583951000e+00  1.2320658110e-01 
 560.000  1.4644473000e+00  1.2370767970e-01 
 561.000  1.6091078000e+00  1.3580931090e-01 
 562.000  1.4767153000e+00  1.2459680940e-01 
 563.000  1.5446386000e+00  1.3021774290e-01 
 564.000  1.5225762000e+00  1.2820452880e-01 
 565.000  1.5404015000e+00  1.2967401120e-01 
 566.000  1.4199489000e+00  1.1943817900e-01 
 567.000  1.5228280000e+00  1.2786561580e-01 
 568.000  1.5184748000e+00  1.2692530820e-01 
 569.000  1.4872241000e+00  1.2309489440e-01 
 570.000  1.4948728000e+00  1.2384719850e-01 
 571.000  1.4421870000e+00  1.2023706050e-01 
 572.000  1.5236252000e+00  1.2622834780e-01 
 573.000  1.5396985000e+00  1.2775183870e-01 
 574.000  1.5311112000e+00  1.2703372190e-01 
 575.000  1.4934750000e+00  1.2378764340e-01 
 576.000  1.4662166000e+00  1.2145594790e-01 
 577.000  1.5270435000e+00  1.2661689760e-01 
 578.000  1.4825381000e+00  1.2323542790e-01 
 579.000  1.4711834000e+00  1.2236935420e-01 
 580.000  1.5218164000e+00  1.2674729920e-01 
 581.000  1.4943090000e+00  1.2462141420e-01 
 582.000  1.5166036000e+00  1.2643517300e-01 
 583.000  1.5270318000e+00  1.2733944700e-01 
 584.000  1.5220382000e+00  1.2680056000e-01 
 585.000  1.5118729000e+00  1.2584936520e-01 
 586.000  1.4467716000e+00  1.2040248870e-01 
 587.000  1.5031347000e+00  1.2455103300e-01 
 588.000  1.4872008000e+00  1.2164414980e-01 
 589.000  1.3180553000e+00  1.0583543400e-01 
 590.000  1.3761416000e+00  1.1037374110e-01 
 591.000  1.4622870000e+00  1.1862037660e-01 
 592.000  1.4341551000e+00  1.1548767850e-01 
 593.000  1.4492845000e+00  1.1824048610e-01 
 594.000  1.4624406000e+00  1.1892567440e-01 
 595.000  1.4343624000e+00  1.1546997830e-01 
 596.000  1.4699279000e+00  1.1995244600e-01 
 597.000  1.4742907000e+00  1.1984284210e-01 
 598.000  1.4441094000e+00  1.1806790160e-01 
 599.000  1.4444767000e+00  1.1836197660e-01 
 600.000  1.4448085000e+00  1.1902040100e-01 
 601.000  1.4366858000e+00  1.1882519530e-01 
 602.000  1.4209714000e+00  1.1762463380e-01 
 603.000  1.4295410000e+00  1.1850493620e-01 
 604.000  1.4748172000e+00  1.2242967990e-01 
 605.000  1.4710260000e+00  1.2206168370e-01 
 606.000  1.4539586000e+00  1.2070366670e-01 
 607.000  1.4457584000e+00  1.1998059080e-01 
 608.000  1.4404252000e+00  1.1947309110e-01 
 609.000  1.4256162000e+00  1.1824491880e-01 
 610.000  1.4027564000e+00  1.1628660580e-01 
 611.000  1.4255033000e+00  1.1815914920e-01 
 612.000  1.4069153000e+00  1.1661187740e-01 
 613.000  1.3863301000e+00  1.1485237880e-01 
 614.000  1.3357767000e+00  1.1067122650e-01 
 615.000  1.4002669000e+00  1.1592986300e-01 
 616.000  1.3313582000e+00  1.1023912050e-01 
 617.000  1.3388537000e+00  1.1084529880e-01 
 618.000  1.4019936000e+00  1.1596983340e-01 
 619.000  1.3891300000e+00  1.1493605040e-01 
 620.000  1.4096233000e+00  1.1652470400e-01 
 621.000  1.4338388000e+00  1.1850473020e-01 
 622.000  1.3581876000e+00  1.1218751530e-01 
 623.000  1.3687429000e+00  1.1292049410e-01 
 624.000  1.3701900000e+00  1.1307331850e-01 
 625.000  1.3330553000e+00  1.0998662570e-01 
 626.000  1.3397845000e+00  1.1035014340e-01 
 627.000  1.3621559000e+00  1.1161611180e-01 
 628.000  1.3437928000e+00  1.0905335240e-01 
 629.000  1.3775783000e+00  1.1211627200e-01 
 630.000  1.3318804000e+00  1.0889037320e-01 
 631.000  1.3807618000e+00  1.1299031830e-01 
 632.000  1.2861031000e+00  1.0483117680e-01 
 633.000  1.3805633000e+00  1.1302740480e-01 
 634.000  1.3391078000e+00  1.0980456540e-01 
 635.000  1.3635896000e+00  1.1180762480e-01 
 636.000  1.3155484000e+00  1.0795885470e-01 
 637.000  1.3589586000e+00  1.1158399200e-01 
 638.000  1.3801150000e+00  1.1354145050e-01 
 639.000  1.3687071000e+00  1.1249839780e-01 
 640.000  1.3257675000e+00  1.0919494630e-01 
 641.000  1.3449094000e+00  1.1073366550e-01 
 642.000  1.3287677000e+00  1.0946442410e-01 
 643.000  1.3520025000e+00  1.1116947170e-01 
 644.000  1.3364947000e+00  1.0980921940e-01 
 645.000  1.3481452000e+00  1.1052643590e-01 
 646.000  1.2967021900e+00  1.0513987730e-01 
 647.000  1.3142476500e+00  1.0576322170e-01 
 648.000  1.3118673000e+00  1.0485075380e-01 
 649.000  1.3379291900e+00  1.0748680110e-01 
 650.000  1.2399009400e+00  1.0086318210e-01 
 651.000  1.3356109700e+00  1.0863334660e-01 
 652.000  1.3097823100e+00  1.0535931400e-01 
 653.000  1.3362854800e+00  1.0883292390e-01 
 654.000  1.3187813200e+00  1.0715155030e-01 
 655.000  1.2839822200e+00  1.0381861880e-01 
 656.000  1.0901032900e+00  8.8254501340e-02 
 657.000  1.1634846700e+00  9.4428771970e-02 
 658.000  1.2960081600e+00  1.0569741060e-01 
 659.000  1.2991504900e+00  1.0618566130e-01 
 660.000  1.3093534400e+00  1.0714369960e-01 
 661.000  1.3151443500e+00  1.0800512700e-01 
 662.000  1.3340863800e+00  1.0971083070e-01 
 663.000  1.3192611400e+00  1.0840098570e-01 
 664.000  1.2983092900e+00  1.0671703340e-01 
 665.000  1.3039643000e+00  1.0719876100e-01 
 666.000  1.3196819900e+00  1.0860891720e-01 
 667.000  1.2934951300e+00  1.0641710660e-01 
 668.000  1.3008538100e+00  1.0713719180e-01 
 669.000  1.3194184500e+00  1.0871511840e-01 
 670.000  1.3039478400e+00  1.0734674840e-01 
 671.000  1.2898518100e+00  1.0621800990e-01 
 672.000  1.2857712000e+00  1.0586471560e-01 
 673.000  1.2949559100e+00  1.0659108730e-01 
 674.000  1.2974651000e+00  1.0680434420e-01 
 675.000  1.2776662500e+00  1.0513225560e-01 
 676.000  1.3017875900e+00  1.0712263490e-01 
 677.000  1.2758920700e+00  1.0500205230e-01 
 678.000  1.2970127600e+00  1.0670950320e-01 
 679.000  1.2786988100e+00  1.0514057160e-01 
 680.000  1.2688802200e+00  1.0429337310e-01 
 681.000  1.2702367100e+00  1.0432989500e-01 
 682.000  1.2676016400e+00  1.0403443150e-01 
 683.000  1.2759155700e+00  1.0462972260e-01 
 684.000  1.2528702200e+00  1.0267894740e-01 
 685.000  1.2670139900e+00  1.0384320830e-01 
 686.000  1.2112682700e+00  9.8985839840e-02 
 687.000  1.1203760800e+00  8.8217666630e-02 
 688.000  1.1501058600e+00  9.1601486210e-02 
 689.000  1.1446725700e+00  9.0888572690e-02 
 690.000  1.1651643100e+00  9.3074394230e-02 
 691.000  1.1887482400e+00  9.5511817930e-02 
 692.000  1.1917835200e+00  9.5785362240e-02 
 693.000  1.1908178800e+00  9.4194953920e-02 
 694.000  1.1929351600e+00  9.3110939030e-02 
 695.000  1.1800696800e+00  9.2695793150e-02 
 696.000  1.1984419900e+00  9.4526092530e-02 
 697.000  1.2211866200e+00  9.8570549010e-02 
 698.000  1.1941705800e+00  9.5840301510e-02 
 699.000  1.1976268000e+00  9.4177627560e-02 
 700.000  1.1865537800e+00  9.3576858520e-02 
 701.000  1.1558776200e+00  9.0704719540e-02 
 702.000  1.1530396700e+00  9.0771789550e-02 
 703.000  1.1843833600e+00  9.4779022220e-02 
 704.000  1.1883373900e+00  9.5174865720e-02 
 705.000  1.1910583000e+00  9.4708999630e-02 
 706.000  1.1795589500e+00  9.3919227600e-02 
 707.000  1.1639270700e+00  9.2910774230e-02 
 708.000  1.2000803300e+00  9.6055999760e-02 
 709.000  1.1621701800e+00  9.3526412960e-02 
 710.000  1.1834953400e+00  9.4618041990e-02 
 711.000  1.1768788800e+00  9.4644882200e-02 
 712.000  1.1648867900e+00  9.4196182250e-02 
 713.000  1.1562319500e+00  9.3060638430e-02 
 714.000  1.1745371800e+00  9.4329322810e-02 
 715.000  1.1274927500e+00  8.9869392400e-02 
 716.000  1.1507668000e+00  9.1007637020e-02 
 717.000  1.0787590900e+00  8.1679733280e-02 
 718.000  1.0464047500e+00  7.7060798650e-02 
 719.000  1.0247426000e+00  7.4633621220e-02 
 720.000  1.0179376900e+00  7.3090248110e-02 
 721.000  1.0787415000e+00  8.2577728270e-02 
 722.000  1.1161192400e+00  8.7263008120e-02 
 723.000  1.1009467200e+00  8.4989944460e-02 
 724.000  1.0711263200e+00  7.9773017880e-02 
 725.000  1.0646446600e+00  7.9702690120e-02 
 726.000  1.0608639700e+00  7.9294776920e-02 
 727.000  1.0815824000e+00  8.1220680240e-02 
 728.000  1.0573180700e+00  7.8997894290e-02 
 729.000  1.0283204300e+00  7.7873748780e-02 
 730.000  1.0637655300e+00  8.0384140010e-02 
 731.000  1.0432388400e+00  7.8666954040e-02 
 732.000  1.0856080500e+00  8.3698143010e-02 
 733.000  1.0901888400e+00  8.5950416560e-02 
 734.000  1.1230454600e+00  8.9462265010e-02 
 735.000  1.1102344300e+00  8.8071243290e-02 
 736.000  1.0828576700e+00  8.5305557250e-02 
 737.000  1.1020014900e+00  8.7228286740e-02 
 738.000  1.1057032700e+00  8.8155326840e-02 
 739.000  1.0726780400e+00  8.5814147950e-02 
 740.000  1.0890222900e+00  8.7741210940e-02 
 741.000  1.0838799300e+00  8.7762809750e-02 
 742.000  1.0674591000e+00  8.6607460020e-02 
 743.000  1.1020604600e+00  8.9803070070e-02 
 744.000  1.1138849800e+00  9.0960197450e-02 
 745.000  1.0859823600e+00  8.8838066100e-02 
 746.000  1.1019088200e+00  9.0218482970e-02 
 747.000  1.1185209400e+00  9.1565292360e-02 
 748.000  1.0991778400e+00  9.0031257630e-02 
 749.000  1.0996768100e+00  9.0108207700e-02 
 750.000  1.0831998600e+00  8.8685890200e-02 
 751.000  1.0804283600e+00  8.8459907530e-02 
 752.000  1.0974622300e+00  8.9926841740e-02 
 753.000  1.0872536700e+00  8.9109909060e-02 
 754.000  1.1043883400e+00  9.0526443480e-02 
 755.000  1.0980724600e+00  9.0009422300e-02 
 756.000  1.0766013600e+00  8.8252151490e-02 
 757.000  1.0845426400e+00  8.8902572630e-02 
 758.000  1.0822896600e+00  8.8670661930e-02 
 759.000  1.0004497400e+00  8.0304687500e-02 
 760.000  5.1140697000e-01  3.3796348570e-02 
 761.000  4.6200827000e-01  2.9708934780e-02 
 762.000  7.3740632000e-01  5.4246799470e-02 
 763.000  6.6917910000e-01  4.7439228060e-02 
 764.000  7.1525359000e-01  5.1636356350e-02 
 765.000  8.1666763000e-01  6.1483020780e-02 
 766.000  8.8311568000e-01  6.9284095760e-02 
 767.000  9.4647102000e-01  7.5564208980e-02 
 768.000  1.0170487700e+00  8.2160255430e-02 
 769.000  1.0344841800e+00  8.4242324830e-02 
 770.000  1.0394429200e+00  8.4970214840e-02 
 771.000  1.0449701200e+00  8.5612243650e-02 
 772.000  1.0420499600e+00  8.5423011780e-02 
 773.000  1.0381464300e+00  8.5127716060e-02 
 774.000  1.0495865000e+00  8.6089164730e-02 
 775.000  1.0103105000e+00  8.2887001040e-02 
 776.000  1.0520260900e+00  8.6356513980e-02 
 777.000  1.0447352000e+00  8.5752296450e-02 
 778.000  1.0391151600e+00  8.5268135070e-02 
 779.000  1.0424784500e+00  8.5511589050e-02 
 780.000  1.0295615800e+00  8.4473739620e-02 
 781.000  1.0279740400e+00  8.4357048030e-02 
 782.000  1.0403450200e+00  8.5317947390e-02 
 783.000  1.0160204300e+00  8.3381912230e-02 
 784.000  1.0215712800e+00  8.3792091370e-02 
 785.000  1.0234362000e+00  8.3744033810e-02 
 786.000  1.0045252600e+00  8.1995033260e-02 
 787.000  1.0164274800e+00  8.2415573120e-02 
 788.000  9.9963175000e-01  8.0822372440e-02 
 789.000  9.9979084000e-01  7.9982192990e-02 
 790.000  9.8919033000e-01  7.9033874510e-02 
 791.000  9.8516776000e-01  7.8883872990e-02 
 792.000  9.7052238000e-01  7.7822181700e-02 
 793.000  9.7180380000e-01  7.8257644650e-02 
 794.000  9.6658719000e-01  7.8588348390e-02 
 795.000  9.5842962000e-01  7.7406700130e-02 
 796.000  9.6683280000e-01  7.7037590030e-02 
 797.000  9.7518606000e-01  7.8040878300e-02 
 798.000  9.8071938000e-01  7.9199226380e-02 
 799.000  9.7877381000e-01  7.8846374510e-02 
 800.000  9.4964171000e-01  7.5984901430e-02 
 801.000  9.6780156000e-01  7.7499816890e-02 
 802.000  9.6548109000e-01  7.7236228940e-02 
 803.000  9.5223965000e-01  7.6266250610e-02 
 804.000  9.6253957000e-01  7.7371765140e-02 
 805.000  9.3938694000e-01  7.5992546080e-02 
 806.000  9.6677261000e-01  7.8467803960e-02 
 807.000  9.6087848000e-01  7.8029350280e-02 
 808.000  9.5409298000e-01  7.7285827640e-02 
 809.000  9.3651240000e-01  7.5651557920e-02 
 810.000  9.3074399000e-01  7.4951004030e-02 
 811.000  9.4234541000e-01  7.5484718320e-02 
 812.000  9.3462242000e-01  7.4308212280e-02 
 813.000  9.2486570000e-01  7.2839996340e-02 
 814.000  9.1586717000e-01  7.1359077450e-02 
 815.000  8.9623053000e-01  6.8886871340e-02 
 816.000  8.7534113000e-01  6.6143531800e-02 
 817.000  8.8136887000e-01  6.6645767210e-02 
 818.000  8.7707101000e-01  6.6361633300e-02 
 819.000  8.5758494000e-01  6.5309089660e-02 
 820.000  8.5505372000e-01  6.6361427310e-02 
 821.000  8.9998922000e-01  7.1353965760e-02 
 822.000  8.6233317000e-01  6.7190025330e-02 
 823.000  8.3853711000e-01  6.2485084530e-02 
 824.000  8.8156685000e-01  6.8229728700e-02 
 825.000  8.9915698000e-01  7.1466140750e-02 
 826.000  9.0151155000e-01  7.1307609560e-02 
 827.000  8.9617769000e-01  7.0634704590e-02 
 828.000  8.8194421000e-01  6.8354042050e-02 
 829.000  8.8595889000e-01  6.9050148010e-02 
 830.000  8.7675720000e-01  6.8797737120e-02 
 831.000  8.6244050000e-01  6.7774291990e-02 
 832.000  8.8051486000e-01  6.9228805540e-02 
 833.000  8.5577158000e-01  6.7611663820e-02 
 834.000  8.7147972000e-01  6.9183647160e-02 
 835.000  8.7877015000e-01  7.0337059020e-02 
 836.000  8.8719520000e-01  7.0892021180e-02 
 837.000  8.7963038000e-01  7.0239639280e-02 
 838.000  8.8539950000e-01  7.1041091920e-02 
 839.000  8.5921812000e-01  6.9114860530e-02 
 840.000  8.8272861000e-01  7.1037734990e-02 
 841.000  8.8353947000e-01  7.0876426700e-02 
 842.000  8.7929288000e-01  7.0712295530e-02 
 843.000  8.7622156000e-01  7.1009857180e-02 
 844.000  8.6295807000e-01  7.0164390560e-02 
 845.000  8.7661444000e-01  7.1382179260e-02 
 846.000  8.8498639000e-01  7.2219390870e-02 
 847.000  8.5506675000e-01  6.9942871090e-02 
 848.000  8.7925281000e-01  7.1689750670e-02 
 849.000  8.8097838000e-01  7.1916069030e-02 
 850.000  7.6127700000e-01  6.2006069180e-02 
 851.000  8.7161194000e-01  7.0846023560e-02 
 852.000  8.3859754000e-01  6.8219985960e-02 
 853.000  8.4907300000e-01  6.9211196900e-02 
 854.000  6.8257347000e-01  5.5659961700e-02 
 855.000  7.5168880000e-01  6.1417423250e-02 
 856.000  8.5357388000e-01  6.9886474610e-02 
 857.000  8.6742632000e-01  7.1172767640e-02 
 858.000  8.5362962000e-01  7.0070144650e-02 
 859.000  8.5370367000e-01  7.0171485900e-02 
 860.000  8.4616494000e-01  6.9638038640e-02 
 861.000  8.4605847000e-01  6.9626960750e-02 
 862.000  8.4329319000e-01  6.9380149840e-02 
 863.000  8.5941281000e-01  7.0779121400e-02 
 864.000  8.5769642000e-01  7.0559837340e-02 
 865.000  8.4172380000e-01  6.9345367430e-02 
 866.000  7.0603224000e-01  5.8201946260e-02 
 867.000  7.5183968000e-01  6.1849136350e-02 
 868.000  8.1540334000e-01  6.7141418460e-02 
 869.000  8.0396032000e-01  6.6201179500e-02 
 870.000  8.3711590000e-01  6.9009452820e-02 
 871.000  8.3593294000e-01  6.8874832150e-02 
 872.000  8.3256571000e-01  6.8462211610e-02 
 873.000  8.3589792000e-01  6.8815933230e-02 
 874.000  8.1756624000e-01  6.7255020140e-02 
 875.000  8.1004688000e-01  6.6733619690e-02 
 876.000  8.1676221000e-01  6.7227386470e-02 
 877.000  8.3303153000e-01  6.8471748350e-02 
 878.000  8.1867345000e-01  6.7309860230e-02 
 879.000  8.2057171000e-01  6.7504409790e-02 
 880.000  8.1577119000e-01  6.6964683530e-02 
 881.000  7.7335047000e-01  6.3500846860e-02 
 882.000  8.1602777000e-01  6.6870628360e-02 
 883.000  7.9742242000e-01  6.5484535220e-02 
 884.000  8.0420134000e-01  6.6189857480e-02 
 885.000  8.1239531000e-01  6.6512763980e-02 
 886.000  7.8568731000e-01  6.4271865840e-02 
 887.000  7.7768692000e-01  6.3675537110e-02 
 888.000  8.0096012000e-01  6.5464645390e-02 
 889.000  8.0639161000e-01  6.6113502500e-02 
 890.000  8.0375536000e-01  6.5792587280e-02 
 891.000  7.9898379000e-01  6.5164520260e-02 
 892.000  7.9470118000e-01  6.4469520570e-02 
 893.000  7.5883020000e-01  6.0457408910e-02 
 894.000  7.8096680000e-01  6.1765880580e-02 
 895.000  7.3123430000e-01  5.6627536770e-02 
 896.000  7.4532225000e-01  5.6456192020e-02 
 897.000  7.1282158000e-01  5.2946922300e-02 
 898.000  7.0679850000e-01  5.1921405790e-02 
 899.000  6.8547159000e-01  4.8920913700e-02 
 900.000  6.7130605000e-01  4.8035358430e-02 
 901.000  6.5175894000e-01  4.6317123410e-02 
 902.000  6.4060167000e-01  4.5605678560e-02 
 903.000  7.0586549000e-01  5.2633758540e-02 
 904.000  7.3995504000e-01  5.6696514130e-02 
 905.000  7.3718172000e-01  5.6617431640e-02 
 906.000  7.0495167000e-01  5.3228218080e-02 
 907.000  6.9391859000e-01  5.0757076260e-02 
 908.000  6.6215082000e-01  4.7388984680e-02 
 909.000  6.4969722000e-01  4.6521671300e-02 
 910.000  6.5959751000e-01  4.7375816350e-02 
 911.000  6.6763200000e-01  4.8728424070e-02 
 912.000  6.6429320000e-01  4.8020938870e-02 
 913.000  6.5858996000e-01  4.6275478360e-02 
 914.000  6.6474383000e-01  4.7360446930e-02 
 915.000  6.6193346000e-01  4.7833766940e-02 
 916.000  6.7134907000e-01  4.8625297550e-02 
 917.000  6.6512200000e-01  4.8469535830e-02 
 918.000  6.6726118000e-01  4.9025852200e-02 
 919.000  6.9505457000e-01  5.2689270020e-02 
 920.000  7.0252072000e-01  5.4159450530e-02 
 921.000  6.8405839000e-01  5.2502208710e-02 
 922.000  6.7765432000e-01  5.2058700560e-02 
 923.000  6.4557716000e-01  4.9097164150e-02 
 924.000  6.6367587000e-01  4.9987960820e-02 
 925.000  6.7174997000e-01  5.0477645870e-02 
 926.000  6.4765294000e-01  4.8514339450e-02 
 927.000  6.6096519000e-01  4.8847824100e-02 
 928.000  6.4816631000e-01  4.6580780030e-02 
 929.000  6.1485278000e-01  4.2462196350e-02 
 930.000  5.8196759000e-01  3.8114589690e-02 
 931.000  5.4586955000e-01  3.3489009860e-02 
 932.000  4.9316622000e-01  2.7545866010e-02 
 933.000  4.5747440000e-01  2.3888900760e-02 
 934.000  4.1434405000e-01  2.0156818390e-02 
 935.000  4.0415040000e-01  1.9485231400e-02 
 936.000  4.1679206000e-01  2.0650030140e-02 
 937.000  4.2192023000e-01  2.0784624100e-02 
 938.000  4.5998945000e-01  2.4530027390e-02 
 939.000  5.6959931000e-01  3.6655597690e-02 
 940.000  5.8149821000e-01  3.8322071080e-02 
 941.000  5.5557133000e-01  3.5924011230e-02 
 942.000  5.0404224000e-01  3.0850328450e-02 
 943.000  4.7624389000e-01  2.6377662660e-02 
 944.000  4.5943227000e-01  2.5251070020e-02 
 945.000  4.8363150000e-01  2.7521615980e-02 
 946.000  4.9118424000e-01  2.8024549480e-02 
 947.000  5.0543345000e-01  2.9813207630e-02 
 948.000  5.1854517000e-01  3.1183773040e-02 
 949.000  5.1873036000e-01  3.1140222550e-02 
 950.000  5.1782554000e-01  3.1244194030e-02 
 951.000  5.3686854000e-01  3.3769340520e-02 
 952.000  5.1291243000e-01  3.0907905580e-02 
 953.000  5.2799491000e-01  3.2854667660e-02 
 954.000  5.4016664000e-01  3.4732017520e-02 
 955.000  4.9120045000e-01  3.0821941380e-02 
 956.000  5.2057989000e-01  3.2527828220e-02 
 957.000  5.6360612000e-01  3.8009445190e-02 
 958.000  5.7335338000e-01  3.9048637390e-02 
 959.000  5.6826993000e-01  3.8317428590e-02 
 960.000  5.6073356000e-01  3.7715755460e-02 
 961.000  5.5109682000e-01  3.6878776550e-02 
 962.000  5.5700407000e-01  3.7494358060e-02 
 963.000  5.7892055000e-01  4.0428615570e-02 
 964.000  5.7548354000e-01  4.0415603640e-02 
 965.000  5.8025586000e-01  4.0639385220e-02 
 966.000  5.6463337000e-01  3.9647441860e-02 
 967.000  5.9759626000e-01  4.3061462400e-02 
 968.000  6.1735539000e-01  4.6366100310e-02 
 969.000  6.3290957000e-01  4.8403854370e-02 
 970.000  6.3523420000e-01  4.8642086030e-02 
 971.000  6.2930721000e-01  4.8173786160e-02 
 972.000  6.3047833000e-01  4.8019622800e-02 
 973.000  6.1683587000e-01  4.6438995360e-02 
 974.000  5.9806776000e-01  4.4391048430e-02 
 975.000  5.9501161000e-01  4.3754459380e-02 
 976.000  6.0968922000e-01  4.5352909090e-02 
 977.000  6.0614873000e-01  4.5929672240e-02 
 978.000  6.2010033000e-01  4.6932613370e-02 
 979.000  6.0508228000e-01  4.6029022220e-02 
 980.000  6.2579984000e-01  4.8513893130e-02 
 981.000  6.3277096000e-01  4.9273921970e-02 
 982.000  6.2865827000e-01  4.8761482240e-02 
 983.000  6.3315705000e-01  4.9608161930e-02 
 984.000  6.3527348000e-01  5.0307460780e-02 
 985.000  6.3856729000e-01  5.0887641910e-02 
 986.000  6.3797835000e-01  5.1266788480e-02 
 987.000  6.4726438000e-01  5.2212944030e-02 
 988.000  6.3969609000e-01  5.1647075650e-02 
 989.000  6.3184044000e-01  5.1043842320e-02 
 990.000  6.3769244000e-01  5.1565147400e-02 
 991.000  6.4459567000e-01  5.2295787810e-02 
 992.000  6.3909560000e-01  5.1899948120e-02 
 993.000  6.3922325000e-01  5.1929847720e-02 
 994.000  6.4392904000e-01  5.2464656830e-02 
 995.000  6.4020871000e-01  5.2275657650e-02 
 996.000  6.4006969000e-01  5.2264198300e-02 
 997.000  6.4009878000e-01  5.2195755000e-02 
 998.000  6.3699162000e-01  5.1868942260e-02 
 999.000  6.3513149000e-01  5.1689289090e-02 
1000.000  6.3028287000e-01  5.1318691250e-02 
1001.000  6.3230375000e-01  5.1324989320e-02 
1002.000  6.2898259000e-01  5.0808403020e-02 
1003.000  6.2218255000e-01  5.0320049290e-02 
1004.000  6.1828636000e-01  5.0149650570e-02 
1005.000  5.7821243000e-01  4.6962772370e-02 
1006.000  6.0858613000e-01  4.9456054690e-02 
1007.000  6.1924096000e-01  5.0277217860e-02 
1008.000  6.1999935000e-01  5.0142463680e-02 
1009.000  6.1375640000e-01  4.9382865910e-02 
1010.000  6.1713516000e-01  4.9773422240e-02 
1011.000  6.1641613000e-01  4.9997192380e-02 
1012.000  6.1757297000e-01  5.0203220370e-02 
1013.000  6.1386549000e-01  4.9991695400e-02 
1014.000  6.1809518000e-01  5.0401126860e-02 
1015.000  6.0673335000e-01  4.9511566160e-02 
1016.000  6.1094756000e-01  4.9925334930e-02 
1017.000  6.0503125000e-01  4.9489097600e-02 
1018.000  6.1258159000e-01  5.0091663360e-02 
1019.000  5.9781775000e-01  4.8813430790e-02 
1020.000  5.9682094000e-01  4.8747089390e-02 
1021.000  6.0330101000e-01  4.9305377960e-02 
1022.000  5.9333526000e-01  4.8329528810e-02 
1023.000  6.0395595000e-01  4.9052532200e-02 
1024.000  6.0042394000e-01  4.8666728970e-02 
1025.000  6.0156358000e-01  4.8895565030e-02 
1026.000  6.0283444000e-01  4.9075290680e-02 
1027.000  5.9894900000e-01  4.8763679500e-02 
1028.000  6.0055174000e-01  4.8962657930e-02 
1029.000  5.9192126000e-01  4.8374320980e-02 
1030.000  5.9838069000e-01  4.9021198270e-02 
1031.000  5.9673872000e-01  4.8969135280e-02 
1032.000  5.9482720000e-01  4.8872718810e-02 
1033.000  5.8391099000e-01  4.7974605560e-02 
1034.000  5.8961535000e-01  4.8454303740e-02 
1035.000  5.8191444000e-01  4.7802333830e-02 
1036.000  5.9153315000e-01  4.8601669310e-02 
1037.000  5.7907740000e-01  4.7574218750e-02 
1038.000  5.8480337000e-01  4.8039085390e-02 
1039.000  5.8718897000e-01  4.8216171260e-02 
1040.000  5.8023666000e-01  4.7629486080e-02 
1041.000  5.8326011000e-01  4.7861919400e-02 
1042.000  5.8498767000e-01  4.7992252350e-02 
1043.000  5.7488812000e-01  4.7154735570e-02 
1044.000  5.8060470000e-01  4.7609909060e-02 
1045.000  5.7806533000e-01  4.7424282070e-02 
1046.000  5.6124900000e-01  4.6077178960e-02 
1047.000  5.7154659000e-01  4.6954612730e-02 
1048.000  5.7721354000e-01  4.7457382200e-02 
1049.000  5.7350557000e-01  4.7194786070e-02 
1050.000  5.7109582000e-01  4.7023571010e-02 
1051.000  5.7008096000e-01  4.6907264710e-02 
1052.000  5.6738722000e-01  4.6657577510e-02 
1053.000  5.6597914000e-01  4.6519989010e-02 
1054.000  5.6176051000e-01  4.6136344910e-02 
1055.000  5.6585021000e-01  4.6430233000e-02 
1056.000  5.6432351000e-01  4.6272277830e-02 
1057.000  5.6326651000e-01  4.6131233220e-02 
1058.000  5.5721975000e-01  4.5542156220e-02 
1059.000  5.3970782000e-01  4.4138431550e-02 
1060.000  5.5923227000e-01  4.5815479280e-02 
1061.000  5.3961449000e-01  4.4214805600e-02 
1062.000  5.5449109000e-01  4.5386657710e-02 
1063.000  5.4510151000e-01  4.4601127620e-02 
1064.000  5.5182938000e-01  4.5075981140e-02 
1065.000  5.5100049000e-01  4.4907676700e-02 
1066.000  5.3412317000e-01  4.3513454440e-02 
1067.000  5.4672823000e-01  4.4485958100e-02 
1068.000  5.4399550000e-01  4.4099021910e-02 
1069.000  5.0275429000e-01  4.0669445040e-02 
1070.000  5.3264808000e-01  4.3120040890e-02 
1071.000  5.3313007000e-01  4.3089530940e-02 
1072.000  5.3451813000e-01  4.3135307310e-02 
1073.000  5.1685499000e-01  4.1710273740e-02 
1074.000  5.3502605000e-01  4.3205883030e-02 
1075.000  5.1899503000e-01  4.2041862490e-02 
1076.000  5.3002646000e-01  4.2861759190e-02 
1077.000  5.2834083000e-01  4.2628685000e-02 
1078.000  5.2910687000e-01  4.2578079220e-02 
1079.000  5.0865061000e-01  4.0920307160e-02 
1080.000  5.2208200000e-01  4.1707969670e-02 
1081.000  5.0277974000e-01  4.0148368840e-02 
1082.000  5.0991192000e-01  4.0814830780e-02 
1083.000  4.9529709000e-01  3.9468757630e-02 
1084.000  5.1319181000e-01  4.0703094480e-02 
1085.000  5.0399435000e-01  3.9579368590e-02 
1086.000  5.1117686000e-01  4.0201908110e-02 
1087.000  4.8245630000e-01  3.8316131590e-02 
1088.000  5.1178264000e-01  4.0698947910e-02 
1089.000  4.8900766000e-01  3.8440574650e-02 
1090.000  4.9898965000e-01  3.9166893010e-02 
1091.000  5.0289196000e-01  3.9596698760e-02 
1092.000  4.8955644000e-01  3.8342769620e-02 
1093.000  4.7970879000e-01  3.7097896580e-02 
1094.000  4.3494800100e-01  3.3422592160e-02 
1095.000  4.7107359900e-01  3.6204338070e-02 
1096.000  4.7240043000e-01  3.6325363160e-02 
1097.000  4.6235102300e-01  3.5404956820e-02 
1098.000  4.4506868800e-01  3.2968189240e-02 
1099.000  4.3478751400e-01  3.1265144350e-02 
1100.000  4.4307428900e-01  3.1921995160e-02 
1101.000  4.4373117500e-01  3.2094577790e-02 
1102.000  4.2459496200e-01  3.0641361240e-02 
1103.000  4.4252378800e-01  3.2012012480e-02 
1104.000  4.3733197200e-01  3.1474567410e-02 
1105.000  4.3159489300e-01  3.0673067090e-02 
1106.000  4.2278843900e-01  2.9682359700e-02 
1107.000  4.2362319200e-01  2.9812341690e-02 
1108.000  4.2329146700e-01  2.9826129910e-02 
1109.000  4.2977627600e-01  3.0559316640e-02 
1110.000  4.3153715800e-01  3.0587549210e-02 
1111.000  4.2358122400e-01  2.9819641110e-02 
1112.000  4.0725242200e-01  2.7897886280e-02 
1113.000  3.8859390100e-01  2.5537248610e-02 
1114.000  3.8840161100e-01  2.5139364240e-02 
1115.000  3.6285707700e-01  2.2114471440e-02 
1116.000  3.4472797800e-01  2.0211719510e-02 
1117.000  3.1579721500e-01  1.6996616360e-02 
1118.000  2.8189664200e-01  1.3954713820e-02 
1119.000  2.5807665600e-01  1.2140051840e-02 
1120.000  2.3793307500e-01  1.0485166550e-02 
1121.000  2.3485488700e-01  1.0180829050e-02 
1122.000  2.1110760800e-01  8.4798574450e-03 
1123.000  2.2494905000e-01  9.3934974670e-03 
1124.000  2.3389621800e-01  1.0006089210e-02 
1125.000  2.2474444600e-01  9.4847736360e-03 
1126.000  2.1869914700e-01  9.1841812130e-03 
1127.000  2.2786362800e-01  9.6424779890e-03 
1128.000  2.2707790900e-01  9.7468442920e-03 
1129.000  2.4987203100e-01  1.1449707030e-02 
1130.000  2.9861794900e-01  1.5523410800e-02 
1131.000  3.1553354600e-01  1.6980243680e-02 
1132.000  2.9759536700e-01  1.5253772740e-02 
1133.000  2.5542127100e-01  1.1977334980e-02 
1134.000  1.8683151600e-01  7.0588760380e-03 
1135.000  1.9447735600e-01  7.5106849670e-03 
1136.000  2.6157308300e-01  1.2475895880e-02 
1137.000  2.9978890900e-01  1.5637431140e-02 
1138.000  3.2024596600e-01  1.8205852510e-02 
1139.000  3.3625343900e-01  1.9701404570e-02 
1140.000  3.3124687200e-01  1.9099615100e-02 
1141.000  3.0971816300e-01  1.7323919300e-02 
1142.000  3.1386032100e-01  1.7349430080e-02 
1143.000  2.9497951600e-01  1.5728027340e-02 
1144.000  2.7772419900e-01  1.4226496700e-02 
1145.000  2.5688639500e-01  1.2376569750e-02 
1146.000  2.6488988900e-01  1.2954120640e-02 
1147.000  2.8397072800e-01  1.4559913640e-02 
1148.000  2.9656445900e-01  1.5834872250e-02 
1149.000  3.0347958000e-01  1.6478874210e-02 
1150.000  3.0222817200e-01  1.6473344800e-02 
1151.000  3.1007258500e-01  1.7359523770e-02 
1152.000  3.1370285700e-01  1.7792259220e-02 
1153.000  3.1937676300e-01  1.8451738360e-02 
1154.000  3.1962706600e-01  1.8414306640e-02 
1155.000  3.3242870600e-01  1.9843366620e-02 
1156.000  3.4085419900e-01  2.1126367570e-02 
1157.000  3.7019905000e-01  2.4583349230e-02 
1158.000  3.8054033500e-01  2.5955736160e-02 
1159.000  3.8374410000e-01  2.6773664470e-02 
1160.000  3.8232586600e-01  2.6935066220e-02 
1161.000  3.8284026900e-01  2.7562582020e-02 
1162.000  4.0312514800e-01  2.9519128800e-02 
1163.000  4.1267071500e-01  3.0807687760e-02 
1164.000  4.0611111600e-01  3.0443233490e-02 
1165.000  4.1445047900e-01  3.1159341810e-02 
1166.000  4.0525432800e-01  3.0614690780e-02 
1167.000  4.1278665200e-01  3.1277719500e-02 
1168.000  4.1599611000e-01  3.1498790740e-02 
1169.000  4.0267601600e-01  3.0582069400e-02 
1170.000  4.1451173100e-01  3.1563867570e-02 
1171.000  4.1917628100e-01  3.2118202210e-02 
1172.000  4.1623496300e-01  3.1785270690e-02 
1173.000  4.1173885900e-01  3.1341278080e-02 
1174.000  4.1204149100e-01  3.1375144960e-02 
1175.000  4.1148485900e-01  3.1630102160e-02 
1176.000  4.0536950300e-01  3.1432529450e-02 
1177.000  4.1603820600e-01  3.2130699160e-02 
1178.000  4.0527857600e-01  3.1042608260e-02 
1179.000  4.0346963800e-01  3.0908346180e-02 
1180.000  4.0777904500e-01  3.1147586820e-02 
1181.000  4.0217643300e-01  3.0482833860e-02 
1182.000  3.9917890200e-01  3.0021558760e-02 
1183.000  3.7640935200e-01  2.8334680560e-02 
1184.000  3.9535790900e-01  2.9892719270e-02 
1185.000  4.0549037400e-01  3.0993108750e-02 
1186.000  4.0163546800e-01  3.0598653790e-02 
1187.000  3.9678304400e-01  2.9896520610e-02 
1188.000  3.9360025700e-01  2.9574768070e-02 
1189.000  3.7349007100e-01  2.8246355060e-02 
1190.000  3.9957457900e-01  3.0731649400e-02 
1191.000  4.0811983600e-01  3.1536525730e-02 
1192.000  4.0918740700e-01  3.1841178890e-02 
1193.000  4.0863229300e-01  3.1728693010e-02 
1194.000  4.0735426700e-01  3.1598480220e-02 
1195.000  3.9956540700e-01  3.0777475360e-02 
1196.000  3.9975572300e-01  3.0831695560e-02 
1197.000  3.9808218700e-01  3.0601797100e-02 
1198.000  3.8437221700e-01  2.9531667710e-02 
1199.000  3.6825330600e-01  2.8175127030e-02 
1200.000  3.9257604700e-01  3.0117776870e-02 
1201.000  3.9583033700e-01  3.0408857350e-02 
1202.000  3.9673922700e-01  3.0541620250e-02 
1203.000  3.7632650000e-01  2.8933649060e-02 
1204.000  3.8317403100e-01  2.9533306120e-02 
1205.000  3.9734311500e-01  3.1007020950e-02 
1206.000  3.9738815200e-01  3.1184282300e-02 
1207.000  4.0106410600e-01  3.1544351580e-02 
1208.000  3.9450285400e-01  3.0969097140e-02 
1209.000  3.6872751700e-01  2.8856773380e-02 
1210.000  3.9254042200e-01  3.0560483930e-02 
1211.000  3.7914239200e-01  2.9502262120e-02 
1212.000  3.9156979900e-01  3.0519655230e-02 
1213.000  3.9516035600e-01  3.0962131500e-02 
1214.000  3.9309936200e-01  3.0791378020e-02 
1215.000  3.9517642100e-01  3.1025377270e-02 
1216.000  3.9694027000e-01  3.1425298690e-02 
1217.000  3.9854626100e-01  3.1780344010e-02 
1218.000  3.9812304200e-01  3.1860183720e-02 
1219.000  3.9489423600e-01  3.1673019410e-02 
1220.000  3.9762865900e-01  3.1893894200e-02 
1221.000  3.9715485600e-01  3.1869997020e-02 
1222.000  3.9513996200e-01  3.1708896640e-02 
1223.000  3.9347606300e-01  3.1610054020e-02 
1224.000  3.9799947700e-01  3.2115974430e-02 
1225.000  3.9612433400e-01  3.2005321500e-02 
1226.000  3.9792466400e-01  3.2206069950e-02 
1227.000  3.8510418100e-01  3.1248981480e-02 
1228.000  3.9795508000e-01  3.2394035340e-02 
1229.000  3.9810203600e-01  3.2483615880e-02 
1230.000  3.9740482900e-01  3.2515518190e-02 
1231.000  3.9777404400e-01  3.2600475310e-02 
1232.000  3.9342527300e-01  3.2270706180e-02 
1233.000  3.9660501000e-01  3.2551445010e-02 
1234.000  3.9627102000e-01  3.2637596130e-02 
1235.000  3.9382782800e-01  3.2478481290e-02 
1236.000  3.9632302000e-01  3.2713462830e-02 
1237.000  3.9657321200e-01  3.2774864200e-02 
1238.000  3.9641703800e-01  3.2781040190e-02 
1239.000  3.9194531800e-01  3.2424316410e-02 
1240.000  3.9017141200e-01  3.2310928340e-02 
1241.000  3.9357921500e-01  3.2618930820e-02 
1242.000  3.9118752400e-01  3.2443065640e-02 
1243.000  3.8673736900e-01  3.2097553250e-02 
1244.000  3.8310199300e-01  3.1807256700e-02 
1245.000  3.8957441200e-01  3.2356796260e-02 
1246.000  3.8641955200e-01  3.2065830230e-02 
1247.000  3.8433924900e-01  3.1862628940e-02 
1248.000  3.8714845300e-01  3.2065307620e-02 
1249.000  3.8564551600e-01  3.1922010420e-02 
1250.000  3.8396947200e-01  3.1754758830e-02 
1251.000  3.8114370900e-01  3.1500564580e-02 
1252.000  3.7970867200e-01  3.1350072860e-02 
1253.000  3.7625960500e-01  3.1030668260e-02 
1254.000  3.7661980500e-01  3.0990570070e-02 
1255.000  3.7553799700e-01  3.0858072280e-02 
1256.000  3.7434478700e-01  3.0727403640e-02 
1257.000  3.6950249500e-01  3.0262838360e-02 
1258.000  3.6958519800e-01  3.0146148680e-02 
1259.000  3.6435835900e-01  2.9619510650e-02 
1260.000  3.6349538300e-01  2.9436967850e-02 
1261.000  3.6128282900e-01  2.9143112180e-02 
1262.000  3.5026461400e-01  2.8084253310e-02 
1263.000  3.5324188600e-01  2.8293506620e-02 
1264.000  3.4690748600e-01  2.7777845380e-02 
1265.000  3.4723089300e-01  2.7808561330e-02 
1266.000  3.4809136400e-01  2.7831012730e-02 
1267.000  3.4002451900e-01  2.7141115190e-02 
1268.000  3.3494419700e-01  2.6692010880e-02 
1269.000  3.3729635400e-01  2.6860952380e-02 
1270.000  3.4546691900e-01  2.7648616790e-02 
1271.000  3.4938195800e-01  2.8016923900e-02 
1272.000  3.4996540300e-01  2.8128362660e-02 
1273.000  3.5112399400e-01  2.8303876880e-02 
1274.000  3.5082159000e-01  2.8377077100e-02 
1275.000  3.5375834000e-01  2.8644426350e-02 
1276.000  3.5484094600e-01  2.8733774190e-02 
1277.000  3.5488196000e-01  2.8715101240e-02 
1278.000  3.5419439200e-01  2.8626960750e-02 
1279.000  3.5217197800e-01  2.8471096040e-02 
1280.000  3.5107290900e-01  2.8473661420e-02 
1281.000  3.4200159500e-01  2.7825246810e-02 
1282.000  3.0446430000e-01  2.4849584580e-02 
1283.000  3.3465964300e-01  2.7358390810e-02 
1284.000  3.4853301300e-01  2.8509807590e-02 
1285.000  3.5137117600e-01  2.8759611130e-02 
1286.000  3.5082948200e-01  2.8663703920e-02 
1287.000  3.5210090100e-01  2.8679506300e-02 
1288.000  3.4662199800e-01  2.7941328050e-02 
1289.000  3.4767440500e-01  2.7934646610e-02 
1290.000  3.3956225800e-01  2.7262845990e-02 
1291.000  3.4479144900e-01  2.7687427520e-02 
1292.000  3.4765936100e-01  2.7988779070e-02 
1293.000  3.4809854900e-01  2.7994901660e-02 
1294.000  3.4116390200e-01  2.7275014880e-02 
1295.000  3.4251315500e-01  2.7161987300e-02 
1296.000  3.4032682900e-01  2.6781606670e-02 
1297.000  3.3623531400e-01  2.6307367320e-02 
1298.000  3.3304938000e-01  2.6036895750e-02 
1299.000  3.3627189600e-01  2.6266441350e-02 
1300.000  3.3458304400e-01  2.6110948560e-02 
1301.000  3.3360338800e-01  2.5985656740e-02 
1302.000  3.2793049600e-01  2.5412582400e-02 
1303.000  3.2196540100e-01  2.4629243850e-02 
1304.000  3.2059778200e-01  2.4378072740e-02 
1305.000  3.2184950900e-01  2.4403543470e-02 
1306.000  3.2163142200e-01  2.4312650680e-02 
1307.000  3.1962139900e-01  2.4084741590e-02 
1308.000  3.1665452900e-01  2.3668218610e-02 
1309.000  3.1272684800e-01  2.3120983120e-02 
1310.000  3.1100638800e-01  2.2970472340e-02 
1311.000  3.1015289100e-01  2.2903120040e-02 
1312.000  3.0473112500e-01  2.2221132280e-02 
1313.000  2.8864138100e-01  2.0737331390e-02 
1314.000  2.9316199700e-01  2.0778293610e-02 
1315.000  2.8539143900e-01  2.0347677230e-02 
1316.000  2.9536109300e-01  2.1246185300e-02 
1317.000  2.9836430800e-01  2.1449806210e-02 
1318.000  2.8898240300e-01  2.0442424770e-02 
1319.000  2.8534706000e-01  1.9740808490e-02 
1320.000  2.7464631600e-01  1.8490270610e-02 
1321.000  2.7011863800e-01  1.7975257870e-02 
1322.000  2.7518250300e-01  1.8626535420e-02 
1323.000  2.8206334700e-01  1.9417558670e-02 
1324.000  2.8532158500e-01  1.9814289090e-02 
1325.000  2.8294313600e-01  1.9520704270e-02 
1326.000  2.7587217900e-01  1.8704483030e-02 
1327.000  2.6135877100e-01  1.6980184560e-02 
1328.000  2.4824944800e-01  1.5291546820e-02 
1329.000  2.1419314000e-01  1.1947231290e-02 
1330.000  2.0815536900e-01  1.1185347560e-02 
1331.000  2.0267277600e-01  1.0628802300e-02 
1332.000  2.0047735000e-01  1.0581185340e-02 
1333.000  2.1148480700e-01  1.1393896100e-02 
1334.000  2.1989961500e-01  1.2173675540e-02 
1335.000  2.2584130800e-01  1.2752005580e-02 
1336.000  2.2573399900e-01  1.2832910540e-02 
1337.000  2.2828923500e-01  1.3011075970e-02 
1338.000  2.3203984600e-01  1.3419662480e-02 
1339.000  2.3255365000e-01  1.3514099120e-02 
1340.000  2.3417297200e-01  1.3780550000e-02 
1341.000  2.3813050400e-01  1.3869215010e-02 
1342.000  2.3803363000e-01  1.3874384880e-02 
1343.000  2.2900864200e-01  1.2658525470e-02 
1344.000  2.1516253000e-01  1.1187185290e-02 
1345.000  1.7802891400e-01  7.9645113950e-03 
1346.000  1.5186354400e-01  5.9486355780e-03 
1347.000  1.3470073400e-01  4.8392958640e-03 
1348.000  1.1167368600e-01  3.3688471320e-03 
1349.000  1.0157153400e-01  2.8521320820e-03 
1350.000  7.9120215300e-02  1.7583078150e-03 
1351.000  6.8305153100e-02  1.3568880560e-03 
1352.000  5.2245487700e-02  8.0385780330e-04 
1353.000  3.7031245200e-02  4.4055098300e-04 
1354.000  2.9609919500e-02  2.9428416490e-04 
1355.000  2.2989620700e-02  1.8864575030e-04 
1356.000  1.7384926000e-02  1.1479366570e-04 
1357.000  1.1883078510e-02  5.7829439640e-05 
1358.000  8.7943027300e-03  3.5307638350e-05 
1359.000  4.6371904300e-03  1.1977438810e-05 
1360.000  3.0667195500e-03  6.2945787790e-06 
1361.000  2.2822903100e-03  3.7450506350e-06 
1362.000  2.1000787100e-03  3.2943226400e-06 
1363.000  3.0298721200e-03  5.7545099410e-06 
1364.000  3.5132263900e-03  7.2093252090e-06 
1365.000  3.6785383600e-03  7.6087717900e-06 
1366.000  4.2480988500e-03  9.5087159430e-06 
1367.000  3.5684712600e-03  7.4497535820e-06 
1368.000  3.1641446600e-03  6.4406641760e-06 
1369.000  3.2446888500e-03  6.7785172720e-06 
1370.000  5.3662037200e-03  1.5752753240e-05 
1371.000  9.5567420400e-03  3.9530079810e-05 
1372.000  1.7696162000e-02  1.0948342080e-04 
1373.000  2.5103453600e-02  1.9349217410e-04 
1374.000  3.0483427800e-02  2.6797217130e-04 
1375.000  3.2500671100e-02  3.0109107490e-04 
1376.000  3.0145728000e-02  2.6710975170e-04 
1377.000  2.6837209300e-02  2.1826910970e-04 
1378.000  2.0455551900e-02  1.3913232090e-04 
1379.000  1.4046699380e-02  7.5068943200e-05 
1380.000  7.9668945500e-03  2.9946550730e-05 
1381.000  4.6085469200e-03  1.2475505470e-05 
1382.000  3.2226943600e-03  7.0373453200e-06 
1383.000  3.1180831900e-03  6.5763164310e-06 
1384.000  5.0718359400e-03  1.4213274230e-05 
1385.000  7.2001154700e-03  2.4954807010e-05 
1386.000  1.0997425680e-02  4.9311030660e-05 
1387.000  2.0206234700e-02  1.3607087730e-04 
1388.000  2.6781518000e-02  2.1402879060e-04 
1389.000  3.0763849600e-02  2.7312734720e-04 
1390.000  3.1403167000e-02  2.8573158380e-04 
1391.000  2.9315247900e-02  2.5434318180e-04 
1392.000  2.2163608600e-02  1.6083152590e-04 
1393.000  1.6942345900e-02  1.0485292230e-04 
1394.000  1.2979777340e-02  6.8421989680e-05 
1395.000  1.4631304200e-02  8.3064623180e-05 
1396.000  2.0077365600e-02  1.3766524200e-04 
1397.000  2.5909693100e-02  2.1000741420e-04 
1398.000  2.6682486400e-02  2.1979400520e-04 
1399.000  2.4913546400e-02  1.9945453110e-04 
1400.000  2.3296286700e-02  1.8137757480e-04 
1401.000  2.4765139800e-02  2.0395050940e-04 
1402.000  3.0702032600e-02  2.8554469350e-04 
1403.000  3.5348360400e-02  3.7145709990e-04 
1404.000  3.3248306200e-02  3.3466535810e-04 
1405.000  3.4826836400e-02  3.7076821920e-04 
1406.000  3.2294289400e-02  3.2483339310e-04 
1407.000  3.3492370600e-02  3.5542169210e-04 
1408.000  4.0142888200e-02  4.7828495500e-04 
1409.000  4.7056497500e-02  6.3553965090e-04 
1410.000  5.7714143600e-02  8.9582616090e-04 
1411.000  6.8648347900e-02  1.2359720470e-03 
1412.000  6.6322191200e-02  1.1941280360e-03 
1413.000  7.3146926100e-02  1.4318637850e-03 
1414.000  7.2117982700e-02  1.3760663270e-03 
1415.000  7.9725032700e-02  1.6804124120e-03 
1416.000  8.5658546300e-02  1.9058098790e-03 
1417.000  8.7863854200e-02  2.0118405820e-03 
1418.000  8.8646837200e-02  2.0344939230e-03 
1419.000  8.8462144100e-02  2.0688357350e-03 
1420.000  9.0563027000e-02  2.1520302300e-03 
1421.000  1.0185565440e-01  2.6464943890e-03 
1422.000  1.0427843500e-01  2.8005521300e-03 
1423.000  1.0544120300e-01  2.8882889750e-03 
1424.000  1.0508292050e-01  2.8633167740e-03 
1425.000  1.0389015040e-01  2.7779483800e-03 
1426.000  1.0016456090e-01  2.6828546520e-03 
1427.000  1.0609402230e-01  2.9407474990e-03 
1428.000  1.1205568570e-01  3.1810693740e-03 
1429.000  1.1365676170e-01  3.3266692160e-03 
1430.000  1.1089300250e-01  3.2478523250e-03 
1431.000  1.0331089510e-01  2.8956215380e-03 
1432.000  1.0101681220e-01  2.7526865010e-03 
1433.000  1.0073215190e-01  2.7373347280e-03 
1434.000  9.6080771200e-02  2.5516319270e-03 
1435.000  1.0315087030e-01  2.8641452790e-03 
1436.000  1.0571937600e-01  2.9895014760e-03 
1437.000  1.0740443390e-01  3.0657677650e-03 
1438.000  1.1386649710e-01  3.3971383570e-03 
1439.000  1.1596784010e-01  3.4733850960e-03 
1440.000  1.1119483680e-01  3.3752758500e-03 
1441.000  1.1810113770e-01  3.6113531590e-03 
1442.000  1.1328627020e-01  3.4159154890e-03 
1443.000  1.1532239390e-01  3.4854779240e-03 
1444.000  1.1792215560e-01  3.6082065110e-03 
1445.000  1.1815821050e-01  3.6290054320e-03 
1446.000  1.2367422480e-01  3.8945236210e-03 
1447.000  1.2705400900e-01  4.0910406110e-03 
1448.000  1.2850198200e-01  4.1555042270e-03 
1449.000  1.2597922060e-01  4.0180211070e-03 
1450.000  1.2046705520e-01  3.7573428150e-03 
1451.000  1.2181571200e-01  3.8473258020e-03 
1452.000  1.2714650670e-01  4.1950631140e-03 
1453.000  1.4167840500e-01  4.9693183900e-03 
1454.000  1.5416709900e-01  5.7431516650e-03 
1455.000  1.6013978800e-01  6.1863698960e-03 
1456.000  1.6724239200e-01  6.6942229270e-03 
1457.000  1.6993211500e-01  6.8390588760e-03 
1458.000  1.7325568800e-01  7.0261650090e-03 
1459.000  1.6838858400e-01  6.6726384160e-03 
1460.000  1.6071305800e-01  6.2417111400e-03 
1461.000  1.5763040100e-01  6.0603260990e-03 
1462.000  1.4914329800e-01  5.5590090750e-03 
1463.000  1.4815448700e-01  5.5338006020e-03 
1464.000  1.4624091200e-01  5.4178042410e-03 
1465.000  1.4299673800e-01  5.1771407130e-03 
1466.000  1.3326980900e-01  4.6845221520e-03 
1467.000  1.3230353000e-01  4.5524587630e-03 
1468.000  1.2416262270e-01  4.1700491910e-03 
1469.000  1.1778297570e-01  3.7906465530e-03 
1470.000  1.1437216690e-01  3.6279425620e-03 
1471.000  1.2137128250e-01  4.0751304630e-03 
1472.000  1.3364935200e-01  4.7895817760e-03 
1473.000  1.5019441100e-01  5.8187775610e-03 
1474.000  1.5742912300e-01  6.4548654560e-03 
1475.000  1.6022824400e-01  6.5904960630e-03 
1476.000  1.6048888700e-01  6.6218757630e-03 
1477.000  1.5704904600e-01  6.3990349770e-03 
1478.000  1.5090761800e-01  6.0745234490e-03 
1479.000  1.4791489000e-01  5.8409361840e-03 
1480.000  1.5099572300e-01  6.0739164350e-03 
1481.000  1.5381828200e-01  6.3558926580e-03 
1482.000  1.6076648600e-01  6.8452372550e-03 
1483.000  1.5898759700e-01  6.8383364680e-03 
1484.000  1.6001846100e-01  6.9169840810e-03 
1485.000  1.6231892100e-01  7.0132379530e-03 
1486.000  1.6369128000e-01  7.2626786230e-03 
1487.000  1.7371046900e-01  8.0944948200e-03 
1488.000  1.5223223400e-01  7.1481904980e-03 
1489.000  1.8681448100e-01  9.3400564190e-03 
1490.000  1.9764524200e-01  1.0414928440e-02 
1491.000  2.0470597800e-01  1.1104491230e-02 
1492.000  2.0099411400e-01  1.0990624430e-02 
1493.000  2.0842225700e-01  1.1611411090e-02 
1494.000  2.0811888200e-01  1.1658061030e-02 
1495.000  2.0984129300e-01  1.1970879550e-02 
1496.000  2.0947732900e-01  1.2261698720e-02 
1497.000  2.1458506000e-01  1.2619976040e-02 
1498.000  2.2166323900e-01  1.3328221320e-02 
1499.000  2.2265111700e-01  1.3667679790e-02 
1500.000  2.2951664500e-01  1.4314981460e-02 
1501.000  2.2821097900e-01  1.4207490920e-02 
1502.000  2.2453036900e-01  1.3920704840e-02 
1503.000  2.0057825200e-01  1.2405192380e-02 
1504.000  2.0990988100e-01  1.3070147510e-02 
1505.000  2.1253137100e-01  1.3449815750e-02 
1506.000  2.1546242700e-01  1.3690595630e-02 
1507.000  2.2827592900e-01  1.4717516900e-02 
1508.000  2.2626836900e-01  1.4722883220e-02 
1509.000  2.2879134700e-01  1.5033165930e-02 
1510.000  2.3289081700e-01  1.5384930610e-02 
1511.000  2.3503675800e-01  1.5640788080e-02 
1512.000  2.3135181400e-01  1.5479154590e-02 
1513.000  2.3126186100e-01  1.5541023250e-02 
1514.000  2.2809588700e-01  1.5369410510e-02 
1515.000  2.3339978400e-01  1.5805867200e-02 
1516.000  2.3149381700e-01  1.5707277300e-02 
1517.000  2.3087268900e-01  1.5721893310e-02 
1518.000  2.3659251700e-01  1.6218919750e-02 
1519.000  2.3481021300e-01  1.6217397690e-02 
1520.000  2.3840805500e-01  1.6640277860e-02 
1521.000  2.3501927300e-01  1.6529125210e-02 
1522.000  2.3365989500e-01  1.6481885910e-02 
1523.000  2.3968467500e-01  1.6981485370e-02 
1524.000  2.3760138100e-01  1.6856729510e-02 
1525.000  2.3186728000e-01  1.6462020870e-02 
1526.000  2.3850081200e-01  1.6953067780e-02 
1527.000  2.3638819000e-01  1.6852058410e-02 
1528.000  2.3848793500e-01  1.7065715790e-02 
1529.000  2.3774165000e-01  1.7022579190e-02 
1530.000  2.2289194000e-01  1.6013328550e-02 
1531.000  2.3853062100e-01  1.7176054000e-02 
1532.000  2.3739373000e-01  1.7137859340e-02 
1533.000  2.3643226600e-01  1.7093091960e-02 
1534.000  2.3295502100e-01  1.6862083440e-02 
1535.000  2.3394196800e-01  1.6954477310e-02 
1536.000  2.3707378900e-01  1.7224697110e-02 
1537.000  2.3801002500e-01  1.7357864380e-02 
1538.000  2.3168508000e-01  1.6964389800e-02 
1539.000  2.3669864200e-01  1.7396945950e-02 
1540.000  2.2815222400e-01  1.6819782260e-02 
1541.000  2.3296360200e-01  1.7201147080e-02 
1542.000  2.3435003400e-01  1.7320753100e-02 
1543.000  2.3371236100e-01  1.7300369260e-02 
1544.000  2.3671429500e-01  1.7556354520e-02 
1545.000  2.3762205200e-01  1.7670709610e-02 
1546.000  2.3784043200e-01  1.7739471440e-02 
1547.000  2.3553078700e-01  1.7615129470e-02 
1548.000  2.2857401100e-01  1.7136169430e-02 
1549.000  2.3443241300e-01  1.7605455400e-02 
1550.000  2.3311512600e-01  1.7532264710e-02 
1551.000  2.3188769600e-01  1.7449558260e-02 
1552.000  2.3584026300e-01  1.7751840590e-02 
1553.000  2.3460726000e-01  1.7671354290e-02 
1554.000  2.2601117400e-01  1.7027864460e-02 
1555.000  2.2978249800e-01  1.7328859330e-02 
1556.000  2.2539556100e-01  1.7031795500e-02 
1557.000  2.3277557900e-01  1.7639484410e-02 
1558.000  2.3093294100e-01  1.7537906650e-02 
1559.000  2.3095114200e-01  1.7574655530e-02 
1560.000  2.2696293000e-01  1.7314144130e-02 
1561.000  2.3225990900e-01  1.7733448030e-02 
1562.000  2.3215208000e-01  1.7714727400e-02 
1563.000  2.2868251500e-01  1.7448444370e-02 
1564.000  2.2402539400e-01  1.7083179470e-02 
1565.000  2.2727768900e-01  1.7315494540e-02 
1566.000  2.2297136200e-01  1.7003725050e-02 
1567.000  2.2261461300e-01  1.6977317810e-02 
1568.000  2.1746175500e-01  1.6571361540e-02 
1569.000  2.1764414100e-01  1.6566884990e-02 
1570.000  2.1159041300e-01  1.6101030350e-02 
1571.000  2.1725985100e-01  1.6557868960e-02 
1572.000  2.1709406900e-01  1.6557586670e-02 
1573.000  2.1379653800e-01  1.6339662550e-02 
1574.000  2.1463904700e-01  1.6446941380e-02 
1575.000  1.9941948200e-01  1.5312102320e-02 
1576.000  2.1424244000e-01  1.6461412430e-02 
1577.000  1.9352749100e-01  1.4863171580e-02 
1578.000  2.1187134600e-01  1.6264589310e-02 
1579.000  2.1319379800e-01  1.6365715030e-02 
1580.000  2.1774150200e-01  1.6726118090e-02 
1581.000  2.1629751600e-01  1.6610626220e-02 
1582.000  2.1214809900e-01  1.6335582730e-02 
1583.000  2.1495200000e-01  1.6592895510e-02 
1584.000  2.1321991700e-01  1.6502302170e-02 
1585.000  2.1966499900e-01  1.7037408830e-02 
1586.000  2.1690612900e-01  1.6843276980e-02 
1587.000  2.1464513300e-01  1.6703901290e-02 
1588.000  2.1149610900e-01  1.6492231370e-02 
1589.000  1.9349718500e-01  1.5103956220e-02 
1590.000  2.0846380000e-01  1.6285942080e-02 
1591.000  2.0379357400e-01  1.5936472890e-02 
1592.000  2.1446512400e-01  1.6774967190e-02 
1593.000  2.1907982500e-01  1.7134716030e-02 
1594.000  2.1720557700e-01  1.6988489150e-02 
1595.000  2.1817885300e-01  1.7067577360e-02 
1596.000  2.0437549600e-01  1.6004520420e-02 
1597.000  2.1196408000e-01  1.6595439910e-02 
1598.000  2.1487889100e-01  1.6812459950e-02 
1599.000  2.0644475100e-01  1.6135042190e-02 
1600.000  2.0889698200e-01  1.6315393450e-02 
1601.000  2.0010295800e-01  1.5644992830e-02 
1602.000  2.0496877000e-01  1.6053813930e-02 
1603.000  2.0374124800e-01  1.6004764560e-02 
1604.000  2.0678464800e-01  1.6296638490e-02 
1605.000  2.0372708300e-01  1.6085803990e-02 
1606.000  2.0308862100e-01  1.6069696430e-02 
1607.000  2.0377591400e-01  1.6106756210e-02 
1608.000  2.0596963000e-01  1.6263368610e-02 
1609.000  2.0517762200e-01  1.6193389890e-02 
1610.000  1.9252124700e-01  1.5190322880e-02 
1611.000  1.9866573900e-01  1.5691617970e-02 
1612.000  2.0113277400e-01  1.5904398920e-02 
1613.000  2.0615026600e-01  1.6318006520e-02 
1614.000  2.0412647000e-01  1.6148555760e-02 
1615.000  2.0789616400e-01  1.6457912450e-02 
1616.000  1.9518111700e-01  1.5456639290e-02 
1617.000  2.0128287500e-01  1.5985302930e-02 
1618.000  2.0755414800e-01  1.6505998610e-02 
1619.000  2.0727303400e-01  1.6530342100e-02 
1620.000  2.0238327400e-01  1.6185026170e-02 
1621.000  1.9965727000e-01  1.6003005980e-02 
1622.000  2.0468213000e-01  1.6414863590e-02 
1623.000  2.0896133900e-01  1.6776632310e-02 
1624.000  2.1048881100e-01  1.6912647250e-02 
1625.000  2.0547535800e-01  1.6544990540e-02 
1626.000  2.0777585800e-01  1.6717634200e-02 
1627.000  2.0753742600e-01  1.6717687610e-02 
1628.000  2.0911448700e-01  1.6851909640e-02 
1629.000  2.0897824400e-01  1.6845655440e-02 
1630.000  2.0311763900e-01  1.6368206020e-02 
1631.000  2.0629404600e-01  1.6634939190e-02 
1632.000  2.0612188100e-01  1.6580871580e-02 
1633.000  2.0340226100e-01  1.6342441560e-02 
1634.000  1.9844247500e-01  1.5917815210e-02 
1635.000  2.0376198600e-01  1.6327404020e-02 
1636.000  2.0299688400e-01  1.6242824550e-02 
1637.000  1.9368914700e-01  1.5476363180e-02 
1638.000  1.9227374300e-01  1.5349619870e-02 
1639.000  1.8999193200e-01  1.5136604310e-02 
1640.000  1.9093787100e-01  1.5193162920e-02 
1641.000  1.8957477000e-01  1.5069362640e-02 
1642.000  1.8933736100e-01  1.5093479160e-02 
1643.000  1.9413562700e-01  1.5511869430e-02 
1644.000  1.9106485400e-01  1.5298578260e-02 
1645.000  1.9136395500e-01  1.5349610330e-02 
1646.000  1.9366336400e-01  1.5570828440e-02 
1647.000  1.9546372900e-01  1.5718436240e-02 
1648.000  1.9458026200e-01  1.5639811520e-02 
1649.000  1.9010986900e-01  1.5280731200e-02 
1650.000  1.9492688600e-01  1.5672410960e-02 
1651.000  1.9057515000e-01  1.5321773530e-02 
1652.000  1.9436414700e-01  1.5618497850e-02 
1653.000  1.9236338100e-01  1.5466951370e-02 
1654.000  1.9452114500e-01  1.5644620900e-02 
1655.000  1.9083666900e-01  1.5361735340e-02 
1656.000  1.9465778500e-01  1.5678558350e-02 
1657.000  1.9324485100e-01  1.5567949300e-02 
1658.000  1.9446380900e-01  1.5679253580e-02 
1659.000  1.9092666600e-01  1.5397250180e-02 
1660.000  1.9313328700e-01  1.5568593030e-02 
1661.000  1.9388833000e-01  1.5619898800e-02 
1662.000  1.9243040400e-01  1.5466498370e-02 
1663.000  1.9115622000e-01  1.5340116500e-02 
1664.000  1.9026521600e-01  1.5243379590e-02 
1665.000  1.8832410800e-01  1.5058005330e-02 
1666.000  1.8755486700e-01  1.5002244000e-02 
1667.000  1.8947009800e-01  1.5202092170e-02 
1668.000  1.8625998100e-01  1.4967049600e-02 
1669.000  1.8678507200e-01  1.5039327620e-02 
1670.000  1.9098475400e-01  1.5411478040e-02 
1671.000  1.8958819400e-01  1.5321793560e-02 
1672.000  1.8060827800e-01  1.4627214430e-02 
1673.000  1.8576739400e-01  1.5062128070e-02 
1674.000  1.8651730200e-01  1.5145763400e-02 
1675.000  1.8478654700e-01  1.5037039760e-02 
1676.000  1.8179831600e-01  1.4801391600e-02 
1677.000  1.8272775300e-01  1.4878664970e-02 
1678.000  1.8374095500e-01  1.4969652180e-02 
1679.000  1.8129962200e-01  1.4768234250e-02 
1680.000  1.7508512700e-01  1.4270253180e-02 
1681.000  1.6901714400e-01  1.3779392240e-02 
1682.000  1.7389842000e-01  1.4175518040e-02 
1683.000  1.7818775600e-01  1.4518209460e-02 
1684.000  1.8148089600e-01  1.4780546190e-02 
1685.000  1.8200054600e-01  1.4801097870e-02 
1686.000  1.7980485800e-01  1.4614810940e-02 
1687.000  1.8050069100e-01  1.4629791260e-02 
1688.000  1.8059371200e-01  1.4602667810e-02 
1689.000  1.7841513300e-01  1.4415946010e-02 
1690.000  1.7827019500e-01  1.4365163800e-02 
1691.000  1.8057656500e-01  1.4553519250e-02 
1692.000  1.8090219400e-01  1.4588369370e-02 
1693.000  1.8026348900e-01  1.4550791740e-02 
1694.000  1.7999426000e-01  1.4537810330e-02 
1695.000  1.8004006800e-01  1.4532944680e-02 
1696.000  1.7898660600e-01  1.4427279470e-02 
1697.000  1.7786102100e-01  1.4302883150e-02 
1698.000  1.7891595500e-01  1.4358928680e-02 
1699.000  1.7776021400e-01  1.4243378640e-02 
1700.000  1.7550949000e-01  1.4041846280e-02 
