 lambda   Irr_dw            Rad_up 
 550.000  1.5273756000e+00  1.0993898010e-01 
 551.000  1.5173119000e+00  1.0913486480e-01 
 552.000  1.5821237000e+00  1.1380466460e-01 
 553.000  1.5196379000e+00  1.0921029660e-01 
 554.000  1.5687919000e+00  1.1273194120e-01 
 555.000  1.5727184000e+00  1.1288811490e-01 
 556.000  1.5289222000e+00  1.0962397000e-01 
 557.000  1.4831638000e+00  1.0634010310e-01 
 558.000  1.5391006000e+00  1.1022993470e-01 
 559.000  1.4544273000e+00  1.0410085300e-01 
 560.000  1.4604879000e+00  1.0452524570e-01 
 561.000  1.6047823000e+00  1.1472222140e-01 
 562.000  1.4727750000e+00  1.0524979400e-01 
 563.000  1.5405413000e+00  1.0997408290e-01 
 564.000  1.5185628000e+00  1.0823750310e-01 
 565.000  1.5363714000e+00  1.0948140720e-01 
 566.000  1.4162569000e+00  1.0081726840e-01 
 567.000  1.5189068000e+00  1.0789745330e-01 
 568.000  1.5146391000e+00  1.0705643460e-01 
 569.000  1.4835712000e+00  1.0371272280e-01 
 570.000  1.4912129000e+00  1.0434384920e-01 
 571.000  1.4386207000e+00  1.0135466770e-01 
 572.000  1.5199405000e+00  1.0634181980e-01 
 573.000  1.5359836000e+00  1.0763401790e-01 
 574.000  1.5274342000e+00  1.0701599880e-01 
 575.000  1.4899150000e+00  1.0426062010e-01 
 576.000  1.4627428000e+00  1.0228270720e-01 
 577.000  1.5234319000e+00  1.0662319950e-01 
 578.000  1.4790242000e+00  1.0380170440e-01 
 579.000  1.4676926000e+00  1.0305620570e-01 
 580.000  1.5182087000e+00  1.0676845550e-01 
 581.000  1.4907570000e+00  1.0497989650e-01 
 582.000  1.5129996000e+00  1.0647663120e-01 
 583.000  1.5234164000e+00  1.0724696350e-01 
 584.000  1.5184473000e+00  1.0676038360e-01 
 585.000  1.5083213000e+00  1.0593635560e-01 
 586.000  1.4433898000e+00  1.0134708400e-01 
 587.000  1.4996654000e+00  1.0477325440e-01 
 588.000  1.4838886000e+00  1.0220338440e-01 
 589.000  1.3152391000e+00  8.8767982480e-02 
 590.000  1.3732211000e+00  9.2568367000e-02 
 591.000  1.4591276000e+00  9.9576255800e-02 
 592.000  1.4311090000e+00  9.6867279050e-02 
 593.000  1.4461345000e+00  9.9278572080e-02 
 594.000  1.4593004000e+00  9.9828018190e-02 
 595.000  1.4313601000e+00  9.6836318970e-02 
 596.000  1.4667760000e+00  1.0071260070e-01 
 597.000  1.4711665000e+00  1.0056613160e-01 
 598.000  1.4410244000e+00  9.9126213070e-02 
 599.000  1.4413877000e+00  9.9388191220e-02 
 600.000  1.4416904000e+00  9.9984458920e-02 
 601.000  1.4335704000e+00  9.9857933040e-02 
 602.000  1.4178917000e+00  9.8841835020e-02 
 603.000  1.4264458000e+00  9.9595924380e-02 
 604.000  1.4716290000e+00  1.0291827390e-01 
 605.000  1.4678546000e+00  1.0258178710e-01 
 606.000  1.4508397000e+00  1.0145514680e-01 
 607.000  1.4426694000e+00  1.0083528900e-01 
 608.000  1.4373619000e+00  1.0038981630e-01 
 609.000  1.4225986000e+00  9.9357765200e-02 
 610.000  1.3998007000e+00  9.7695907590e-02 
 611.000  1.4225140000e+00  9.9266815190e-02 
 612.000  1.4039790000e+00  9.7965538020e-02 
 613.000  1.3834509000e+00  9.6473304750e-02 
 614.000  1.3330157000e+00  9.2964561460e-02 
 615.000  1.3973857000e+00  9.7361541750e-02 
 616.000  1.3286329000e+00  9.2587074280e-02 
 617.000  1.3361267000e+00  9.3094238280e-02 
 618.000  1.3991516000e+00  9.7371871950e-02 
 619.000  1.3863307000e+00  9.6516510010e-02 
 620.000  1.4067971000e+00  9.7825195310e-02 
 621.000  1.4309811000e+00  9.9480186460e-02 
 622.000  1.3554961000e+00  9.4161231990e-02 
 623.000  1.3660465000e+00  9.4738563540e-02 
 624.000  1.3675088000e+00  9.4877449040e-02 
 625.000  1.3304639000e+00  9.2284149170e-02 
 626.000  1.3372012000e+00  9.2552558900e-02 
 627.000  1.3595856000e+00  9.3562110900e-02 
 628.000  1.3414002000e+00  9.1327171330e-02 
 629.000  1.3750724000e+00  9.3895996090e-02 
 630.000  1.3294481000e+00  9.1236396790e-02 
 631.000  1.3782256000e+00  9.4663475040e-02 
 632.000  1.2837683200e+00  8.7806716920e-02 
 633.000  1.3780251000e+00  9.4696380620e-02 
 634.000  1.3366428000e+00  9.2014457700e-02 
 635.000  1.3610890000e+00  9.3700401310e-02 
 636.000  1.3131377400e+00  9.0484092710e-02 
 637.000  1.3564725000e+00  9.3530548100e-02 
 638.000  1.3775794000e+00  9.5180976870e-02 
 639.000  1.3662013000e+00  9.4279914860e-02 
 640.000  1.3233407000e+00  9.1550781250e-02 
 641.000  1.3424589000e+00  9.2830879210e-02 
 642.000  1.3263489200e+00  9.1763755800e-02 
 643.000  1.3495670000e+00  9.3176391600e-02 
 644.000  1.3340973000e+00  9.2011405940e-02 
 645.000  1.3457545100e+00  9.2601692200e-02 
 646.000  1.2944743000e+00  8.7985946660e-02 
 647.000  1.3120322000e+00  8.8433174130e-02 
 648.000  1.3097031300e+00  8.7629417420e-02 
 649.000  1.3357029300e+00  8.9848716740e-02 
 650.000  1.2377824800e+00  8.4401824950e-02 
 651.000  1.3333401600e+00  9.0903602600e-02 
 652.000  1.3076260200e+00  8.8084342960e-02 
 653.000  1.3340249000e+00  9.1082504270e-02 
 654.000  1.3165683500e+00  8.9640464780e-02 
 655.000  1.2818634200e+00  8.6816146850e-02 
 656.000  1.0883063600e+00  7.3805778500e-02 
 657.000  1.1615627100e+00  7.8987648010e-02 
 658.000  1.2938518200e+00  8.8463439940e-02 
 659.000  1.2969823000e+00  8.8883987430e-02 
 660.000  1.3071708200e+00  8.9698425290e-02 
 661.000  1.3129409100e+00  9.0455009460e-02 
 662.000  1.3318494000e+00  9.1893386840e-02 
 663.000  1.3170624100e+00  9.0784027100e-02 
 664.000  1.2961505300e+00  8.9374427800e-02 
 665.000  1.3018029800e+00  8.9776489260e-02 
 666.000  1.3175001100e+00  9.0980636600e-02 
 667.000  1.2913623000e+00  8.9127555850e-02 
 668.000  1.2987152600e+00  8.9752204900e-02 
 669.000  1.3172580900e+00  9.1085594180e-02 
 670.000  1.3018197300e+00  8.9912719730e-02 
 671.000  1.2877551100e+00  8.8974044800e-02 
 672.000  1.2836897400e+00  8.8673133850e-02 
 673.000  1.2928679800e+00  8.9276199340e-02 
 674.000  1.2953819400e+00  8.9456100460e-02 
 675.000  1.2756229600e+00  8.8045310970e-02 
 676.000  1.2997143100e+00  8.9713539120e-02 
 677.000  1.2738688000e+00  8.7941406250e-02 
 678.000  1.2949643700e+00  8.9363563540e-02 
 679.000  1.2766880800e+00  8.8037971500e-02 
 680.000  1.2668977500e+00  8.7328994750e-02 
 681.000  1.2682651700e+00  8.7349723820e-02 
 682.000  1.2656426900e+00  8.7084098820e-02 
 683.000  1.2739552800e+00  8.7565361020e-02 
 684.000  1.2509613200e+00  8.5938163760e-02 
 685.000  1.2650857300e+00  8.6899703980e-02 
 686.000  1.2094539400e+00  8.2787551880e-02 
 687.000  1.1189417700e+00  7.3600242610e-02 
 688.000  1.1485915200e+00  7.6467971800e-02 
 689.000  1.1431878800e+00  7.5878799440e-02 
 690.000  1.1636305800e+00  7.7727432250e-02 
 691.000  1.1871471900e+00  7.9789543150e-02 
 692.000  1.1901608300e+00  8.0020843510e-02 
 693.000  1.1892363800e+00  7.8573394780e-02 
 694.000  1.1913919000e+00  7.7602516170e-02 
 695.000  1.1785252800e+00  7.7284095760e-02 
 696.000  1.1968643600e+00  7.8831260680e-02 
 697.000  1.2194954600e+00  8.2365867610e-02 
 698.000  1.1925455600e+00  8.0040618900e-02 
 699.000  1.1960791800e+00  7.8535736080e-02 
 700.000  1.1850166200e+00  7.8050346370e-02 
 701.000  1.1543993300e+00  7.5619911190e-02 
 702.000  1.1515612500e+00  7.5696235660e-02 
 703.000  1.1828100400e+00  7.9128753660e-02 
 704.000  1.1867634000e+00  7.9469741820e-02 
 705.000  1.1895153900e+00  7.9038345340e-02 
 706.000  1.1780284000e+00  7.8389205930e-02 
 707.000  1.1624092500e+00  7.7562751770e-02 
 708.000  1.1985225500e+00  8.0210708620e-02 
 709.000  1.1606428300e+00  7.8128509520e-02 
 710.000  1.1819687700e+00  7.8992919920e-02 
 711.000  1.1753450300e+00  7.9050354000e-02 
 712.000  1.1633517500e+00  7.8716117860e-02 
 713.000  1.1547323300e+00  7.7738243100e-02 
 714.000  1.1730270000e+00  7.8776474000e-02 
 715.000  1.1260521600e+00  7.5003807070e-02 
 716.000  1.1493485000e+00  7.5903030400e-02 
 717.000  1.0775341100e+00  6.7896949770e-02 
 718.000  1.0452676700e+00  6.3905780790e-02 
 719.000  1.0236507500e+00  6.1821269990e-02 
 720.000  1.0168797500e+00  6.0477245330e-02 
 721.000  1.0775147800e+00  6.8698486330e-02 
 722.000  1.1148022400e+00  7.2691474910e-02 
 723.000  1.0996823300e+00  7.0725364690e-02 
 724.000  1.0699653700e+00  6.6191535950e-02 
 725.000  1.0634933000e+00  6.6161231990e-02 
 726.000  1.0597210200e+00  6.5812644960e-02 
 727.000  1.0804113400e+00  6.7426216130e-02 
 728.000  1.0561836700e+00  6.5558372500e-02 
 729.000  1.0272014100e+00  6.4688980100e-02 
 730.000  1.0626154700e+00  6.6761054990e-02 
 731.000  1.0421209800e+00  6.5344017030e-02 
 732.000  1.0844052000e+00  6.9641220090e-02 
 733.000  1.0889327900e+00  7.1651306150e-02 
 734.000  1.1217217600e+00  7.4636802670e-02 
 735.000  1.1089454000e+00  7.3456573490e-02 
 736.000  1.0816242000e+00  7.1126716610e-02 
 737.000  1.1007354700e+00  7.2755645750e-02 
 738.000  1.1044153900e+00  7.3575263980e-02 
 739.000  1.0714223800e+00  7.1654075620e-02 
 740.000  1.0877272500e+00  7.3307991030e-02 
 741.000  1.0825791400e+00  7.3362823490e-02 
 742.000  1.0661750400e+00  7.2409370420e-02 
 743.000  1.1007220200e+00  7.5107315060e-02 
 744.000  1.1125306600e+00  7.6090896610e-02 
 745.000  1.0846584400e+00  7.4327972410e-02 
 746.000  1.1005642900e+00  7.5479621890e-02 
 747.000  1.1171602700e+00  7.6597297670e-02 
 748.000  1.0978404200e+00  7.5306518550e-02 
 749.000  1.0983409900e+00  7.5369735720e-02 
 750.000  1.0818913700e+00  7.4165420530e-02 
 751.000  1.0791276500e+00  7.3976020810e-02 
 752.000  1.0961412700e+00  7.5208641050e-02 
 753.000  1.0859481800e+00  7.4527503970e-02 
 754.000  1.1030664200e+00  7.5711967470e-02 
 755.000  1.0967623800e+00  7.5280929570e-02 
 756.000  1.0753211600e+00  7.3810913090e-02 
 757.000  1.0832572400e+00  7.4354713440e-02 
 758.000  1.0810179500e+00  7.4157882690e-02 
 759.000  9.9939952000e-01  6.7065071110e-02 
 760.000  5.1115074000e-01  2.7919364930e-02 
 761.000  4.6179855000e-01  2.4506507870e-02 
 762.000  7.3684584000e-01  4.5045989990e-02 
 763.000  6.6875254000e-01  3.9322196960e-02 
 764.000  7.1476086000e-01  4.2837883000e-02 
 765.000  8.1598594000e-01  5.1126647950e-02 
 766.000  8.8227531000e-01  5.7782001500e-02 
 767.000  9.4552518000e-01  6.3082981110e-02 
 768.000  1.0159884800e+00  6.8641136170e-02 
 769.000  1.0333648100e+00  7.0419792180e-02 
 770.000  1.0382922200e+00  7.1048194890e-02 
 771.000  1.0437988000e+00  7.1594909670e-02 
 772.000  1.0408809600e+00  7.1438537600e-02 
 773.000  1.0369835400e+00  7.1191452030e-02 
 774.000  1.0484117700e+00  7.1995925900e-02 
 775.000  1.0091826300e+00  6.9317825320e-02 
 776.000  1.0508544500e+00  7.2225173950e-02 
 777.000  1.0435749700e+00  7.1717727660e-02 
 778.000  1.0379660600e+00  7.1304290770e-02 
 779.000  1.0413290800e+00  7.1499153140e-02 
 780.000  1.0284312800e+00  7.0635910030e-02 
 781.000  1.0268473700e+00  7.0533897400e-02 
 782.000  1.0392089400e+00  7.1321876530e-02 
 783.000  1.0149156800e+00  6.9719734190e-02 
 784.000  1.0204663000e+00  7.0054801940e-02 
 785.000  1.0223413200e+00  6.9988731380e-02 
 786.000  1.0034634300e+00  6.8515754700e-02 
 787.000  1.0153783800e+00  6.8813270570e-02 
 788.000  9.9861417000e-01  6.7469032290e-02 
 789.000  9.9880330000e-01  6.6703704830e-02 
 790.000  9.8822039000e-01  6.5899467470e-02 
 791.000  9.8420198000e-01  6.5789985660e-02 
 792.000  9.6956799000e-01  6.4903854370e-02 
 793.000  9.7084028000e-01  6.5289825440e-02 
 794.000  9.6560527000e-01  6.5624328610e-02 
 795.000  9.5747616000e-01  6.4583969120e-02 
 796.000  9.6590955000e-01  6.4218513490e-02 
 797.000  9.7424675000e-01  6.5081306460e-02 
 798.000  9.7975764000e-01  6.6094757080e-02 
 799.000  9.7782319000e-01  6.5779678340e-02 
 800.000  9.4873423000e-01  6.3354717250e-02 
 801.000  9.6688360000e-01  6.4626586910e-02 
 802.000  9.6456591000e-01  6.4399497990e-02 
 803.000  9.5133982000e-01  6.3604305270e-02 
 804.000  9.6162533000e-01  6.4558776860e-02 
 805.000  9.3848149000e-01  6.3450279240e-02 
 806.000  9.6583518000e-01  6.5533515930e-02 
 807.000  9.5994819000e-01  6.5179809570e-02 
 808.000  9.5317936000e-01  6.4543579100e-02 
 809.000  9.3562452000e-01  6.3165443420e-02 
 810.000  9.2987287000e-01  6.2563739780e-02 
 811.000  9.4148373000e-01  6.2967556000e-02 
 812.000  9.3378292000e-01  6.1963829040e-02 
 813.000  9.2405390000e-01  6.0683059690e-02 
 814.000  9.1508550000e-01  5.9409343720e-02 
 815.000  8.9548726000e-01  5.7298236850e-02 
 816.000  8.7463735000e-01  5.4950775150e-02 
 817.000  8.8066586000e-01  5.5368412020e-02 
 818.000  8.7636703000e-01  5.5120597840e-02 
 819.000  8.5689384000e-01  5.4279361720e-02 
 820.000  8.5434421000e-01  5.5223720550e-02 
 821.000  8.9920822000e-01  5.9454242710e-02 
 822.000  8.6161385000e-01  5.5907131200e-02 
 823.000  8.3788929000e-01  5.1842491150e-02 
 824.000  8.8084635000e-01  5.6751850130e-02 
 825.000  8.9838490000e-01  5.9573669430e-02 
 826.000  9.0074616000e-01  5.9410614010e-02 
 827.000  8.9542585000e-01  5.8829845430e-02 
 828.000  8.8123061000e-01  5.6858928680e-02 
 829.000  8.8523675000e-01  5.7454860690e-02 
 830.000  8.7603540000e-01  5.7272144320e-02 
 831.000  8.6172919000e-01  5.6425907140e-02 
 832.000  8.7978895000e-01  5.7635631560e-02 
 833.000  8.5506308000e-01  5.6325119020e-02 
 834.000  8.7075088000e-01  5.7657234190e-02 
 835.000  8.7802196000e-01  5.8635318760e-02 
 836.000  8.8644559000e-01  5.9114482880e-02 
 837.000  8.7889101000e-01  5.8563034060e-02 
 838.000  8.8464143000e-01  5.9258190160e-02 
 839.000  8.5848581000e-01  5.7658943180e-02 
 840.000  8.8197519000e-01  5.9257499690e-02 
 841.000  8.8279800000e-01  5.9106571200e-02 
 842.000  8.7854820000e-01  5.8976348880e-02 
 843.000  8.7546708000e-01  5.9273212430e-02 
 844.000  8.6220999000e-01  5.8584495540e-02 
 845.000  8.7585244000e-01  5.9607864380e-02 
 846.000  8.8421548000e-01  6.0326164250e-02 
 847.000  8.5431898000e-01  5.8444438930e-02 
 848.000  8.7849501000e-01  5.9883361820e-02 
 849.000  8.8022191000e-01  6.0090373990e-02 
 850.000  7.6062772000e-01  5.1789680480e-02 
 851.000  8.7087478000e-01  5.9155982970e-02 
 852.000  8.3789148000e-01  5.6975170140e-02 
 853.000  8.4835312000e-01  5.7799671170e-02 
 854.000  6.8199696000e-01  4.6489288330e-02 
 855.000  7.5105192000e-01  5.1312343600e-02 
 856.000  8.5284616000e-01  5.8384140010e-02 
 857.000  8.6668588000e-01  5.9480167390e-02 
 858.000  8.5290095000e-01  5.8555770870e-02 
 859.000  8.5297220000e-01  5.8643497470e-02 
 860.000  8.4544058000e-01  5.8210800170e-02 
 861.000  8.4533559000e-01  5.8197429660e-02 
 862.000  8.4257365000e-01  5.7979270940e-02 
 863.000  8.5868232000e-01  5.9167129520e-02 
 864.000  8.5696771000e-01  5.8956367490e-02 
 865.000  8.4101064000e-01  5.7965003970e-02 
 866.000  7.0543586000e-01  4.8658702850e-02 
 867.000  7.5120644000e-01  5.1671474460e-02 
 868.000  8.1471923000e-01  5.6109313960e-02 
 869.000  8.0328739000e-01  5.5322067260e-02 
 870.000  8.3641823000e-01  5.7690773010e-02 
 871.000  8.3523819000e-01  5.7571331020e-02 
 872.000  8.3187405000e-01  5.7190383910e-02 
 873.000  8.3520691000e-01  5.7515392300e-02 
 874.000  8.1689235000e-01  5.6201713560e-02 
 875.000  8.0938208000e-01  5.5797702790e-02 
 876.000  8.1609521000e-01  5.6202495570e-02 
 877.000  8.3235265000e-01  5.7222110750e-02 
 878.000  8.1801218000e-01  5.6273540500e-02 
 879.000  8.1991086000e-01  5.6451835630e-02 
 880.000  8.1511837000e-01  5.5976558690e-02 
 881.000  7.7273516000e-01  5.3091449740e-02 
 882.000  8.1538147000e-01  5.5876300810e-02 
 883.000  7.9679207000e-01  5.4751274110e-02 
 884.000  8.0356790000e-01  5.5379665370e-02 
 885.000  8.1176088000e-01  5.5573600770e-02 
 886.000  7.8508105000e-01  5.3715446470e-02 
 887.000  7.7708490000e-01  5.3210624690e-02 
 888.000  8.0034164000e-01  5.4673816680e-02 
 889.000  8.0577050000e-01  5.5265888210e-02 
 890.000  8.0314041000e-01  5.4985549930e-02 
 891.000  7.9837977000e-01  5.4431949620e-02 
 892.000  7.9411287000e-01  5.3832679750e-02 
 893.000  7.5829661000e-01  5.0388927460e-02 
 894.000  7.8043054000e-01  5.1460109710e-02 
 895.000  7.3075698000e-01  4.7133098600e-02 
 896.000  7.4485554000e-01  4.6895286560e-02 
 897.000  7.1239154000e-01  4.3944190980e-02 
 898.000  7.0637891000e-01  4.3047386170e-02 
 899.000  6.8508094000e-01  4.0457859040e-02 
 900.000  6.7092275000e-01  3.9720497130e-02 
 901.000  6.5139124000e-01  3.8281181340e-02 
 902.000  6.4024018000e-01  3.7698394780e-02 
 903.000  7.0544144000e-01  4.3658199310e-02 
 904.000  7.3949290000e-01  4.7103141780e-02 
 905.000  7.3672400000e-01  4.7086318970e-02 
 906.000  7.0452560000e-01  4.4221576690e-02 
 907.000  6.9351879000e-01  4.2063770290e-02 
 908.000  6.6178111000e-01  3.9193820950e-02 
 909.000  6.4933560000e-01  3.8476314540e-02 
 910.000  6.5922953000e-01  3.9191993710e-02 
 911.000  6.6725449000e-01  4.0389411930e-02 
 912.000  6.6392138000e-01  3.9739955900e-02 
 913.000  6.5823692000e-01  3.8214698790e-02 
 914.000  6.6438065000e-01  3.9149028780e-02 
 915.000  6.6156760000e-01  3.9614925380e-02 
 916.000  6.7097785000e-01  4.0269535060e-02 
 917.000  6.6475258000e-01  4.0158004760e-02 
 918.000  6.6688708000e-01  4.0646526340e-02 
 919.000  6.9465244000e-01  4.3839248660e-02 
 920.000  7.0209930000e-01  4.5071407320e-02 
 921.000  6.8365326000e-01  4.3678813930e-02 
 922.000  6.7725262000e-01  4.3329910280e-02 
 923.000  6.4519752000e-01  4.0786922450e-02 
 924.000  6.6329882000e-01  4.1546089170e-02 
 925.000  6.7136957000e-01  4.1938610080e-02 
 926.000  6.4728860000e-01  4.0281234740e-02 
 927.000  6.6060493000e-01  4.0559135440e-02 
 928.000  6.4782823000e-01  3.8576171880e-02 
 929.000  6.1455099000e-01  3.5040473940e-02 
 930.000  5.8171079000e-01  3.1333143230e-02 
 931.000  5.4566279000e-01  2.7470335010e-02 
 932.000  4.9301809000e-01  2.2533706670e-02 
 933.000  4.5735859000e-01  1.9503284450e-02 
 934.000  4.1425561000e-01  1.6423633580e-02 
 935.000  4.0406624000e-01  1.5872124670e-02 
 936.000  4.1669987000e-01  1.6831037520e-02 
 937.000  4.2182834000e-01  1.6937246320e-02 
 938.000  4.5986871000e-01  2.0033044820e-02 
 939.000  5.6936666000e-01  3.0071498870e-02 
 940.000  5.8124996000e-01  3.1474206920e-02 
 941.000  5.5534295000e-01  2.9480384830e-02 
 942.000  5.0385945000e-01  2.5279600140e-02 
 943.000  4.7610838000e-01  2.1569381710e-02 
 944.000  4.5930423000e-01  2.0644508360e-02 
 945.000  4.8348549000e-01  2.2520683290e-02 
 946.000  4.9103584000e-01  2.2936191560e-02 
 947.000  5.0526763000e-01  2.4421085360e-02 
 948.000  5.1836797000e-01  2.5556365970e-02 
 949.000  5.1855424000e-01  2.5523590090e-02 
 950.000  5.1764794000e-01  2.5613847730e-02 
 951.000  5.3666606000e-01  2.7710073470e-02 
 952.000  5.1273831000e-01  2.5341821670e-02 
 953.000  5.2780175000e-01  2.6958417890e-02 
 954.000  5.3995419000e-01  2.8526863100e-02 
 955.000  4.9101826000e-01  2.5301296230e-02 
 956.000  5.2038861000e-01  2.6704191210e-02 
 957.000  5.6336263000e-01  3.1295341490e-02 
 958.000  5.7310147000e-01  3.2172439580e-02 
 959.000  5.6802535000e-01  3.1552022930e-02 
 960.000  5.6049393000e-01  3.1053543090e-02 
 961.000  5.5086398000e-01  3.0357433320e-02 
 962.000  5.5676688000e-01  3.0874710080e-02 
 963.000  5.7865806000e-01  3.3373443600e-02 
 964.000  5.7522036000e-01  3.3377811430e-02 
 965.000  5.7999209000e-01  3.3555812840e-02 
 966.000  5.6437675000e-01  3.2743885040e-02 
 967.000  5.9731468000e-01  3.5639694210e-02 
 968.000  6.1704740000e-01  3.8488079070e-02 
 969.000  6.3258519000e-01  4.0220703120e-02 
 970.000  6.3490641000e-01  4.0422271730e-02 
 971.000  6.2898705000e-01  4.0032497410e-02 
 972.000  6.3016044000e-01  3.9892986300e-02 
 973.000  6.1653137000e-01  3.8554862980e-02 
 974.000  5.9777994000e-01  3.6822822570e-02 
 975.000  5.9472917000e-01  3.6271179200e-02 
 976.000  6.0939588000e-01  3.7625392910e-02 
 977.000  6.0585034000e-01  3.8144821170e-02 
 978.000  6.1979675000e-01  3.8976039890e-02 
 979.000  6.0478386000e-01  3.8236835480e-02 
 980.000  6.2548286000e-01  4.0342494960e-02 
 981.000  6.3244511000e-01  4.0984157560e-02 
 982.000  6.2833936000e-01  4.0548320770e-02 
 983.000  6.3282830000e-01  4.1275402070e-02 
 984.000  6.3493543000e-01  4.1884189610e-02 
 985.000  6.3822276000e-01  4.2383987430e-02 
 986.000  6.3762663000e-01  4.2724239350e-02 
 987.000  6.4694653000e-01  4.3523727420e-02 
 988.000  6.3933966000e-01  4.3053569790e-02 
 989.000  6.3148916000e-01  4.2550731660e-02 
 990.000  6.3733876000e-01  4.2986747740e-02 
 991.000  6.4423468000e-01  4.3606185910e-02 
 992.000  6.3873709000e-01  4.3277709960e-02 
 993.000  6.3886462000e-01  4.3302639010e-02 
 994.000  6.4356664000e-01  4.3757076260e-02 
 995.000  6.3984505000e-01  4.3606445310e-02 
 996.000  6.3970751000e-01  4.3595325470e-02 
 997.000  6.3973876000e-01  4.3531429290e-02 
 998.000  6.3663659000e-01  4.3252323150e-02 
 999.000  6.3478008000e-01  4.3099006650e-02 
1000.000  6.2993439000e-01  4.2790145870e-02 
1001.000  6.3195912000e-01  4.2783092500e-02 
1002.000  6.2864798000e-01  4.2334522250e-02 
1003.000  6.2184937000e-01  4.1930458070e-02 
1004.000  6.1795246000e-01  4.1796871190e-02 
1005.000  5.7790036000e-01  3.9144008640e-02 
1006.000  6.0825874000e-01  4.1222450260e-02 
1007.000  6.1891005000e-01  4.1902668000e-02 
1008.000  6.1967961000e-01  4.1776073460e-02 
1009.000  6.1343965000e-01  4.1126125340e-02 
1010.000  6.1681464000e-01  4.1457279210e-02 
1011.000  6.1609193000e-01  4.1660034180e-02 
1012.000  6.1724522000e-01  4.1836685180e-02 
1013.000  6.1353966000e-01  4.1664344790e-02 
1014.000  6.1776627000e-01  4.2013153080e-02 
1015.000  6.0641171000e-01  4.1277996060e-02 
1016.000  6.1062342000e-01  4.1631595610e-02 
1017.000  6.0472068000e-01  4.1273952480e-02 
1018.000  6.1225975000e-01  4.1779857640e-02 
1019.000  5.9750732000e-01  4.0712436680e-02 
1020.000  5.9651103000e-01  4.0651111600e-02 
1021.000  6.0298721000e-01  4.1106807710e-02 
1022.000  5.9303042000e-01  4.0270149230e-02 
1023.000  6.0364773000e-01  4.0851123810e-02 
1024.000  6.0012573000e-01  4.0511047360e-02 
1025.000  6.0125614000e-01  4.0698902130e-02 
1026.000  6.0252345000e-01  4.0849567410e-02 
1027.000  5.9864152000e-01  4.0596385960e-02 
1028.000  6.0024253000e-01  4.0772533420e-02 
1029.000  5.9162161000e-01  4.0297550200e-02 
1030.000  5.9807137000e-01  4.0849540710e-02 
1031.000  5.9643182000e-01  4.0819778440e-02 
1032.000  5.9452172000e-01  4.0748344420e-02 
1033.000  5.8361138000e-01  3.9995948790e-02 
1034.000  5.8931356000e-01  4.0393630980e-02 
1035.000  5.8161752000e-01  3.9844078060e-02 
1036.000  5.9123193000e-01  4.0508438110e-02 
1037.000  5.7878283000e-01  3.9648319240e-02 
1038.000  5.8450713000e-01  4.0031829830e-02 
1039.000  5.8689297000e-01  4.0174606320e-02 
1040.000  5.7994519000e-01  3.9681800840e-02 
1041.000  5.8296746000e-01  3.9868892670e-02 
1042.000  5.8469553000e-01  3.9971736910e-02 
1043.000  5.7460153000e-01  3.9268722530e-02 
1044.000  5.8031596000e-01  3.9641914370e-02 
1045.000  5.7777929000e-01  3.9494308470e-02 
1046.000  5.6097315000e-01  3.8381103520e-02 
1047.000  5.7126603000e-01  3.9120681760e-02 
1048.000  5.7693250000e-01  3.9548892970e-02 
1049.000  5.7322862000e-01  3.9339321140e-02 
1050.000  5.7082288000e-01  3.9205688480e-02 
1051.000  5.6980358000e-01  3.9104267120e-02 
1052.000  5.6713633000e-01  3.8889869690e-02 
1053.000  5.6570270000e-01  3.8769203190e-02 
1054.000  5.6149326000e-01  3.8436237340e-02 
1055.000  5.6558558000e-01  3.8680667880e-02 
1056.000  5.6406052000e-01  3.8542518620e-02 
1057.000  5.6300623000e-01  3.8421218870e-02 
1058.000  5.5696711000e-01  3.7926128390e-02 
1059.000  5.3946279000e-01  3.6761112210e-02 
1060.000  5.5897797000e-01  3.8165508270e-02 
1061.000  5.3937039000e-01  3.6835151670e-02 
1062.000  5.5424230000e-01  3.7810661320e-02 
1063.000  5.4485760000e-01  3.7153434750e-02 
1064.000  5.5158423000e-01  3.7536529540e-02 
1065.000  5.5075800000e-01  3.7383037570e-02 
1066.000  5.3388819000e-01  3.6214588170e-02 
1067.000  5.4648832000e-01  3.7014072420e-02 
1068.000  5.4375926000e-01  3.6674690250e-02 
1069.000  5.0253754000e-01  3.3815570830e-02 
1070.000  5.3241826000e-01  3.5861305240e-02 
1071.000  5.3290382000e-01  3.5840198520e-02 
1072.000  5.3429275000e-01  3.5882778170e-02 
1073.000  5.1663758000e-01  3.4705677030e-02 
1074.000  5.3480135000e-01  3.5960193630e-02 
1075.000  5.1877430000e-01  3.5006359100e-02 
1076.000  5.2980579000e-01  3.5690013890e-02 
1077.000  5.2812152000e-01  3.5495082860e-02 
1078.000  5.2889028000e-01  3.5451351170e-02 
1079.000  5.0844264000e-01  3.4075141910e-02 
1080.000  5.2187176000e-01  3.4719860080e-02 
1081.000  5.0257733000e-01  3.3421131130e-02 
1082.000  5.0970528000e-01  3.3975101470e-02 
1083.000  4.9509951000e-01  3.2839591980e-02 
1084.000  5.1298863000e-01  3.3851089480e-02 
1085.000  5.0380034000e-01  3.2892787930e-02 
1086.000  5.1097920000e-01  3.3406776430e-02 
1087.000  4.8226611000e-01  3.1854232790e-02 
1088.000  5.1158122000e-01  3.3847469330e-02 
1089.000  4.8882191000e-01  3.1957489010e-02 
1090.000  4.9880094000e-01  3.2567691800e-02 
1091.000  5.0270051000e-01  3.2939701080e-02 
1092.000  4.8937355000e-01  3.1896625520e-02 
1093.000  4.7953652000e-01  3.0847869870e-02 
1094.000  4.3479224300e-01  2.7778139110e-02 
1095.000  4.7090427100e-01  3.0084783550e-02 
1096.000  4.7223117000e-01  3.0180624010e-02 
1097.000  4.6218651700e-01  2.9403696060e-02 
1098.000  4.4491772400e-01  2.7323244090e-02 
1099.000  4.3464650500e-01  2.5851015090e-02 
1100.000  4.4293154400e-01  2.6399049760e-02 
1101.000  4.4358786200e-01  2.6550474170e-02 
1102.000  4.2445975500e-01  2.5344408040e-02 
1103.000  4.4238227100e-01  2.6483495710e-02 
1104.000  4.3719306300e-01  2.6029098510e-02 
1105.000  4.3146081600e-01  2.5342597960e-02 
1106.000  4.2265928100e-01  2.4503471370e-02 
1107.000  4.2349401200e-01  2.4615036010e-02 
1108.000  4.2316246300e-01  2.4628448490e-02 
1109.000  4.2964384600e-01  2.5250160220e-02 
1110.000  4.3140543400e-01  2.5267152790e-02 
1111.000  4.2345424500e-01  2.4621370320e-02 
1112.000  4.0713620300e-01  2.2994192120e-02 
1113.000  3.8849317600e-01  2.1007856370e-02 
1114.000  3.8830506600e-01  2.0666006090e-02 
1115.000  3.6277911000e-01  1.8152982710e-02 
1116.000  3.4466087100e-01  1.6579719540e-02 
1117.000  3.1574765600e-01  1.3919704440e-02 
1118.000  2.8186071600e-01  1.1407768250e-02 
1119.000  2.5804792200e-01  9.9167194370e-03 
1120.000  2.3791057500e-01  8.5601930620e-03 
1121.000  2.3483389100e-01  8.3115758900e-03 
1122.000  2.1109214700e-01  6.9234299660e-03 
1123.000  2.2493080200e-01  7.6691803930e-03 
1124.000  2.3387608100e-01  8.1701383590e-03 
1125.000  2.2472576400e-01  7.7446541790e-03 
1126.000  2.1868124600e-01  7.4996013640e-03 
1127.000  2.2784463900e-01  7.8742756840e-03 
1128.000  2.2705826400e-01  7.9601812360e-03 
1129.000  2.4984664600e-01  9.3555498120e-03 
1130.000  2.9857707400e-01  1.2708148000e-02 
1131.000  3.1548646500e-01  1.3907799720e-02 
1132.000  2.9755605000e-01  1.2486546520e-02 
1133.000  2.5539411300e-01  9.7921295170e-03 
1134.000  1.8682027900e-01  5.7699580190e-03 
1135.000  1.9446490000e-01  6.1385965350e-03 
1136.000  2.6154418000e-01  1.0204370500e-02 
1137.000  2.9974777700e-01  1.2810759540e-02 
1138.000  3.2019182200e-01  1.4934718130e-02 
1139.000  3.3619167600e-01  1.6173496250e-02 
1140.000  3.3118856400e-01  1.5678435330e-02 
1141.000  3.0966762200e-01  1.4219041820e-02 
1142.000  3.1381082600e-01  1.4238812450e-02 
1143.000  2.9493724900e-01  1.2900872230e-02 
1144.000  2.7768806400e-01  1.1660922050e-02 
1145.000  2.5685761400e-01  1.0133236890e-02 
1146.000  2.6485915000e-01  1.0610445020e-02 
1147.000  2.8393409400e-01  1.1938813210e-02 
1148.000  2.9652230400e-01  1.2997108460e-02 
1149.000  3.0343453900e-01  1.3532343860e-02 
1150.000  3.0218289000e-01  1.3532185550e-02 
1151.000  3.1002301600e-01  1.4271106720e-02 
1152.000  3.1365097400e-01  1.4633009910e-02 
1153.000  3.1932134000e-01  1.5183182720e-02 
1154.000  3.1957239100e-01  1.5156505580e-02 
1155.000  3.3236651700e-01  1.6347736360e-02 
1156.000  3.4078430100e-01  1.7419332500e-02 
1157.000  3.7011046000e-01  2.0310405730e-02 
1158.000  3.8044388000e-01  2.1478975300e-02 
1159.000  3.8364345900e-01  2.2193248750e-02 
1160.000  3.8222337200e-01  2.2346057890e-02 
1161.000  3.8273450200e-01  2.2906166080e-02 
1162.000  4.0301041300e-01  2.4565916060e-02 
1163.000  4.1255057700e-01  2.5674047470e-02 
1164.000  4.0599190100e-01  2.5377166750e-02 
1165.000  4.1432852000e-01  2.5982782360e-02 
1166.000  4.0513450900e-01  2.5538908000e-02 
1167.000  4.1266368100e-01  2.6099031450e-02 
1168.000  4.1587263700e-01  2.6283708570e-02 
1169.000  4.0255633000e-01  2.5524923320e-02 
1170.000  4.1438805400e-01  2.6349874500e-02 
1171.000  4.1904998700e-01  2.6822717670e-02 
1172.000  4.1611118700e-01  2.6541336060e-02 
1173.000  4.1161695400e-01  2.6167602540e-02 
1174.000  4.1191979700e-01  2.6197494510e-02 
1175.000  4.1136129100e-01  2.6424249650e-02 
1176.000  4.0524570000e-01  2.6271696090e-02 
1177.000  4.1591330300e-01  2.6850807190e-02 
1178.000  4.0515899300e-01  2.5931684490e-02 
1179.000  4.0335037600e-01  2.5820682530e-02 
1180.000  4.0765952000e-01  2.6017669680e-02 
1181.000  4.0206039000e-01  2.5452568050e-02 
1182.000  3.9906531500e-01  2.5056324010e-02 
1183.000  3.7630250000e-01  2.3649291990e-02 
1184.000  3.9524474000e-01  2.4955446240e-02 
1185.000  4.0537245200e-01  2.5888713840e-02 
1186.000  4.0151991700e-01  2.5554338460e-02 
1187.000  3.9667037400e-01  2.4952281950e-02 
1188.000  3.9348928200e-01  2.4677335740e-02 
1189.000  3.7338364900e-01  2.3573543550e-02 
1190.000  3.9945791400e-01  2.5664957050e-02 
1191.000  4.0799893100e-01  2.6338062290e-02 
1192.000  4.0906445400e-01  2.6596546170e-02 
1193.000  4.0851001700e-01  2.6494245530e-02 
1194.000  4.0723371800e-01  2.6384098050e-02 
1195.000  3.9944867200e-01  2.5691322330e-02 
1196.000  3.9963901300e-01  2.5739471440e-02 
1197.000  3.9796673200e-01  2.5544769290e-02 
1198.000  3.8426127200e-01  2.4652103420e-02 
1199.000  3.6814799900e-01  2.3516147610e-02 
1200.000  3.9246371700e-01  2.5141639710e-02 
1201.000  3.9571762000e-01  2.5387159350e-02 
1202.000  3.9662580000e-01  2.5501924510e-02 
1203.000  3.7621925500e-01  2.4158735280e-02 
1204.000  3.8306446000e-01  2.4663566590e-02 
1205.000  3.9722669700e-01  2.5911714550e-02 
1206.000  3.9727078200e-01  2.6067934040e-02 
1207.000  4.0094511700e-01  2.6372615810e-02 
1208.000  3.9438693000e-01  2.5889696120e-02 
1209.000  3.6862018500e-01  2.4120306020e-02 
1210.000  3.9242746500e-01  2.5538068770e-02 
1211.000  3.7903381400e-01  2.4652669910e-02 
1212.000  3.9145762500e-01  2.5505676270e-02 
1213.000  3.9504654300e-01  2.5883195880e-02 
1214.000  3.9298646900e-01  2.5741012570e-02 
1215.000  3.9506278700e-01  2.5940647130e-02 
1216.000  3.9682444000e-01  2.6288385390e-02 
1217.000  3.9842853900e-01  2.6595151900e-02 
1218.000  3.9800445900e-01  2.6665258410e-02 
1219.000  3.9477647900e-01  2.6509620670e-02 
1220.000  3.9750978700e-01  2.6691143040e-02 
1221.000  3.9703610900e-01  2.6672441480e-02 
1222.000  3.9502254600e-01  2.6538011550e-02 
1223.000  3.9335881000e-01  2.6461475370e-02 
1224.000  3.9787961200e-01  2.6897142410e-02 
1225.000  3.9600543300e-01  2.6810920720e-02 
1226.000  3.9780491700e-01  2.6986673360e-02 
1227.000  3.8498757900e-01  2.6193649290e-02 
1228.000  3.9783443500e-01  2.7163505550e-02 
1229.000  3.9798064000e-01  2.7245792390e-02 
1230.000  3.9728283400e-01  2.7280448910e-02 
1231.000  3.9765229200e-01  2.7356027600e-02 
1232.000  3.9330448800e-01  2.7081668850e-02 
1233.000  3.9648296600e-01  2.7319272990e-02 
1234.000  3.9614764900e-01  2.7399137500e-02 
1235.000  3.9370580100e-01  2.7267982480e-02 
1236.000  3.9619942200e-01  2.7466421130e-02 
1237.000  3.9644940400e-01  2.7520410540e-02 
1238.000  3.9629312100e-01  2.7526567460e-02 
1239.000  3.9182300600e-01  2.7227472310e-02 
1240.000  3.9004991400e-01  2.7140098570e-02 
1241.000  3.9345697800e-01  2.7406501770e-02 
1242.000  3.9106657900e-01  2.7266353610e-02 
1243.000  3.8661867200e-01  2.6983354570e-02 
1244.000  3.8298507700e-01  2.6745813370e-02 
1245.000  3.8945619500e-01  2.7212568280e-02 
1246.000  3.8630275900e-01  2.6961555480e-02 
1247.000  3.8422371600e-01  2.6784557340e-02 
1248.000  3.8703287300e-01  2.6948596950e-02 
1249.000  3.8553081600e-01  2.6822475430e-02 
1250.000  3.8385585000e-01  2.6675893780e-02 
1251.000  3.8103169000e-01  2.6458223340e-02 
1252.000  3.7959786800e-01  2.6328037260e-02 
1253.000  3.7615069400e-01  2.6055583950e-02 
1254.000  3.7651223500e-01  2.6015558240e-02 
1255.000  3.7543200300e-01  2.5899715420e-02 
1256.000  3.7423998200e-01  2.5786382680e-02 
1257.000  3.6939971500e-01  2.5385087970e-02 
1258.000  3.6948440400e-01  2.5271436690e-02 
1259.000  3.6426055100e-01  2.4815843580e-02 
1260.000  3.6339957400e-01  2.4648233410e-02 
1261.000  3.6118891400e-01  2.4388608930e-02 
1262.000  3.5017611400e-01  2.3489765170e-02 
1263.000  3.5315357400e-01  2.3668542860e-02 
1264.000  3.4682132100e-01  2.3241941450e-02 
1265.000  3.4714502700e-01  2.3272783280e-02 
1266.000  3.4800639800e-01  2.3294294360e-02 
1267.000  3.3994239200e-01  2.2719730380e-02 
1268.000  3.3486416000e-01  2.2345058440e-02 
1269.000  3.3721624400e-01  2.2487602230e-02 
1270.000  3.4538331400e-01  2.3153671260e-02 
1271.000  3.4929656600e-01  2.3465520860e-02 
1272.000  3.4987935900e-01  2.3563369750e-02 
1273.000  3.5103667900e-01  2.3716308590e-02 
1274.000  3.5073323000e-01  2.3782197950e-02 
1275.000  3.5366852700e-01  2.4006956100e-02 
1276.000  3.5475037900e-01  2.4080968860e-02 
1277.000  3.5479157300e-01  2.4062944410e-02 
1278.000  3.5410404800e-01  2.3985975270e-02 
1279.000  3.5208206300e-01  2.3857885360e-02 
1280.000  3.5098259900e-01  2.3872140880e-02 
1281.000  3.4191307200e-01  2.3338741300e-02 
1282.000  3.0438483100e-01  2.0852216720e-02 
1283.000  3.3457193200e-01  2.2964963910e-02 
1284.000  3.4844207100e-01  2.3937677380e-02 
1285.000  3.5127878400e-01  2.4148452760e-02 
1286.000  3.5073817900e-01  2.4063472750e-02 
1287.000  3.5201047000e-01  2.4070255280e-02 
1288.000  3.4653542000e-01  2.3433221820e-02 
1289.000  3.4758817000e-01  2.3421688080e-02 
1290.000  3.3947827400e-01  2.2854949950e-02 
1291.000  3.4470566500e-01  2.3207641600e-02 
1292.000  3.4757233300e-01  2.3460308070e-02 
1293.000  3.4801136200e-01  2.3460769650e-02 
1294.000  3.4107951600e-01  2.2845636370e-02 
1295.000  3.4242994100e-01  2.2737442020e-02 
1296.000  3.4024567100e-01  2.2412363050e-02 
1297.000  3.3615620400e-01  2.2014644620e-02 
1298.000  3.3297158800e-01  2.1792657850e-02 
1299.000  3.3619361700e-01  2.1988718030e-02 
1300.000  3.3450514000e-01  2.1863296510e-02 
1301.000  3.3352573400e-01  2.1758657460e-02 
1302.000  3.2785581200e-01  2.1270578380e-02 
1303.000  3.2189405700e-01  2.0599580760e-02 
1304.000  3.2052678800e-01  2.0380079270e-02 
1305.000  3.2177930300e-01  2.0396261220e-02 
1306.000  3.2156088400e-01  2.0313800810e-02 
1307.000  3.1955204800e-01  2.0121625900e-02 
1308.000  3.1658728900e-01  1.9767967220e-02 
1309.000  3.1266124400e-01  1.9301036830e-02 
1310.000  3.1094198200e-01  1.9177709580e-02 
1311.000  3.1008815600e-01  1.9123792650e-02 
1312.000  3.0466870200e-01  1.8541193010e-02 
1313.000  2.8858365400e-01  1.7285768510e-02 
1314.000  2.9310460500e-01  1.7304277420e-02 
1315.000  2.8533529500e-01  1.6955043790e-02 
1316.000  2.9530247700e-01  1.7717660900e-02 
1317.000  2.9830540100e-01  1.7889137270e-02 
1318.000  2.8892661300e-01  1.7030023570e-02 
1319.000  2.8529420000e-01  1.6422470090e-02 
1320.000  2.7459810300e-01  1.5361842160e-02 
1321.000  2.7007256100e-01  1.4928891180e-02 
1322.000  2.7513398800e-01  1.5481495860e-02 
1323.000  2.8201221800e-01  1.6154417040e-02 
1324.000  2.8526859100e-01  1.6495723720e-02 
1325.000  2.8289180400e-01  1.6245670320e-02 
1326.000  2.7582415400e-01  1.5552703860e-02 
1327.000  2.6131688200e-01  1.4096410750e-02 
1328.000  2.4821499800e-01  1.2681962010e-02 
1329.000  2.1416933800e-01  9.8883666990e-03 
1330.000  2.0813496400e-01  9.2488527300e-03 
1331.000  2.0265395100e-01  8.7844858170e-03 
1332.000  2.0045831900e-01  8.7481708530e-03 
1333.000  2.1146356300e-01  9.4271907810e-03 
1334.000  2.1987599000e-01  1.0080771450e-02 
1335.000  2.2581621000e-01  1.0566051480e-02 
1336.000  2.2570838600e-01  1.0635826110e-02 
1337.000  2.2826340800e-01  1.0783930780e-02 
1338.000  2.3201259300e-01  1.1127361300e-02 
1339.000  2.3252630400e-01  1.1203890800e-02 
1340.000  2.3414467600e-01  1.1428663250e-02 
1341.000  2.3810262800e-01  1.1495972630e-02 
1342.000  2.3800601500e-01  1.1503901480e-02 
1343.000  2.2898556200e-01  1.0484635350e-02 
1344.000  2.1514395600e-01  9.2614164350e-03 
1345.000  1.7801854100e-01  6.5849294660e-03 
1346.000  1.5185719700e-01  4.9176516530e-03 
1347.000  1.3469621000e-01  4.0026836400e-03 
1348.000  1.1167128100e-01  2.7912106510e-03 
1349.000  1.0156974700e-01  2.3656151290e-03 
1350.000  7.9119455900e-02  1.4622939830e-03 
1351.000  6.8304684200e-02  1.1298973560e-03 
1352.000  5.2245302000e-02  6.7086023090e-04 
1353.000  3.7031173300e-02  3.6833664770e-04 
1354.000  2.9609881200e-02  2.4631489810e-04 
1355.000  2.2989600500e-02  1.5805515650e-04 
1356.000  1.7384917200e-02  9.6272133290e-05 
1357.000  1.1883074770e-02  4.8551347110e-05 
1358.000  8.7943008300e-03  2.9660185800e-05 
1359.000  4.6371897900e-03  1.0071283210e-05 
1360.000  3.0667192400e-03  5.2950098180e-06 
1361.000  2.2822901500e-03  3.1516910530e-06 
1362.000  2.1000785500e-03  2.7728786230e-06 
1363.000  3.0298718100e-03  4.8430748280e-06 
1364.000  3.5132260700e-03  6.0676215220e-06 
1365.000  3.6785380500e-03  6.4045730980e-06 
1366.000  4.2480985300e-03  8.0040115860e-06 
1367.000  3.5684709500e-03  6.2722647560e-06 
1368.000  3.1641443500e-03  5.4235248830e-06 
1369.000  3.2446885400e-03  5.7085962030e-06 
1370.000  5.3662024900e-03  1.3261751270e-05 
1371.000  9.5567395900e-03  3.3265728500e-05 
1372.000  1.7696152000e-02  9.2059187590e-05 
1373.000  2.5103433800e-02  1.6261792180e-04 
1374.000  3.0483395500e-02  2.2515706720e-04 
1375.000  3.2500632100e-02  2.5299844150e-04 
1376.000  3.0145694200e-02  2.2455358510e-04 
1377.000  2.6837184800e-02  1.8361094590e-04 
1378.000  2.0455539800e-02  1.1714481560e-04 
1379.000  1.4046694450e-02  6.3264921310e-05 
1380.000  7.9668927200e-03  2.5261957200e-05 
1381.000  4.6085463100e-03  1.0532801040e-05 
1382.000  3.2226940600e-03  5.9450543490e-06 
1383.000  3.1180831900e-03  5.5578947070e-06 
1384.000  5.0718353300e-03  1.2013914060e-05 
1385.000  7.2001142700e-03  2.1096836780e-05 
1386.000  1.0997422030e-02  4.1689019650e-05 
1387.000  2.0206222700e-02  1.1498888580e-04 
1388.000  2.6781493800e-02  1.8086034060e-04 
1389.000  3.0763818100e-02  2.3082607980e-04 
1390.000  3.1403131300e-02  2.4156866970e-04 
1391.000  2.9315219000e-02  2.1520334480e-04 
1392.000  2.2163594200e-02  1.3623408970e-04 
1393.000  1.6942337500e-02  8.8900260630e-05 
1394.000  1.2979772590e-02  5.8061148970e-05 
1395.000  1.4631299500e-02  7.0519700650e-05 
1396.000  2.0077356000e-02  1.1690796170e-04 
1397.000  2.5909671700e-02  1.7839369180e-04 
1398.000  2.6682464900e-02  1.8681757150e-04 
1399.000  2.4913527400e-02  1.6964478790e-04 
1400.000  2.3296270500e-02  1.5437282620e-04 
1401.000  2.4765118800e-02  1.7377960680e-04 
1402.000  3.0701999600e-02  2.4355760220e-04 
1403.000  3.5348311300e-02  3.1717512010e-04 
1404.000  3.3248266600e-02  2.8614151480e-04 
1405.000  3.4826789800e-02  3.1739315390e-04 
1406.000  3.2294252000e-02  2.7843731640e-04 
1407.000  3.3492326100e-02  3.0503532290e-04 
1408.000  4.0142823100e-02  4.1098481420e-04 
1409.000  4.7056385300e-02  5.4680371280e-04 
1410.000  5.7713948400e-02  7.7174425130e-04 
1411.000  6.8647999000e-02  1.0656076670e-03 
1412.000  6.6321856100e-02  1.0304245950e-03 
1413.000  7.3146485200e-02  1.2366546390e-03 
1414.000  7.2117571900e-02  1.1895166640e-03 
1415.000  7.9724449000e-02  1.4539814000e-03 
1416.000  8.5657805600e-02  1.6505573990e-03 
1417.000  8.7863053500e-02  1.7441113000e-03 
1418.000  8.8646017200e-02  1.7653805020e-03 
1419.000  8.8461308200e-02  1.7969603540e-03 
1420.000  9.0562130600e-02  1.8710263970e-03 
1421.000  1.0185437920e-01  2.3026785850e-03 
1422.000  1.0427700990e-01  2.4381854530e-03 
1423.000  1.0543971620e-01  2.5160510540e-03 
1424.000  1.0508145860e-01  2.4954118730e-03 
1425.000  1.0388878610e-01  2.4219605920e-03 
1426.000  1.0016322610e-01  2.3401601310e-03 
1427.000  1.0609248130e-01  2.5668668750e-03 
1428.000  1.1205398090e-01  2.7783968450e-03 
1429.000  1.1365490330e-01  2.9076995850e-03 
1430.000  1.1089122290e-01  2.8401923180e-03 
1431.000  1.0330943390e-01  2.5315785410e-03 
1432.000  1.0101550560e-01  2.4064075950e-03 
1433.000  1.0073086380e-01  2.3932034970e-03 
1434.000  9.6079609000e-02  2.2307636740e-03 
1435.000  1.0314946500e-01  2.5049834250e-03 
1436.000  1.0571786530e-01  2.6152555940e-03 
1437.000  1.0740288120e-01  2.6824650760e-03 
1438.000  1.1386465250e-01  2.9739253520e-03 
1439.000  1.1596595040e-01  3.0411515240e-03 
1440.000  1.1119296010e-01  2.9560098650e-03 
1441.000  1.1809909360e-01  3.1630053520e-03 
1442.000  1.1328437500e-01  2.9913277630e-03 
1443.000  1.1532046720e-01  3.0523028370e-03 
1444.000  1.1792012610e-01  3.1601915360e-03 
1445.000  1.1815615640e-01  3.1785240170e-03 
1446.000  1.2367194450e-01  3.4121625420e-03 
1447.000  1.2705153900e-01  3.5854802130e-03 
1448.000  1.2849946800e-01  3.6422202590e-03 
1449.000  1.2597683720e-01  3.5209341050e-03 
1450.000  1.2046487180e-01  3.2915120120e-03 
1451.000  1.2181346430e-01  3.3705716130e-03 
1452.000  1.2714387020e-01  3.6774296760e-03 
1453.000  1.4167505400e-01  4.3611917500e-03 
1454.000  1.5416302000e-01  5.0482811930e-03 
1455.000  1.6013524600e-01  5.4435091020e-03 
1456.000  1.6723719300e-01  5.8970694540e-03 
1457.000  1.6992683800e-01  6.0250191690e-03 
1458.000  1.7325015100e-01  6.1912302970e-03 
1459.000  1.6838348800e-01  5.8743047710e-03 
1460.000  1.6070842000e-01  5.4904961590e-03 
1461.000  1.5762593600e-01  5.3267860410e-03 
1462.000  1.4913936500e-01  4.8790812490e-03 
1463.000  1.4815058200e-01  4.8551907540e-03 
1464.000  1.4623714700e-01  4.7501707080e-03 
1465.000  1.4299319200e-01  4.5343465810e-03 
1466.000  1.3326671300e-01  4.0983161930e-03 
1467.000  1.3230061600e-01  3.9793844220e-03 
1468.000  1.2416003150e-01  3.6420793530e-03 
1469.000  1.1778077910e-01  3.3074104790e-03 
1470.000  1.1437011860e-01  3.1637034420e-03 
1471.000  1.2136876060e-01  3.5542380810e-03 
1472.000  1.3364613500e-01  4.1798667910e-03 
1473.000  1.5019016200e-01  5.0851097110e-03 
1474.000  1.5742410200e-01  5.6470742230e-03 
1475.000  1.6022306800e-01  5.7628383640e-03 
1476.000  1.6048368900e-01  5.7869572640e-03 
1477.000  1.5704405000e-01  5.5864934920e-03 
1478.000  1.5090296200e-01  5.2977843280e-03 
1479.000  1.4791049500e-01  5.0875892640e-03 
1480.000  1.5099108800e-01  5.2903075220e-03 
1481.000  1.5381322200e-01  5.5371704100e-03 
1482.000  1.6076076400e-01  5.9661860470e-03 
1483.000  1.5898191300e-01  5.9582629200e-03 
1484.000  1.6001258800e-01  6.0243768690e-03 
1485.000  1.6231304400e-01  6.1038885120e-03 
1486.000  1.6368497000e-01  6.3237466810e-03 
1487.000  1.7370300600e-01  7.0559334750e-03 
1488.000  1.5222554700e-01  6.2292404170e-03 
1489.000  1.8680504000e-01  8.1519088750e-03 
1490.000  1.9763402300e-01  9.1003961560e-03 
1491.000  2.0469373200e-01  9.7099962230e-03 
1492.000  2.0098195000e-01  9.6060104370e-03 
1493.000  2.0840899600e-01  1.0152288440e-02 
1494.000  2.0810575800e-01  1.0186522480e-02 
1495.000  2.0982747200e-01  1.0461362840e-02 
1496.000  2.0946296100e-01  1.0723226550e-02 
1497.000  2.1457004200e-01  1.1026925090e-02 
1498.000  2.2164740800e-01  1.1652681350e-02 
1499.000  2.2263466000e-01  1.1954151150e-02 
1500.000  2.2949930900e-01  1.2521068570e-02 
1501.000  2.2819362600e-01  1.2413544650e-02 
1502.000  2.2451305300e-01  1.2148358350e-02 
1503.000  2.0056303400e-01  1.0813279150e-02 
1504.000  2.0989349700e-01  1.1388558390e-02 
1505.000  2.1251448100e-01  1.1726515770e-02 
1506.000  2.1544533700e-01  1.1934185980e-02 
1507.000  2.2825720000e-01  1.2835484500e-02 
1508.000  2.2624971500e-01  1.2841113090e-02 
1509.000  2.2877218000e-01  1.3113718990e-02 
1510.000  2.3287099900e-01  1.3418145180e-02 
1511.000  2.3501647100e-01  1.3643406870e-02 
1512.000  2.3133175600e-01  1.3502177240e-02 
1513.000  2.3124183500e-01  1.3555899620e-02 
1514.000  2.2807618100e-01  1.3403965000e-02 
1515.000  2.3337931500e-01  1.3779702190e-02 
1516.000  2.3147329900e-01  1.3682291980e-02 
1517.000  2.3085198700e-01  1.3684447290e-02 
1518.000  2.3657093700e-01  1.4108985900e-02 
1519.000  2.3478838900e-01  1.4099788670e-02 
1520.000  2.3838533500e-01  1.4467514040e-02 
1521.000  2.3499668200e-01  1.4379837990e-02 
1522.000  2.3363744200e-01  1.4343348500e-02 
1523.000  2.3966173500e-01  1.4784461980e-02 
1524.000  2.3757854400e-01  1.4678643230e-02 
1525.000  2.3184513800e-01  1.4335026740e-02 
1526.000  2.3847795800e-01  1.4755244260e-02 
1527.000  2.3636522400e-01  1.4661867140e-02 
1528.000  2.3846439800e-01  1.4843012810e-02 
1529.000  2.3771813300e-01  1.4797315600e-02 
1530.000  2.2286970500e-01  1.3914940830e-02 
1531.000  2.3850663900e-01  1.4914144520e-02 
1532.000  2.3736962900e-01  1.4870240210e-02 
1533.000  2.3640812700e-01  1.4819196700e-02 
1534.000  2.3293094600e-01  1.4606562610e-02 
1535.000  2.3391772000e-01  1.4674021720e-02 
1536.000  2.3704911400e-01  1.4908713340e-02 
1537.000  2.3798505400e-01  1.5026114460e-02 
1538.000  2.3166059000e-01  1.4687973980e-02 
1539.000  2.3667370800e-01  1.5064888950e-02 
1540.000  2.2812797600e-01  1.4566465380e-02 
1541.000  2.3293882100e-01  1.4891651150e-02 
1542.000  2.3432494100e-01  1.4988713260e-02 
1543.000  2.3368712400e-01  1.4965174670e-02 
1544.000  2.3668851100e-01  1.5180929180e-02 
1545.000  2.3759588200e-01  1.5275149350e-02 
1546.000  2.3781409600e-01  1.5332680700e-02 
1547.000  2.3550460800e-01  1.5223582270e-02 
1548.000  2.2854836200e-01  1.4808065410e-02 
1549.000  2.3440609200e-01  1.5210972790e-02 
1550.000  2.3308888800e-01  1.5144836430e-02 
1551.000  2.3186158100e-01  1.5067758560e-02 
1552.000  2.3581362200e-01  1.5320883750e-02 
1553.000  2.3458063100e-01  1.5244103430e-02 
1554.000  2.2598546400e-01  1.4681273460e-02 
1555.000  2.2975618800e-01  1.4933937070e-02 
1556.000  2.2536961100e-01  1.4677953720e-02 
1557.000  2.3274875600e-01  1.5206769940e-02 
1558.000  2.3090638200e-01  1.5123482700e-02 
1559.000  2.3092466700e-01  1.5159257890e-02 
1560.000  2.2693692700e-01  1.4939116480e-02 
1561.000  2.3223339900e-01  1.5299518590e-02 
1562.000  2.3212561900e-01  1.5275278090e-02 
1563.000  2.2865672700e-01  1.5038777350e-02 
1564.000  2.2399994200e-01  1.4716495510e-02 
1565.000  2.2725202400e-01  1.4908997540e-02 
1566.000  2.2294610300e-01  1.4637601850e-02 
1567.000  2.2258968800e-01  1.4615473750e-02 
1568.000  2.1743785000e-01  1.4265834810e-02 
1569.000  2.1762059400e-01  1.4261713980e-02 
1570.000  2.1156778100e-01  1.3860947610e-02 
1571.000  2.1723657000e-01  1.4256341930e-02 
1572.000  2.1707094100e-01  1.4256714820e-02 
1573.000  2.1377371000e-01  1.4070460320e-02 
1574.000  2.1461599700e-01  1.4164732930e-02 
1575.000  1.9939795800e-01  1.3188630100e-02 
1576.000  2.1421930100e-01  1.4176328660e-02 
1577.000  1.9350651700e-01  1.2790954590e-02 
1578.000  2.1184823200e-01  1.3987103460e-02 
1579.000  2.1317039800e-01  1.4064402580e-02 
1580.000  2.1771739500e-01  1.4364851000e-02 
1581.000  2.1627347500e-01  1.4256423950e-02 
1582.000  2.1212428700e-01  1.4019512180e-02 
1583.000  2.1492760500e-01  1.4239637370e-02 
1584.000  2.1319542400e-01  1.4161232950e-02 
1585.000  2.1963968000e-01  1.4619318960e-02 
1586.000  2.1688104000e-01  1.4451046940e-02 
1587.000  2.1461997700e-01  1.4331114770e-02 
1588.000  2.1147139900e-01  1.4149335860e-02 
1589.000  1.9347458500e-01  1.2956306460e-02 
1590.000  2.0843964800e-01  1.3968637470e-02 
1591.000  2.0376976500e-01  1.3669274330e-02 
1592.000  2.1444009900e-01  1.4388010980e-02 
1593.000  2.1905445400e-01  1.4695922850e-02 
1594.000  2.1718044100e-01  1.4569999690e-02 
1595.000  2.1815397600e-01  1.4637892720e-02 
1596.000  2.0435213600e-01  1.3726641650e-02 
1597.000  2.1193998800e-01  1.4233042720e-02 
1598.000  2.1485483800e-01  1.4418760300e-02 
1599.000  2.0642191200e-01  1.3837229730e-02 
1600.000  2.0887417100e-01  1.3991535190e-02 
1601.000  2.0008112600e-01  1.3416987420e-02 
1602.000  2.0494651700e-01  1.3773391720e-02 
1603.000  2.0371905900e-01  1.3737594600e-02 
1604.000  2.0676247800e-01  1.4031693460e-02 
1605.000  2.0370486200e-01  1.3818959240e-02 
1606.000  2.0306638100e-01  1.3808541300e-02 
1607.000  2.0375369600e-01  1.3833127980e-02 
1608.000  2.0594718500e-01  1.3961148260e-02 
1609.000  2.0515518400e-01  1.3894077300e-02 
1610.000  1.9250017200e-01  1.3026963230e-02 
1611.000  1.9864380700e-01  1.3451556210e-02 
1612.000  2.0111034000e-01  1.3629501340e-02 
1613.000  2.0612704500e-01  1.3977962490e-02 
1614.000  2.0410344600e-01  1.3826117520e-02 
1615.000  2.0787251000e-01  1.4085263250e-02 
1616.000  1.9515877800e-01  1.3222854610e-02 
1617.000  2.0125962900e-01  1.3679285050e-02 
1618.000  2.0753021000e-01  1.4127977370e-02 
1619.000  2.0724919400e-01  1.4153003690e-02 
1620.000  2.0235963200e-01  1.3861855510e-02 
1621.000  1.9963390200e-01  1.3709997180e-02 
1622.000  2.0465818800e-01  1.4062982560e-02 
1623.000  2.0893679700e-01  1.4373070720e-02 
1624.000  2.1046412000e-01  1.4490029340e-02 
1625.000  2.0545104700e-01  1.4176732060e-02 
1626.000  2.0775144900e-01  1.4323282240e-02 
1627.000  2.0751300600e-01  1.4325182910e-02 
1628.000  2.0908998500e-01  1.4441246990e-02 
1629.000  2.0895393300e-01  1.4436770440e-02 
1630.000  2.0309415700e-01  1.4027864460e-02 
1631.000  2.0627022500e-01  1.4257961270e-02 
1632.000  2.0609823900e-01  1.4202741620e-02 
1633.000  2.0337896100e-01  1.3991452220e-02 
1634.000  1.9841968500e-01  1.3621109960e-02 
1635.000  2.0373869000e-01  1.3964473720e-02 
1636.000  2.0297387100e-01  1.3885263440e-02 
1637.000  1.9366728700e-01  1.3223883630e-02 
1638.000  1.9225197400e-01  1.3109830860e-02 
1639.000  1.8997045800e-01  1.2921069150e-02 
1640.000  1.9091631600e-01  1.2963583950e-02 
1641.000  1.8955340400e-01  1.2853214260e-02 
1642.000  1.8931617500e-01  1.2883995060e-02 
1643.000  1.9411400500e-01  1.3251168250e-02 
1644.000  1.9104362400e-01  1.3078175540e-02 
1645.000  1.9134286200e-01  1.3130887030e-02 
1646.000  1.9364210900e-01  1.3328304290e-02 
1647.000  1.9544235600e-01  1.3452811240e-02 
1648.000  1.9455885500e-01  1.3382863040e-02 
1649.000  1.9008915900e-01  1.3073640820e-02 
1650.000  1.9490557400e-01  1.3406970020e-02 
1651.000  1.9055443800e-01  1.3105957980e-02 
1652.000  1.9434294600e-01  1.3358529090e-02 
1653.000  1.9234248700e-01  1.3228984830e-02 
1654.000  1.9450008600e-01  1.3380756380e-02 
1655.000  1.9081584900e-01  1.3139040950e-02 
1656.000  1.9463627000e-01  1.3409906390e-02 
1657.000  1.9322373300e-01  1.3314815520e-02 
1658.000  1.9444272000e-01  1.3410129550e-02 
1659.000  1.9090584000e-01  1.3168238640e-02 
1660.000  1.9311223800e-01  1.3313570980e-02 
1661.000  1.9386767500e-01  1.3354411130e-02 
1662.000  1.9240964500e-01  1.3213369370e-02 
1663.000  1.9113561700e-01  1.3096364970e-02 
1664.000  1.9024489700e-01  1.3004722600e-02 
1665.000  1.8830357900e-01  1.2837104800e-02 
1666.000  1.8753449500e-01  1.2787369730e-02 
1667.000  1.8944938600e-01  1.2965741160e-02 
1668.000  1.8623965000e-01  1.2771870610e-02 
1669.000  1.8676477700e-01  1.2840499880e-02 
1670.000  1.9096406900e-01  1.3165690420e-02 
1671.000  1.8956785400e-01  1.3096910480e-02 
1672.000  1.8058884300e-01  1.2512894630e-02 
1673.000  1.8574730400e-01  1.2893839840e-02 
1674.000  1.8649741500e-01  1.2974500660e-02 
1675.000  1.8476720100e-01  1.2891193390e-02 
1676.000  1.8177914900e-01  1.2692608830e-02 
1677.000  1.8270825200e-01  1.2758146290e-02 
1678.000  1.8372165000e-01  1.2835979460e-02 
1679.000  1.8128025000e-01  1.2662167550e-02 
1680.000  1.7506629600e-01  1.2234989170e-02 
1681.000  1.6899926400e-01  1.1814176560e-02 
1682.000  1.7387988500e-01  1.2153648380e-02 
1683.000  1.7816896600e-01  1.2446997640e-02 
1684.000  1.8146177300e-01  1.2671134950e-02 
1685.000  1.8198150600e-01  1.2687286380e-02 
1686.000  1.7978599100e-01  1.2525520320e-02 
1687.000  1.8048208800e-01  1.2533638950e-02 
1688.000  1.8057512200e-01  1.2505790710e-02 
1689.000  1.7839677900e-01  1.2343139650e-02 
1690.000  1.7825198000e-01  1.2295304300e-02 
1691.000  1.8055809600e-01  1.2457600590e-02 
1692.000  1.8088382200e-01  1.2490097050e-02 
1693.000  1.8024545800e-01  1.2460624690e-02 
1694.000  1.7997626700e-01  1.2452214240e-02 
1695.000  1.8002196500e-01  1.2449326520e-02 
1696.000  1.7896871000e-01  1.2352555270e-02 
1697.000  1.7784334900e-01  1.2237953190e-02 
1698.000  1.7889823400e-01  1.2278175350e-02 
1699.000  1.7774246600e-01  1.2172135350e-02 
1700.000  1.7549193300e-01  1.1993056300e-02 
