 lambda   Irr_dw            Rad_up 
 550.000  1.5251932000e+00  1.0134389500e-01 
 551.000  1.5151555000e+00  1.0059216310e-01 
 552.000  1.5798877000e+00  1.0489871980e-01 
 553.000  1.5175014000e+00  1.0065276340e-01 
 554.000  1.5665993000e+00  1.0389857480e-01 
 555.000  1.5705310000e+00  1.0402619930e-01 
 556.000  1.5268062000e+00  1.0100455470e-01 
 557.000  1.4811233000e+00  9.7978553770e-02 
 558.000  1.5369942000e+00  1.0154920960e-01 
 559.000  1.4524483000e+00  9.5894073490e-02 
 560.000  1.4585119000e+00  9.6286056520e-02 
 561.000  1.6026231000e+00  1.0566259770e-01 
 562.000  1.4708064000e+00  9.6938278200e-02 
 563.000  1.5384931000e+00  1.0127465820e-01 
 564.000  1.5165555000e+00  9.9657142640e-02 
 565.000  1.5343545000e+00  1.0080378720e-01 
 566.000  1.4144091000e+00  9.2812622070e-02 
 567.000  1.5169413000e+00  9.9314445500e-02 
 568.000  1.5127169000e+00  9.8516677860e-02 
 569.000  1.4817410000e+00  9.5380416870e-02 
 570.000  1.4893777000e+00  9.5958595280e-02 
 571.000  1.4368317000e+00  9.3234085080e-02 
 572.000  1.5180916000e+00  9.7788742070e-02 
 573.000  1.5341188000e+00  9.8980117800e-02 
 574.000  1.5255883000e+00  9.8403190610e-02 
 575.000  1.4881267000e+00  9.5856880190e-02 
 576.000  1.4609980000e+00  9.4029815670e-02 
 577.000  1.5216157000e+00  9.8014694210e-02 
 578.000  1.4772572000e+00  9.5432563780e-02 
 579.000  1.4659356000e+00  9.4736648560e-02 
 580.000  1.5163939000e+00  9.8160446170e-02 
 581.000  1.4889688000e+00  9.6515830990e-02 
 582.000  1.5111840000e+00  9.7874191280e-02 
 583.000  1.5215948000e+00  9.8587905880e-02 
 584.000  1.5166368000e+00  9.8122665410e-02 
 585.000  1.5065309000e+00  9.7352897640e-02 
 586.000  1.4416835000e+00  9.3133026120e-02 
 587.000  1.4979146000e+00  9.6248390200e-02 
 588.000  1.4822184000e+00  9.3824562070e-02 
 589.000  1.3138164000e+00  8.1412513730e-02 
 590.000  1.3717479000e+00  8.4895408630e-02 
 591.000  1.4575299000e+00  9.1364013670e-02 
 592.000  1.4295713000e+00  8.8833801270e-02 
 593.000  1.4445427000e+00  9.1092613220e-02 
 594.000  1.4577123000e+00  9.1579307560e-02 
 595.000  1.4298398000e+00  8.8784301760e-02 
 596.000  1.4651805000e+00  9.2393829350e-02 
 597.000  1.4695839000e+00  9.2227195740e-02 
 598.000  1.4394597000e+00  9.0927742000e-02 
 599.000  1.4398205000e+00  9.1170921330e-02 
 600.000  1.4401078000e+00  9.1734970090e-02 
 601.000  1.4319890000e+00  9.1636154170e-02 
 602.000  1.4163271000e+00  9.0697486880e-02 
 603.000  1.4248718000e+00  9.1394958500e-02 
 604.000  1.4700067000e+00  9.4452529910e-02 
 605.000  1.4662401000e+00  9.4127990720e-02 
 606.000  1.4492497000e+00  9.3098258970e-02 
 607.000  1.4410954000e+00  9.2520561220e-02 
 608.000  1.4357993000e+00  9.2100097660e-02 
 609.000  1.4210599000e+00  9.1151954650e-02 
 610.000  1.3982923000e+00  8.9615577700e-02 
 611.000  1.4209879000e+00  9.1052879330e-02 
 612.000  1.4024794000e+00  8.9856399540e-02 
 613.000  1.3819793000e+00  8.8478019710e-02 
 614.000  1.3316047000e+00  8.5259323120e-02 
 615.000  1.3959129000e+00  8.9277343750e-02 
 616.000  1.3272392000e+00  8.4900894170e-02 
 617.000  1.3347321000e+00  8.5361991880e-02 
 618.000  1.3976976000e+00  8.9268615720e-02 
 619.000  1.3848975000e+00  8.8488639830e-02 
 620.000  1.4053505000e+00  8.9672836300e-02 
 621.000  1.4295171000e+00  9.1200050350e-02 
 622.000  1.3541172000e+00  8.6325469970e-02 
 623.000  1.3646642000e+00  8.6847755430e-02 
 624.000  1.3661334000e+00  8.6993446350e-02 
 625.000  1.3291343000e+00  8.4625198360e-02 
 626.000  1.3358742000e+00  8.4864570620e-02 
 627.000  1.3582661000e+00  8.5777214050e-02 
 628.000  1.3401729000e+00  8.3697334290e-02 
 629.000  1.3737859000e+00  8.6063957210e-02 
 630.000  1.3281977000e+00  8.3659629820e-02 
 631.000  1.3769212000e+00  8.6790641780e-02 
 632.000  1.2825678200e+00  8.0488052370e-02 
 633.000  1.3767185000e+00  8.6808784480e-02 
 634.000  1.3353734000e+00  8.4353439330e-02 
 635.000  1.3598011000e+00  8.5896965030e-02 
 636.000  1.3118950500e+00  8.2946571350e-02 
 637.000  1.3551922000e+00  8.5738037110e-02 
 638.000  1.3762706000e+00  8.7247177120e-02 
 639.000  1.3649079000e+00  8.6401313780e-02 
 640.000  1.3220880800e+00  8.3914588930e-02 
 641.000  1.3411926100e+00  8.5085121150e-02 
 642.000  1.3250991700e+00  8.4105216980e-02 
 643.000  1.3483078600e+00  8.5393127440e-02 
 644.000  1.3328578500e+00  8.4313812260e-02 
 645.000  1.3445181700e+00  8.4852905270e-02 
 646.000  1.2933222600e+00  8.0571022030e-02 
 647.000  1.3108910500e+00  8.0943946840e-02 
 648.000  1.3085832800e+00  8.0189559940e-02 
 649.000  1.3345480100e+00  8.2228172300e-02 
 650.000  1.2366852100e+00  7.7290275570e-02 
 651.000  1.3321633300e+00  8.3240722660e-02 
 652.000  1.3065101300e+00  8.0615043640e-02 
 653.000  1.3328521100e+00  8.3401802060e-02 
 654.000  1.3154201500e+00  8.2058731080e-02 
 655.000  1.2807641300e+00  7.9450904850e-02 
 656.000  1.0873725000e+00  6.7543586730e-02 
 657.000  1.1605636900e+00  7.2291847230e-02 
 658.000  1.2927307100e+00  8.0986648560e-02 
 659.000  1.2958547500e+00  8.1371406560e-02 
 660.000  1.3060358300e+00  8.2120681760e-02 
 661.000  1.3117936800e+00  8.2825805660e-02 
 662.000  1.3306842700e+00  8.4143112180e-02 
 663.000  1.3159158600e+00  8.3113189700e-02 
 664.000  1.2950251200e+00  8.1818672180e-02 
 665.000  1.3006751000e+00  8.2179023740e-02 
 666.000  1.3163617600e+00  8.3288589480e-02 
 667.000  1.2902487000e+00  8.1576698300e-02 
 668.000  1.2975977500e+00  8.2154220580e-02 
 669.000  1.3161285400e+00  8.3375946040e-02 
 670.000  1.3007067500e+00  8.2282043460e-02 
 671.000  1.2866580500e+00  8.1425682070e-02 
 672.000  1.2825999400e+00  8.1145164490e-02 
 673.000  1.2917750700e+00  8.1691192630e-02 
 674.000  1.2942904200e+00  8.1853706360e-02 
 675.000  1.2745526500e+00  8.0555450440e-02 
 676.000  1.2986279300e+00  8.2081848140e-02 
 677.000  1.2728085600e+00  8.0459144590e-02 
 678.000  1.2938898300e+00  8.1754791260e-02 
 679.000  1.2756333700e+00  8.0532218930e-02 
 680.000  1.2658572800e+00  7.9881088260e-02 
 681.000  1.2672304600e+00  7.9893363950e-02 
 682.000  1.2646148800e+00  7.9637725830e-02 
 683.000  1.2729253200e+00  8.0065284730e-02 
 684.000  1.2499586200e+00  7.8578544620e-02 
 685.000  1.2640730200e+00  7.9446350100e-02 
 686.000  1.2084992800e+00  7.5658889770e-02 
 687.000  1.1181895600e+00  6.7168312070e-02 
 688.000  1.1477945700e+00  6.9804855350e-02 
 689.000  1.1424074300e+00  6.9268852230e-02 
 690.000  1.1628250300e+00  7.0965965270e-02 
 691.000  1.1863063300e+00  7.2857582090e-02 
 692.000  1.1893078000e+00  7.3065109250e-02 
 693.000  1.1884039100e+00  7.1676780700e-02 
 694.000  1.1905786600e+00  7.0751777650e-02 
 695.000  1.1777111300e+00  7.0471122740e-02 
 696.000  1.1960324500e+00  7.1888267520e-02 
 697.000  1.2186028600e+00  7.5192497250e-02 
 698.000  1.1916879100e+00  7.3041931150e-02 
 699.000  1.1952619700e+00  7.1603607180e-02 
 700.000  1.1842048200e+00  7.1164413450e-02 
 701.000  1.1536188000e+00  6.8927810670e-02 
 702.000  1.1507803700e+00  6.9006683350e-02 
 703.000  1.1819805500e+00  7.2181236270e-02 
 704.000  1.1859321000e+00  7.2496513370e-02 
 705.000  1.1886988400e+00  7.2078285220e-02 
 706.000  1.1772240400e+00  7.1490058900e-02 
 707.000  1.1616149500e+00  7.0745903020e-02 
 708.000  1.1976949500e+00  7.3167236330e-02 
 709.000  1.1598338700e+00  7.1281394960e-02 
 710.000  1.1811616300e+00  7.2043266300e-02 
 711.000  1.1745312100e+00  7.2107048030e-02 
 712.000  1.1625373400e+00  7.1817527770e-02 
 713.000  1.1539375400e+00  7.0903968810e-02 
 714.000  1.1722259100e+00  7.1832893370e-02 
 715.000  1.1252968800e+00  6.8361000060e-02 
 716.000  1.1485963800e+00  6.9146949770e-02 
 717.000  1.0768843900e+00  6.1727012630e-02 
 718.000  1.0446660500e+00  5.8011554720e-02 
 719.000  1.0230720500e+00  5.6074966430e-02 
 720.000  1.0163202800e+00  5.4814868930e-02 
 721.000  1.0768628200e+00  6.2473724370e-02 
 722.000  1.1141021900e+00  6.6160835270e-02 
 723.000  1.0990100900e+00  6.4337844850e-02 
 724.000  1.0693500200e+00  6.0115573880e-02 
 725.000  1.0628782400e+00  6.0108451840e-02 
 726.000  1.0591130300e+00  5.9792007450e-02 
 727.000  1.0797882700e+00  6.1271457670e-02 
 728.000  1.0555835500e+00  5.9567382810e-02 
 729.000  1.0266052600e+00  5.8816162110e-02 
 730.000  1.0620032800e+00  6.0697742460e-02 
 731.000  1.0415236400e+00  5.9400985720e-02 
 732.000  1.0837627200e+00  6.3355319980e-02 
 733.000  1.0882621100e+00  6.5242256160e-02 
 734.000  1.1210178300e+00  6.7975456240e-02 
 735.000  1.1082547300e+00  6.6875076290e-02 
 736.000  1.0809643200e+00  6.4726470950e-02 
 737.000  1.1000594700e+00  6.6207366940e-02 
 738.000  1.1037293200e+00  6.6962593080e-02 
 739.000  1.0707509000e+00  6.5217094420e-02 
 740.000  1.0870323900e+00  6.6731880190e-02 
 741.000  1.0818811500e+00  6.6806167600e-02 
 742.000  1.0654864100e+00  6.5948394780e-02 
 743.000  1.1000031100e+00  6.8423881530e-02 
 744.000  1.1118024400e+00  6.9332908630e-02 
 745.000  1.0839469500e+00  6.7737510680e-02 
 746.000  1.0998415500e+00  6.8789428710e-02 
 747.000  1.1164278900e+00  6.9807067870e-02 
 748.000  1.0971205000e+00  6.8629730220e-02 
 749.000  1.0976222500e+00  6.8690452580e-02 
 750.000  1.0811864700e+00  6.7589416500e-02 
 751.000  1.0784268000e+00  6.7413330080e-02 
 752.000  1.0954291200e+00  6.8535423280e-02 
 753.000  1.0852444500e+00  6.7912780760e-02 
 754.000  1.1023533700e+00  6.8988899230e-02 
 755.000  1.0960556300e+00  6.8592094420e-02 
 756.000  1.0746301900e+00  6.7248596190e-02 
 757.000  1.0825636800e+00  6.7741264340e-02 
 758.000  1.0803311400e+00  6.7556877140e-02 
 759.000  9.9883658000e-01  6.1042346950e-02 
 760.000  5.1101442000e-01  2.5248262410e-02 
 761.000  4.6168711000e-01  2.2141075130e-02 
 762.000  7.3654553000e-01  4.0858284000e-02 
 763.000  6.6852432000e-01  3.5626903530e-02 
 764.000  7.1449687000e-01  3.8830200200e-02 
 765.000  8.1561958000e-01  4.6405677800e-02 
 766.000  8.8182136000e-01  5.2533790590e-02 
 767.000  9.4501366000e-01  5.7384658810e-02 
 768.000  1.0154148600e+00  6.2465435030e-02 
 769.000  1.0327581500e+00  6.4101997380e-02 
 770.000  1.0376687200e+00  6.4680786130e-02 
 771.000  1.0431637200e+00  6.5183860780e-02 
 772.000  1.0402461100e+00  6.5041938780e-02 
 773.000  1.0363520600e+00  6.4816680910e-02 
 774.000  1.0477738200e+00  6.5548461910e-02 
 775.000  1.0085693600e+00  6.3109558110e-02 
 776.000  1.0502172600e+00  6.5760742190e-02 
 777.000  1.0429446200e+00  6.5296524050e-02 
 778.000  1.0373408600e+00  6.4915779110e-02 
 779.000  1.0407040400e+00  6.5087463380e-02 
 780.000  1.0278162200e+00  6.4304519650e-02 
 781.000  1.0262341400e+00  6.4208610530e-02 
 782.000  1.0385902200e+00  6.4916282650e-02 
 783.000  1.0143139800e+00  6.3467906950e-02 
 784.000  1.0198638800e+00  6.3767948150e-02 
 785.000  1.0217441300e+00  6.3692455290e-02 
 786.000  1.0028843500e+00  6.2346317290e-02 
 787.000  1.0148067600e+00  6.2587360380e-02 
 788.000  9.9805888000e-01  6.1356220250e-02 
 789.000  9.9826697000e-01  6.0625751500e-02 
 790.000  9.8769250000e-01  5.9885871890e-02 
 791.000  9.8367521000e-01  5.9793819430e-02 
 792.000  9.6904693000e-01  5.8987842560e-02 
 793.000  9.7031442000e-01  5.9349452970e-02 
 794.000  9.6506854000e-01  5.9684940340e-02 
 795.000  9.5695567000e-01  5.8707862850e-02 
 796.000  9.6540777000e-01  5.8344371800e-02 
 797.000  9.7374231000e-01  5.9142967220e-02 
 798.000  9.7923191000e-01  6.0087688450e-02 
 799.000  9.7730337000e-01  5.9788883210e-02 
 800.000  9.4824268000e-01  5.7562816620e-02 
 801.000  9.6638036000e-01  5.8715057370e-02 
 802.000  9.6406636000e-01  5.8495784760e-02 
 803.000  9.5084882000e-01  5.7772880550e-02 
 804.000  9.6112565000e-01  5.8648811340e-02 
 805.000  9.3798491000e-01  5.7657146450e-02 
 806.000  9.6532096000e-01  5.9550148010e-02 
 807.000  9.5943821000e-01  5.9226905820e-02 
 808.000  9.5267874000e-01  5.8631519320e-02 
 809.000  9.3513771000e-01  5.7363815310e-02 
 810.000  9.2939497000e-01  5.6799186710e-02 
 811.000  9.4100117000e-01  5.7142040250e-02 
 812.000  9.3332223000e-01  5.6219707490e-02 
 813.000  9.2360804000e-01  5.5025478360e-02 
 814.000  9.1465615000e-01  5.3848533630e-02 
 815.000  8.9508029000e-01  5.1905670170e-02 
 816.000  8.7425191000e-01  4.9741458890e-02 
 817.000  8.8027565000e-01  5.0119804380e-02 
 818.000  8.7598471000e-01  4.9889286040e-02 
 819.000  8.5651424000e-01  4.9146816250e-02 
 820.000  8.5395391000e-01  5.0040805820e-02 
 821.000  8.9877865000e-01  5.3911899570e-02 
 822.000  8.6121813000e-01  5.0646858220e-02 
 823.000  8.3753281000e-01  4.6876434330e-02 
 824.000  8.8044982000e-01  5.1391563420e-02 
 825.000  8.9795881000e-01  5.4016437530e-02 
 826.000  9.0032394000e-01  5.3845844270e-02 
 827.000  8.9501064000e-01  5.3302879330e-02 
 828.000  8.8083767000e-01  5.1471809390e-02 
 829.000  8.8483848000e-01  5.2016181950e-02 
 830.000  8.7563644000e-01  5.1861480710e-02 
 831.000  8.6133648000e-01  5.1096206670e-02 
 832.000  8.7938761000e-01  5.2188182830e-02 
 833.000  8.5467108000e-01  5.1019508360e-02 
 834.000  8.7034858000e-01  5.2237026210e-02 
 835.000  8.7760776000e-01  5.3129264830e-02 
 836.000  8.8603167000e-01  5.3570972440e-02 
 837.000  8.7848234000e-01  5.3064563750e-02 
 838.000  8.8423106000e-01  5.3706707000e-02 
 839.000  8.5808041000e-01  5.2258743290e-02 
 840.000  8.8155852000e-01  5.3702224730e-02 
 841.000  8.8238351000e-01  5.3554386140e-02 
 842.000  8.7813524000e-01  5.3437854770e-02 
 843.000  8.7504863000e-01  5.3733188630e-02 
 844.000  8.6179432000e-01  5.3116397860e-02 
 845.000  8.7542870000e-01  5.4046199800e-02 
 846.000  8.8378647000e-01  5.4706630710e-02 
 847.000  8.5390257000e-01  5.3010036470e-02 
 848.000  8.7807334000e-01  5.4301872250e-02 
 849.000  8.7980046000e-01  5.4498691560e-02 
 850.000  7.6026586000e-01  4.6956672670e-02 
 851.000  8.7046485000e-01  5.3625080110e-02 
 852.000  8.3749788000e-01  5.1655536650e-02 
 853.000  8.4795163000e-01  5.2399997710e-02 
 854.000  6.8167564000e-01  4.2149883270e-02 
 855.000  7.5069678000e-01  4.6530681610e-02 
 856.000  8.5244100000e-01  5.2940151210e-02 
 857.000  8.6627227000e-01  5.3946262360e-02 
 858.000  8.5249395000e-01  5.3105453490e-02 
 859.000  8.5256362000e-01  5.3185932160e-02 
 860.000  8.4503544000e-01  5.2800960540e-02 
 861.000  8.4493164000e-01  5.2787738800e-02 
 862.000  8.4217102000e-01  5.2583175660e-02 
 863.000  8.5827325000e-01  5.3672744750e-02 
 864.000  8.5656007000e-01  5.3465976720e-02 
 865.000  8.4061170000e-01  5.2581966400e-02 
 866.000  7.0510163000e-01  4.4145874020e-02 
 867.000  7.5085134000e-01  4.6858291630e-02 
 868.000  8.1433558000e-01  5.0893722530e-02 
 869.000  8.0290996000e-01  5.0178760530e-02 
 870.000  8.3602678000e-01  5.2341403960e-02 
 871.000  8.3484817000e-01  5.2219604490e-02 
 872.000  8.3148576000e-01  5.1843009950e-02 
 873.000  8.3481902000e-01  5.2145454410e-02 
 874.000  8.1651400000e-01  5.0940361020e-02 
 875.000  8.0900883000e-01  5.0584487920e-02 
 876.000  8.1572029000e-01  5.0937389370e-02 
 877.000  8.3197112000e-01  5.1839424130e-02 
 878.000  8.1764066000e-01  5.0984924320e-02 
 879.000  8.1953977000e-01  5.1146659850e-02 
 880.000  8.1475138000e-01  5.0691638950e-02 
 881.000  7.7238949000e-01  4.8084690090e-02 
 882.000  8.1501770000e-01  5.0586219790e-02 
 883.000  7.9643716000e-01  4.9585617070e-02 
 884.000  8.0321113000e-01  5.0176631930e-02 
 885.000  8.1140347000e-01  5.0306011200e-02 
 886.000  7.8473913000e-01  4.8631118770e-02 
 887.000  7.7674641000e-01  4.8168537140e-02 
 888.000  7.9999260000e-01  4.9472511290e-02 
 889.000  8.0541993000e-01  5.0036983490e-02 
 890.000  8.0279343000e-01  4.9774295810e-02 
 891.000  7.9803938000e-01  4.9254077910e-02 
 892.000  7.9378040000e-01  4.8698745730e-02 
 893.000  7.5799574000e-01  4.5526840210e-02 
 894.000  7.8012802000e-01  4.6481189730e-02 
 895.000  7.3048900000e-01  4.2543922420e-02 
 896.000  7.4458664000e-01  4.2270633700e-02 
 897.000  7.1214923000e-01  3.9588348390e-02 
 898.000  7.0614289000e-01  3.8751506810e-02 
 899.000  6.8486165000e-01  3.6358112340e-02 
 900.000  6.7070746000e-01  3.5690433500e-02 
 901.000  6.5118451000e-01  3.4384368900e-02 
 902.000  6.4003702000e-01  3.3862045290e-02 
 903.000  7.0520268000e-01  3.9303310390e-02 
 904.000  7.3922774000e-01  4.2445594790e-02 
 905.000  7.3646089000e-01  4.2458312990e-02 
 906.000  7.0428622000e-01  3.9845504760e-02 
 907.000  6.9329361000e-01  3.7836925510e-02 
 908.000  6.6157304000e-01  3.5206089020e-02 
 909.000  6.4913177000e-01  3.4559864040e-02 
 910.000  6.5902191000e-01  3.5206420900e-02 
 911.000  6.6704127000e-01  3.6326709750e-02 
 912.000  6.6371184000e-01  3.5701183320e-02 
 913.000  6.5803762000e-01  3.4280273440e-02 
 914.000  6.6417576000e-01  3.5138263700e-02 
 915.000  6.6136050000e-01  3.5598960880e-02 
 916.000  6.7076755000e-01  3.6183734890e-02 
 917.000  6.6454349000e-01  3.6091083530e-02 
 918.000  6.6667498000e-01  3.6543712620e-02 
 919.000  6.9442348000e-01  3.9505714420e-02 
 920.000  7.0186551000e-01  4.0617149350e-02 
 921.000  6.8342503000e-01  3.9351234440e-02 
 922.000  6.7703003000e-01  3.9046550750e-02 
 923.000  6.4498484000e-01  3.6704631810e-02 
 924.000  6.6308378000e-01  3.7397632600e-02 
 925.000  6.7115389000e-01  3.7739677430e-02 
 926.000  6.4708127000e-01  3.6229652400e-02 
 927.000  6.6039997000e-01  3.6478958130e-02 
 928.000  6.4763580000e-01  3.4632484440e-02 
 929.000  6.1437982000e-01  3.1380254750e-02 
 930.000  5.8156552000e-01  2.7984209060e-02 
 931.000  5.4554613000e-01  2.4498346330e-02 
 932.000  4.9293488000e-01  2.0058771130e-02 
 933.000  4.5729366000e-01  1.7338203430e-02 
 934.000  4.1420620000e-01  1.4581087110e-02 
 935.000  4.0401920000e-01  1.4089985850e-02 
 936.000  4.1664820000e-01  1.4949052810e-02 
 937.000  4.2177682000e-01  1.5042640690e-02 
 938.000  4.5980077000e-01  1.7821079250e-02 
 939.000  5.6923447000e-01  2.6837560650e-02 
 940.000  5.8110868000e-01  2.8113557820e-02 
 941.000  5.5521301000e-01  2.6314346310e-02 
 942.000  5.0375573000e-01  2.2538906100e-02 
 943.000  4.7603174000e-01  1.9200618740e-02 
 944.000  4.5923185000e-01  1.8372707370e-02 
 945.000  4.8340290000e-01  2.0052076340e-02 
 946.000  4.9095170000e-01  2.0421880720e-02 
 947.000  5.0517345000e-01  2.1754329680e-02 
 948.000  5.1826727000e-01  2.2770559310e-02 
 949.000  5.1845398000e-01  2.2740194320e-02 
 950.000  5.1754688000e-01  2.2820951460e-02 
 951.000  5.3655039000e-01  2.4704429630e-02 
 952.000  5.1263910000e-01  2.2579973220e-02 
 953.000  5.2769143000e-01  2.4032722470e-02 
 954.000  5.3983255000e-01  2.5447866440e-02 
 955.000  4.9091400000e-01  2.2561248780e-02 
 956.000  5.2027914000e-01  2.3813276290e-02 
 957.000  5.6322257000e-01  2.7963310240e-02 
 958.000  5.7295639000e-01  2.8759601590e-02 
 959.000  5.6788448000e-01  2.8193296430e-02 
 960.000  5.6035584000e-01  2.7745563510e-02 
 961.000  5.5072982000e-01  2.7117942810e-02 
 962.000  5.5663015000e-01  2.7585227970e-02 
 963.000  5.7850625000e-01  2.9866819380e-02 
 964.000  5.7506794000e-01  2.9878538130e-02 
 965.000  5.7983940000e-01  3.0032283780e-02 
 966.000  5.6422817000e-01  2.9308561330e-02 
 967.000  5.9715157000e-01  3.1945236210e-02 
 968.000  6.1686819000e-01  3.4564960480e-02 
 969.000  6.3239649000e-01  3.6144168850e-02 
 970.000  6.3471658000e-01  3.6325706480e-02 
 971.000  6.2879845000e-01  3.5973072050e-02 
 972.000  6.2997497000e-01  3.5838535310e-02 
 973.000  6.1635454000e-01  3.4619495390e-02 
 974.000  5.9761251000e-01  3.3043380740e-02 
 975.000  5.9456528000e-01  3.2532188420e-02 
 976.000  6.0922449000e-01  3.3762660980e-02 
 977.000  6.0567625000e-01  3.4251075740e-02 
 978.000  6.1961973000e-01  3.4994430540e-02 
 979.000  6.0460980000e-01  3.4335559840e-02 
 980.000  6.2529283000e-01  3.6249851230e-02 
 981.000  6.3225542000e-01  3.6831886290e-02 
 982.000  6.2815364000e-01  3.6434410100e-02 
 983.000  6.3263633000e-01  3.7102371220e-02 
 984.000  6.3473751000e-01  3.7666179660e-02 
 985.000  6.3802069000e-01  3.8125896450e-02 
 986.000  6.3742092000e-01  3.8446933750e-02 
 987.000  6.4673310000e-01  3.9173217770e-02 
 988.000  6.3913151000e-01  3.8751342770e-02 
 989.000  6.3128375000e-01  3.8298744200e-02 
 990.000  6.3713021000e-01  3.8692234040e-02 
 991.000  6.4402217000e-01  3.9254730220e-02 
 992.000  6.3852662000e-01  3.8959247590e-02 
 993.000  6.3865360000e-01  3.8980518340e-02 
 994.000  6.4335461000e-01  3.9393722530e-02 
 995.000  6.3963154000e-01  3.9261203770e-02 
 996.000  6.3949450000e-01  3.9249187470e-02 
 997.000  6.3952576000e-01  3.9186786650e-02 
 998.000  6.3642759000e-01  3.8930534360e-02 
 999.000  6.3457305000e-01  3.8789604190e-02 
1000.000  6.2972938000e-01  3.8510665890e-02 
1001.000  6.3175542000e-01  3.8493927000e-02 
1002.000  6.2845860000e-01  3.8076583860e-02 
1003.000  6.2165479000e-01  3.7711647030e-02 
1004.000  6.1775569000e-01  3.7593120570e-02 
1005.000  5.7771692000e-01  3.5205993650e-02 
1006.000  6.0806566000e-01  3.7072559360e-02 
1007.000  6.1871424000e-01  3.7678562160e-02 
1008.000  6.1948631000e-01  3.7552875520e-02 
1009.000  6.1325274000e-01  3.6955287930e-02 
1010.000  6.1662553000e-01  3.7253467560e-02 
1011.000  6.1590100000e-01  3.7445800780e-02 
1012.000  6.1705155000e-01  3.7607860570e-02 
1013.000  6.1334775000e-01  3.7455947880e-02 
1014.000  6.1757196000e-01  3.7774719240e-02 
1015.000  6.0622133000e-01  3.7118083950e-02 
1016.000  6.1043275000e-01  3.7441829680e-02 
1017.000  6.0453369000e-01  3.7124870300e-02 
1018.000  6.1206987000e-01  3.7582538600e-02 
1019.000  5.9732427000e-01  3.6622085570e-02 
1020.000  5.9632812000e-01  3.6563598630e-02 
1021.000  6.0280212000e-01  3.6966880800e-02 
1022.000  5.9285043000e-01  3.6200130460e-02 
1023.000  6.0346518000e-01  3.6709045410e-02 
1024.000  5.9995072000e-01  3.6392177580e-02 
1025.000  6.0107333000e-01  3.6558437350e-02 
1026.000  6.0234050000e-01  3.6694328310e-02 
1027.000  5.9846024000e-01  3.6470947270e-02 
1028.000  6.0006027000e-01  3.6635723110e-02 
1029.000  5.9141769000e-01  3.6216564180e-02 
1030.000  5.9789040000e-01  3.6722301480e-02 
1031.000  5.9625090000e-01  3.6700481410e-02 
1032.000  5.9434051000e-01  3.6638507840e-02 
1033.000  5.8343569000e-01  3.5956253050e-02 
1034.000  5.8913497000e-01  3.6309211730e-02 
1035.000  5.8144113000e-01  3.5807743070e-02 
1036.000  5.9105371000e-01  3.6400306700e-02 
1037.000  5.7860864000e-01  3.5621997830e-02 
1038.000  5.8433094000e-01  3.5960613250e-02 
1039.000  5.8671688000e-01  3.6082725520e-02 
1040.000  5.7977253000e-01  3.5634284970e-02 
1041.000  5.8279447000e-01  3.5798862460e-02 
1042.000  5.8452170000e-01  3.5887958530e-02 
1043.000  5.7443181000e-01  3.5253826140e-02 
1044.000  5.8014563000e-01  3.5585758210e-02 
1045.000  5.7761033000e-01  3.5458263400e-02 
1046.000  5.6080958000e-01  3.4464817050e-02 
1047.000  5.7110060000e-01  3.5135021210e-02 
1048.000  5.7676486000e-01  3.5525901790e-02 
1049.000  5.7306294000e-01  3.5344459530e-02 
1050.000  5.7065876000e-01  3.5230129240e-02 
1051.000  5.6964146000e-01  3.5135597230e-02 
1052.000  5.6696971000e-01  3.4937828060e-02 
1053.000  5.6555576000e-01  3.4824851990e-02 
1054.000  5.6133603000e-01  3.4525325780e-02 
1055.000  5.6542759000e-01  3.4734249110e-02 
1056.000  5.6390538000e-01  3.4604965210e-02 
1057.000  5.6285170000e-01  3.4492576600e-02 
1058.000  5.5681674000e-01  3.4044384000e-02 
1059.000  5.3931787000e-01  3.3000202180e-02 
1060.000  5.5882703000e-01  3.4264572140e-02 
1061.000  5.3922454000e-01  3.3069934840e-02 
1062.000  5.5409383000e-01  3.3942771910e-02 
1063.000  5.4471248000e-01  3.3348388670e-02 
1064.000  5.5143889000e-01  3.3682258610e-02 
1065.000  5.5061421000e-01  3.3533416750e-02 
1066.000  5.3374861000e-01  3.2477943420e-02 
1067.000  5.4634622000e-01  3.3186325070e-02 
1068.000  5.4361886000e-01  3.2868820190e-02 
1069.000  5.0240923000e-01  3.0299917220e-02 
1070.000  5.3228178000e-01  3.2135704040e-02 
1071.000  5.3276938000e-01  3.2114254000e-02 
1072.000  5.3415890000e-01  3.2149936680e-02 
1073.000  5.1650825000e-01  3.1095205310e-02 
1074.000  5.3466688000e-01  3.2220333100e-02 
1075.000  5.1864299000e-01  3.1369989400e-02 
1076.000  5.2967509000e-01  3.1977657320e-02 
1077.000  5.2799169000e-01  3.1797166820e-02 
1078.000  5.2876066000e-01  3.1751588820e-02 
1079.000  5.0831837000e-01  3.0516462330e-02 
1080.000  5.2174773000e-01  3.1081584930e-02 
1081.000  5.0245723000e-01  2.9917148590e-02 
1082.000  5.0958277000e-01  3.0411087040e-02 
1083.000  4.9498186000e-01  2.9383771900e-02 
1084.000  5.1286643000e-01  3.0277355190e-02 
1085.000  5.0368471000e-01  2.9403312680e-02 
1086.000  5.1086147000e-01  2.9859350200e-02 
1087.000  4.8215324000e-01  2.8479772570e-02 
1088.000  5.1146020000e-01  3.0268444060e-02 
1089.000  4.8871122000e-01  2.8569410320e-02 
1090.000  4.9868842000e-01  2.9117801670e-02 
1091.000  5.0258640000e-01  2.9457935330e-02 
1092.000  4.8926406000e-01  2.8522972110e-02 
1093.000  4.7943390700e-01  2.7574460980e-02 
1094.000  4.3469940500e-01  2.4819673540e-02 
1095.000  4.7080308800e-01  2.6875101090e-02 
1096.000  4.7213039000e-01  2.6955812450e-02 
1097.000  4.6208816000e-01  2.6251585010e-02 
1098.000  4.4482767500e-01  2.4355518340e-02 
1099.000  4.3456252300e-01  2.3002166750e-02 
1100.000  4.4284650200e-01  2.3491140370e-02 
1101.000  4.4350243300e-01  2.3630611420e-02 
1102.000  4.2437910700e-01  2.2553638460e-02 
1103.000  4.4229787800e-01  2.3569795610e-02 
1104.000  4.3711029400e-01  2.3158088680e-02 
1105.000  4.3138092100e-01  2.2531003950e-02 
1106.000  4.2258244300e-01  2.1770727160e-02 
1107.000  4.2341698100e-01  2.1871641160e-02 
1108.000  4.2308563100e-01  2.1884037020e-02 
1109.000  4.2956487700e-01  2.2446195600e-02 
1110.000  4.3132700200e-01  2.2456207280e-02 
1111.000  4.2337858400e-01  2.1872972490e-02 
1112.000  4.0706694800e-01  2.0399280550e-02 
1113.000  3.8843335900e-01  1.8608140950e-02 
1114.000  3.8824775800e-01  1.8294000630e-02 
1115.000  3.6273303000e-01  1.6048976900e-02 
1116.000  3.4462128500e-01  1.4648333550e-02 
1117.000  3.1571850300e-01  1.2280495640e-02 
1118.000  2.8183968400e-01  1.0048626900e-02 
1119.000  2.5803113600e-01  8.7287073140e-03 
1120.000  2.3789748800e-01  7.5301036830e-03 
1121.000  2.3482166200e-01  7.3104634280e-03 
1122.000  2.1108317100e-01  6.0884985920e-03 
1123.000  2.2492017300e-01  6.7440614700e-03 
1124.000  2.3386432500e-01  7.1847686770e-03 
1125.000  2.2471488600e-01  6.8099932670e-03 
1126.000  2.1867079500e-01  6.5941014290e-03 
1127.000  2.2783357300e-01  6.9233818050e-03 
1128.000  2.2704678600e-01  6.9988880160e-03 
1129.000  2.4983174400e-01  8.2289848330e-03 
1130.000  2.9855292400e-01  1.1194904330e-02 
1131.000  3.1545859600e-01  1.2255945210e-02 
1132.000  2.9753279000e-01  1.0996733670e-02 
1133.000  2.5537812300e-01  8.6136693950e-03 
1134.000  1.8681373800e-01  5.0724015240e-03 
1135.000  1.9445763000e-01  5.3957681660e-03 
1136.000  2.6152711500e-01  8.9770030980e-03 
1137.000  2.9972335800e-01  1.1283905030e-02 
1138.000  3.2015949400e-01  1.3168509480e-02 
1139.000  3.3615469300e-01  1.4268250470e-02 
1140.000  3.3115368000e-01  1.3828942300e-02 
1141.000  3.0963738500e-01  1.2538264270e-02 
1142.000  3.1378117900e-01  1.2552966120e-02 
1143.000  2.9491196500e-01  1.1366491320e-02 
1144.000  2.7766647800e-01  1.0266542430e-02 
1145.000  2.5684043800e-01  8.9117631910e-03 
1146.000  2.6484079800e-01  9.3335504530e-03 
1147.000  2.8391213000e-01  1.0510094640e-02 
1148.000  2.9649695300e-01  1.1449399950e-02 
1149.000  3.0340741100e-01  1.1924025540e-02 
1150.000  3.0215554400e-01  1.1925384520e-02 
1151.000  3.0999299500e-01  1.2582968710e-02 
1152.000  3.1361954200e-01  1.2904973980e-02 
1153.000  3.1928766100e-01  1.3394320490e-02 
1154.000  3.1953914600e-01  1.3372476580e-02 
1155.000  3.3232855400e-01  1.4432212830e-02 
1156.000  3.4074151100e-01  1.5387263300e-02 
1157.000  3.7005589800e-01  1.7968133930e-02 
1158.000  3.8038426900e-01  1.9023342130e-02 
1159.000  3.8358099700e-01  1.9678657530e-02 
1160.000  3.8215970300e-01  1.9824752810e-02 
1161.000  3.8266859600e-01  2.0346643450e-02 
1162.000  4.0293879600e-01  2.1841886520e-02 
1163.000  4.1247547800e-01  2.2849487300e-02 
1164.000  4.0591741500e-01  2.2588680270e-02 
1165.000  4.1425222100e-01  2.3132192610e-02 
1166.000  4.0505941900e-01  2.2742523190e-02 
1167.000  4.1258657300e-01  2.3244615550e-02 
1168.000  4.1579522400e-01  2.3408018110e-02 
1169.000  4.0248106000e-01  2.2735218050e-02 
1170.000  4.1431016500e-01  2.3472404480e-02 
1171.000  4.1897038700e-01  2.3898927690e-02 
1172.000  4.1603330500e-01  2.3644424440e-02 
1173.000  4.1154033500e-01  2.3308057790e-02 
1174.000  4.1184313600e-01  2.3334424970e-02 
1175.000  4.1128352600e-01  2.3544094090e-02 
1176.000  4.0516795800e-01  2.3415023800e-02 
1177.000  4.1583433900e-01  2.3926784520e-02 
1178.000  4.0508352600e-01  2.3099800110e-02 
1179.000  4.0327520700e-01  2.3000310900e-02 
1180.000  4.0758406500e-01  2.3172473910e-02 
1181.000  4.0198714300e-01  2.2661800380e-02 
1182.000  3.9899370200e-01  2.2300979610e-02 
1183.000  3.7623499300e-01  2.1048400880e-02 
1184.000  3.9517328900e-01  2.2214090350e-02 
1185.000  4.0529783200e-01  2.3053613660e-02 
1186.000  4.0144701000e-01  2.2751861570e-02 
1187.000  3.9659925500e-01  2.2204685210e-02 
1188.000  3.9341935400e-01  2.1954841610e-02 
1189.000  3.7331632400e-01  2.0975175860e-02 
1190.000  3.9938382200e-01  2.2846733090e-02 
1191.000  4.0792228700e-01  2.3445331570e-02 
1192.000  4.0898658600e-01  2.3676853180e-02 
1193.000  4.0843262100e-01  2.3578876500e-02 
1194.000  4.0715700200e-01  2.3478664400e-02 
1195.000  3.9937470000e-01  2.2856119160e-02 
1196.000  3.9956506200e-01  2.2899698260e-02 
1197.000  3.9789339700e-01  2.2723409650e-02 
1198.000  3.8419105000e-01  2.1928598400e-02 
1199.000  3.6808140100e-01  2.0914674760e-02 
1200.000  3.9239247100e-01  2.2362073900e-02 
1201.000  3.9564622700e-01  2.2581203460e-02 
1202.000  3.9655366900e-01  2.2685089110e-02 
1203.000  3.7615104700e-01  2.1489105220e-02 
1204.000  3.8299490000e-01  2.1940176010e-02 
1205.000  3.9715295000e-01  2.3061365130e-02 
1206.000  3.9719630100e-01  2.3205030440e-02 
1207.000  4.0087002400e-01  2.3477931980e-02 
1208.000  3.9431323800e-01  2.3045883180e-02 
1209.000  3.6855205500e-01  2.1467651370e-02 
1210.000  3.9235550600e-01  2.2724407200e-02 
1211.000  3.7896464300e-01  2.1938346860e-02 
1212.000  3.9138637700e-01  2.2702028270e-02 
1213.000  3.9497367100e-01  2.3045801160e-02 
1214.000  3.9291463900e-01  2.2922370910e-02 
1215.000  3.9499047100e-01  2.3105468750e-02 
1216.000  3.9675056000e-01  2.3426734920e-02 
1217.000  3.9835274600e-01  2.3709354400e-02 
1218.000  3.9792839300e-01  2.3776685710e-02 
1219.000  3.9470090900e-01  2.3641166690e-02 
1220.000  3.9743407800e-01  2.3803617480e-02 
1221.000  3.9696066300e-01  2.3783685680e-02 
1222.000  3.9494727000e-01  2.3660224910e-02 
1223.000  3.9328421100e-01  2.3592283250e-02 
1224.000  3.9780317900e-01  2.3984804150e-02 
1225.000  3.9592919000e-01  2.3908588410e-02 
1226.000  3.9772817700e-01  2.4066497800e-02 
1227.000  3.8491330000e-01  2.3361394880e-02 
1228.000  3.9775750900e-01  2.4229105000e-02 
1229.000  3.9790247400e-01  2.4303251270e-02 
1230.000  3.9720485300e-01  2.4335487370e-02 
1231.000  3.9757359700e-01  2.4404603960e-02 
1232.000  3.9322657100e-01  2.4160453800e-02 
1233.000  3.9640476600e-01  2.4372655870e-02 
1234.000  3.9606870400e-01  2.4447839740e-02 
1235.000  3.9362754200e-01  2.4331213000e-02 
1236.000  3.9612048000e-01  2.4507951740e-02 
1237.000  3.9637026500e-01  2.4556570050e-02 
1238.000  3.9621392700e-01  2.4561538700e-02 
1239.000  3.9174427800e-01  2.4293905260e-02 
1240.000  3.8997191500e-01  2.4220155720e-02 
1241.000  3.9337866900e-01  2.4461400990e-02 
1242.000  3.9098896900e-01  2.4339401250e-02 
1243.000  3.8654265400e-01  2.4090044020e-02 
1244.000  3.8291037100e-01  2.3880710600e-02 
1245.000  3.8938039000e-01  2.4298908230e-02 
1246.000  3.8622801500e-01  2.4068702700e-02 
1247.000  3.8414974500e-01  2.3904693600e-02 
1248.000  3.8695872400e-01  2.4044874190e-02 
1249.000  3.8545739000e-01  2.3926963810e-02 
1250.000  3.8378306900e-01  2.3790264130e-02 
1251.000  3.8095975400e-01  2.3593048100e-02 
1252.000  3.7952684300e-01  2.3474065780e-02 
1253.000  3.7608097100e-01  2.3228157040e-02 
1254.000  3.7644356100e-01  2.3187927250e-02 
1255.000  3.7536408400e-01  2.3081325530e-02 
1256.000  3.7417313700e-01  2.2977552410e-02 
1257.000  3.6933398100e-01  2.2611791610e-02 
1258.000  3.6941999000e-01  2.2499670030e-02 
1259.000  3.6419805700e-01  2.2084135060e-02 
1260.000  3.6333839200e-01  2.1924757000e-02 
1261.000  3.6112893600e-01  2.1682909010e-02 
1262.000  3.5011972000e-01  2.0873519900e-02 
1263.000  3.5309727900e-01  2.1033420560e-02 
1264.000  3.4676641000e-01  2.0656139370e-02 
1265.000  3.4709033600e-01  2.0685564040e-02 
1266.000  3.4795220500e-01  2.0704969410e-02 
1267.000  3.3988996100e-01  2.0194763180e-02 
1268.000  3.3481311000e-01  1.9861186980e-02 
1269.000  3.3716511000e-01  1.9987148280e-02 
1270.000  3.4532990600e-01  2.0582229610e-02 
1271.000  3.4924197800e-01  2.0861293790e-02 
1272.000  3.4982435800e-01  2.0950828550e-02 
1273.000  3.5098092000e-01  2.1090232850e-02 
1274.000  3.5067661200e-01  2.1151424410e-02 
1275.000  3.5361100400e-01  2.1351249690e-02 
1276.000  3.5469238500e-01  2.1415800090e-02 
1277.000  3.5473359800e-01  2.1397607800e-02 
1278.000  3.5404610000e-01  2.1326412200e-02 
1279.000  3.5202432200e-01  2.1213680270e-02 
1280.000  3.5092461600e-01  2.1234104160e-02 
1281.000  3.4185609800e-01  2.0768547060e-02 
1282.000  3.0433363900e-01  1.8563966750e-02 
1283.000  3.3451542900e-01  2.0451812740e-02 
1284.000  3.4838337100e-01  2.1324237820e-02 
1285.000  3.5121922400e-01  2.1514766690e-02 
1286.000  3.5067932000e-01  2.1438020710e-02 
1287.000  3.5195210600e-01  2.1441551210e-02 
1288.000  3.4647968900e-01  2.0864004140e-02 
1289.000  3.4753250800e-01  2.0851573940e-02 
1290.000  3.3942407700e-01  2.0346487050e-02 
1291.000  3.4465023100e-01  2.0652912140e-02 
1292.000  3.4751596500e-01  2.0872430800e-02 
1293.000  3.4795493500e-01  2.0864175800e-02 
1294.000  3.4102480700e-01  2.0303659440e-02 
1295.000  3.4237602200e-01  2.0192867280e-02 
1296.000  3.4019303100e-01  1.9894193650e-02 
1297.000  3.3610484500e-01  1.9535394670e-02 
1298.000  3.3292104500e-01  1.9336380000e-02 
1299.000  3.3614270400e-01  1.9507875440e-02 
1300.000  3.3445443500e-01  1.9394725800e-02 
1301.000  3.3347525900e-01  1.9300563810e-02 
1302.000  3.2780719100e-01  1.8860042570e-02 
1303.000  3.2184758800e-01  1.8252689360e-02 
1304.000  3.2048051300e-01  1.8050031660e-02 
1305.000  3.2173355500e-01  1.8059165950e-02 
1306.000  3.2151487800e-01  1.7979932790e-02 
1307.000  3.1950674100e-01  1.7807132720e-02 
1308.000  3.1654336700e-01  1.7488542560e-02 
1309.000  3.1261835400e-01  1.7067205430e-02 
1310.000  3.1089981900e-01  1.6958253860e-02 
1311.000  3.1004585400e-01  1.6910247800e-02 
1312.000  3.0462785900e-01  1.6384061810e-02 
1313.000  2.8854588600e-01  1.5261732100e-02 
1314.000  2.9306706200e-01  1.5264589310e-02 
1315.000  2.8529855700e-01  1.4961359980e-02 
1316.000  2.9526402700e-01  1.5642096520e-02 
1317.000  2.9826674500e-01  1.5792822840e-02 
1318.000  2.8889005500e-01  1.5019392010e-02 
1319.000  2.8525957700e-01  1.4465654370e-02 
1320.000  2.7456660200e-01  1.3515156750e-02 
1321.000  2.7004243600e-01  1.3128902440e-02 
1322.000  2.7510221600e-01  1.3621888160e-02 
1323.000  2.8197862500e-01  1.4223303790e-02 
1324.000  2.8523370700e-01  1.4529987340e-02 
1325.000  2.8285801800e-01  1.4303964610e-02 
1326.000  2.7579253500e-01  1.3682510380e-02 
1327.000  2.6128940000e-01  1.2383181570e-02 
1328.000  2.4819247600e-01  1.1129027370e-02 
1329.000  2.1415392400e-01  8.6605539320e-03 
1330.000  2.0812173400e-01  8.0926408770e-03 
1331.000  2.0264176100e-01  7.6814346310e-03 
1332.000  2.0044596800e-01  7.6502618790e-03 
1333.000  2.1144973800e-01  8.2476596830e-03 
1334.000  2.1986055200e-01  8.8239851000e-03 
1335.000  2.2579973900e-01  9.2516279220e-03 
1336.000  2.2569154400e-01  9.3128223420e-03 
1337.000  2.2824640800e-01  9.4408845900e-03 
1338.000  2.3199460100e-01  9.7431631090e-03 
1339.000  2.3250823000e-01  9.8070449830e-03 
1340.000  2.3412589800e-01  1.0004757880e-02 
1341.000  2.3808414600e-01  1.0055758480e-02 
1342.000  2.3798761000e-01  1.0061875340e-02 
1343.000  2.2897023700e-01  9.1583547590e-03 
1344.000  2.1513164500e-01  8.0828619000e-03 
1345.000  1.7801171600e-01  5.7373261450e-03 
1346.000  1.5185306200e-01  4.2817478180e-03 
1347.000  1.3469326800e-01  3.4849224090e-03 
1348.000  1.1166972500e-01  2.4318501950e-03 
1349.000  1.0156859980e-01  2.0618374350e-03 
1350.000  7.9118976800e-02  1.2762231830e-03 
1351.000  6.8304388600e-02  9.8678523300e-04 
1352.000  5.2245188500e-02  5.8658033610e-04 
1353.000  3.7031129700e-02  3.2236263160e-04 
1354.000  2.9609858200e-02  2.1567852800e-04 
1355.000  2.2989590400e-02  1.3845779000e-04 
1356.000  1.7384910900e-02  8.4369108080e-05 
1357.000  1.1883072290e-02  4.2566258460e-05 
1358.000  8.7942995600e-03  2.6008293030e-05 
1359.000  4.6371894800e-03  8.8337343190e-06 
1360.000  3.0667189200e-03  4.6446807680e-06 
1361.000  2.2822901500e-03  2.7645805380e-06 
1362.000  2.1000785500e-03  2.4321039670e-06 
1363.000  3.0298718100e-03  4.2471364140e-06 
1364.000  3.5132260700e-03  5.3202961570e-06 
1365.000  3.6785377400e-03  5.6151724420e-06 
1366.000  4.2480982200e-03  7.0165437650e-06 
1367.000  3.5684706400e-03  5.4980646820e-06 
1368.000  3.1641440400e-03  4.7536701900e-06 
1369.000  3.2446885400e-03  5.0029824490e-06 
1370.000  5.3662024900e-03  1.1619356460e-05 
1371.000  9.5567383600e-03  2.9133677480e-05 
1372.000  1.7696147100e-02  8.0569408830e-05 
1373.000  2.5103421400e-02  1.4224176110e-04 
1374.000  3.0483375700e-02  1.9685414430e-04 
1375.000  3.2500605200e-02  2.2113123540e-04 
1376.000  3.0145675000e-02  1.9626207650e-04 
1377.000  2.6837170100e-02  1.6048681740e-04 
1378.000  2.0455531200e-02  1.0241316260e-04 
1379.000  1.4046690750e-02  5.5321544410e-05 
1380.000  7.9668921100e-03  2.2095099090e-05 
1381.000  4.6085460100e-03  9.2118997130e-06 
1382.000  3.2226937600e-03  5.1985094320e-06 
1383.000  3.1180828800e-03  4.8586917110e-06 
1384.000  5.0718350300e-03  1.0498417540e-05 
1385.000  7.2001136600e-03  1.8428223210e-05 
1386.000  1.0997420810e-02  3.6398243160e-05 
1387.000  2.0206215500e-02  1.0031460970e-04 
1388.000  2.6781479200e-02  1.5768636760e-04 
1389.000  3.0763796300e-02  2.0115040240e-04 
1390.000  3.1403109900e-02  2.1044440570e-04 
1391.000  2.9315199700e-02  1.8744422500e-04 
1392.000  2.2163584600e-02  1.1867156620e-04 
1393.000  1.6942332700e-02  7.7438414100e-05 
1394.000  1.2979770220e-02  5.0571739670e-05 
1395.000  1.4631294700e-02  6.1400078240e-05 
1396.000  2.0077346500e-02  1.0173069690e-04 
1397.000  2.5909657300e-02  1.5513959530e-04 
1398.000  2.6682448200e-02  1.6241221130e-04 
1399.000  2.4913513100e-02  1.4745008950e-04 
1400.000  2.3296256600e-02  1.3414481280e-04 
1401.000  2.4765104900e-02  1.5091042220e-04 
1402.000  3.0701976000e-02  2.1133126320e-04 
1403.000  3.5348276200e-02  2.7496907110e-04 
1404.000  3.3248236300e-02  2.4796102940e-04 
1405.000  3.4826752600e-02  2.7484926580e-04 
1406.000  3.2294221700e-02  2.4102383850e-04 
1407.000  3.3492293400e-02  2.6386272910e-04 
1408.000  4.0142762600e-02  3.5518413780e-04 
1409.000  4.7056296400e-02  4.7208553550e-04 
1410.000  5.7713776400e-02  6.6549700500e-04 
1411.000  6.8647687400e-02  9.1790336370e-04 
1412.000  6.6321561200e-02  8.8729566340e-04 
1413.000  7.3146080300e-02  1.0640648600e-03 
1414.000  7.2117189200e-02  1.0233168600e-03 
1415.000  7.9723893300e-02  1.2497286800e-03 
1416.000  8.5657092200e-02  1.4176855090e-03 
1417.000  8.7862270200e-02  1.4973725080e-03 
1418.000  8.8645206200e-02  1.5150843860e-03 
1419.000  8.8460445100e-02  1.5415699480e-03 
1420.000  9.0561198200e-02  1.6043864490e-03 
1421.000  1.0185302150e-01  1.9732255940e-03 
1422.000  1.0427546880e-01  2.0886282920e-03 
1423.000  1.0543807850e-01  2.1548576350e-03 
1424.000  1.0507983860e-01  2.1368660930e-03 
1425.000  1.0388726760e-01  2.0738809110e-03 
1426.000  1.0016174480e-01  2.0034797190e-03 
1427.000  1.0609073710e-01  2.1969072820e-03 
1428.000  1.1205202520e-01  2.3773751260e-03 
1429.000  1.1365273750e-01  2.4874997140e-03 
1430.000  1.1088912070e-01  2.4294009210e-03 
1431.000  1.0330776270e-01  2.1656491760e-03 
1432.000  1.0101400900e-01  2.0587372780e-03 
1433.000  1.0072938540e-01  2.0473666190e-03 
1434.000  9.6078298000e-02  1.9084821940e-03 
1435.000  1.0314784010e-01  2.1425373550e-03 
1436.000  1.0571611390e-01  2.2365956310e-03 
1437.000  1.0740105130e-01  2.2939035890e-03 
1438.000  1.1386244320e-01  2.5428237920e-03 
1439.000  1.1596366750e-01  2.6001577380e-03 
1440.000  1.1119067420e-01  2.5272266860e-03 
1441.000  1.1809660380e-01  2.7043635850e-03 
1442.000  1.1328207970e-01  2.5576839450e-03 
1443.000  1.1531812350e-01  2.6099746230e-03 
1444.000  1.1791765440e-01  2.7024159430e-03 
1445.000  1.1815364310e-01  2.7182610030e-03 
1446.000  1.2366911600e-01  2.9184176920e-03 
1447.000  1.2704844200e-01  3.0671360490e-03 
1448.000  1.2849630000e-01  3.1159167290e-03 
1449.000  1.2597387390e-01  3.0121049880e-03 
1450.000  1.2046218650e-01  2.8157939910e-03 
1451.000  1.2181068620e-01  2.8835387230e-03 
1452.000  1.2714054920e-01  3.1468083860e-03 
1453.000  1.4167070400e-01  3.7343270780e-03 
1454.000  1.5415756900e-01  4.3270015720e-03 
1455.000  1.6012906200e-01  4.6691508290e-03 
1456.000  1.6723002500e-01  5.0621232990e-03 
1457.000  1.6991955700e-01  5.1724991800e-03 
1458.000  1.7324247600e-01  5.3163161280e-03 
1459.000  1.6837650200e-01  5.0416216850e-03 
1460.000  1.6070213900e-01  4.7101182940e-03 
1461.000  1.5761997100e-01  4.5688347820e-03 
1462.000  1.4913421900e-01  4.1823067670e-03 
1463.000  1.4814549200e-01  4.1621866230e-03 
1464.000  1.4623228100e-01  4.0717196460e-03 
1465.000  1.4298871000e-01  3.8853938580e-03 
1466.000  1.3326287300e-01  3.5104944710e-03 
1467.000  1.3229704700e-01  3.4080460070e-03 
1468.000  1.2415692770e-01  3.1187539100e-03 
1469.000  1.1777821460e-01  2.8318119050e-03 
1470.000  1.1436774390e-01  2.7089169030e-03 
1471.000  1.2136577700e-01  3.0443339350e-03 
1472.000  1.3364227290e-01  3.5827975270e-03 
1473.000  1.5018492200e-01  4.3647003170e-03 
1474.000  1.5741783700e-01  4.8529486660e-03 
1475.000  1.6021664000e-01  4.9533519740e-03 
1476.000  1.6047728100e-01  4.9747638700e-03 
1477.000  1.5703798000e-01  4.8016815190e-03 
1478.000  1.5089737500e-01  4.5527586940e-03 
1479.000  1.4790530800e-01  4.3706536290e-03 
1480.000  1.5098560500e-01  4.5470361710e-03 
1481.000  1.5380723900e-01  4.7624526020e-03 
1482.000  1.6075396700e-01  5.1356940270e-03 
1483.000  1.5897517800e-01  5.1304697990e-03 
1484.000  1.6000568500e-01  5.1886734960e-03 
1485.000  1.6230620400e-01  5.2573580740e-03 
1486.000  1.6367760000e-01  5.4512920380e-03 
1487.000  1.7369419200e-01  6.0903086660e-03 
1488.000  1.5221770200e-01  5.3786082270e-03 
1489.000  1.8679378300e-01  7.0491566660e-03 
1490.000  1.9762046800e-01  7.8785657880e-03 
1491.000  2.0467883100e-01  8.4157600400e-03 
1492.000  2.0096728000e-01  8.3282184600e-03 
1493.000  2.0839296400e-01  8.8099060060e-03 
1494.000  2.0809004700e-01  8.8413257600e-03 
1495.000  2.0981092400e-01  9.0865783690e-03 
1496.000  2.0944568500e-01  9.3251285550e-03 
1497.000  2.1455220700e-01  9.5893173220e-03 
1498.000  2.2162855000e-01  1.0144775390e-02 
1499.000  2.2261514300e-01  1.0417276380e-02 
1500.000  2.2947876900e-01  1.0918987270e-02 
1501.000  2.2817331700e-01  1.0821702000e-02 
1502.000  2.2449302300e-01  1.0586070060e-02 
1503.000  2.0054553400e-01  9.4190654750e-03 
1504.000  2.0987482900e-01  9.9220523830e-03 
1505.000  2.1249524100e-01  1.0226311680e-02 
1506.000  2.1542593200e-01  1.0411318780e-02 
1507.000  2.2823603000e-01  1.1207254410e-02 
1508.000  2.2622872200e-01  1.1218563080e-02 
1509.000  2.2875070000e-01  1.1463912960e-02 
1510.000  2.3284900700e-01  1.1734539990e-02 
1511.000  2.3499397300e-01  1.1936916350e-02 
1512.000  2.3130964200e-01  1.1817182540e-02 
1513.000  2.3121980200e-01  1.1868144040e-02 
1514.000  2.2805457600e-01  1.1737670900e-02 
1515.000  2.3335706500e-01  1.2067322730e-02 
1516.000  2.3145115600e-01  1.1978057860e-02 
1517.000  2.3082977100e-01  1.1976604460e-02 
1518.000  2.3654791300e-01  1.2346527100e-02 
1519.000  2.3476520500e-01  1.2336996080e-02 
1520.000  2.3836126400e-01  1.2662814140e-02 
1521.000  2.3497273100e-01  1.2593386650e-02 
1522.000  2.3361369600e-01  1.2566019060e-02 
1523.000  2.3963758500e-01  1.2958097460e-02 
1524.000  2.3755465500e-01  1.2868872640e-02 
1525.000  2.3182191200e-01  1.2569052700e-02 
1526.000  2.3845415800e-01  1.2933418270e-02 
1527.000  2.3634139100e-01  1.2848956110e-02 
1528.000  2.3844008400e-01  1.3005439760e-02 
1529.000  2.3769390500e-01  1.2960968020e-02 
1530.000  2.2284696300e-01  1.2185531620e-02 
1531.000  2.3848215800e-01  1.3056301120e-02 
1532.000  2.3734511000e-01  1.3013820650e-02 
1533.000  2.3638362800e-01  1.2964176180e-02 
1534.000  2.3290674900e-01  1.2773006440e-02 
1535.000  2.3389330700e-01  1.2826622960e-02 
1536.000  2.3702452000e-01  1.3036235810e-02 
1537.000  2.3796019500e-01  1.3144322400e-02 
1538.000  2.3163630000e-01  1.2854074480e-02 
1539.000  2.3664885900e-01  1.3189496990e-02 
1540.000  2.2810381900e-01  1.2757947920e-02 
1541.000  2.3291439200e-01  1.3043314930e-02 
1542.000  2.3430024300e-01  1.3127862930e-02 
1543.000  2.3366247700e-01  1.3107238770e-02 
1544.000  2.3666347300e-01  1.3296345710e-02 
1545.000  2.3757041400e-01  1.3379651070e-02 
1546.000  2.3778851200e-01  1.3432944300e-02 
1547.000  2.3547923100e-01  1.3340450290e-02 
1548.000  2.2852371400e-01  1.2979313850e-02 
1549.000  2.3438084400e-01  1.3334924700e-02 
1550.000  2.3306376800e-01  1.3279099460e-02 
1551.000  2.3183662600e-01  1.3209938050e-02 
1552.000  2.3578825800e-01  1.3428646090e-02 
1553.000  2.3455535400e-01  1.3358653070e-02 
1554.000  2.2596116700e-01  1.2862421040e-02 
1555.000  2.2973132800e-01  1.3081336020e-02 
1556.000  2.2534523800e-01  1.2859443660e-02 
1557.000  2.3272354600e-01  1.3329176900e-02 
1558.000  2.3088150500e-01  1.3261883740e-02 
1559.000  2.3089992100e-01  1.3298775670e-02 
1560.000  2.2691265700e-01  1.3111569400e-02 
1561.000  2.3220866200e-01  1.3429229740e-02 
1562.000  2.3210102800e-01  1.3404778480e-02 
1563.000  2.2863266900e-01  1.3194622040e-02 
1564.000  2.2397644700e-01  1.2908925060e-02 
1565.000  2.2722843000e-01  1.3074591640e-02 
1566.000  2.2292290000e-01  1.2836862560e-02 
1567.000  2.2256686500e-01  1.2820361140e-02 
1568.000  2.1741609200e-01  1.2516058920e-02 
1569.000  2.1759925600e-01  1.2514595990e-02 
1570.000  2.1154727700e-01  1.2165518760e-02 
1571.000  2.1721553100e-01  1.2515666010e-02 
1572.000  2.1705007900e-01  1.2517806050e-02 
1573.000  2.1375310200e-01  1.2356836320e-02 
1574.000  2.1459517500e-01  1.2442488670e-02 
1575.000  1.9937856500e-01  1.1587490080e-02 
1576.000  2.1419850600e-01  1.2455072400e-02 
1577.000  1.9348768600e-01  1.1232744220e-02 
1578.000  2.1182755500e-01  1.2277570720e-02 
1579.000  2.1314955900e-01  1.2339946750e-02 
1580.000  2.1769592000e-01  1.2598253250e-02 
1581.000  2.1625215500e-01  1.2498644830e-02 
1582.000  2.1210318600e-01  1.2292816160e-02 
1583.000  2.1490601300e-01  1.2487418170e-02 
1584.000  2.1317382600e-01  1.2420474050e-02 
1585.000  2.1961733500e-01  1.2823899270e-02 
1586.000  2.1685892100e-01  1.2677351000e-02 
1587.000  2.1459797500e-01  1.2574162480e-02 
1588.000  2.1144971000e-01  1.2416334150e-02 
1589.000  1.9345483600e-01  1.1370682720e-02 
1590.000  2.0841853600e-01  1.2260394100e-02 
1591.000  2.0374903600e-01  1.1998712540e-02 
1592.000  2.1441816400e-01  1.2630709650e-02 
1593.000  2.1903234000e-01  1.2901911740e-02 
1594.000  2.1715872600e-01  1.2792383190e-02 
1595.000  2.1813238800e-01  1.2853120800e-02 
1596.000  2.0433193300e-01  1.2054675100e-02 
1597.000  2.1191920200e-01  1.2500537870e-02 
1598.000  2.1483414200e-01  1.2664433480e-02 
1599.000  2.0640225300e-01  1.2153968810e-02 
1600.000  2.0885457800e-01  1.2290098190e-02 
1601.000  2.0006240600e-01  1.1787671090e-02 
1602.000  2.0492737100e-01  1.2105010990e-02 
1603.000  2.0369999200e-01  1.2078762050e-02 
1604.000  2.0674259100e-01  1.2310227390e-02 
1605.000  2.0368578000e-01  1.2160116200e-02 
1606.000  2.0304736200e-01  1.2156477930e-02 
1607.000  2.0373460600e-01  1.2174084660e-02 
1608.000  2.0592795500e-01  1.2281986240e-02 
1609.000  2.0513611000e-01  1.2219624520e-02 
1610.000  1.9248222300e-01  1.1453886030e-02 
1611.000  1.9862520600e-01  1.1824801450e-02 
1612.000  2.0109126900e-01  1.1977571490e-02 
1613.000  2.0610735500e-01  1.2281096460e-02 
1614.000  2.0408396800e-01  1.2143640520e-02 
1615.000  2.0785252600e-01  1.2367729190e-02 
1616.000  1.9513990300e-01  1.1607429500e-02 
1617.000  2.0124001500e-01  1.2012187960e-02 
1618.000  2.0751002500e-01  1.2409170150e-02 
1619.000  2.0722901800e-01  1.2435602190e-02 
1620.000  2.0233967000e-01  1.2183659550e-02 
1621.000  1.9961422300e-01  1.2053654670e-02 
1622.000  2.0463801400e-01  1.2364306450e-02 
1623.000  2.0891612500e-01  1.2638136860e-02 
1624.000  2.1044323700e-01  1.2741311070e-02 
1625.000  2.0543050600e-01  1.2467883110e-02 
1626.000  2.0773082800e-01  1.2595904350e-02 
1627.000  2.0749248300e-01  1.2599834440e-02 
1628.000  2.0906944000e-01  1.2703445430e-02 
1629.000  2.0893349200e-01  1.2700745580e-02 
1630.000  2.0307444100e-01  1.2341736790e-02 
1631.000  2.0625024400e-01  1.2545397760e-02 
1632.000  2.0607840900e-01  1.2490762710e-02 
1633.000  2.0335945300e-01  1.2299803730e-02 
1634.000  1.9840063100e-01  1.1968798640e-02 
1635.000  2.0371916700e-01  1.2265687940e-02 
1636.000  2.0295462900e-01  1.2190894130e-02 
1637.000  1.9364907000e-01  1.1605698590e-02 
1638.000  1.9223383100e-01  1.1501374240e-02 
1639.000  1.8995254100e-01  1.1331061360e-02 
1640.000  1.9089837500e-01  1.1363975520e-02 
1641.000  1.8953564600e-01  1.1264492030e-02 
1642.000  1.8929853500e-01  1.1299739840e-02 
1643.000  1.9409601700e-01  1.1629801750e-02 
1644.000  1.9102596500e-01  1.1485802650e-02 
1645.000  1.9132534600e-01  1.1539519310e-02 
1646.000  1.9362446800e-01  1.1719728470e-02 
1647.000  1.9542456100e-01  1.1828477860e-02 
1648.000  1.9454109500e-01  1.1765941620e-02 
1649.000  1.9007195900e-01  1.1493370060e-02 
1650.000  1.9488792000e-01  1.1785819050e-02 
1651.000  1.9053726200e-01  1.1520423890e-02 
1652.000  1.9432546400e-01  1.1741648670e-02 
1653.000  1.9232520600e-01  1.1627763750e-02 
1654.000  1.9448266800e-01  1.1761062620e-02 
1655.000  1.9079864300e-01  1.1548735620e-02 
1656.000  1.9461849000e-01  1.1786857600e-02 
1657.000  1.9320628400e-01  1.1702892300e-02 
1658.000  1.9442526600e-01  1.1786673550e-02 
1659.000  1.9088864600e-01  1.1573709490e-02 
1660.000  1.9309487300e-01  1.1700652120e-02 
1661.000  1.9385055900e-01  1.1733823780e-02 
1662.000  1.9239256700e-01  1.1602273940e-02 
1663.000  1.9111857800e-01  1.1492527960e-02 
1664.000  1.9022811600e-01  1.1405038830e-02 
1665.000  1.8828668600e-01  1.1250768660e-02 
1666.000  1.8751770300e-01  1.1205252650e-02 
1667.000  1.8943231200e-01  1.1367310520e-02 
1668.000  1.8622287000e-01  1.1202009200e-02 
1669.000  1.8674795100e-01  1.1267080310e-02 
1670.000  1.9094695800e-01  1.1558276180e-02 
1671.000  1.8955096600e-01  1.1502866740e-02 
1672.000  1.8057268000e-01  1.0996643070e-02 
1673.000  1.8573066000e-01  1.1337635990e-02 
1674.000  1.8648087600e-01  1.1415144920e-02 
1675.000  1.8475111900e-01  1.1348607060e-02 
1676.000  1.8176315800e-01  1.1175939560e-02 
1677.000  1.8269202700e-01  1.1232542990e-02 
1678.000  1.8370552600e-01  1.1300230980e-02 
1679.000  1.8126414600e-01  1.1146210670e-02 
1680.000  1.7505064900e-01  1.0769503590e-02 
1681.000  1.6898434700e-01  1.0398545270e-02 
1682.000  1.7386445500e-01  1.0696558950e-02 
1683.000  1.7815325500e-01  1.0953685760e-02 
1684.000  1.8144579400e-01  1.1149927140e-02 
1685.000  1.8196559600e-01  1.1162280080e-02 
1686.000  1.7977019900e-01  1.1017811780e-02 
1687.000  1.8046652100e-01  1.1020722390e-02 
1688.000  1.8055963800e-01  1.0992280010e-02 
1689.000  1.7838142600e-01  1.0846647260e-02 
1690.000  1.7823677200e-01  1.0800576210e-02 
1691.000  1.8054268700e-01  1.0945000650e-02 
1692.000  1.8086847300e-01  1.0976387980e-02 
1693.000  1.8023033800e-01  1.0953578000e-02 
1694.000  1.7996115400e-01  1.0948970790e-02 
1695.000  1.8000679500e-01  1.0948328970e-02 
1696.000  1.7895365900e-01  1.0859263420e-02 
1697.000  1.7782855700e-01  1.0753485680e-02 
1698.000  1.7888335200e-01  1.0783946990e-02 
1699.000  1.7772760100e-01  1.0686379430e-02 
1700.000  1.7547721500e-01  1.0524843220e-02 
