 lambda   Irr_dw            Rad_up 
 550.000  1.5289167000e+00  1.1497478490e-01 
 551.000  1.5188353000e+00  1.1414336400e-01 
 552.000  1.5837034000e+00  1.1903237920e-01 
 553.000  1.5211475000e+00  1.1423979190e-01 
 554.000  1.5703423000e+00  1.1793007660e-01 
 555.000  1.5742652000e+00  1.1810720060e-01 
 556.000  1.5304176000e+00  1.1470727540e-01 
 557.000  1.4846070000e+00  1.1127535250e-01 
 558.000  1.5405904000e+00  1.1536048130e-01 
 559.000  1.4558289000e+00  1.0895517730e-01 
 560.000  1.4618869000e+00  1.0940480040e-01 
 561.000  1.6063147000e+00  1.2010688780e-01 
 562.000  1.4741743000e+00  1.1020888520e-01 
 563.000  1.5419992000e+00  1.1518357090e-01 
 564.000  1.5199949000e+00  1.1339722440e-01 
 565.000  1.5378112000e+00  1.1471916960e-01 
 566.000  1.4175805000e+00  1.0566558070e-01 
 567.000  1.5203144000e+00  1.1311746220e-01 
 568.000  1.5160194000e+00  1.1226972200e-01 
 569.000  1.4848872000e+00  1.0881777950e-01 
 570.000  1.4925348000e+00  1.0950060270e-01 
 571.000  1.4399105000e+00  1.0635447690e-01 
 572.000  1.5212736000e+00  1.1161547850e-01 
 573.000  1.5373284000e+00  1.1297625730e-01 
 574.000  1.5287674000e+00  1.1233998110e-01 
 575.000  1.4912064000e+00  1.0946154790e-01 
 576.000  1.4640041000e+00  1.0739698030e-01 
 577.000  1.5247448000e+00  1.1196443180e-01 
 578.000  1.4803028000e+00  1.0899984740e-01 
 579.000  1.4689642000e+00  1.0823098750e-01 
 580.000  1.5195250000e+00  1.1212931060e-01 
 581.000  1.4920546000e+00  1.1026100920e-01 
 582.000  1.5143182000e+00  1.1185510250e-01 
 583.000  1.5247406000e+00  1.1267147830e-01 
 584.000  1.5197637000e+00  1.1218258670e-01 
 585.000  1.5096259000e+00  1.1133570100e-01 
 586.000  1.4446328000e+00  1.0652339170e-01 
 587.000  1.5009413000e+00  1.1015893550e-01 
 588.000  1.4851067000e+00  1.0750829320e-01 
 589.000  1.3162744000e+00  9.3435783390e-02 
 590.000  1.3742957000e+00  9.7447731020e-02 
 591.000  1.4602942000e+00  1.0480730440e-01 
 592.000  1.4322314000e+00  1.0199707790e-01 
 593.000  1.4473010000e+00  1.0451515200e-01 
 594.000  1.4604650000e+00  1.0511545560e-01 
 595.000  1.4324735000e+00  1.0200992580e-01 
 596.000  1.4679491000e+00  1.0606705470e-01 
 597.000  1.4723310000e+00  1.0594577030e-01 
 598.000  1.4421758000e+00  1.0442494960e-01 
 599.000  1.4425439000e+00  1.0470961760e-01 
 600.000  1.4428597000e+00  1.0533694460e-01 
 601.000  1.4347407000e+00  1.0520439910e-01 
 602.000  1.4190512000e+00  1.0415270230e-01 
 603.000  1.4276135000e+00  1.0495693970e-01 
 604.000  1.4728338000e+00  1.0846446230e-01 
 605.000  1.4690548000e+00  1.0813598630e-01 
 606.000  1.4520214000e+00  1.0695709990e-01 
 607.000  1.4438418000e+00  1.0632324220e-01 
 608.000  1.4385264000e+00  1.0587538910e-01 
 609.000  1.4237480000e+00  1.0480287170e-01 
 610.000  1.4009279000e+00  1.0307003780e-01 
 611.000  1.4236555000e+00  1.0474086000e-01 
 612.000  1.4051024000e+00  1.0338221740e-01 
 613.000  1.3845537000e+00  1.0182459260e-01 
 614.000  1.3340753000e+00  9.8132431030e-02 
 615.000  1.3984932000e+00  1.0279436490e-01 
 616.000  1.3296821000e+00  9.7764816280e-02 
 617.000  1.3371786000e+00  9.8313163760e-02 
 618.000  1.4002492000e+00  1.0285305790e-01 
 619.000  1.3874137000e+00  1.0195836640e-01 
 620.000  1.4078922000e+00  1.0336420440e-01 
 621.000  1.4320894000e+00  1.0513765720e-01 
 622.000  1.3565415000e+00  9.9542968750e-02 
 623.000  1.3670955000e+00  1.0018946080e-01 
 624.000  1.3685530000e+00  1.0035377500e-01 
 625.000  1.3314744000e+00  9.7632453920e-02 
 626.000  1.3382098000e+00  9.7952003480e-02 
 627.000  1.3605894000e+00  9.9061576840e-02 
 628.000  1.3423345000e+00  9.6747055050e-02 
 629.000  1.3760530000e+00  9.9490173340e-02 
 630.000  1.3304005000e+00  9.6676849370e-02 
 631.000  1.3792213000e+00  1.0031901550e-01 
 632.000  1.2846853200e+00  9.3067947390e-02 
 633.000  1.3790232000e+00  1.0036878970e-01 
 634.000  1.3376131000e+00  9.7526191710e-02 
 635.000  1.3620741000e+00  9.9317924500e-02 
 636.000  1.3140895000e+00  9.5912437440e-02 
 637.000  1.3574547000e+00  9.9146102910e-02 
 638.000  1.3785829000e+00  1.0089914700e-01 
 639.000  1.3671948000e+00  9.9961631770e-02 
 640.000  1.3243039000e+00  9.7060195920e-02 
 641.000  1.3434331000e+00  9.8436470030e-02 
 642.000  1.3273116000e+00  9.7319854740e-02 
 643.000  1.3505374000e+00  9.8837959290e-02 
 644.000  1.3350543100e+00  9.7626625060e-02 
 645.000  1.3467099000e+00  9.8272254940e-02 
 646.000  1.2953645700e+00  9.3427635190e-02 
 647.000  1.3129173400e+00  9.3946121220e-02 
 648.000  1.3105677100e+00  9.3122406010e-02 
 649.000  1.3365974300e+00  9.5488243100e-02 
 650.000  1.2386344200e+00  8.9677177430e-02 
 651.000  1.3342542600e+00  9.6594841000e-02 
 652.000  1.3084934900e+00  9.3640869140e-02 
 653.000  1.3349377500e+00  9.6800155640e-02 
 654.000  1.3174632600e+00  9.5291679380e-02 
 655.000  1.2827204300e+00  9.2313171390e-02 
 656.000  1.0890340500e+00  7.8485481260e-02 
 657.000  1.1623424600e+00  8.3996894840e-02 
 658.000  1.2947279800e+00  9.4063232420e-02 
 659.000  1.2978652400e+00  9.4514534000e-02 
 660.000  1.3080605100e+00  9.5385482790e-02 
 661.000  1.3138407400e+00  9.6187965390e-02 
 662.000  1.3327646800e+00  9.7725532530e-02 
 663.000  1.3179628600e+00  9.6561462400e-02 
 664.000  1.2970363400e+00  9.5073738100e-02 
 665.000  1.3026908400e+00  9.5513137820e-02 
 666.000  1.3183984800e+00  9.6795417790e-02 
 667.000  1.2922415700e+00  9.4842903140e-02 
 668.000  1.2995982300e+00  9.5509445190e-02 
 669.000  1.3181509000e+00  9.6935394290e-02 
 670.000  1.3027004100e+00  9.5709518430e-02 
 671.000  1.2886242700e+00  9.4720268250e-02 
 672.000  1.2845543100e+00  9.4414939880e-02 
 673.000  1.2937358800e+00  9.5072990420e-02 
 674.000  1.2962492200e+00  9.5277229310e-02 
 675.000  1.2764754300e+00  9.3790863040e-02 
 676.000  1.3005801200e+00  9.5581176760e-02 
 677.000  1.2747154600e+00  9.3704490660e-02 
 678.000  1.2958223300e+00  9.5235595700e-02 
 679.000  1.2775316900e+00  9.3842041020e-02 
 680.000  1.2677302600e+00  9.3097061160e-02 
 681.000  1.2690939800e+00  9.3133117680e-02 
 682.000  1.2664666000e+00  9.2867126460e-02 
 683.000  1.2747800000e+00  9.3396003720e-02 
 684.000  1.2517655500e+00  9.1666824340e-02 
 685.000  1.2658986100e+00  9.2706352230e-02 
 686.000  1.2102182600e+00  8.8348594670e-02 
 687.000  1.1195439800e+00  7.8628471370e-02 
 688.000  1.1492283800e+00  8.1680709840e-02 
 689.000  1.1438126500e+00  8.1056419370e-02 
 690.000  1.1642777500e+00  8.3028846740e-02 
 691.000  1.1878231000e+00  8.5230178830e-02 
 692.000  1.1908475600e+00  8.5486457820e-02 
 693.000  1.1899058900e+00  8.4003265380e-02 
 694.000  1.1920450500e+00  8.3005310060e-02 
 695.000  1.1791798500e+00  8.2661926270e-02 
 696.000  1.1975336700e+00  8.4317298890e-02 
 697.000  1.2202164600e+00  8.8036674500e-02 
 698.000  1.1932387700e+00  8.5580482480e-02 
 699.000  1.1967386300e+00  8.4033599850e-02 
 700.000  1.1856729700e+00  8.3517280580e-02 
 701.000  1.1550311700e+00  8.0941413880e-02 
 702.000  1.1521935900e+00  8.1022529600e-02 
 703.000  1.1834846900e+00  8.4664550780e-02 
 704.000  1.1874386400e+00  8.5034355160e-02 
 705.000  1.1901771200e+00  8.4600807190e-02 
 706.000  1.1786865200e+00  8.3910789490e-02 
 707.000  1.1630594100e+00  8.3030754090e-02 
 708.000  1.1991946800e+00  8.5862075810e-02 
 709.000  1.1613019600e+00  8.3628578190e-02 
 710.000  1.1826263600e+00  8.4584411620e-02 
 711.000  1.1760084500e+00  8.4638946530e-02 
 712.000  1.1640168000e+00  8.4271934510e-02 
 713.000  1.1553825400e+00  8.3247619630e-02 
 714.000  1.1736827400e+00  8.4378005980e-02 
 715.000  1.1266772100e+00  8.0368011470e-02 
 716.000  1.1499659900e+00  8.1363868710e-02 
 717.000  1.0780643500e+00  7.2895431520e-02 
 718.000  1.0457591800e+00  6.8689346310e-02 
 719.000  1.0241234300e+00  6.6489868160e-02 
 720.000  1.0173369500e+00  6.5082916260e-02 
 721.000  1.0780479200e+00  7.3768096920e-02 
 722.000  1.1153770100e+00  7.8024086000e-02 
 723.000  1.1002343300e+00  7.5961196900e-02 
 724.000  1.0704731400e+00  7.1195503230e-02 
 725.000  1.0639957200e+00  7.1162521360e-02 
 726.000  1.0602175600e+00  7.0804748540e-02 
 727.000  1.0809227600e+00  7.2547775270e-02 
 728.000  1.0566793800e+00  7.0560417180e-02 
 729.000  1.0276921500e+00  6.9606063840e-02 
 730.000  1.0631206900e+00  7.1854782100e-02 
 731.000  1.0426116100e+00  7.0335350040e-02 
 732.000  1.0849357400e+00  7.4913940430e-02 
 733.000  1.0894883300e+00  7.7021087650e-02 
 734.000  1.1223135300e+00  8.0213600160e-02 
 735.000  1.1095171200e+00  7.8965370180e-02 
 736.000  1.0821719600e+00  7.6482971190e-02 
 737.000  1.1012999900e+00  7.8232994080e-02 
 738.000  1.1049807600e+00  7.9102714540e-02 
 739.000  1.0719839800e+00  7.7031593320e-02 
 740.000  1.0883070400e+00  7.8799011230e-02 
 741.000  1.0831622200e+00  7.8850143430e-02 
 742.000  1.0667513800e+00  7.7830802920e-02 
 743.000  1.1013235900e+00  8.0729087830e-02 
 744.000  1.1131397100e+00  8.1789558410e-02 
 745.000  1.0852544900e+00  7.9899627690e-02 
 746.000  1.1011702400e+00  8.1150321960e-02 
 747.000  1.1177739700e+00  8.2368591310e-02 
 748.000  1.0984441900e+00  8.0993415830e-02 
 749.000  1.0989444200e+00  8.1073181150e-02 
 750.000  1.0824828000e+00  7.9795524600e-02 
 751.000  1.0797162900e+00  7.9602928160e-02 
 752.000  1.0967397600e+00  8.0937088010e-02 
 753.000  1.0865407100e+00  8.0213111880e-02 
 754.000  1.1036672200e+00  8.1498504640e-02 
 755.000  1.0973589900e+00  8.1043846130e-02 
 756.000  1.0759043900e+00  7.9471008300e-02 
 757.000  1.0838440200e+00  8.0067276000e-02 
 758.000  1.0815987000e+00  7.9867340090e-02 
 759.000  9.9987183000e-01  7.2286003110e-02 
 760.000  5.1126396000e-01  3.0255878450e-02 
 761.000  4.6189096000e-01  2.6579898830e-02 
 762.000  7.3709752000e-01  4.8703136440e-02 
 763.000  6.6894314000e-01  4.2557300570e-02 
 764.000  7.1498185000e-01  4.6347976680e-02 
 765.000  8.1629396000e-01  5.5258445740e-02 
 766.000  8.8265929000e-01  6.2371074680e-02 
 767.000  9.4595822000e-01  6.8067207340e-02 
 768.000  1.0164753500e+00  7.4045921330e-02 
 769.000  1.0338804800e+00  7.5952827450e-02 
 770.000  1.0388235400e+00  7.6628150940e-02 
 771.000  1.0443407900e+00  7.7220680240e-02 
 772.000  1.0414226400e+00  7.7059226990e-02 
 773.000  1.0375225200e+00  7.6801147460e-02 
 774.000  1.0489568500e+00  7.7676231380e-02 
 775.000  1.0097066200e+00  7.4794303890e-02 
 776.000  1.0513991200e+00  7.7936164860e-02 
 777.000  1.0441148400e+00  7.7398094180e-02 
 778.000  1.0385010500e+00  7.6963081360e-02 
 779.000  1.0418649000e+00  7.7186347960e-02 
 780.000  1.0289583000e+00  7.6259933470e-02 
 781.000  1.0273737100e+00  7.6161964420e-02 
 782.000  1.0397400100e+00  7.7030685420e-02 
 783.000  1.0154328900e+00  7.5302932740e-02 
 784.000  1.0209842400e+00  7.5678558350e-02 
 785.000  1.0228547400e+00  7.5630699160e-02 
 786.000  1.0039615600e+00  7.4055328370e-02 
 787.000  1.0158707700e+00  7.4415069580e-02 
 788.000  9.9909212000e-01  7.2978912350e-02 
 789.000  9.9926703000e-01  7.2195434570e-02 
 790.000  9.8867568000e-01  7.1341583250e-02 
 791.000  9.8465668000e-01  7.1222045900e-02 
 792.000  9.7001765000e-01  7.0270301820e-02 
 793.000  9.7129479000e-01  7.0683700560e-02 
 794.000  9.6606983000e-01  7.1021400450e-02 
 795.000  9.5792728000e-01  6.9931213380e-02 
 796.000  9.6634423000e-01  6.9575180050e-02 
 797.000  9.7469163000e-01  7.0503318790e-02 
 798.000  9.8021368000e-01  7.1581832890e-02 
 799.000  9.7827450000e-01  7.1259338380e-02 
 800.000  9.4916123000e-01  6.8660316470e-02 
 801.000  9.6731943000e-01  7.0041870120e-02 
 802.000  9.6499922000e-01  6.9807273860e-02 
 803.000  9.5176911000e-01  6.8945732120e-02 
 804.000  9.6206103000e-01  6.9970664980e-02 
 805.000  9.3891249000e-01  6.8753829960e-02 
 806.000  9.6628281000e-01  7.1009796140e-02 
 807.000  9.6039290000e-01  7.0627616880e-02 
 808.000  9.5361651000e-01  6.9953544620e-02 
 809.000  9.3604885000e-01  6.8475296020e-02 
 810.000  9.3028991000e-01  6.7839721680e-02 
 811.000  9.4188923000e-01  6.8296379090e-02 
 812.000  9.3418507000e-01  6.7241203310e-02 
 813.000  9.2444203000e-01  6.5889869690e-02 
 814.000  9.1545987000e-01  6.4537887570e-02 
 815.000  8.9584328000e-01  6.2282428740e-02 
 816.000  8.7497477000e-01  5.9773944850e-02 
 817.000  8.8100187000e-01  6.0236721040e-02 
 818.000  8.7670412000e-01  5.9979534150e-02 
 819.000  8.5722549000e-01  5.9054019930e-02 
 820.000  8.5468577000e-01  6.0048797610e-02 
 821.000  8.9958577000e-01  6.4611038210e-02 
 822.000  8.6196052000e-01  6.0805282590e-02 
 823.000  8.3819854000e-01  5.6476634980e-02 
 824.000  8.8119428000e-01  6.1748126980e-02 
 825.000  8.9875900000e-01  6.4750335690e-02 
 826.000  9.0111733000e-01  6.4596496580e-02 
 827.000  8.9578990000e-01  6.3981975560e-02 
 828.000  8.8157687000e-01  6.1885211940e-02 
 829.000  8.8558689000e-01  6.2529529570e-02 
 830.000  8.7638609000e-01  6.2320602420e-02 
 831.000  8.6207528000e-01  6.1407352450e-02 
 832.000  8.8014196000e-01  6.2735347750e-02 
 833.000  8.5540913000e-01  6.1299900050e-02 
 834.000  8.7110705000e-01  6.2747829440e-02 
 835.000  8.7839296000e-01  6.3812236790e-02 
 836.000  8.8681210000e-01  6.4336860660e-02 
 837.000  8.7925361000e-01  6.3752059940e-02 
 838.000  8.8501024000e-01  6.4503936770e-02 
 839.000  8.5884598000e-01  6.2769699100e-02 
 840.000  8.8234551000e-01  6.4523994450e-02 
 841.000  8.8316512000e-01  6.4376228330e-02 
 842.000  8.7891585000e-01  6.4237289430e-02 
 843.000  8.7584047000e-01  6.4539459230e-02 
 844.000  8.6258060000e-01  6.3786582950e-02 
 845.000  8.7623052000e-01  6.4903900150e-02 
 846.000  8.8459852000e-01  6.5682106020e-02 
 847.000  8.5469114000e-01  6.3628978730e-02 
 848.000  8.7887194000e-01  6.5214546200e-02 
 849.000  8.8059911000e-01  6.5437339780e-02 
 850.000  7.6095165000e-01  5.6415195470e-02 
 851.000  8.7124255000e-01  6.4453788760e-02 
 852.000  8.3824430000e-01  6.2075576780e-02 
 853.000  8.4871298000e-01  6.2979137420e-02 
 854.000  6.8228538000e-01  5.0655204770e-02 
 855.000  7.5137076000e-01  5.5906356810e-02 
 856.000  8.5321076000e-01  6.3616790770e-02 
 857.000  8.6705769000e-01  6.4804069520e-02 
 858.000  8.5326709000e-01  6.3802543640e-02 
 859.000  8.5334036000e-01  6.3899742130e-02 
 860.000  8.4580569000e-01  6.3425113680e-02 
 861.000  8.4570005000e-01  6.3420162200e-02 
 862.000  8.4293680000e-01  6.3195011140e-02 
 863.000  8.5905128000e-01  6.4487220760e-02 
 864.000  8.5733640000e-01  6.4279541020e-02 
 865.000  8.4137147000e-01  6.3192565920e-02 
 866.000  7.0573789000e-01  5.3047794340e-02 
 867.000  7.5152751000e-01  5.6358432770e-02 
 868.000  8.1506637000e-01  6.1197155000e-02 
 869.000  8.0362919000e-01  6.0345298770e-02 
 870.000  8.3677266000e-01  6.2924190520e-02 
 871.000  8.3559153000e-01  6.2802986150e-02 
 872.000  8.3222610000e-01  6.2413356780e-02 
 873.000  8.3555886000e-01  6.2757801060e-02 
 874.000  8.1723566000e-01  6.1335189820e-02 
 875.000  8.0972130000e-01  6.0882034300e-02 
 876.000  8.1643558000e-01  6.1334522250e-02 
 877.000  8.3269927000e-01  6.2464214320e-02 
 878.000  8.1835017000e-01  6.1421936040e-02 
 879.000  8.2024840000e-01  6.1613388060e-02 
 880.000  8.1545230000e-01  6.1114143370e-02 
 881.000  7.7305041000e-01  5.7968006130e-02 
 882.000  8.1571210000e-01  6.1036540990e-02 
 883.000  7.9711560000e-01  5.9798061370e-02 
 884.000  8.0389318000e-01  6.0471820830e-02 
 885.000  8.1208588000e-01  6.0736721040e-02 
 886.000  7.8539218000e-01  5.8707435610e-02 
 887.000  7.7739515000e-01  5.8168266300e-02 
 888.000  8.0065932000e-01  5.9795295720e-02 
 889.000  8.0609047000e-01  6.0423404690e-02 
 890.000  8.0345728000e-01  6.0133243560e-02 
 891.000  7.9869100000e-01  5.9551639560e-02 
 892.000  7.9441564000e-01  5.8914165500e-02 
 893.000  7.5857115000e-01  5.5209251400e-02 
 894.000  7.8070632000e-01  5.6401878360e-02 
 895.000  7.3100203000e-01  5.1696262360e-02 
 896.000  7.4509146000e-01  5.1500446320e-02 
 897.000  7.1261167000e-01  4.8289852140e-02 
 898.000  7.0659390000e-01  4.7338203430e-02 
 899.000  6.8528076000e-01  4.4559135440e-02 
 900.000  6.7111882000e-01  4.3754432680e-02 
 901.000  6.5157921000e-01  4.2184001920e-02 
 902.000  6.4042549000e-01  4.1541633610e-02 
 903.000  7.0565961000e-01  4.8018604280e-02 
 904.000  7.3972830000e-01  5.1760231020e-02 
 905.000  7.3695468000e-01  5.1717308040e-02 
 906.000  7.0474599000e-01  4.8604457860e-02 
 907.000  6.9372533000e-01  4.6302768710e-02 
 908.000  6.6197135000e-01  4.3194770810e-02 
 909.000  6.4952214000e-01  4.2408702850e-02 
 910.000  6.5941983000e-01  4.3195056920e-02 
 911.000  6.6744997000e-01  4.4471797940e-02 
 912.000  6.6411384000e-01  4.3799777980e-02 
 913.000  6.5841937000e-01  4.2175476070e-02 
 914.000  6.6456874000e-01  4.3187065120e-02 
 915.000  6.6175794000e-01  4.3660114290e-02 
 916.000  6.7117104000e-01  4.4386901860e-02 
 917.000  6.6494508000e-01  4.4257938390e-02 
 918.000  6.6708235000e-01  4.4783733370e-02 
 919.000  6.9486326000e-01  4.8210517880e-02 
 920.000  7.0232077000e-01  4.9561691280e-02 
 921.000  6.8386832000e-01  4.8045566560e-02 
 922.000  6.7746935000e-01  4.7656677250e-02 
 923.000  6.4539346000e-01  4.4912956240e-02 
 924.000  6.6349804000e-01  4.5746414180e-02 
 925.000  6.7157166000e-01  4.6193908690e-02 
 926.000  6.4748114000e-01  4.4390563960e-02 
 927.000  6.6079505000e-01  4.4705463410e-02 
 928.000  6.4800639000e-01  4.2590038300e-02 
 929.000  6.1470936000e-01  3.8772033690e-02 
 930.000  5.8184487000e-01  3.4754005430e-02 
 931.000  5.4577015000e-01  3.0524618150e-02 
 932.000  4.9309448000e-01  2.5095788960e-02 
 933.000  4.5741803000e-01  2.1756711960e-02 
 934.000  4.1430082000e-01  1.8351230620e-02 
 935.000  4.0410925000e-01  1.7742977140e-02 
 936.000  4.1674717000e-01  1.8811721800e-02 
 937.000  4.2187558000e-01  1.8937810900e-02 
 938.000  4.5993128000e-01  2.2370389940e-02 
 939.000  5.6948923000e-01  3.3469028470e-02 
 940.000  5.8138129000e-01  3.5013080600e-02 
 941.000  5.5546373000e-01  3.2818172450e-02 
 942.000  5.0395574000e-01  2.8178493500e-02 
 943.000  4.7617933000e-01  2.4089141850e-02 
 944.000  4.5937127000e-01  2.3063291550e-02 
 945.000  4.8356225000e-01  2.5146677020e-02 
 946.000  4.9111401000e-01  2.5612102510e-02 
 947.000  5.0535530000e-01  2.7256450650e-02 
 948.000  5.1846200000e-01  2.8516862870e-02 
 949.000  5.1864776000e-01  2.8483598710e-02 
 950.000  5.1774243000e-01  2.8585243230e-02 
 951.000  5.3677430000e-01  3.0903028490e-02 
 952.000  5.1283118000e-01  2.8285161970e-02 
 953.000  5.2790516000e-01  3.0073465350e-02 
 954.000  5.4006840000e-01  3.1802288060e-02 
 955.000  4.9111608000e-01  2.8222370150e-02 
 956.000  5.2049137000e-01  2.9789232250e-02 
 957.000  5.6349476000e-01  3.4842517850e-02 
 958.000  5.7323854000e-01  3.5807498930e-02 
 959.000  5.6815845000e-01  3.5132850650e-02 
 960.000  5.6062446000e-01  3.4583457950e-02 
 961.000  5.5099069000e-01  3.3816238400e-02 
 962.000  5.5689624000e-01  3.4388053890e-02 
 963.000  5.7880212000e-01  3.7117633820e-02 
 964.000  5.7536496000e-01  3.7115543370e-02 
 965.000  5.8013705000e-01  3.7321281430e-02 
 966.000  5.6451794000e-01  3.6416542050e-02 
 967.000  5.9747013000e-01  3.9589286800e-02 
 968.000  6.1721843000e-01  4.2679008480e-02 
 969.000  6.3276626000e-01  4.4574748990e-02 
 970.000  6.3508844000e-01  4.4799602510e-02 
 971.000  6.2916603000e-01  4.4377452850e-02 
 972.000  6.3033804000e-01  4.4240322110e-02 
 973.000  6.1670196000e-01  4.2783409120e-02 
 974.000  5.9794077000e-01  4.0892684940e-02 
 975.000  5.9488666000e-01  4.0305061340e-02 
 976.000  6.0955983000e-01  4.1798416140e-02 
 977.000  6.0601815000e-01  4.2354869840e-02 
 978.000  6.1996838000e-01  4.3288352970e-02 
 979.000  6.0495242000e-01  4.2468307500e-02 
 980.000  6.2566132000e-01  4.4785766600e-02 
 981.000  6.3262920000e-01  4.5491436000e-02 
 982.000  6.2851984000e-01  4.5014415740e-02 
 983.000  6.3301487000e-01  4.5805492400e-02 
 984.000  6.3512703000e-01  4.6461883540e-02 
 985.000  6.3841840000e-01  4.7004463200e-02 
 986.000  6.3782756000e-01  4.7364509580e-02 
 987.000  6.4714379000e-01  4.8243274690e-02 
 988.000  6.3954407000e-01  4.7721805570e-02 
 989.000  6.3169013000e-01  4.7164527890e-02 
 990.000  6.3754007000e-01  4.7646938320e-02 
 991.000  6.4444111000e-01  4.8328872680e-02 
 992.000  6.3894273000e-01  4.7966362000e-02 
 993.000  6.3907024000e-01  4.7996948240e-02 
 994.000  6.4377550000e-01  4.8497589110e-02 
 995.000  6.4005380000e-01  4.8328369140e-02 
 996.000  6.3991578000e-01  4.8319725040e-02 
 997.000  6.3994399000e-01  4.8256050110e-02 
 998.000  6.3684057000e-01  4.7954143520e-02 
 999.000  6.3498195000e-01  4.7789409640e-02 
1000.000  6.3013483000e-01  4.7449481960e-02 
1001.000  6.3215666000e-01  4.7454040530e-02 
1002.000  6.2884748000e-01  4.6973140720e-02 
1003.000  6.2204012000e-01  4.6526073460e-02 
1004.000  6.1814410000e-01  4.6375930790e-02 
1005.000  5.7807939000e-01  4.3433471680e-02 
1006.000  6.0844717000e-01  4.5742893220e-02 
1007.000  6.1910092000e-01  4.6504428860e-02 
1008.000  6.1986959000e-01  4.6377960210e-02 
1009.000  6.1362133000e-01  4.5672622680e-02 
1010.000  6.1699890000e-01  4.6039608000e-02 
1011.000  6.1627886000e-01  4.6255123140e-02 
1012.000  6.1743427000e-01  4.6450054170e-02 
1013.000  6.1372785000e-01  4.6258136750e-02 
1014.000  6.1795647000e-01  4.6642925260e-02 
1015.000  6.0659763000e-01  4.5825214390e-02 
1016.000  6.1081089000e-01  4.6214344020e-02 
1017.000  6.0490884000e-01  4.5815719600e-02 
1018.000  6.1244570000e-01  4.6378067020e-02 
1019.000  5.9768687000e-01  4.5197029110e-02 
1020.000  5.9669059000e-01  4.5135044100e-02 
1021.000  6.0316919000e-01  4.5649547580e-02 
1022.000  5.9320763000e-01  4.4738731380e-02 
1023.000  6.0382524000e-01  4.5401309970e-02 
1024.000  6.0030357000e-01  4.5038482670e-02 
1025.000  6.0143388000e-01  4.5250778200e-02 
1026.000  6.0270393000e-01  4.5419670100e-02 
1027.000  5.9881966000e-01  4.5137054440e-02 
1028.000  6.0042151000e-01  4.5328384400e-02 
1029.000  5.9179700000e-01  4.4792884830e-02 
1030.000  5.9825176000e-01  4.5399517060e-02 
1031.000  5.9661040000e-01  4.5361495970e-02 
1032.000  5.9469988000e-01  4.5280281070e-02 
1033.000  5.8378614000e-01  4.4449958800e-02 
1034.000  5.8948961000e-01  4.4896919250e-02 
1035.000  5.8179012000e-01  4.4299701690e-02 
1036.000  5.9140810000e-01  4.5038009640e-02 
1037.000  5.7895510000e-01  4.4087844850e-02 
1038.000  5.8468023000e-01  4.4521102910e-02 
1039.000  5.8706563000e-01  4.4686641690e-02 
1040.000  5.8011552000e-01  4.4144271850e-02 
1041.000  5.8313787000e-01  4.4359252930e-02 
1042.000  5.8486616000e-01  4.4479312900e-02 
1043.000  5.7476914000e-01  4.3702342990e-02 
1044.000  5.8048369000e-01  4.4123481750e-02 
1045.000  5.7794684000e-01  4.3956775670e-02 
1046.000  5.6113481000e-01  4.2713771820e-02 
1047.000  5.7143119000e-01  4.3532962800e-02 
1048.000  5.7709678000e-01  4.4005237580e-02 
1049.000  5.7339005000e-01  4.3767753600e-02 
1050.000  5.7098135000e-01  4.3614418030e-02 
1051.000  5.6996923000e-01  4.3512409210e-02 
1052.000  5.6729929000e-01  4.3285789490e-02 
1053.000  5.6586693000e-01  4.3166004180e-02 
1054.000  5.6165072000e-01  4.2804245000e-02 
1055.000  5.6574098000e-01  4.3088867190e-02 
1056.000  5.6421436000e-01  4.2946578980e-02 
1057.000  5.6315873000e-01  4.2822925570e-02 
1058.000  5.5711592000e-01  4.2281692500e-02 
1059.000  5.3960703000e-01  4.0987445830e-02 
1060.000  5.5912798000e-01  4.2554660800e-02 
1061.000  5.3951409000e-01  4.1073173520e-02 
1062.000  5.5438862000e-01  4.2165081020e-02 
1063.000  5.4500073000e-01  4.1437301640e-02 
1064.000  5.5172868000e-01  4.1876987460e-02 
1065.000  5.5090086000e-01  4.1718364720e-02 
1066.000  5.3402658000e-01  4.0422473910e-02 
1067.000  5.4663024000e-01  4.1325935360e-02 
1068.000  5.4389866000e-01  4.0963283540e-02 
1069.000  5.0266553000e-01  3.7778694150e-02 
1070.000  5.3255450000e-01  4.0060714720e-02 
1071.000  5.3303765000e-01  4.0039531710e-02 
1072.000  5.3442617000e-01  4.0089599610e-02 
1073.000  5.1676630000e-01  3.8772068020e-02 
1074.000  5.3493439000e-01  4.0172126770e-02 
1075.000  5.1890542000e-01  3.9101066590e-02 
1076.000  5.2993645000e-01  3.9866313930e-02 
1077.000  5.2825166000e-01  3.9653472900e-02 
1078.000  5.2901843000e-01  3.9614322660e-02 
1079.000  5.0856575000e-01  3.8070369720e-02 
1080.000  5.2199639000e-01  3.8813526150e-02 
1081.000  5.0269794000e-01  3.7364509580e-02 
1082.000  5.0982873000e-01  3.7987346650e-02 
1083.000  4.9521647000e-01  3.6725967410e-02 
1084.000  5.1310924000e-01  3.7879783630e-02 
1085.000  5.0391562000e-01  3.6825237270e-02 
1086.000  5.1109726000e-01  3.7383956910e-02 
1087.000  4.8237955000e-01  3.5660064700e-02 
1088.000  5.1170086000e-01  3.7885963440e-02 
1089.000  4.8893269000e-01  3.5787429810e-02 
1090.000  4.9891347000e-01  3.6468425750e-02 
1091.000  5.0281494000e-01  3.6878021240e-02 
1092.000  4.8948301000e-01  3.5717269900e-02 
1093.000  4.7963973700e-01  3.4561496730e-02 
1094.000  4.3488565000e-01  3.1146389010e-02 
1095.000  4.7100580400e-01  3.3729293820e-02 
1096.000  4.7233261000e-01  3.3835983280e-02 
1097.000  4.6228511800e-01  3.2980415340e-02 
1098.000  4.4500795900e-01  3.0697000500e-02 
1099.000  4.3473048600e-01  2.9092844010e-02 
1100.000  4.4301676900e-01  2.9709270480e-02 
1101.000  4.4367353700e-01  2.9875003810e-02 
1102.000  4.2454068000e-01  2.8522991180e-02 
1103.000  4.4246705000e-01  2.9802789690e-02 
1104.000  4.3727616100e-01  2.9301380160e-02 
1105.000  4.3154092300e-01  2.8549415590e-02 
1106.000  4.2273631600e-01  2.7621414180e-02 
1107.000  4.2357114700e-01  2.7746141430e-02 
1108.000  4.2323951300e-01  2.7762035370e-02 
1109.000  4.2972305900e-01  2.8452169420e-02 
1110.000  4.3148419800e-01  2.8478389740e-02 
1111.000  4.2353019300e-01  2.7763401030e-02 
1112.000  4.0720551100e-01  2.5964736940e-02 
1113.000  3.8855297800e-01  2.3760921480e-02 
1114.000  3.8836224700e-01  2.3387714390e-02 
1115.000  3.6282507700e-01  2.0579116820e-02 
1116.000  3.4470039600e-01  1.8812957760e-02 
1117.000  3.1577663600e-01  1.5823419570e-02 
1118.000  2.8188159100e-01  1.2991981510e-02 
1119.000  2.5806457500e-01  1.1304864880e-02 
1120.000  2.3792356800e-01  9.7675561900e-03 
1121.000  2.3484602200e-01  9.4867477420e-03 
1122.000  2.1110106100e-01  7.9079046250e-03 
1123.000  2.2494135600e-01  8.7588300700e-03 
1124.000  2.3388777500e-01  9.3304824830e-03 
1125.000  2.2473661100e-01  8.8467731480e-03 
1126.000  2.1869165100e-01  8.5683403020e-03 
1127.000  2.2785570300e-01  8.9970922470e-03 
1128.000  2.2706972800e-01  9.0952959060e-03 
1129.000  2.4986155400e-01  1.0683485030e-02 
1130.000  2.9860136100e-01  1.4485858920e-02 
1131.000  3.1551455700e-01  1.5846571920e-02 
1132.000  2.9757947300e-01  1.4240095140e-02 
1133.000  2.5541020500e-01  1.1184225080e-02 
1134.000  1.8682685100e-01  6.6028590200e-03 
1135.000  1.9447220300e-01  7.0249557500e-03 
1136.000  2.6156141400e-01  1.1656373980e-02 
1137.000  2.9977251100e-01  1.4613045690e-02 
1138.000  3.2022468100e-01  1.7012594220e-02 
1139.000  3.3622931900e-01  1.8413473130e-02 
1140.000  3.3122411100e-01  1.7856250760e-02 
1141.000  3.0969847300e-01  1.6203203200e-02 
1142.000  3.1384107800e-01  1.6231449130e-02 
1143.000  2.9496308400e-01  1.4718470570e-02 
1144.000  2.7771009200e-01  1.3316053390e-02 
1145.000  2.5687510600e-01  1.1586975100e-02 
1146.000  2.6487791200e-01  1.2130306240e-02 
1147.000  2.8395661700e-01  1.3638411520e-02 
1148.000  2.9654837300e-01  1.4837258340e-02 
1149.000  3.0346252600e-01  1.5445314410e-02 
1150.000  3.0221109400e-01  1.5444187160e-02 
1151.000  3.1005405100e-01  1.6279592510e-02 
1152.000  3.1368355700e-01  1.6689384460e-02 
1153.000  3.1935624900e-01  1.7312231060e-02 
1154.000  3.1960697400e-01  1.7281818390e-02 
1155.000  3.3240609600e-01  1.8630374910e-02 
1156.000  3.4082905400e-01  1.9838769910e-02 
1157.000  3.7016783600e-01  2.3093891140e-02 
1158.000  3.8050669200e-01  2.4397691730e-02 
1159.000  3.8370956400e-01  2.5184860230e-02 
1160.000  3.8229091900e-01  2.5348497390e-02 
1161.000  3.8280457800e-01  2.5953830720e-02 
1162.000  4.0308671500e-01  2.7809028630e-02 
1163.000  4.1263085300e-01  2.9035921100e-02 
1164.000  4.0607172500e-01  2.8696413040e-02 
1165.000  4.1441031400e-01  2.9376344680e-02 
1166.000  4.0521499700e-01  2.8867967610e-02 
1167.000  4.1274649800e-01  2.9497404100e-02 
1168.000  4.1595585500e-01  2.9707960130e-02 
1169.000  4.0263700400e-01  2.8847070690e-02 
1170.000  4.1447148900e-01  2.9776889800e-02 
1171.000  4.1913515400e-01  3.0306001660e-02 
1172.000  4.1619494300e-01  2.9994327550e-02 
1173.000  4.1169950300e-01  2.9577772140e-02 
1174.000  4.1200212400e-01  2.9613523480e-02 
1175.000  4.1144508100e-01  2.9861335750e-02 
1176.000  4.0532971500e-01  2.9681432720e-02 
1177.000  4.1599835300e-01  3.0342897420e-02 
1178.000  4.0524027100e-01  2.9316120150e-02 
1179.000  4.0343165400e-01  2.9192861560e-02 
1180.000  4.0774098200e-01  2.9420953750e-02 
1181.000  4.0213941000e-01  2.8794231410e-02 
1182.000  3.9914281500e-01  2.8358661650e-02 
1183.000  3.7637541200e-01  2.6768434520e-02 
1184.000  3.9532206100e-01  2.8245210650e-02 
1185.000  4.0545322400e-01  2.9292078020e-02 
1186.000  4.0159894600e-01  2.8921249390e-02 
1187.000  3.9674743600e-01  2.8256525040e-02 
1188.000  3.9356529500e-01  2.7953512190e-02 
1189.000  3.7345656400e-01  2.6701704030e-02 
1190.000  3.9953828500e-01  2.9058048250e-02 
1191.000  4.0808216400e-01  2.9819627760e-02 
1192.000  4.0914909100e-01  3.0108810420e-02 
1193.000  4.0859437200e-01  3.0000577930e-02 
1194.000  4.0731707800e-01  2.9878112790e-02 
1195.000  3.9952892700e-01  2.9101305010e-02 
1196.000  3.9971951600e-01  2.9154533390e-02 
1197.000  3.9804657800e-01  2.8937686920e-02 
1198.000  3.8433758100e-01  2.7927022930e-02 
1199.000  3.6822070100e-01  2.6644578930e-02 
1200.000  3.9254115500e-01  2.8483955380e-02 
1201.000  3.9579553500e-01  2.8764329910e-02 
1202.000  3.9670446900e-01  2.8895647050e-02 
1203.000  3.7629354700e-01  2.7378580090e-02 
1204.000  3.8314040900e-01  2.7951433180e-02 
1205.000  3.9730753600e-01  2.9355384830e-02 
1206.000  3.9735254500e-01  2.9529499050e-02 
1207.000  4.0102800100e-01  2.9876419070e-02 
1208.000  3.9446801100e-01  2.9335855480e-02 
1209.000  3.6869517300e-01  2.7338569640e-02 
1210.000  3.9250663100e-01  2.8955268860e-02 
1211.000  3.7910966300e-01  2.7951341630e-02 
1212.000  3.9153619600e-01  2.8915428160e-02 
1213.000  3.9512608300e-01  2.9335348130e-02 
1214.000  3.9306560400e-01  2.9172941210e-02 
1215.000  3.9514238300e-01  2.9394781110e-02 
1216.000  3.9690546000e-01  2.9776212690e-02 
1217.000  3.9851118400e-01  3.0113727570e-02 
1218.000  3.9808782400e-01  3.0188808440e-02 
1219.000  3.9485922900e-01  3.0010206220e-02 
1220.000  3.9759337400e-01  3.0217197420e-02 
1221.000  3.9711982400e-01  3.0199501040e-02 
1222.000  3.9510531100e-01  3.0051319120e-02 
1223.000  3.9344147700e-01  2.9964376450e-02 
1224.000  3.9796415500e-01  3.0452188490e-02 
1225.000  3.9608960400e-01  3.0353935240e-02 
1226.000  3.9788978500e-01  3.0551557540e-02 
1227.000  3.8507019800e-01  2.9650861740e-02 
1228.000  3.9792004400e-01  3.0745094300e-02 
1229.000  3.9806694400e-01  3.0836765290e-02 
1230.000  3.9736965700e-01  3.0873849870e-02 
1231.000  3.9773896300e-01  3.0958324430e-02 
1232.000  3.9339036400e-01  3.0648141860e-02 
1233.000  3.9656954100e-01  3.0917913440e-02 
1234.000  3.9623586800e-01  3.1003986360e-02 
1235.000  3.9379300100e-01  3.0855867390e-02 
1236.000  3.9628765500e-01  3.1081884380e-02 
1237.000  3.9653805100e-01  3.1143186570e-02 
1238.000  3.9638209500e-01  3.1151512150e-02 
1239.000  3.9191071900e-01  3.0815010070e-02 
1240.000  3.9013732000e-01  3.0712364200e-02 
1241.000  3.9354439600e-01  3.1009809490e-02 
1242.000  3.9115360400e-01  3.0847158430e-02 
1243.000  3.8670367900e-01  3.0523164750e-02 
1244.000  3.8306874900e-01  3.0251203540e-02 
1245.000  3.8954099000e-01  3.0777359010e-02 
1246.000  3.8638653400e-01  3.0500041960e-02 
1247.000  3.8430632900e-01  3.0305969240e-02 
1248.000  3.8711562800e-01  3.0498472210e-02 
1249.000  3.8561306500e-01  3.0361795430e-02 
1250.000  3.8393726200e-01  3.0202262880e-02 
1251.000  3.8111193700e-01  2.9960876460e-02 
1252.000  3.7967715900e-01  2.9818466190e-02 
1253.000  3.7622872600e-01  2.9514966960e-02 
1254.000  3.7658904000e-01  2.9476907730e-02 
1255.000  3.7550775500e-01  2.9351257320e-02 
1256.000  3.7431494500e-01  2.9227615360e-02 
1257.000  3.6947315200e-01  2.8783741000e-02 
1258.000  3.6955636300e-01  2.8669456480e-02 
1259.000  3.6433030100e-01  2.8165740970e-02 
1260.000  3.6346787500e-01  2.7989206310e-02 
1261.000  3.6125585900e-01  2.7708131790e-02 
1262.000  3.5023915000e-01  2.6700616840e-02 
1263.000  3.5321646400e-01  2.6903820040e-02 
1264.000  3.4688271500e-01  2.6418031690e-02 
1265.000  3.4720623500e-01  2.6451702120e-02 
1266.000  3.4806699700e-01  2.6477125170e-02 
1267.000  3.4000101500e-01  2.5824777600e-02 
1268.000  3.3492130700e-01  2.5400779720e-02 
1269.000  3.3727341500e-01  2.5564647670e-02 
1270.000  3.4544318100e-01  2.6318088530e-02 
1271.000  3.4935775300e-01  2.6672187810e-02 
1272.000  3.4994116400e-01  2.6781898500e-02 
1273.000  3.5109949100e-01  2.6953075410e-02 
1274.000  3.5079693600e-01  2.7026205060e-02 
1275.000  3.5373334200e-01  2.7283376690e-02 
1276.000  3.5481582400e-01  2.7370803830e-02 
1277.000  3.5485702000e-01  2.7354791640e-02 
1278.000  3.5416951900e-01  2.7272562030e-02 
1279.000  3.5214735700e-01  2.7127553940e-02 
1280.000  3.5104830300e-01  2.7136323930e-02 
1281.000  3.4197761000e-01  2.6524255750e-02 
1282.000  3.0444286200e-01  2.3692987440e-02 
1283.000  3.3463612400e-01  2.6090091710e-02 
1284.000  3.4850870200e-01  2.7193117140e-02 
1285.000  3.5134657600e-01  2.7434501650e-02 
1286.000  3.5080524500e-01  2.7344522480e-02 
1287.000  3.5207701600e-01  2.7360656740e-02 
1288.000  3.4659907500e-01  2.6655052190e-02 
1289.000  3.4765161900e-01  2.6649845120e-02 
1290.000  3.3954012000e-01  2.6010459900e-02 
1291.000  3.4476894600e-01  2.6419702530e-02 
1292.000  3.4763674300e-01  2.6712299350e-02 
1293.000  3.4807594600e-01  2.6721977230e-02 
1294.000  3.4114211300e-01  2.6037197110e-02 
1295.000  3.4249168600e-01  2.5931312560e-02 
1296.000  3.4030597100e-01  2.5572734830e-02 
1297.000  3.3621505200e-01  2.5125942230e-02 
1298.000  3.3302961500e-01  2.4874534610e-02 
1299.000  3.3625213900e-01  2.5100769040e-02 
1300.000  3.3456342900e-01  2.4959312440e-02 
1301.000  3.3358391500e-01  2.4845670700e-02 
1302.000  3.2791192900e-01  2.4301305770e-02 
1303.000  3.2194772900e-01  2.3554286960e-02 
1304.000  3.2058018100e-01  2.3317022320e-02 
1305.000  3.2183224900e-01  2.3345436100e-02 
1306.000  3.2161416400e-01  2.3262033460e-02 
1307.000  3.1960449000e-01  2.3048738480e-02 
1308.000  3.1663822400e-01  2.2654994960e-02 
1309.000  3.1271093000e-01  2.2134490970e-02 
1310.000  3.1099088800e-01  2.1996353150e-02 
1311.000  3.1013731100e-01  2.1936456680e-02 
1312.000  3.0471613000e-01  2.1283939360e-02 
1313.000  2.8862745100e-01  1.9858537670e-02 
1314.000  2.9314814700e-01  1.9900476460e-02 
1315.000  2.8537802100e-01  1.9493909840e-02 
1316.000  2.9534722300e-01  2.0362058640e-02 
1317.000  2.9835048800e-01  2.0561372760e-02 
1318.000  2.8896921400e-01  1.9594141010e-02 
1319.000  2.8533449900e-01  1.8919158940e-02 
1320.000  2.7463473100e-01  1.7719879150e-02 
1321.000  2.7010760800e-01  1.7231737140e-02 
1322.000  2.7517108900e-01  1.7863634110e-02 
1323.000  2.8205151500e-01  1.8631816860e-02 
1324.000  2.8530946200e-01  1.9021617890e-02 
1325.000  2.8293147000e-01  1.8744800570e-02 
1326.000  2.7586127500e-01  1.7963922500e-02 
1327.000  2.6134906100e-01  1.6310838700e-02 
1328.000  2.4824136900e-01  1.4696575160e-02 
1329.000  2.1418733900e-01  1.1489242550e-02 
1330.000  2.0815039200e-01  1.0759944920e-02 
1331.000  2.0266817800e-01  1.0228479390e-02 
1332.000  2.0047275400e-01  1.0186989780e-02 
1333.000  2.1147977500e-01  1.0974213600e-02 
1334.000  2.1989414100e-01  1.1730196950e-02 
1335.000  2.2583563000e-01  1.2292222980e-02 
1336.000  2.2572828200e-01  1.2374962810e-02 
1337.000  2.2828353600e-01  1.2551171300e-02 
1338.000  2.3203394700e-01  1.2949979780e-02 
1339.000  2.3254779100e-01  1.3044493680e-02 
1340.000  2.3416703400e-01  1.3306496620e-02 
1341.000  2.3812470100e-01  1.3398903850e-02 
1342.000  2.3802804900e-01  1.3413208010e-02 
1343.000  2.2900391000e-01  1.2246781350e-02 
1344.000  2.1515868600e-01  1.0833782200e-02 
1345.000  1.7802668300e-01  7.7223477360e-03 
1346.000  1.5186213100e-01  5.7761435510e-03 
1347.000  1.3469971800e-01  4.7050285340e-03 
1348.000  1.1167312600e-01  3.2835204600e-03 
1349.000  1.0157112030e-01  2.7841508390e-03 
1350.000  7.9120036900e-02  1.7223955390e-03 
1351.000  6.8305046000e-02  1.3313707110e-03 
1352.000  5.2245446400e-02  7.9113304620e-04 
1353.000  3.7031227200e-02  4.3479955200e-04 
1354.000  2.9609909300e-02  2.9098367690e-04 
1355.000  2.2989615700e-02  1.8687731030e-04 
1356.000  1.7384924800e-02  1.1394537990e-04 
1357.000  1.1883077270e-02  5.7549584660e-05 
1358.000  8.7943020900e-03  3.5192381590e-05 
1359.000  4.6371901100e-03  1.1976311910e-05 
1360.000  3.0667195500e-03  6.3039809470e-06 
1361.000  2.2822903100e-03  3.7574246530e-06 
1362.000  2.1000787100e-03  3.3075739630e-06 
1363.000  3.0298721200e-03  5.7737650350e-06 
1364.000  3.5132263900e-03  7.2333994320e-06 
1365.000  3.6785380500e-03  7.6373377810e-06 
1366.000  4.2480988500e-03  9.5442328600e-06 
1367.000  3.5684712600e-03  7.4841678140e-06 
1368.000  3.1641443500e-03  6.4743938860e-06 
1369.000  3.2446888500e-03  6.8161315280e-06 
1370.000  5.3662031100e-03  1.5814460810e-05 
1371.000  9.5567414200e-03  3.9621919390e-05 
1372.000  1.7696159500e-02  1.0950240490e-04 
1373.000  2.5103448700e-02  1.9334276020e-04 
1374.000  3.0483422900e-02  2.6768875120e-04 
1375.000  3.2500663800e-02  3.0087095500e-04 
1376.000  3.0145723200e-02  2.6721084120e-04 
1377.000  2.6837204400e-02  2.1865876020e-04 
1378.000  2.0455549500e-02  1.3966360690e-04 
1379.000  1.4046699380e-02  7.5533069670e-05 
1380.000  7.9668945500e-03  3.0219066890e-05 
1381.000  4.6085469200e-03  1.2624023480e-05 
1382.000  3.2226943600e-03  7.1354899560e-06 
1383.000  3.1180831900e-03  6.6749220710e-06 
1384.000  5.0718359400e-03  1.4418010600e-05 
1385.000  7.2001154700e-03  2.5308221580e-05 
1386.000  1.0997424460e-02  4.9984611570e-05 
1387.000  2.0206234700e-02  1.3773816820e-04 
1388.000  2.6781515500e-02  2.1664182840e-04 
1389.000  3.0763847200e-02  2.7656149860e-04 
1390.000  3.1403164600e-02  2.8957426550e-04 
1391.000  2.9315245500e-02  2.5825217370e-04 
1392.000  2.2163608600e-02  1.6372159120e-04 
1393.000  1.6942344700e-02  1.0698738690e-04 
1394.000  1.2979777340e-02  6.9973453880e-05 
1395.000  1.4631304200e-02  8.5047639910e-05 
1396.000  2.0077365600e-02  1.4105153080e-04 
1397.000  2.5909693100e-02  2.1535637970e-04 
1398.000  2.6682486400e-02  2.2573760150e-04 
1399.000  2.4913546400e-02  2.0519536730e-04 
1400.000  2.3296286700e-02  1.8691182140e-04 
1401.000  2.4765139800e-02  2.1078316870e-04 
1402.000  3.0702034900e-02  2.9592993860e-04 
1403.000  3.5348365100e-02  3.8607808950e-04 
1404.000  3.3248313200e-02  3.4898087380e-04 
1405.000  3.4826843400e-02  3.8784104590e-04 
1406.000  3.2294296400e-02  3.4089758990e-04 
1407.000  3.3492377600e-02  3.7418875100e-04 
1408.000  4.0142906800e-02  5.0518113370e-04 
1409.000  4.7056530200e-02  6.7358052730e-04 
1410.000  5.7714213300e-02  9.5291829110e-04 
1411.000  6.8648487400e-02  1.3180507420e-03 
1412.000  6.6322329700e-02  1.2760899070e-03 
1413.000  7.3147135200e-02  1.5339145660e-03 
1414.000  7.2118181000e-02  1.4770672320e-03 
1415.000  7.9725349600e-02  1.8086354730e-03 
1416.000  8.5658975700e-02  2.0565447810e-03 
1417.000  8.7864352200e-02  2.1761000160e-03 
1418.000  8.8647361900e-02  2.2054958340e-03 
1419.000  8.8462725000e-02  2.2479760650e-03 
1420.000  9.0563687200e-02  2.3439474110e-03 
1421.000  1.0185668070e-01  2.8885192870e-03 
1422.000  1.0427963340e-01  3.0612976550e-03 
1423.000  1.0544250890e-01  3.1614720820e-03 
1424.000  1.0508422800e-01  3.1374671460e-03 
1425.000  1.0389137510e-01  3.0465097430e-03 
1426.000  1.0016576370e-01  2.9455962180e-03 
1427.000  1.0609549820e-01  3.2338719370e-03 
1428.000  1.1205738540e-01  3.5032594200e-03 
1429.000  1.1365870150e-01  3.6692593100e-03 
1430.000  1.1089489040e-01  3.5863001350e-03 
1431.000  1.0331236170e-01  3.1960468290e-03 
1432.000  1.0101809870e-01  3.0377452370e-03 
1433.000  1.0073342930e-01  3.0215370660e-03 
1434.000  9.6081896300e-02  2.8163976670e-03 
1435.000  1.0315229900e-01  3.1643626690e-03 
1436.000  1.0572094580e-01  3.3046829700e-03 
1437.000  1.0740608330e-01  3.3903987410e-03 
1438.000  1.1386854840e-01  3.7604129310e-03 
1439.000  1.1596998150e-01  3.8461656570e-03 
1440.000  1.1119700730e-01  3.7395386700e-03 
1441.000  1.1810351550e-01  4.0013484950e-03 
1442.000  1.1328844100e-01  3.7844412330e-03 
1443.000  1.1532461810e-01  3.8619360920e-03 
1444.000  1.1792452500e-01  3.9989483360e-03 
1445.000  1.1816062180e-01  4.0226058960e-03 
1446.000  1.2367698220e-01  4.3186554910e-03 
1447.000  1.2705707200e-01  4.5383939740e-03 
1448.000  1.2850512400e-01  4.6105341910e-03 
1449.000  1.2598214450e-01  4.4573817250e-03 
1450.000  1.2046966300e-01  4.1670289040e-03 
1451.000  1.2181843040e-01  4.2670927050e-03 
1452.000  1.2714983700e-01  4.6552925110e-03 
1453.000  1.4168292500e-01  5.5187406540e-03 
1454.000  1.5417297500e-01  6.3835568430e-03 
1455.000  1.6014656400e-01  6.8793497090e-03 
1456.000  1.6725037800e-01  7.4480528830e-03 
1457.000  1.6994025500e-01  7.6087269780e-03 
1458.000  1.7326429500e-01  7.8171200750e-03 
1459.000  1.6839629600e-01  7.4194388390e-03 
1460.000  1.6071991000e-01  6.9367513660e-03 
1461.000  1.5763685000e-01  6.7288036350e-03 
1462.000  1.4914871500e-01  6.1641535760e-03 
1463.000  1.4815981000e-01  6.1317062380e-03 
1464.000  1.4624592700e-01  5.9976820950e-03 
1465.000  1.4300126300e-01  5.7248263360e-03 
1466.000  1.3327358700e-01  5.1740140910e-03 
1467.000  1.3230696900e-01  5.0227589610e-03 
1468.000  1.2416554420e-01  4.5958318710e-03 
1469.000  1.1778529750e-01  4.1720976830e-03 
1470.000  1.1437428300e-01  3.9892687800e-03 
1471.000  1.2137399470e-01  4.4793066980e-03 
1472.000  1.3365298800e-01  5.2629799840e-03 
1473.000  1.5019949900e-01  6.3932614330e-03 
1474.000  1.5743532000e-01  7.0896072390e-03 
1475.000  1.6023454600e-01  7.2305126190e-03 
1476.000  1.6049509600e-01  7.2565016750e-03 
1477.000  1.5705481000e-01  7.0026493070e-03 
1478.000  1.5091283100e-01  6.6385421750e-03 
1479.000  1.4791960800e-01  6.3738737110e-03 
1480.000  1.5100072200e-01  6.6221556660e-03 
1481.000  1.5382374300e-01  6.9238066670e-03 
1482.000  1.6077270300e-01  7.4515514370e-03 
1483.000  1.5899372900e-01  7.4360237120e-03 
1484.000  1.6002467400e-01  7.5133132930e-03 
1485.000  1.6232501100e-01  7.6084847450e-03 
1486.000  1.6369785700e-01  7.8729767800e-03 
1487.000  1.7371844500e-01  8.7704858780e-03 
1488.000  1.5223927600e-01  7.7367525100e-03 
1489.000  1.8682484400e-01  1.0107082370e-02 
1490.000  1.9765791500e-01  1.1266677860e-02 
1491.000  2.0472005200e-01  1.2002776150e-02 
1492.000  2.0100783400e-01  1.1863907810e-02 
1493.000  2.0843719900e-01  1.2521009450e-02 
1494.000  2.0813336600e-01  1.2553524020e-02 
1495.000  2.0985653700e-01  1.2875926970e-02 
1496.000  2.0949329200e-01  1.3175917630e-02 
1497.000  2.1460128300e-01  1.3540773390e-02 
1498.000  2.2168045700e-01  1.4285544400e-02 
1499.000  2.2266888300e-01  1.4632685660e-02 
1500.000  2.2953522300e-01  1.5307013510e-02 
1501.000  2.2822899600e-01  1.5173964500e-02 
1502.000  2.2454779600e-01  1.4849383350e-02 
1503.000  2.0059329900e-01  1.3216935160e-02 
1504.000  2.0992571500e-01  1.3911609650e-02 
1505.000  2.1254769700e-01  1.4305492400e-02 
1506.000  2.1547870100e-01  1.4547589300e-02 
1507.000  2.2829358500e-01  1.5626884460e-02 
1508.000  2.2628576100e-01  1.5618648530e-02 
1509.000  2.2880902200e-01  1.5934004780e-02 
1510.000  2.3290868400e-01  1.6291105270e-02 
1511.000  2.3505488800e-01  1.6551479340e-02 
1512.000  2.3136952900e-01  1.6369192120e-02 
1513.000  2.3127937400e-01  1.6423234940e-02 
1514.000  2.2811296900e-01  1.6229949950e-02 
1515.000  2.3341720200e-01  1.6677953720e-02 
1516.000  2.3151093000e-01  1.6559162140e-02 
1517.000  2.3088959100e-01  1.6560050960e-02 
1518.000  2.3660987400e-01  1.7069625850e-02 
1519.000  2.3482750400e-01  1.7054109570e-02 
1520.000  2.3842585700e-01  1.7486976620e-02 
1521.000  2.3503698900e-01  1.7364557270e-02 
1522.000  2.3367740900e-01  1.7307952880e-02 
1523.000  2.3970250500e-01  1.7825881960e-02 
1524.000  2.3761879200e-01  1.7687000270e-02 
1525.000  2.3188410900e-01  1.7264564510e-02 
1526.000  2.3851790400e-01  1.7769014360e-02 
1527.000  2.3640514600e-01  1.7653240200e-02 
1528.000  2.3850509600e-01  1.7867303850e-02 
1529.000  2.3775858300e-01  1.7811241150e-02 
1530.000  2.2290772900e-01  1.6745889660e-02 
1531.000  2.3854748500e-01  1.7950080870e-02 
1532.000  2.3741037600e-01  1.7898487090e-02 
1533.000  2.3644869600e-01  1.7839780810e-02 
1534.000  2.3297113800e-01  1.7586732860e-02 
1535.000  2.3395802100e-01  1.7671024320e-02 
1536.000  2.3708984300e-01  1.7943998340e-02 
1537.000  2.3802603800e-01  1.8074300770e-02 
1538.000  2.3170076800e-01  1.7656476970e-02 
1539.000  2.3671453100e-01  1.8098297120e-02 
1540.000  2.2816751800e-01  1.7489505770e-02 
1541.000  2.3297904200e-01  1.7877067570e-02 
1542.000  2.3436538100e-01  1.7991983410e-02 
1543.000  2.3372750300e-01  1.7961626050e-02 
1544.000  2.3672963700e-01  1.8218114850e-02 
1545.000  2.3763746200e-01  1.8327777860e-02 
1546.000  2.3785593400e-01  1.8390672680e-02 
1547.000  2.3554591500e-01  1.8253404620e-02 
1548.000  2.2858859700e-01  1.7749063490e-02 
1549.000  2.3444721000e-01  1.8226598740e-02 
1550.000  2.3312969300e-01  1.8142190930e-02 
1551.000  2.3190207300e-01  1.8049390790e-02 
1552.000  2.3585473800e-01  1.8354368210e-02 
1553.000  2.3462157500e-01  1.8263816830e-02 
1554.000  2.2602483600e-01  1.7591127400e-02 
1555.000  2.2979636300e-01  1.7894670490e-02 
1556.000  2.2540902900e-01  1.7582204820e-02 
1557.000  2.3278938600e-01  1.8204999920e-02 
1558.000  2.3094651600e-01  1.8095468520e-02 
1559.000  2.3096466000e-01  1.8128499980e-02 
1560.000  2.2697613500e-01  1.7855192180e-02 
1561.000  2.3227325200e-01  1.8282314300e-02 
1562.000  2.3216517300e-01  1.8256278990e-02 
1563.000  2.2869521200e-01  1.7975234990e-02 
1564.000  2.2403764800e-01  1.7592491150e-02 
1565.000  2.2728995000e-01  1.7825181960e-02 
1566.000  2.2298316400e-01  1.7498785020e-02 
1567.000  2.2262625400e-01  1.7467008590e-02 
1568.000  2.1747273500e-01  1.7044689180e-02 
1569.000  2.1765481100e-01  1.7035413740e-02 
1570.000  2.1160052300e-01  1.6552000050e-02 
1571.000  2.1727019700e-01  1.7018985750e-02 
1572.000  2.1710429400e-01  1.7015630720e-02 
1573.000  2.1380658400e-01  1.6788894650e-02 
1574.000  2.1464920800e-01  1.6896396640e-02 
1575.000  1.9942884900e-01  1.5727898600e-02 
1576.000  2.1425241800e-01  1.6904748920e-02 
1577.000  1.9353651700e-01  1.5258595470e-02 
1578.000  2.1188112100e-01  1.6692060470e-02 
1579.000  2.1320358200e-01  1.6790563580e-02 
1580.000  2.1775153600e-01  1.7155017850e-02 
1581.000  2.1630733600e-01  1.7029968260e-02 
1582.000  2.1215777400e-01  1.6743232730e-02 
1583.000  2.1496183900e-01  1.7002191540e-02 
1584.000  2.1322965200e-01  1.6904573440e-02 
1585.000  2.1967510900e-01  1.7447744370e-02 
1586.000  2.1691604300e-01  1.7243871690e-02 
1587.000  2.1465490700e-01  1.7096323010e-02 
1588.000  2.1150577800e-01  1.6875083920e-02 
1589.000  1.9350578100e-01  1.5449884410e-02 
1590.000  2.0847303000e-01  1.6654083250e-02 
1591.000  2.0380252300e-01  1.6294528960e-02 
1592.000  2.1447447600e-01  1.7149524690e-02 
1593.000  2.1908926200e-01  1.7514747620e-02 
1594.000  2.1721478200e-01  1.7362745290e-02 
1595.000  2.1818798600e-01  1.7441246030e-02 
1596.000  2.0438395600e-01  1.6352762220e-02 
1597.000  2.1197273200e-01  1.6954172130e-02 
1598.000  2.1488749100e-01  1.7173427580e-02 
1599.000  2.0645279700e-01  1.6479040150e-02 
1600.000  2.0890497800e-01  1.6660879140e-02 
1601.000  2.0011053900e-01  1.5974884990e-02 
1602.000  2.0497654000e-01  1.6391653060e-02 
1603.000  2.0374892200e-01  1.6341131210e-02 
1604.000  2.0679250300e-01  1.6638624190e-02 
1605.000  2.0373484500e-01  1.6422700880e-02 
1606.000  2.0309629100e-01  1.6405450820e-02 
1607.000  2.0378356100e-01  1.6440227510e-02 
1608.000  2.0597724400e-01  1.6597028730e-02 
1609.000  2.0518516900e-01  1.6522632600e-02 
1610.000  1.9252827400e-01  1.5496371270e-02 
1611.000  1.9867307300e-01  1.6005180360e-02 
1612.000  2.0114020100e-01  1.6219596860e-02 
1613.000  2.0615793500e-01  1.6638687130e-02 
1614.000  2.0413394900e-01  1.6462989810e-02 
1615.000  2.0790385300e-01  1.6775587080e-02 
1616.000  1.9518838100e-01  1.5752433780e-02 
1617.000  2.0129040900e-01  1.6290342330e-02 
1618.000  2.0756184900e-01  1.6819833760e-02 
1619.000  2.0728083600e-01  1.6843769070e-02 
1620.000  2.0239090400e-01  1.6490995410e-02 
1621.000  1.9966484200e-01  1.6305698390e-02 
1622.000  2.0468986400e-01  1.6724763870e-02 
1623.000  2.0896931200e-01  1.7092853550e-02 
1624.000  2.1049683700e-01  1.7230842590e-02 
1625.000  2.0548329500e-01  1.6856052400e-02 
1626.000  2.0778373400e-01  1.7031112670e-02 
1627.000  2.0754527900e-01  1.7030937190e-02 
1628.000  2.0912231700e-01  1.7167325970e-02 
1629.000  2.0898604300e-01  1.7160490040e-02 
1630.000  2.0312505700e-01  1.6673727040e-02 
1631.000  2.0630160900e-01  1.6946048740e-02 
1632.000  2.0612933200e-01  1.6889944080e-02 
1633.000  2.0340958900e-01  1.6646137240e-02 
1634.000  1.9844961500e-01  1.6212873460e-02 
1635.000  2.0376927900e-01  1.6629238130e-02 
1636.000  2.0300407700e-01  1.6542301180e-02 
1637.000  1.9369594600e-01  1.5761015890e-02 
1638.000  1.9228049600e-01  1.5631246570e-02 
1639.000  1.8999850000e-01  1.5413602830e-02 
1640.000  1.9094443700e-01  1.5470678330e-02 
1641.000  1.8958118900e-01  1.5342897420e-02 
1642.000  1.8934380000e-01  1.5368196490e-02 
1643.000  1.9414219700e-01  1.5794941900e-02 
1644.000  1.9107130300e-01  1.5578322410e-02 
1645.000  1.9137035400e-01  1.5630889890e-02 
1646.000  1.9366984400e-01  1.5856446270e-02 
1647.000  1.9547023100e-01  1.6005401610e-02 
1648.000  1.9458667700e-01  1.5923974040e-02 
1649.000  1.9011609200e-01  1.5557120320e-02 
1650.000  1.9493323500e-01  1.5954511640e-02 
1651.000  1.9058135600e-01  1.5597965240e-02 
1652.000  1.9437043800e-01  1.5900458340e-02 
1653.000  1.9236962500e-01  1.5746755600e-02 
1654.000  1.9452742700e-01  1.5928198810e-02 
1655.000  1.9084287900e-01  1.5640695570e-02 
1656.000  1.9466419000e-01  1.5963809970e-02 
1657.000  1.9325114300e-01  1.5851646420e-02 
1658.000  1.9447017700e-01  1.5965504650e-02 
1659.000  1.9093289900e-01  1.5678784370e-02 
1660.000  1.9313957800e-01  1.5853666310e-02 
1661.000  1.9389455500e-01  1.5906886100e-02 
1662.000  1.9243657900e-01  1.5750683780e-02 
1663.000  1.9116244300e-01  1.5621939660e-02 
1664.000  1.9027132800e-01  1.5523483280e-02 
1665.000  1.8833018600e-01  1.5334729190e-02 
1666.000  1.8756096400e-01  1.5278859140e-02 
1667.000  1.8947633100e-01  1.5484994890e-02 
1668.000  1.8626615200e-01  1.5247962000e-02 
1669.000  1.8679129600e-01  1.5324033740e-02 
1670.000  1.9099113700e-01  1.5704177860e-02 
1671.000  1.8959455300e-01  1.5617601390e-02 
1672.000  1.8061440600e-01  1.4913115500e-02 
1673.000  1.8577371400e-01  1.5360073090e-02 
1674.000  1.8652362400e-01  1.5448738100e-02 
1675.000  1.8479278400e-01  1.5341260910e-02 
1676.000  1.8180450200e-01  1.5103610990e-02 
1677.000  1.8273403900e-01  1.5184350970e-02 
1678.000  1.8374726200e-01  1.5279866220e-02 
1679.000  1.8130590400e-01  1.5075581550e-02 
1680.000  1.7509125600e-01  1.4569151880e-02 
1681.000  1.6902306800e-01  1.4069875720e-02 
1682.000  1.7390450100e-01  1.4476222990e-02 
1683.000  1.7819402000e-01  1.4828147890e-02 
1684.000  1.8148723200e-01  1.5097763060e-02 
1685.000  1.8200689800e-01  1.5120742800e-02 
1686.000  1.7981115500e-01  1.4931958200e-02 
1687.000  1.8050689400e-01  1.4948978420e-02 
1688.000  1.8059988300e-01  1.4922423360e-02 
1689.000  1.7842128300e-01  1.4733170510e-02 
1690.000  1.7827628700e-01  1.4682923320e-02 
1691.000  1.8058274900e-01  1.4877130510e-02 
1692.000  1.8090840000e-01  1.4915039060e-02 
1693.000  1.8026967500e-01  1.4878542900e-02 
1694.000  1.8000045400e-01  1.4867488860e-02 
1695.000  1.8004632100e-01  1.4864505770e-02 
1696.000  1.7899280900e-01  1.4757506370e-02 
1697.000  1.7786713100e-01  1.4630785940e-02 
1698.000  1.7892210400e-01  1.4688834190e-02 
1699.000  1.7776636900e-01  1.4571455000e-02 
1700.000  1.7551559200e-01  1.4366073610e-02 
