 lambda   Irr_dw            Rad_up 
 550.000  1.5507319000e+00  2.2810740660e-01 
 551.000  1.5403841000e+00  2.2656257630e-01 
 552.000  1.6060383000e+00  2.3624107360e-01 
 553.000  1.5424802000e+00  2.2686105350e-01 
 554.000  1.5922341000e+00  2.3418989560e-01 
 555.000  1.5960910000e+00  2.3471078490e-01 
 556.000  1.5515187000e+00  2.2811062620e-01 
 557.000  1.5049517000e+00  2.2127696230e-01 
 558.000  1.5615842000e+00  2.2955824280e-01 
 559.000  1.4755515000e+00  2.1688987730e-01 
 560.000  1.4815686000e+00  2.1778053280e-01 
 561.000  1.6278157000e+00  2.3924691770e-01 
 562.000  1.4937659000e+00  2.1953305050e-01 
 563.000  1.5623684000e+00  2.2958230590e-01 
 564.000  1.5399489000e+00  2.2622392270e-01 
 565.000  1.5578496000e+00  2.2884251400e-01 
 566.000  1.4359367000e+00  2.1090873720e-01 
 567.000  1.5398160000e+00  2.2597979740e-01 
 568.000  1.5350956000e+00  2.2460972600e-01 
 569.000  1.5030516000e+00  2.1843464660e-01 
 570.000  1.5107372000e+00  2.1980056760e-01 
 571.000  1.4576474000e+00  2.1313029480e-01 
 572.000  1.5395974000e+00  2.2409414670e-01 
 573.000  1.5558062000e+00  2.2675886540e-01 
 574.000  1.5470526000e+00  2.2555462650e-01 
 575.000  1.5089130000e+00  2.1990631100e-01 
 576.000  1.4812787000e+00  2.1584185790e-01 
 577.000  1.5427043000e+00  2.2504585270e-01 
 578.000  1.4977769000e+00  2.1890943910e-01 
 579.000  1.4863216000e+00  2.1744450380e-01 
 580.000  1.5374620000e+00  2.2512358090e-01 
 581.000  1.5097175000e+00  2.2134344480e-01 
 582.000  1.5322399000e+00  2.2472395320e-01 
 583.000  1.5427164000e+00  2.2630664060e-01 
 584.000  1.5376180000e+00  2.2552124020e-01 
 585.000  1.5272815000e+00  2.2395347600e-01 
 586.000  1.4614487000e+00  2.1429919430e-01 
 587.000  1.5181913000e+00  2.2202590940e-01 
 588.000  1.5015730000e+00  2.1750555420e-01 
 589.000  1.3302816000e+00  1.9002561950e-01 
 590.000  1.3888160000e+00  1.9822393800e-01 
 591.000  1.4759973000e+00  2.1260212710e-01 
 592.000  1.4473740000e+00  2.0740803530e-01 
 593.000  1.4629632000e+00  2.1185647580e-01 
 594.000  1.4760774000e+00  2.1325337220e-01 
 595.000  1.4474135000e+00  2.0754748540e-01 
 596.000  1.4836232000e+00  2.1503723140e-01 
 597.000  1.4878715000e+00  2.1513595580e-01 
 598.000  1.4575229000e+00  2.1172750850e-01 
 599.000  1.4579078000e+00  2.1220678710e-01 
 600.000  1.4583692000e+00  2.1318933110e-01 
 601.000  1.4502362000e+00  2.1266323850e-01 
 602.000  1.4343708000e+00  2.1055801390e-01 
 603.000  1.4430131000e+00  2.1208110050e-01 
 604.000  1.4886965000e+00  2.1901873780e-01 
 605.000  1.4848339000e+00  2.1849900820e-01 
 606.000  1.4675445000e+00  2.1603271480e-01 
 607.000  1.4592115000e+00  2.1482510380e-01 
 608.000  1.4537724000e+00  2.1402455140e-01 
 609.000  1.4387656000e+00  2.1184954830e-01 
 610.000  1.4156381000e+00  2.0844224550e-01 
 611.000  1.4385342000e+00  2.1183938600e-01 
 612.000  1.4197166000e+00  2.0909649660e-01 
 613.000  1.3988874000e+00  2.0602931210e-01 
 614.000  1.3478171000e+00  1.9854142760e-01 
 615.000  1.4128329000e+00  2.0810198970e-01 
 616.000  1.3432470000e+00  1.9788688660e-01 
 617.000  1.3507507000e+00  1.9900889590e-01 
 618.000  1.4143932000e+00  2.0835430910e-01 
 619.000  1.4013484000e+00  2.0647232060e-01 
 620.000  1.4219600000e+00  2.0946736150e-01 
 621.000  1.4463162000e+00  2.1305728150e-01 
 622.000  1.3699388000e+00  2.0177946470e-01 
 623.000  1.3805182000e+00  2.0326467900e-01 
 624.000  1.3819015000e+00  2.0349111940e-01 
 625.000  1.3443778000e+00  1.9795553590e-01 
 626.000  1.3510742000e+00  1.9878302000e-01 
 627.000  1.3733867000e+00  2.0133421330e-01 
 628.000  1.3542503000e+00  1.9713757320e-01 
 629.000  1.3885327000e+00  2.0265522770e-01 
 630.000  1.3425162000e+00  1.9660038760e-01 
 631.000  1.3918533000e+00  2.0405952450e-01 
 632.000  1.2963161000e+00  1.8948213200e-01 
 633.000  1.3916665000e+00  2.0417793270e-01 
 634.000  1.3498917000e+00  1.9829273990e-01 
 635.000  1.3745283000e+00  2.0191065980e-01 
 636.000  1.3260976000e+00  1.9494227600e-01 
 637.000  1.3698360000e+00  2.0147071840e-01 
 638.000  1.3912124000e+00  2.0497305300e-01 
 639.000  1.3796779000e+00  2.0323657230e-01 
 640.000  1.3363912000e+00  1.9710791020e-01 
 641.000  1.3556443000e+00  1.9994340520e-01 
 642.000  1.3393636000e+00  1.9767692570e-01 
 643.000  1.3626716000e+00  2.0086819460e-01 
 644.000  1.3470010000e+00  1.9853395080e-01 
 645.000  1.3586218000e+00  1.9991073610e-01 
 646.000  1.3064669000e+00  1.9071749880e-01 
 647.000  1.3239466000e+00  1.9223162840e-01 
 648.000  1.3213527000e+00  1.9080488590e-01 
 649.000  1.3476972000e+00  1.9551782230e-01 
 650.000  1.2491916000e+00  1.8301275630e-01 
 651.000  1.3455721000e+00  1.9713659670e-01 
 652.000  1.3192440000e+00  1.9163848880e-01 
 653.000  1.3462058000e+00  1.9749073790e-01 
 654.000  1.3284930000e+00  1.9463554380e-01 
 655.000  1.2932825000e+00  1.8879522710e-01 
 656.000  1.0979967000e+00  1.6048310850e-01 
 657.000  1.1719251400e+00  1.7163517760e-01 
 658.000  1.3054789000e+00  1.9188987730e-01 
 659.000  1.3086753000e+00  1.9273634340e-01 
 660.000  1.3189415000e+00  1.9443388370e-01 
 661.000  1.3248280000e+00  1.9583813480e-01 
 662.000  1.3439186000e+00  1.9890043640e-01 
 663.000  1.3289295000e+00  1.9662287900e-01 
 664.000  1.3078015000e+00  1.9358840940e-01 
 665.000  1.3134704000e+00  1.9449688720e-01 
 666.000  1.3292787000e+00  1.9697671510e-01 
 667.000  1.3028786000e+00  1.9310472110e-01 
 668.000  1.3102665000e+00  1.9433564760e-01 
 669.000  1.3289310000e+00  1.9717675780e-01 
 670.000  1.3133170000e+00  1.9484580990e-01 
 671.000  1.2990848300e+00  1.9278831480e-01 
 672.000  1.2949401300e+00  1.9219348140e-01 
 673.000  1.3041544300e+00  1.9357501220e-01 
 674.000  1.3066446500e+00  1.9397636410e-01 
 675.000  1.2866720400e+00  1.9101599120e-01 
 676.000  1.3109264700e+00  1.9464662170e-01 
 677.000  1.2848123900e+00  1.9080314640e-01 
 678.000  1.3060456800e+00  1.9396888730e-01 
 679.000  1.2875674500e+00  1.9121023560e-01 
 680.000  1.2776271800e+00  1.8969429020e-01 
 681.000  1.2789359900e+00  1.8982431030e-01 
 682.000  1.2762421200e+00  1.8939247130e-01 
 683.000  1.2845665600e+00  1.9057247920e-01 
 684.000  1.2612932800e+00  1.8702320860e-01 
 685.000  1.2755199100e+00  1.8921714780e-01 
 686.000  1.2192769400e+00  1.8060632320e-01 
 687.000  1.1267060900e+00  1.6192503360e-01 
 688.000  1.1567983800e+00  1.6791281130e-01 
 689.000  1.1512286500e+00  1.6660560610e-01 
 690.000  1.1719371400e+00  1.7050021360e-01 
 691.000  1.1958131000e+00  1.7485649110e-01 
 692.000  1.1989491800e+00  1.7538557430e-01 
 693.000  1.1978050400e+00  1.7311262510e-01 
 694.000  1.1997570800e+00  1.7150692750e-01 
 695.000  1.1868955300e+00  1.7062190250e-01 
 696.000  1.2054158900e+00  1.7390295410e-01 
 697.000  1.2286650200e+00  1.8053457640e-01 
 698.000  1.2013561700e+00  1.7578849790e-01 
 699.000  1.2044748200e+00  1.7337457280e-01 
 700.000  1.1933555100e+00  1.7221493530e-01 
 701.000  1.1624183200e+00  1.6712031560e-01 
 702.000  1.1595804700e+00  1.6715184020e-01 
 703.000  1.1913385100e+00  1.7407048030e-01 
 704.000  1.1952999700e+00  1.7476048280e-01 
 705.000  1.1978890800e+00  1.7414518740e-01 
 706.000  1.1863166800e+00  1.7265779110e-01 
 707.000  1.1706038200e+00  1.7072145080e-01 
 708.000  1.2069895400e+00  1.7642352290e-01 
 709.000  1.1689330200e+00  1.7163031010e-01 
 710.000  1.1902481500e+00  1.7389509580e-01 
 711.000  1.1836758700e+00  1.7378562930e-01 
 712.000  1.1716880900e+00  1.7277413940e-01 
 713.000  1.1628729900e+00  1.7087905880e-01 
 714.000  1.1812314400e+00  1.7334565730e-01 
 715.000  1.1338854700e+00  1.6543176270e-01 
 716.000  1.1570524300e+00  1.6782302860e-01 
 717.000  1.0841867900e+00  1.5183796690e-01 
 718.000  1.0514411100e+00  1.4408988950e-01 
 719.000  1.0295803700e+00  1.3994311520e-01 
 720.000  1.0226203800e+00  1.3742134090e-01 
 721.000  1.0841825300e+00  1.5329135130e-01 
 722.000  1.1219601600e+00  1.6147775270e-01 
 723.000  1.1065527800e+00  1.5764476010e-01 
 724.000  1.0762642100e+00  1.4898741150e-01 
 725.000  1.0697739800e+00  1.4870805360e-01 
 726.000  1.0659419800e+00  1.4799838260e-01 
 727.000  1.0867807000e+00  1.5150193790e-01 
 728.000  1.0623396600e+00  1.4747995000e-01 
 729.000  1.0332885000e+00  1.4503347780e-01 
 730.000  1.0688726800e+00  1.4977804570e-01 
 731.000  1.0482111000e+00  1.4660772710e-01 
 732.000  1.0909544900e+00  1.5541387940e-01 
 733.000  1.0957699500e+00  1.5896023560e-01 
 734.000  1.1289268700e+00  1.6521449280e-01 
 735.000  1.1159712000e+00  1.6281358340e-01 
 736.000  1.0883450000e+00  1.5789894100e-01 
 737.000  1.1076335300e+00  1.6138613890e-01 
 738.000  1.1114276300e+00  1.6292457580e-01 
 739.000  1.0782638600e+00  1.5849847410e-01 
 740.000  1.0947893700e+00  1.6187962340e-01 
 741.000  1.0896722200e+00  1.6172148130e-01 
 742.000  1.0731748000e+00  1.5952674870e-01 
 743.000  1.1080216000e+00  1.6526142880e-01 
 744.000  1.1199197400e+00  1.6730677800e-01 
 745.000  1.0918787300e+00  1.6333096310e-01 
 746.000  1.1078980300e+00  1.6587548830e-01 
 747.000  1.1245832200e+00  1.6839692690e-01 
 748.000  1.1051377700e+00  1.6559860230e-01 
 749.000  1.1056278500e+00  1.6574078370e-01 
 750.000  1.0890308300e+00  1.6319749450e-01 
 751.000  1.0862258100e+00  1.6280149840e-01 
 752.000  1.1033504500e+00  1.6549411010e-01 
 753.000  1.0930730900e+00  1.6400384520e-01 
 754.000  1.1102837500e+00  1.6662620540e-01 
 755.000  1.1039154700e+00  1.6569764710e-01 
 756.000  1.0823125700e+00  1.6248219300e-01 
 757.000  1.0902766900e+00  1.6370225520e-01 
 758.000  1.0879647300e+00  1.6331272890e-01 
 759.000  1.0051257900e+00  1.4846150210e-01 
 760.000  5.1255381000e-01  6.4142265320e-02 
 761.000  4.6294791000e-01  5.6586704250e-02 
 762.000  7.3990965000e-01  1.0173561100e-01 
 763.000  6.7108642000e-01  8.9352470400e-02 
 764.000  7.1745668000e-01  9.7072990420e-02 
 765.000  8.1971109000e-01  1.1495180510e-01 
 766.000  8.8687088000e-01  1.2860910030e-01 
 767.000  9.5069715000e-01  1.3993664550e-01 
 768.000  1.0217848200e+00  1.5188374330e-01 
 769.000  1.0394882400e+00  1.5552969360e-01 
 770.000  1.0445852600e+00  1.5677716060e-01 
 771.000  1.0502068000e+00  1.5790994260e-01 
 772.000  1.0472788500e+00  1.5755825810e-01 
 773.000  1.0433484500e+00  1.5701971440e-01 
 774.000  1.0548401700e+00  1.5880026250e-01 
 775.000  1.0153584900e+00  1.5290155030e-01 
 776.000  1.0572693800e+00  1.5927143860e-01 
 777.000  1.0499256900e+00  1.5818307500e-01 
 778.000  1.0442584700e+00  1.5733183290e-01 
 779.000  1.0476216500e+00  1.5783647160e-01 
 780.000  1.0346213000e+00  1.5590524290e-01 
 781.000  1.0330177300e+00  1.5571627810e-01 
 782.000  1.0454315800e+00  1.5757174680e-01 
 783.000  1.0209683200e+00  1.5393045040e-01 
 784.000  1.0265223100e+00  1.5473600770e-01 
 785.000  1.0283432400e+00  1.5479597470e-01 
 786.000  1.0092841400e+00  1.5164128110e-01 
 787.000  1.0211288300e+00  1.5271429440e-01 
 788.000  1.0041949100e+00  1.4985440060e-01 
 789.000  1.0042109700e+00  1.4864579770e-01 
 790.000  9.9353480000e-01  1.4696278380e-01 
 791.000  9.8950223000e-01  1.4661488340e-01 
 792.000  9.7480304000e-01  1.4464323430e-01 
 793.000  9.7612692000e-01  1.4534022520e-01 
 794.000  9.7099370000e-01  1.4564320370e-01 
 795.000  9.6270667000e-01  1.4374325560e-01 
 796.000  9.7096460000e-01  1.4339141850e-01 
 797.000  9.7937937000e-01  1.4512751770e-01 
 798.000  9.8503598000e-01  1.4703479000e-01 
 799.000  9.8304191000e-01  1.4649606320e-01 
 800.000  9.5369662000e-01  1.4139427190e-01 
 801.000  9.7192378000e-01  1.4420249940e-01 
 802.000  9.6957741000e-01  1.4378060910e-01 
 803.000  9.5627169000e-01  1.4194174190e-01 
 804.000  9.6664370000e-01  1.4387347410e-01 
 805.000  9.4345524000e-01  1.4111935420e-01 
 806.000  9.7098479000e-01  1.4565583800e-01 
 807.000  9.6505767000e-01  1.4481748960e-01 
 808.000  9.5819724000e-01  1.4355369570e-01 
 809.000  9.4050275000e-01  1.4062913510e-01 
 810.000  9.3466047000e-01  1.3945291140e-01 
 811.000  9.4623097000e-01  1.4056680300e-01 
 812.000  9.3839580000e-01  1.3860829160e-01 
 813.000  9.2851782000e-01  1.3616465760e-01 
 814.000  9.1938299000e-01  1.3361718750e-01 
 815.000  8.9957457000e-01  1.2927761840e-01 
 816.000  8.7850178000e-01  1.2448463440e-01 
 817.000  8.8454655000e-01  1.2543555450e-01 
 818.000  8.8023037000e-01  1.2495277400e-01 
 819.000  8.6069571000e-01  1.2280028530e-01 
 820.000  8.5824671000e-01  1.2440375520e-01 
 821.000  9.0350500000e-01  1.3335711670e-01 
 822.000  8.6557049000e-01  1.2598848720e-01 
 823.000  8.4144667000e-01  1.1800028990e-01 
 824.000  8.8481325000e-01  1.2806634520e-01 
 825.000  9.0263911000e-01  1.3347090150e-01 
 826.000  9.0496132000e-01  1.3333949280e-01 
 827.000  8.9956627000e-01  1.3219281010e-01 
 828.000  8.8515842000e-01  1.2830735780e-01 
 829.000  8.8921356000e-01  1.2952853390e-01 
 830.000  8.8001216000e-01  1.2891777040e-01 
 831.000  8.6564645000e-01  1.2699394230e-01 
 832.000  8.8378857000e-01  1.2974667360e-01 
 833.000  8.5896904000e-01  1.2656285860e-01 
 834.000  8.7476539000e-01  1.2940849300e-01 
 835.000  8.8216035000e-01  1.3148112490e-01 
 836.000  8.9057609000e-01  1.3247804260e-01 
 837.000  8.8296553000e-01  1.3131709290e-01 
 838.000  8.8878046000e-01  1.3270234680e-01 
 839.000  8.6252328000e-01  1.2908279420e-01 
 840.000  8.8612720000e-01  1.3271986390e-01 
 841.000  8.8689967000e-01  1.3251609800e-01 
 842.000  8.8265734000e-01  1.3218072510e-01 
 843.000  8.7962940000e-01  1.3248632810e-01 
 844.000  8.6633853000e-01  1.3082629390e-01 
 845.000  8.8005983000e-01  1.3306689450e-01 
 846.000  8.8847228000e-01  1.3453979490e-01 
 847.000  8.5844962000e-01  1.3020535280e-01 
 848.000  8.8267991000e-01  1.3358277890e-01 
 849.000  8.8440266000e-01  1.3392581180e-01 
 850.000  7.6421655000e-01  1.1558359530e-01 
 851.000  8.7494512000e-01  1.3215486150e-01 
 852.000  8.4179511000e-01  1.2719935610e-01 
 853.000  8.5233162000e-01  1.2905332950e-01 
 854.000  6.8518338000e-01  1.0375735470e-01 
 855.000  7.5457243000e-01  1.1441831210e-01 
 856.000  8.5686752000e-01  1.3020362850e-01 
 857.000  8.7078046000e-01  1.3249212650e-01 
 858.000  8.5693028000e-01  1.3045335390e-01 
 859.000  8.5701628000e-01  1.3062011720e-01 
 860.000  8.4944817000e-01  1.2956495670e-01 
 861.000  8.4933347000e-01  1.2956840520e-01 
 862.000  8.4655448000e-01  1.2917434690e-01 
 863.000  8.6272574000e-01  1.3169895940e-01 
 864.000  8.6099937000e-01  1.3142697140e-01 
 865.000  8.4495598000e-01  1.2905961610e-01 
 866.000  7.0873802000e-01  1.0828864290e-01 
 867.000  7.5471214000e-01  1.1525717160e-01 
 868.000  8.1850607000e-01  1.2504975890e-01 
 869.000  8.0701197000e-01  1.2331349180e-01 
 870.000  8.4028280000e-01  1.2845133970e-01 
 871.000  8.3908676000e-01  1.2826818850e-01 
 872.000  8.3570432000e-01  1.2770555880e-01 
 873.000  8.3903438000e-01  1.2826065060e-01 
 874.000  8.2062440000e-01  1.2542778020e-01 
 875.000  8.1306454000e-01  1.2433746340e-01 
 876.000  8.1979254000e-01  1.2533162690e-01 
 877.000  8.3611280000e-01  1.2778627780e-01 
 878.000  8.2167739000e-01  1.2554770660e-01 
 879.000  8.2357259000e-01  1.2586862950e-01 
 880.000  8.1873564000e-01  1.2501894380e-01 
 881.000  7.7614566000e-01  1.1851591490e-01 
 882.000  8.1896470000e-01  1.2497474670e-01 
 883.000  8.0028687000e-01  1.2224047850e-01 
 884.000  8.0708090000e-01  1.2338360600e-01 
 885.000  8.1527786000e-01  1.2436996460e-01 
 886.000  7.8844472000e-01  1.2013462830e-01 
 887.000  7.8042375000e-01  1.1905741880e-01 
 888.000  8.0377137000e-01  1.2256864170e-01 
 889.000  8.0921611000e-01  1.2355490110e-01 
 890.000  8.0655205000e-01  1.2303043370e-01 
 891.000  8.0173019000e-01  1.2201944730e-01 
 892.000  7.9737947000e-01  1.2084696960e-01 
 893.000  7.6125735000e-01  1.1383838650e-01 
 894.000  7.8340609000e-01  1.1642967220e-01 
 895.000  7.3340265000e-01  1.0702284240e-01 
 896.000  7.4744238000e-01  1.0720734410e-01 
 897.000  7.1477999000e-01  1.0078213500e-01 
 898.000  7.0870763000e-01  9.9085800170e-02 
 899.000  6.8724795000e-01  9.3922958370e-02 
 900.000  6.7304671000e-01  9.2244949340e-02 
 901.000  6.5343072000e-01  8.9056289670e-02 
 902.000  6.4224479000e-01  8.7665130620e-02 
 903.000  7.0779392000e-01  1.0035500340e-01 
 904.000  7.4206682000e-01  1.0767749020e-01 
 905.000  7.3926938000e-01  1.0730229190e-01 
 906.000  7.0688909000e-01  1.0114035030e-01 
 907.000  6.9573791000e-01  9.7026962280e-02 
 908.000  6.6383229000e-01  9.1017898560e-02 
 909.000  6.5134219000e-01  8.9360923770e-02 
 910.000  6.6127235000e-01  9.0956970210e-02 
 911.000  6.6935228000e-01  9.3160102840e-02 
 912.000  6.6598416000e-01  9.2131530760e-02 
 913.000  6.6019823000e-01  8.9240577700e-02 
 914.000  6.6639873000e-01  9.1132316590e-02 
 915.000  6.6360210000e-01  9.1670089720e-02 
 916.000  6.7304284000e-01  9.3196044920e-02 
 917.000  6.6680750000e-01  9.2808212280e-02 
 918.000  6.6896880000e-01  9.3731353760e-02 
 919.000  6.9689263000e-01  9.9937591550e-02 
 920.000  7.0444301000e-01  1.0265052800e-01 
 921.000  6.8591234000e-01  9.9593948360e-02 
 922.000  6.7948304000e-01  9.8671157840e-02 
 923.000  6.4729787000e-01  9.3451316830e-02 
 924.000  6.6540312000e-01  9.5099632260e-02 
 925.000  6.7348963000e-01  9.6119842530e-02 
 926.000  6.4931998000e-01  9.2527809140e-02 
 927.000  6.6261380000e-01  9.3218322750e-02 
 928.000  6.4971423000e-01  8.9451240540e-02 
 929.000  6.1623217000e-01  8.2219100950e-02 
 930.000  5.8314273000e-01  7.4433639530e-02 
 931.000  5.4681866000e-01  6.5735992430e-02 
 932.000  4.9384819000e-01  5.4421833040e-02 
 933.000  4.5800849000e-01  4.7410495760e-02 
 934.000  4.1475285000e-01  4.0177650450e-02 
 935.000  4.0453967000e-01  3.8860397340e-02 
 936.000  4.1721850000e-01  4.1127799990e-02 
 937.000  4.2234540000e-01  4.1412303920e-02 
 938.000  4.6054691000e-01  4.8637500760e-02 
 939.000  5.7066728000e-01  7.1896949770e-02 
 940.000  5.8263696000e-01  7.4975509640e-02 
 941.000  5.5662019000e-01  7.0429191590e-02 
 942.000  5.0488414000e-01  6.0704425810e-02 
 943.000  4.7686998000e-01  5.2188056950e-02 
 944.000  4.6002424000e-01  4.9993244170e-02 
 945.000  4.8430574000e-01  5.4387699130e-02 
 946.000  4.9187018000e-01  5.5374504090e-02 
 947.000  5.0619931000e-01  5.8800991060e-02 
 948.000  5.1936302000e-01  6.1445419310e-02 
 949.000  5.1954403000e-01  6.1361797330e-02 
 950.000  5.1864587000e-01  6.1554119110e-02 
 951.000  5.3780270000e-01  6.6376640320e-02 
 952.000  5.1371703000e-01  6.0878513340e-02 
 953.000  5.2888671000e-01  6.4594108580e-02 
 954.000  5.4114642000e-01  6.8128662110e-02 
 955.000  4.9204180000e-01  6.0542289730e-02 
 956.000  5.2146368000e-01  6.3884960170e-02 
 957.000  5.6472791000e-01  7.4152824400e-02 
 958.000  5.7451473000e-01  7.6067985530e-02 
 959.000  5.6939763000e-01  7.4741134640e-02 
 960.000  5.6183918000e-01  7.3586296080e-02 
 961.000  5.5217118000e-01  7.1995933530e-02 
 962.000  5.5809842000e-01  7.3146659850e-02 
 963.000  5.8013200000e-01  7.8437080380e-02 
 964.000  5.7669889000e-01  7.8336669920e-02 
 965.000  5.8147352000e-01  7.8813354490e-02 
 966.000  5.6581778000e-01  7.6856422420e-02 
 967.000  5.9889579000e-01  8.3066505430e-02 
 968.000  6.1877873000e-01  8.8810493470e-02 
 969.000  6.3441378000e-01  9.2487716670e-02 
 970.000  6.3674501000e-01  9.2930595400e-02 
 971.000  6.3079545000e-01  9.2054733280e-02 
 972.000  6.3195038000e-01  9.1840713500e-02 
 973.000  6.1824495000e-01  8.8974998470e-02 
 974.000  5.9939938000e-01  8.5248153690e-02 
 975.000  5.9631780000e-01  8.4175193790e-02 
 976.000  6.1104744000e-01  8.7098312380e-02 
 977.000  6.0753372000e-01  8.7988006590e-02 
 978.000  6.2150653000e-01  8.9933631900e-02 
 979.000  6.0646632000e-01  8.8153060910e-02 
 980.000  6.2728595000e-01  9.2693733220e-02 
 981.000  6.3428330000e-01  9.4089599610e-02 
 982.000  6.3014346000e-01  9.3160163880e-02 
 983.000  6.3468233000e-01  9.4644721980e-02 
 984.000  6.3684246000e-01  9.5825149540e-02 
 985.000  6.4016772000e-01  9.6831108090e-02 
 986.000  6.3961328000e-01  9.7408294680e-02 
 987.000  6.4900995000e-01  9.9138099670e-02 
 988.000  6.4135027000e-01  9.8052177430e-02 
 989.000  6.3347086000e-01  9.6900489810e-02 
 990.000  6.3933591000e-01  9.7878196720e-02 
 991.000  6.4627343000e-01  9.9207748410e-02 
 992.000  6.4076002000e-01  9.8447013850e-02 
 993.000  6.4088934000e-01  9.8508140560e-02 
 994.000  6.4561739000e-01  9.9473762510e-02 
 995.000  6.4189647000e-01  9.9075927730e-02 
 996.000  6.4175355000e-01  9.9066375730e-02 
 997.000  6.4176486000e-01  9.8978721620e-02 
 998.000  6.3864097000e-01  9.8398147580e-02 
 999.000  6.3676441000e-01  9.8079841610e-02 
1000.000  6.3190169000e-01  9.7378166200e-02 
1001.000  6.3390468000e-01  9.7468551640e-02 
1002.000  6.3055280000e-01  9.6597419740e-02 
1003.000  6.2372985000e-01  9.5660629270e-02 
1004.000  6.1983746000e-01  9.5294616700e-02 
1005.000  5.7966088000e-01  8.9225601200e-02 
1006.000  6.1010845000e-01  9.3966018680e-02 
1007.000  6.2078128000e-01  9.5558403020e-02 
1008.000  6.2153003000e-01  9.5393264770e-02 
1009.000  6.1522817000e-01  9.4053215030e-02 
1010.000  6.1862394000e-01  9.4768730160e-02 
1011.000  6.1791984000e-01  9.5098098750e-02 
1012.000  6.1909707000e-01  9.5459060670e-02 
1013.000  6.1537849000e-01  9.5030227660e-02 
1014.000  6.1962580000e-01  9.5769981380e-02 
1015.000  6.0823002000e-01  9.4049140930e-02 
1016.000  6.1245308000e-01  9.4790130620e-02 
1017.000  6.0651697000e-01  9.3929870610e-02 
1018.000  6.1407778000e-01  9.5061676030e-02 
1019.000  5.9926253000e-01  9.2650840760e-02 
1020.000  5.9826370000e-01  9.2550399780e-02 
1021.000  6.0476118000e-01  9.3655075070e-02 
1022.000  5.9475583000e-01  9.1922760010e-02 
1023.000  6.0539071000e-01  9.3410926820e-02 
1024.000  6.0183347000e-01  9.2770706180e-02 
1025.000  6.0299586000e-01  9.3210105900e-02 
1026.000  6.0427826000e-01  9.3543022160e-02 
1027.000  6.0037665000e-01  9.2923011780e-02 
1028.000  6.0198767000e-01  9.3249359130e-02 
1029.000  5.9332639000e-01  9.2060386660e-02 
1030.000  5.9980840000e-01  9.3212104800e-02 
1031.000  5.9816332000e-01  9.3059516910e-02 
1032.000  5.9624803000e-01  9.2841369630e-02 
1033.000  5.8530366000e-01  9.1162895200e-02 
1034.000  5.9101951000e-01  9.2100517270e-02 
1035.000  5.8329840000e-01  9.0917701720e-02 
1036.000  5.9293593000e-01  9.2465438840e-02 
1037.000  5.8044624000e-01  9.0508880620e-02 
1038.000  5.8618353000e-01  9.1433113100e-02 
1039.000  5.8856889000e-01  9.1797096250e-02 
1040.000  5.8159529000e-01  9.0711708070e-02 
1041.000  5.8462037000e-01  9.1181465150e-02 
1042.000  5.8634810000e-01  9.1457595830e-02 
1043.000  5.7622090000e-01  8.9888359070e-02 
1044.000  5.8194547000e-01  9.0782279970e-02 
1045.000  5.7939339000e-01  9.0392333980e-02 
1046.000  5.6253176000e-01  8.7780357360e-02 
1047.000  5.7284724000e-01  8.9410255430e-02 
1048.000  5.7852022000e-01  9.0322288510e-02 
1049.000  5.7479725000e-01  8.9773925780e-02 
1050.000  5.7237731000e-01  8.9400810240e-02 
1051.000  5.7134447000e-01  8.9220588680e-02 
1052.000  5.6862099000e-01  8.8790534970e-02 
1053.000  5.6722377000e-01  8.8573272710e-02 
1054.000  5.6299069000e-01  8.7874275210e-02 
1055.000  5.6708580000e-01  8.8493782040e-02 
1056.000  5.6554966000e-01  8.8238273620e-02 
1057.000  5.6447772000e-01  8.8007537840e-02 
1058.000  5.5840016000e-01  8.6926216130e-02 
1059.000  5.4084809000e-01  8.4238121030e-02 
1060.000  5.6041713000e-01  8.7406906130e-02 
1061.000  5.4075480000e-01  8.4346565250e-02 
1062.000  5.5565148000e-01  8.6597427370e-02 
1063.000  5.4623678000e-01  8.5122047420e-02 
1064.000  5.5297035000e-01  8.6098999020e-02 
1065.000  5.5212968000e-01  8.5855949400e-02 
1066.000  5.3521648000e-01  8.3234024050e-02 
1067.000  5.4784607000e-01  8.5150177000e-02 
1068.000  5.4509650000e-01  8.4511222840e-02 
1069.000  5.0376138000e-01  7.7984176640e-02 
1070.000  5.3371877000e-01  8.2651153560e-02 
1071.000  5.3418521000e-01  8.2599662780e-02 
1072.000  5.3556888000e-01  8.2693504330e-02 
1073.000  5.1786825000e-01  7.9944564820e-02 
1074.000  5.3607799000e-01  8.2783905030e-02 
1075.000  5.2002485000e-01  8.0494720460e-02 
1076.000  5.3105292000e-01  8.2086730960e-02 
1077.000  5.2936013000e-01  8.1673164370e-02 
1078.000  5.3012190000e-01  8.1613815310e-02 
1079.000  5.0962343000e-01  7.8437278750e-02 
1080.000  5.2305909000e-01  8.0038383480e-02 
1081.000  5.0372626000e-01  7.7056022640e-02 
1082.000  5.1087646000e-01  7.8339630130e-02 
1083.000  4.9622032000e-01  7.5843086240e-02 
1084.000  5.1414234000e-01  7.8305900570e-02 
1085.000  5.0490276000e-01  7.6281745910e-02 
1086.000  5.1210082000e-01  7.7500679020e-02 
1087.000  4.8334194000e-01  7.3783752440e-02 
1088.000  5.1272521000e-01  7.8319999690e-02 
1089.000  4.8987559000e-01  7.4057945250e-02 
1090.000  4.9987291000e-01  7.5438339230e-02 
1091.000  5.0378813000e-01  7.6200279240e-02 
1092.000  4.9041247000e-01  7.3806327820e-02 
1093.000  4.8051439000e-01  7.1501731870e-02 
1094.000  4.3567653100e-01  6.4501907350e-02 
1095.000  4.7186612000e-01  6.9903778080e-02 
1096.000  4.7319160000e-01  7.0157196040e-02 
1097.000  4.6312203000e-01  6.8464782710e-02 
1098.000  4.4577485800e-01  6.4092414860e-02 
1099.000  4.3544645100e-01  6.1132316590e-02 
1100.000  4.4374133800e-01  6.2397735600e-02 
1101.000  4.4440113700e-01  6.2689899440e-02 
1102.000  4.2522705400e-01  5.9876949310e-02 
1103.000  4.4318534800e-01  6.2529644010e-02 
1104.000  4.3798133600e-01  6.1539474490e-02 
1105.000  4.3222148800e-01  6.0109260560e-02 
1106.000  4.2339212400e-01  5.8285396580e-02 
1107.000  4.2422755100e-01  5.8521339420e-02 
1108.000  4.2389462300e-01  5.8541442870e-02 
1109.000  4.3039604300e-01  5.9894969940e-02 
1110.000  4.3215313400e-01  5.9991168980e-02 
1111.000  4.2417509400e-01  5.8558078770e-02 
1112.000  4.0779661300e-01  5.5016590120e-02 
1113.000  3.8906598600e-01  5.0598369600e-02 
1114.000  3.8885430800e-01  4.9901367190e-02 
1115.000  3.6322363100e-01  4.4071578980e-02 
1116.000  3.4504400900e-01  4.0365150450e-02 
1117.000  3.1603121600e-01  3.4100582120e-02 
1118.000  2.8206672200e-01  2.8128135680e-02 
1119.000  2.5821299600e-01  2.4522653580e-02 
1120.000  2.3804041900e-01  2.1218040470e-02 
1121.000  2.3495522100e-01  2.0610101700e-02 
1122.000  2.1118206900e-01  1.7179483410e-02 
1123.000  2.2503663000e-01  1.9027761460e-02 
1124.000  2.3399274300e-01  2.0264636990e-02 
1125.000  2.2483405200e-01  1.9213249210e-02 
1126.000  2.1878513200e-01  1.8606563570e-02 
1127.000  2.2795474400e-01  1.9534599300e-02 
1128.000  2.2717211800e-01  1.9743484500e-02 
1129.000  2.4999328600e-01  2.3160701750e-02 
1130.000  2.9881239500e-01  3.1250658040e-02 
1131.000  3.1575742600e-01  3.4138919830e-02 
1132.000  2.9778264200e-01  3.0727123260e-02 
1133.000  2.5555097200e-01  2.4212402340e-02 
1134.000  1.8688628200e-01  1.4308870320e-02 
1135.000  1.9453791400e-01  1.5225489620e-02 
1136.000  2.6171119600e-01  2.5205677030e-02 
1137.000  2.9998498600e-01  3.1469308850e-02 
1138.000  3.2050368900e-01  3.6504402160e-02 
1139.000  3.3654730200e-01  3.9433452610e-02 
1140.000  3.3152447700e-01  3.8250045780e-02 
1141.000  3.0995919400e-01  3.4725360870e-02 
1142.000  3.1409658600e-01  3.4795310970e-02 
1143.000  2.9518158200e-01  3.1600936890e-02 
1144.000  2.7789711300e-01  2.8643945690e-02 
1145.000  2.5702458100e-01  2.4996324540e-02 
1146.000  2.6503736500e-01  2.6141939160e-02 
1147.000  2.8414637500e-01  2.9311042790e-02 
1148.000  2.9676655800e-01  3.1807033540e-02 
1149.000  3.0369571200e-01  3.3070308690e-02 
1150.000  3.0244563100e-01  3.3040683750e-02 
1151.000  3.1031053800e-01  3.4759300230e-02 
1152.000  3.1395199000e-01  3.5596771240e-02 
1153.000  3.1964308200e-01  3.6876300810e-02 
1154.000  3.1988983900e-01  3.6784488680e-02 
1155.000  3.3272772500e-01  3.9558357240e-02 
1156.000  3.4119011700e-01  4.2027713780e-02 
1157.000  3.7062411800e-01  4.8667804720e-02 
1158.000  3.8100315500e-01  5.1204170230e-02 
1159.000  3.8422776300e-01  5.2623527530e-02 
1160.000  3.8281863500e-01  5.2846981050e-02 
1161.000  3.8334958500e-01  5.3861137390e-02 
1162.000  4.0367807100e-01  5.7496395110e-02 
1163.000  4.1325049600e-01  5.9801662450e-02 
1164.000  4.0668660700e-01  5.9058219910e-02 
1165.000  4.1503961900e-01  6.0401824950e-02 
1166.000  4.0583318600e-01  5.9289947510e-02 
1167.000  4.1338059200e-01  6.0537906650e-02 
1168.000  4.1659283600e-01  6.0969760890e-02 
1169.000  4.0325531400e-01  5.9162956240e-02 
1170.000  4.1511087000e-01  6.1035209660e-02 
1171.000  4.1978786000e-01  6.2054973600e-02 
1172.000  4.1683481100e-01  6.1440059660e-02 
1173.000  4.1232923500e-01  6.0607730870e-02 
1174.000  4.1263087900e-01  6.0671340940e-02 
1175.000  4.1208340600e-01  6.1090736390e-02 
1176.000  4.0596867400e-01  6.0643932340e-02 
1177.000  4.1664465900e-01  6.2024787900e-02 
1178.000  4.0585839300e-01  5.9990291600e-02 
1179.000  4.0404818800e-01  5.9731193540e-02 
1180.000  4.0835898500e-01  6.0218841550e-02 
1181.000  4.0273900800e-01  5.8999664310e-02 
1182.000  3.9973019000e-01  5.8179080960e-02 
1183.000  3.7692824900e-01  5.4910552980e-02 
1184.000  3.9590729800e-01  5.7900569920e-02 
1185.000  4.0606364500e-01  5.9950412750e-02 
1186.000  4.0219633100e-01  5.9221557620e-02 
1187.000  3.9732999100e-01  5.7961708070e-02 
1188.000  3.9413865600e-01  5.7378826140e-02 
1189.000  3.7400726000e-01  5.4773639680e-02 
1190.000  4.0014241900e-01  5.9489326480e-02 
1191.000  4.0870719500e-01  6.1037708280e-02 
1192.000  4.0978388300e-01  6.1598987580e-02 
1193.000  4.0922688500e-01  6.1426307680e-02 
1194.000  4.0794144000e-01  6.1183536530e-02 
1195.000  4.0013211100e-01  5.9640453340e-02 
1196.000  4.0032221500e-01  5.9731399540e-02 
1197.000  3.9864409000e-01  5.9305953980e-02 
1198.000  3.8491040700e-01  5.7231475830e-02 
1199.000  3.6876543400e-01  5.4627361300e-02 
1200.000  3.9312209300e-01  5.8371837620e-02 
1201.000  3.9637817800e-01  5.8930248260e-02 
1202.000  3.9729198300e-01  5.9174034120e-02 
1203.000  3.7684881900e-01  5.6071826930e-02 
1204.000  3.8370696200e-01  5.7218143460e-02 
1205.000  3.9790872400e-01  5.9978782650e-02 
1206.000  3.9795934400e-01  6.0282882690e-02 
1207.000  4.0164270400e-01  6.0965980530e-02 
1208.000  3.9506829000e-01  5.9874721530e-02 
1209.000  3.6925064100e-01  5.5819972990e-02 
1210.000  3.9309095900e-01  5.9161418910e-02 
1211.000  3.7967193400e-01  5.7106517790e-02 
1212.000  3.9211546800e-01  5.9047309880e-02 
1213.000  3.9571638400e-01  5.9846710210e-02 
1214.000  3.9364977600e-01  5.9501178740e-02 
1215.000  3.9573189800e-01  5.9918560030e-02 
1216.000  3.9750566300e-01  6.0601524350e-02 
1217.000  3.9912338400e-01  6.1214145660e-02 
1218.000  3.9870326700e-01  6.1332443240e-02 
1219.000  3.9547171900e-01  6.0949607850e-02 
1220.000  3.9820863800e-01  6.1377372740e-02 
1221.000  3.9773434400e-01  6.1343585970e-02 
1222.000  3.9571497700e-01  6.1048934940e-02 
1223.000  3.9404825700e-01  6.0844898220e-02 
1224.000  3.9858335800e-01  6.1771312710e-02 
1225.000  3.9670557400e-01  6.1542472840e-02 
1226.000  3.9851065800e-01  6.1907329560e-02 
1227.000  3.8567203700e-01  6.0037349700e-02 
1228.000  3.9854544500e-01  6.2201023100e-02 
1229.000  3.9869853200e-01  6.2351837160e-02 
1230.000  3.9800172600e-01  6.2385997770e-02 
1231.000  3.9837223500e-01  6.2530841830e-02 
1232.000  3.9401640000e-01  6.1890094760e-02 
1233.000  3.9720166300e-01  6.2423957820e-02 
1234.000  3.9687493100e-01  6.2549201970e-02 
1235.000  3.9442598900e-01  6.2234500890e-02 
1236.000  3.9692657800e-01  6.2683593750e-02 
1237.000  3.9717970200e-01  6.2791316990e-02 
1238.000  3.9702396700e-01  6.2802829740e-02 
1239.000  3.9254483400e-01  6.2121456150e-02 
1240.000  3.9076707300e-01  6.1870216370e-02 
1241.000  3.9417747500e-01  6.2424156190e-02 
1242.000  3.9177925800e-01  6.2053646090e-02 
1243.000  3.8731968000e-01  6.1359020230e-02 
1244.000  3.8367458400e-01  6.0775184630e-02 
1245.000  3.9015372700e-01  6.1804790500e-02 
1246.000  3.8699127000e-01  6.1283191680e-02 
1247.000  3.8490439900e-01  6.0927925110e-02 
1248.000  3.8771459800e-01  6.1351989750e-02 
1249.000  3.8620724400e-01  6.1107418060e-02 
1250.000  3.8452557600e-01  6.0821022030e-02 
1251.000  3.8169251600e-01  6.0357662200e-02 
1252.000  3.8025097600e-01  6.0093505860e-02 
1253.000  3.7679263600e-01  5.9506362920e-02 
1254.000  3.7714544300e-01  5.9469104770e-02 
1255.000  3.7605661800e-01  5.9242923740e-02 
1256.000  3.7485691600e-01  5.9015308380e-02 
1257.000  3.7000513700e-01  5.8184257510e-02 
1258.000  3.7007817900e-01  5.8046630860e-02 
1259.000  3.6483644900e-01  5.7109355930e-02 
1260.000  3.6396378800e-01  5.6837451930e-02 
1261.000  3.6174195100e-01  5.6348720550e-02 
1262.000  3.5069690100e-01  5.4379253390e-02 
1263.000  3.5367343000e-01  5.4774562840e-02 
1264.000  3.4732841600e-01  5.3760028840e-02 
1265.000  3.4765019900e-01  5.3801097870e-02 
1266.000  3.4850687400e-01  5.3840744020e-02 
1267.000  3.4042662300e-01  5.2501232150e-02 
1268.000  3.3533556700e-01  5.1633731840e-02 
1269.000  3.3768830000e-01  5.1962253570e-02 
1270.000  3.4587624000e-01  5.3452556610e-02 
1271.000  3.4979995800e-01  5.4150218960e-02 
1272.000  3.5038681200e-01  5.4343677520e-02 
1273.000  3.5155152500e-01  5.4653144840e-02 
1274.000  3.5125490600e-01  5.4769546510e-02 
1275.000  3.5419859900e-01  5.5283794400e-02 
1276.000  3.5528497600e-01  5.5464748380e-02 
1277.000  3.5532543000e-01  5.5445411680e-02 
1278.000  3.5463768000e-01  5.5296695710e-02 
1279.000  3.5261385200e-01  5.4987377170e-02 
1280.000  3.5151644800e-01  5.4932582860e-02 
1281.000  3.4243689300e-01  5.3620048520e-02 
1282.000  3.0485533700e-01  4.7830131530e-02 
1283.000  3.3509146400e-01  5.2613674160e-02 
1284.000  3.4898115500e-01  5.4791061400e-02 
1285.000  3.5182656400e-01  5.5258075710e-02 
1286.000  3.5127915300e-01  5.5091781620e-02 
1287.000  3.5254681500e-01  5.5151931760e-02 
1288.000  3.4704868000e-01  5.3826869960e-02 
1289.000  3.4809970500e-01  5.3840476990e-02 
1290.000  3.3997637400e-01  5.2556262970e-02 
1291.000  3.4521486200e-01  5.3412635800e-02 
1292.000  3.4808949100e-01  5.4012783050e-02 
1293.000  3.4852908400e-01  5.4070877080e-02 
1294.000  3.4158105700e-01  5.2768653870e-02 
1295.000  3.4292427700e-01  5.2647487640e-02 
1296.000  3.4072822800e-01  5.1975097660e-02 
1297.000  3.3662688700e-01  5.1087730410e-02 
1298.000  3.3343431300e-01  5.0563930510e-02 
1299.000  3.3665972300e-01  5.1015163420e-02 
1300.000  3.3496905100e-01  5.0713329320e-02 
1301.000  3.3398857100e-01  5.0481124880e-02 
1302.000  3.2830091900e-01  4.9422428130e-02 
1303.000  3.2231916900e-01  4.7996837620e-02 
1304.000  3.2095021900e-01  4.7569751740e-02 
1305.000  3.2219801100e-01  4.7655635830e-02 
1306.000  3.2198205200e-01  4.7523086550e-02 
1307.000  3.1996624300e-01  4.7096981050e-02 
1308.000  3.1698889300e-01  4.6331035610e-02 
1309.000  3.1305324800e-01  4.5331256870e-02 
1310.000  3.1132704700e-01  4.5034229280e-02 
1311.000  3.1047507000e-01  4.4901184080e-02 
1312.000  3.0504198500e-01  4.3653366090e-02 
1313.000  2.8892883100e-01  4.0836875920e-02 
1314.000  2.9344785500e-01  4.1026947020e-02 
1315.000  2.8567122200e-01  4.0133232120e-02 
1316.000  2.9565350800e-01  4.1837478640e-02 
1317.000  2.9865845600e-01  4.2239475250e-02 
1318.000  2.8926062300e-01  4.0372325900e-02 
1319.000  2.8561077300e-01  3.9123847960e-02 
1320.000  2.7488694100e-01  3.6769260410e-02 
1321.000  2.7034899900e-01  3.5786632540e-02 
1322.000  2.7542502500e-01  3.7026157380e-02 
1323.000  2.8231920100e-01  3.8523921970e-02 
1324.000  2.8558701300e-01  3.9260765080e-02 
1325.000  2.8320045000e-01  3.8723411560e-02 
1326.000  2.7611300000e-01  3.7191425320e-02 
1327.000  2.6156907400e-01  3.3906200410e-02 
1328.000  2.4842267300e-01  3.0634643550e-02 
1329.000  2.1431289100e-01  2.4084955220e-02 
1330.000  2.0825813500e-01  2.2611907960e-02 
1331.000  2.0276766800e-01  2.1522401810e-02 
1332.000  2.0057343800e-01  2.1417070390e-02 
1333.000  2.1159222800e-01  2.3028423310e-02 
1334.000  2.2001928600e-01  2.4561470030e-02 
1335.000  2.2596862100e-01  2.5697271350e-02 
1336.000  2.2586413600e-01  2.5853063580e-02 
1337.000  2.2842060300e-01  2.6217817310e-02 
1338.000  2.3217860900e-01  2.7019908910e-02 
1339.000  2.3269296100e-01  2.7225254060e-02 
1340.000  2.3431735600e-01  2.7746343610e-02 
1341.000  2.3827288800e-01  2.7976879120e-02 
1342.000  2.3817508700e-01  2.7985990520e-02 
1343.000  2.2912717400e-01  2.5625976560e-02 
1344.000  2.1525827500e-01  2.2706384660e-02 
1345.000  1.7808264200e-01  1.6250852580e-02 
1346.000  1.5189670600e-01  1.2169341090e-02 
1347.000  1.3472456400e-01  9.9068450930e-03 
1348.000  1.1168660500e-01  6.8999276160e-03 
1349.000  1.0158120550e-01  5.8423657420e-03 
1350.000  7.9124437300e-02  3.6056499480e-03 
1351.000  6.8307798500e-02  2.7847161290e-03 
1352.000  5.2246560500e-02  1.6536995170e-03 
1353.000  3.7031661000e-02  9.0906840560e-04 
1354.000  2.9610144500e-02  6.0869818930e-04 
1355.000  2.2989739700e-02  3.9126268030e-04 
1356.000  1.7384987800e-02  2.3888285460e-04 
1357.000  1.1883103450e-02  1.2093597650e-04 
1358.000  8.7943160400e-03  7.4075363580e-05 
1359.000  4.6371939100e-03  2.5314828380e-05 
1360.000  3.0667211000e-03  1.3354339640e-05 
1361.000  2.2822912700e-03  7.9754730690e-06 
1362.000  2.1000794900e-03  7.0223435760e-06 
1363.000  3.0298736700e-03  1.2233347630e-05 
1364.000  3.5132282700e-03  1.5311066060e-05 
1365.000  3.6785402400e-03  1.6161596400e-05 
1366.000  4.2481016600e-03  2.0176336170e-05 
1367.000  3.5684731100e-03  1.5829700980e-05 
1368.000  3.1641462300e-03  1.3694777150e-05 
1369.000  3.2446906800e-03  1.4410823580e-05 
1370.000  5.3662086200e-03  3.3307593320e-05 
1371.000  9.5567573800e-03  8.3114266400e-05 
1372.000  1.7696217900e-02  2.2869196530e-04 
1373.000  2.5103575100e-02  4.0281641480e-04 
1374.000  3.0483626700e-02  5.5682641270e-04 
1375.000  3.2500912800e-02  6.2525337930e-04 
1376.000  3.0145930600e-02  5.5519193410e-04 
1377.000  2.6837356200e-02  4.5439589020e-04 
1378.000  2.0455629900e-02  2.9056218270e-04 
1379.000  1.4046733910e-02  1.5745392440e-04 
1380.000  7.9669055300e-03  6.3215732570e-05 
1381.000  4.6085506000e-03  2.6496997100e-05 
1382.000  3.2226961600e-03  1.5007959680e-05 
1383.000  3.1180850100e-03  1.4038327150e-05 
1384.000  5.0718401900e-03  3.0202206220e-05 
1385.000  7.2001245100e-03  5.2844505760e-05 
1386.000  1.0997445160e-02  1.0397326200e-04 
1387.000  2.0206311500e-02  2.8493136170e-04 
1388.000  2.6781660600e-02  4.4697612520e-04 
1389.000  3.0764053300e-02  5.6953233480e-04 
1390.000  3.1403390500e-02  5.9572011230e-04 
1391.000  2.9315428800e-02  5.3092175720e-04 
1392.000  2.2163702500e-02  3.3690652250e-04 
1393.000  1.6942398700e-02  2.2036357220e-04 
1394.000  1.2979808200e-02  1.4428687100e-04 
1395.000  1.4631343300e-02  1.7500078680e-04 
1396.000  2.0077442000e-02  2.8914499280e-04 
1397.000  2.5909831700e-02  4.3991747500e-04 
1398.000  2.6682634400e-02  4.6046882870e-04 
1399.000  2.4913675000e-02  4.1824415330e-04 
1400.000  2.3296400200e-02  3.8068756460e-04 
1401.000  2.4765272200e-02  4.2792111640e-04 
1402.000  3.0702249500e-02  5.9815895560e-04 
1403.000  3.5348688000e-02  7.7686297890e-04 
1404.000  3.3248585600e-02  7.0095479490e-04 
1405.000  3.4827167300e-02  7.7628499270e-04 
1406.000  3.2294557900e-02  6.8132382630e-04 
1407.000  3.3492672300e-02  7.4522876740e-04 
1408.000  4.0143381100e-02  1.0011773110e-03 
1409.000  4.7057287400e-02  1.3279010060e-03 
1410.000  5.7715575100e-02  1.8669654130e-03 
1411.000  6.8650879100e-02  2.5692458150e-03 
1412.000  6.6324618300e-02  2.4828238490e-03 
1413.000  7.3150177000e-02  2.9730238910e-03 
1414.000  7.2121026800e-02  2.8593969350e-03 
1415.000  7.9729384100e-02  3.4856109620e-03 
1416.000  8.5664078000e-02  3.9494142530e-03 
1417.000  8.7869898600e-02  4.1676702500e-03 
1418.000  8.8653056500e-02  4.2152190210e-03 
1419.000  8.8468648700e-02  4.2856006620e-03 
1420.000  9.0570044200e-02  4.4572110180e-03 
1421.000  1.0186570330e-01  5.4711213110e-03 
1422.000  1.0428969080e-01  5.7859406470e-03 
1423.000  1.0545308150e-01  5.9648256300e-03 
1424.000  1.0509468670e-01  5.9145274160e-03 
1425.000  1.0390119000e-01  5.7409644130e-03 
1426.000  1.0017533600e-01  5.5447373390e-03 
1427.000  1.0610658210e-01  6.0732369420e-03 
1428.000  1.1206967110e-01  6.5663270950e-03 
1429.000  1.1367215470e-01  6.8620409970e-03 
1430.000  1.1090785600e-01  6.6999607090e-03 
1431.000  1.0332293390e-01  5.9805784230e-03 
1432.000  1.0102759240e-01  5.6898889540e-03 
1433.000  1.0074282120e-01  5.6588540080e-03 
1434.000  9.6090338100e-02  5.2783303260e-03 
1435.000  1.0316252330e-01  5.9183192250e-03 
1436.000  1.0573191840e-01  6.1748194690e-03 
1437.000  1.0741746300e-01  6.3311119080e-03 
1438.000  1.1388204880e-01  7.0074429510e-03 
1439.000  1.1598387900e-01  7.1642384530e-03 
1440.000  1.1121082300e-01  6.9595737460e-03 
1441.000  1.1811852190e-01  7.4450430870e-03 
1442.000  1.1330236850e-01  7.0454158780e-03 
1443.000  1.1533880280e-01  7.1887459750e-03 
1444.000  1.1793944970e-01  7.4395613670e-03 
1445.000  1.1817573940e-01  7.4819698330e-03 
1446.000  1.2369382310e-01  8.0235033040e-03 
1447.000  1.2707535600e-01  8.4224328990e-03 
1448.000  1.2852376700e-01  8.5540952680e-03 
1449.000  1.2599974200e-01  8.2755336760e-03 
1450.000  1.2048573490e-01  7.7443237300e-03 
1451.000  1.2183499560e-01  7.9270524980e-03 
1452.000  1.2716931500e-01  8.6300411220e-03 
1453.000  1.4170790500e-01  1.0195912360e-02 
1454.000  1.5420366900e-01  1.1743070600e-02 
1455.000  1.6018101400e-01  1.2619941710e-02 
1456.000  1.6729001600e-01  1.3621226310e-02 
1457.000  1.6998049600e-01  1.3911654470e-02 
1458.000  1.7330660900e-01  1.4283512120e-02 
1459.000  1.6843502300e-01  1.3589194300e-02 
1460.000  1.6075493100e-01  1.2731010440e-02 
1461.000  1.5767038800e-01  1.2371922490e-02 
1462.000  1.4917798800e-01  1.1374259000e-02 
1463.000  1.4818879300e-01  1.1322722430e-02 
1464.000  1.4627372600e-01  1.1092860220e-02 
1465.000  1.4302721600e-01  1.0615876200e-02 
1466.000  1.3329610200e-01  9.6213293080e-03 
1467.000  1.3232810400e-01  9.3601942060e-03 
1468.000  1.2418416170e-01  8.5830106740e-03 
1469.000  1.1780097470e-01  7.8141937260e-03 
1470.000  1.1438893250e-01  7.4826931950e-03 
1471.000  1.2139203590e-01  8.3900938030e-03 
1472.000  1.3367597500e-01  9.8356161120e-03 
1473.000  1.5023006100e-01  1.1899345400e-02 
1474.000  1.5747154400e-01  1.3153160100e-02 
1475.000  1.6027178200e-01  1.3428014760e-02 
1476.000  1.6053234100e-01  1.3492169380e-02 
1477.000  1.5709035700e-01  1.3051136020e-02 
1478.000  1.5094573200e-01  1.2401528360e-02 
1479.000  1.4795045000e-01  1.1942745210e-02 
1480.000  1.5103322200e-01  1.2405085560e-02 
1481.000  1.5385918500e-01  1.2959078790e-02 
1482.000  1.6081276800e-01  1.3926758770e-02 
1483.000  1.5903346700e-01  1.3905293460e-02 
1484.000  1.6006556100e-01  1.4060876850e-02 
1485.000  1.6236566500e-01  1.4261077880e-02 
1486.000  1.6374150600e-01  1.4736511230e-02 
1487.000  1.7377027100e-01  1.6361894610e-02 
1488.000  1.5228555300e-01  1.4440656660e-02 
1489.000  1.8689053600e-01  1.8775487900e-02 
1490.000  1.9773610700e-01  2.0852951050e-02 
1491.000  2.0480548400e-01  2.2166116710e-02 
1492.000  2.0109220700e-01  2.1929208760e-02 
1493.000  2.0852926700e-01  2.3116407390e-02 
1494.000  2.0822388800e-01  2.3207191470e-02 
1495.000  2.0995179800e-01  2.3786422730e-02 
1496.000  2.0959246000e-01  2.4289819720e-02 
1497.000  2.1470415300e-01  2.5007825850e-02 
1498.000  2.2178904800e-01  2.6335128780e-02 
1499.000  2.2278149700e-01  2.6937828060e-02 
1500.000  2.2965380100e-01  2.8163143160e-02 
1501.000  2.2834685000e-01  2.7987712860e-02 
1502.000  2.2466468500e-01  2.7465862270e-02 
1503.000  2.0069561200e-01  2.4511016850e-02 
1504.000  2.1003534400e-01  2.5816667560e-02 
1505.000  2.1266077500e-01  2.6500579830e-02 
1506.000  2.1559277600e-01  2.6958244320e-02 
1507.000  2.2841853500e-01  2.8917203900e-02 
1508.000  2.2640990000e-01  2.8891277310e-02 
1509.000  2.2893631500e-01  2.9457508090e-02 
1510.000  2.3303968000e-01  3.0127029420e-02 
1511.000  2.3518901600e-01  3.0592229840e-02 
1512.000  2.3150174800e-01  3.0252803800e-02 
1513.000  2.3141119400e-01  3.0350065230e-02 
1514.000  2.2824253400e-01  3.0002687450e-02 
1515.000  2.3355120000e-01  3.0851709370e-02 
1516.000  2.3164456700e-01  3.0688447950e-02 
1517.000  2.3102403300e-01  3.0740980150e-02 
1518.000  2.3674949900e-01  3.1722362520e-02 
1519.000  2.3496839100e-01  3.1727884290e-02 
1520.000  2.3857223400e-01  3.2524478910e-02 
1521.000  2.3518257600e-01  3.2250171660e-02 
1522.000  2.3382199400e-01  3.2124359130e-02 
1523.000  2.3984993500e-01  3.3055252080e-02 
1524.000  2.3776514300e-01  3.2787631990e-02 
1525.000  2.3202615800e-01  3.2008312230e-02 
1526.000  2.3866401000e-01  3.2985412600e-02 
1527.000  2.3655165200e-01  3.2800018310e-02 
1528.000  2.3865491000e-01  3.3223636630e-02 
1529.000  2.3790821700e-01  3.3165245060e-02 
1530.000  2.2304847200e-01  3.1208902360e-02 
1531.000  2.3869912900e-01  3.3507034300e-02 
1532.000  2.3756223200e-01  3.3462245940e-02 
1533.000  2.3660072300e-01  3.3412712100e-02 
1534.000  2.3312195900e-01  3.3000354770e-02 
1535.000  2.3411002500e-01  3.3221637730e-02 
1536.000  2.3724365300e-01  3.3728919980e-02 
1537.000  2.3818156000e-01  3.3959487920e-02 
1538.000  2.3185285800e-01  3.3158245090e-02 
1539.000  2.3687022000e-01  3.3972450260e-02 
1540.000  2.2831855500e-01  3.2820030210e-02 
1541.000  2.3313311800e-01  3.3569416050e-02 
1542.000  2.3452096100e-01  3.3815437320e-02 
1543.000  2.3388310800e-01  3.3784942630e-02 
1544.000  2.3688817600e-01  3.4291973110e-02 
1545.000  2.3779861900e-01  3.4517436980e-02 
1546.000  2.3801818500e-01  3.4640121460e-02 
1547.000  2.3570683700e-01  3.4385448460e-02 
1548.000  2.2874561300e-01  3.3439083100e-02 
1549.000  2.3460839700e-01  3.4348499300e-02 
1550.000  2.3328981800e-01  3.4201381680e-02 
1551.000  2.3206144800e-01  3.4055053710e-02 
1552.000  2.3601698900e-01  3.4670909880e-02 
1553.000  2.3478361000e-01  3.4536479950e-02 
1554.000  2.2618103600e-01  3.3303627010e-02 
1555.000  2.2995588000e-01  3.3912212370e-02 
1556.000  2.2556593500e-01  3.3318210600e-02 
1557.000  2.3295166400e-01  3.4468841550e-02 
1558.000  2.3110706700e-01  3.4237648010e-02 
1559.000  2.3112465000e-01  3.4278102870e-02 
1560.000  2.2713312400e-01  3.3735439300e-02 
1561.000  2.3243353400e-01  3.4549758910e-02 
1562.000  2.3232464700e-01  3.4542617800e-02 
1563.000  2.2885086200e-01  3.4046112060e-02 
1564.000  2.2419037100e-01  3.3360363010e-02 
1565.000  2.2744404400e-01  3.3842369080e-02 
1566.000  2.2313474900e-01  3.3237125400e-02 
1567.000  2.2277529000e-01  3.3173984530e-02 
1568.000  2.1761545200e-01  3.2373374940e-02 
1569.000  2.1779527500e-01  3.2358840940e-02 
1570.000  2.1173546600e-01  3.1439380650e-02 
1571.000  2.1740889800e-01  3.2313735960e-02 
1572.000  2.1724204000e-01  3.2304050450e-02 
1573.000  2.1394262200e-01  3.1863946910e-02 
1574.000  2.1478658000e-01  3.2055595400e-02 
1575.000  1.9955684500e-01  2.9830039980e-02 
1576.000  2.1438996700e-01  3.2073154450e-02 
1577.000  1.9366110100e-01  2.8996225360e-02 
1578.000  2.1201814700e-01  3.1771312710e-02 
1579.000  2.1334184800e-01  3.2008079530e-02 
1580.000  2.1789397900e-01  3.2749729160e-02 
1581.000  2.1644909700e-01  3.2558971410e-02 
1582.000  2.1229818800e-01  3.2012035370e-02 
1583.000  2.1510548600e-01  3.2509056090e-02 
1584.000  2.1337353500e-01  3.2323020940e-02 
1585.000  2.1982404200e-01  3.3365005490e-02 
1586.000  2.1706342700e-01  3.2983196260e-02 
1587.000  2.1480212900e-01  3.2700614930e-02 
1588.000  2.1165079500e-01  3.2277969360e-02 
1589.000  1.9363799300e-01  2.9560228350e-02 
1590.000  2.0861432300e-01  3.1870840070e-02 
1591.000  2.0394154400e-01  3.1181003570e-02 
1592.000  2.1462118200e-01  3.2819042210e-02 
1593.000  2.1923763400e-01  3.3521427150e-02 
1594.000  2.1736118000e-01  3.3232746120e-02 
1595.000  2.1833324200e-01  3.3382698060e-02 
1596.000  2.0452002600e-01  3.1295364380e-02 
1597.000  2.1211313200e-01  3.2447547910e-02 
1598.000  2.1502743500e-01  3.2870224000e-02 
1599.000  2.0658564000e-01  3.1546236040e-02 
1600.000  2.0903770200e-01  3.1897865300e-02 
1601.000  2.0023745100e-01  3.0578495030e-02 
1602.000  2.0510608300e-01  3.1347761150e-02 
1603.000  2.0387796200e-01  3.1217021940e-02 
1604.000  2.0692417700e-01  3.1749664310e-02 
1605.000  2.0386422400e-01  3.1309707640e-02 
1606.000  2.0322540000e-01  3.1250719070e-02 
1607.000  2.0391287500e-01  3.1354730610e-02 
1608.000  2.0610759700e-01  3.1691843030e-02 
1609.000  2.0531510700e-01  3.1583755490e-02 
1610.000  1.9265033100e-01  2.9653554920e-02 
1611.000  1.9879999300e-01  3.0651292800e-02 
1612.000  2.0126989300e-01  3.1087921140e-02 
1613.000  2.0629214600e-01  3.1918222430e-02 
1614.000  2.0426667700e-01  3.1616405490e-02 
1615.000  2.0804010200e-01  3.2246185300e-02 
1616.000  1.9531713600e-01  3.0306962970e-02 
1617.000  2.0142428900e-01  3.1316894530e-02 
1618.000  2.0769971800e-01  3.2318012240e-02 
1619.000  2.0741830100e-01  3.2337532040e-02 
1620.000  2.0252700500e-01  3.1634878160e-02 
1621.000  1.9979943400e-01  3.1255723950e-02 
1622.000  2.0482764400e-01  3.2058589940e-02 
1623.000  2.0911051800e-01  3.2759712220e-02 
1624.000  2.1063928200e-01  3.3022228240e-02 
1625.000  2.0562344000e-01  3.2290630340e-02 
1626.000  2.0792420900e-01  3.2635921480e-02 
1627.000  2.0768556000e-01  3.2623226170e-02 
1628.000  2.0926312600e-01  3.2878017430e-02 
1629.000  2.0912606700e-01  3.2859764100e-02 
1630.000  2.0326015200e-01  3.1927606580e-02 
1631.000  2.0643861600e-01  3.2440383910e-02 
1632.000  2.0626512100e-01  3.2381439210e-02 
1633.000  2.0354328800e-01  3.1951725010e-02 
1634.000  1.9858027700e-01  3.1158245090e-02 
1635.000  2.0390296300e-01  3.1995134350e-02 
1636.000  2.0313601900e-01  3.1865701680e-02 
1637.000  1.9382109100e-01  3.0393886570e-02 
1638.000  1.9240517500e-01  3.0174531940e-02 
1639.000  1.9012145400e-01  2.9790876390e-02 
1640.000  1.9106770200e-01  2.9933044430e-02 
1641.000  1.8970318400e-01  2.9710697170e-02 
1642.000  1.8946499700e-01  2.9703729630e-02 
1643.000  1.9426589700e-01  3.0474933620e-02 
1644.000  1.9119276700e-01  3.0006210330e-02 
1645.000  1.9149097600e-01  3.0058925630e-02 
1646.000  1.9379148000e-01  3.0448133470e-02 
1647.000  1.9559262200e-01  3.0743045810e-02 
1648.000  1.9470898000e-01  3.0600023270e-02 
1649.000  1.9023465600e-01  2.9904766080e-02 
1650.000  1.9505497600e-01  3.0676914220e-02 
1651.000  1.9069980000e-01  2.9997217180e-02 
1652.000  1.9449139100e-01  3.0585643770e-02 
1653.000  1.9248886400e-01  3.0289546970e-02 
1654.000  1.9464773200e-01  3.0639421460e-02 
1655.000  1.9096167000e-01  3.0084272380e-02 
1656.000  1.9478712300e-01  3.0705902100e-02 
1657.000  1.9337164400e-01  3.0492395400e-02 
1658.000  1.9459064100e-01  3.0710102080e-02 
1659.000  1.9105174000e-01  3.0161565780e-02 
1660.000  1.9325966700e-01  3.0504594800e-02 
1661.000  1.9401241700e-01  3.0623474120e-02 
1662.000  1.9255467400e-01  3.0375896450e-02 
1663.000  1.9128003000e-01  3.0175212860e-02 
1664.000  1.9038705700e-01  3.0032867430e-02 
1665.000  1.8844694600e-01  2.9718387600e-02 
1666.000  1.8767688200e-01  2.9620244980e-02 
1667.000  1.8959420800e-01  2.9975324630e-02 
1668.000  1.8638201800e-01  2.9481130600e-02 
1669.000  1.8690715200e-01  2.9590421680e-02 
1670.000  1.9110901500e-01  3.0279691700e-02 
1671.000  1.8971068100e-01  3.0073255540e-02 
1672.000  1.8072559800e-01  2.8664241790e-02 
1673.000  1.8588852900e-01  2.9475879670e-02 
1674.000  1.8663742200e-01  2.9595796590e-02 
1675.000  1.8490347700e-01  2.9336296080e-02 
1676.000  1.8191441600e-01  2.8863327030e-02 
1677.000  1.8284580000e-01  2.9020259860e-02 
1678.000  1.8385804600e-01  2.9202762600e-02 
1679.000  1.8141688300e-01  2.8816547390e-02 
1680.000  1.7519907200e-01  2.7847990040e-02 
1681.000  1.6912557700e-01  2.6893241880e-02 
1682.000  1.7401062200e-01  2.7671451570e-02 
1683.000  1.7830176000e-01  2.8347740170e-02 
1684.000  1.8159690400e-01  2.8866893770e-02 
1685.000  1.8211614200e-01  2.8921163560e-02 
1686.000  1.7991943700e-01  2.8571264270e-02 
1687.000  1.8061362100e-01  2.8632469180e-02 
1688.000  1.8070637800e-01  2.8607131960e-02 
1689.000  1.7852671100e-01  2.8259262080e-02 
1690.000  1.7838082600e-01  2.8189361570e-02 
1691.000  1.8068867400e-01  2.8550935750e-02 
1692.000  1.8101384800e-01  2.8605192180e-02 
1693.000  1.8037323600e-01  2.8514709470e-02 
1694.000  1.8010397100e-01  2.8475080490e-02 
1695.000  1.8015033100e-01  2.8458965300e-02 
1696.000  1.7909585000e-01  2.8283617020e-02 
1697.000  1.7796849500e-01  2.8078786850e-02 
1698.000  1.7902393300e-01  2.8226972580e-02 
1699.000  1.7786819200e-01  2.8034994130e-02 
1700.000  1.7561632300e-01  2.7671760560e-02 
