 lambda   Irr_dw            Rad_up 
 550.000  1.5475984000e+00  2.1356468200e-01 
 551.000  1.5372879000e+00  2.1210279850e-01 
 552.000  1.6028273000e+00  2.2115563960e-01 
 553.000  1.5394113000e+00  2.1235243230e-01 
 554.000  1.5890831000e+00  2.1920280460e-01 
 555.000  1.5929481000e+00  2.1966960140e-01 
 556.000  1.5484787000e+00  2.1347325130e-01 
 557.000  1.5020189000e+00  2.0706719970e-01 
 558.000  1.5585564000e+00  2.1479582210e-01 
 559.000  1.4727054000e+00  2.0292793270e-01 
 560.000  1.4787274000e+00  2.0375154110e-01 
 561.000  1.6247058000e+00  2.2379078670e-01 
 562.000  1.4909264000e+00  2.0531542970e-01 
 563.000  1.5594112000e+00  2.1467413330e-01 
 564.000  1.5370468000e+00  2.1148574830e-01 
 565.000  1.5549296000e+00  2.1390081790e-01 
 566.000  1.4332577000e+00  1.9709936520e-01 
 567.000  1.5369653000e+00  2.1113670350e-01 
 568.000  1.5323022000e+00  2.0980113220e-01 
 569.000  1.5003898000e+00  2.0395181270e-01 
 570.000  1.5080654000e+00  2.0519546510e-01 
 571.000  1.4550400000e+00  1.9897979740e-01 
 572.000  1.5369028000e+00  2.0917176820e-01 
 573.000  1.5530869000e+00  2.1165071110e-01 
 574.000  1.5443590000e+00  2.1050833130e-01 
 575.000  1.5063024000e+00  2.0521290590e-01 
 576.000  1.4787311000e+00  2.0140205380e-01 
 577.000  1.5400536000e+00  2.0997508240e-01 
 578.000  1.4951938000e+00  2.0424745180e-01 
 579.000  1.4837530000e+00  2.0286123660e-01 
 580.000  1.5348053000e+00  2.1002037050e-01 
 581.000  1.5070979000e+00  2.0648005680e-01 
 582.000  1.5295794000e+00  2.0960339360e-01 
 583.000  1.5400453000e+00  2.1106730650e-01 
 584.000  1.5349628000e+00  2.1030433650e-01 
 585.000  1.5246541000e+00  2.0881849670e-01 
 586.000  1.4589446000e+00  1.9979885860e-01 
 587.000  1.5156205000e+00  2.0695669560e-01 
 588.000  1.4991199000e+00  2.0267126460e-01 
 589.000  1.3281963000e+00  1.7698165890e-01 
 590.000  1.3866520000e+00  1.8459996030e-01 
 591.000  1.4736536000e+00  1.9800741580e-01 
 592.000  1.4451079000e+00  1.9311190800e-01 
 593.000  1.4606165000e+00  1.9727745060e-01 
 594.000  1.4737352000e+00  1.9854122920e-01 
 595.000  1.4451704000e+00  1.9316305540e-01 
 596.000  1.4812645000e+00  2.0016372680e-01 
 597.000  1.4855294000e+00  2.0020803830e-01 
 598.000  1.4552065000e+00  1.9703482060e-01 
 599.000  1.4555847000e+00  1.9746467590e-01 
 600.000  1.4560202000e+00  1.9837553410e-01 
 601.000  1.4478847000e+00  1.9787800600e-01 
 602.000  1.4320426000e+00  1.9588990780e-01 
 603.000  1.4406692000e+00  1.9728779600e-01 
 604.000  1.4862783000e+00  2.0372525020e-01 
 605.000  1.4824251000e+00  2.0320397950e-01 
 606.000  1.4651717000e+00  2.0088720700e-01 
 607.000  1.4568586000e+00  1.9973266600e-01 
 608.000  1.4514354000e+00  1.9895338440e-01 
 609.000  1.4364604000e+00  1.9690475460e-01 
 610.000  1.4133771000e+00  1.9370321660e-01 
 611.000  1.4362450000e+00  1.9683837890e-01 
 612.000  1.4174650000e+00  1.9426812740e-01 
 613.000  1.3966767000e+00  1.9139114380e-01 
 614.000  1.3456954000e+00  1.8441566470e-01 
 615.000  1.4106161000e+00  1.9326371770e-01 
 616.000  1.3411477000e+00  1.8375910950e-01 
 617.000  1.3486477000e+00  1.8477964780e-01 
 618.000  1.4121990000e+00  1.9342369080e-01 
 619.000  1.3991841000e+00  1.9165824890e-01 
 620.000  1.4197724000e+00  1.9440960690e-01 
 621.000  1.4441011000e+00  1.9771730040e-01 
 622.000  1.3678510000e+00  1.8722489930e-01 
 623.000  1.3784240000e+00  1.8856961060e-01 
 624.000  1.3798166000e+00  1.8876611330e-01 
 625.000  1.3423607000e+00  1.8361157230e-01 
 626.000  1.3490609000e+00  1.8434455870e-01 
 627.000  1.3713833000e+00  1.8666737370e-01 
 628.000  1.3523854000e+00  1.8272166440e-01 
 629.000  1.3865751000e+00  1.8781658940e-01 
 630.000  1.3406136000e+00  1.8220870970e-01 
 631.000  1.3898671000e+00  1.8910156250e-01 
 632.000  1.2944858000e+00  1.7556257630e-01 
 633.000  1.3896746000e+00  1.8917639160e-01 
 634.000  1.3479556000e+00  1.8371577450e-01 
 635.000  1.3725629000e+00  1.8705201720e-01 
 636.000  1.3242002000e+00  1.8058412170e-01 
 637.000  1.3678774000e+00  1.8662051390e-01 
 638.000  1.3892122000e+00  1.8985406490e-01 
 639.000  1.3776992000e+00  1.8821743770e-01 
 640.000  1.3344724000e+00  1.8254260250e-01 
 641.000  1.3537039000e+00  1.8514466860e-01 
 642.000  1.3374458000e+00  1.8302503970e-01 
 643.000  1.3607391000e+00  1.8594836430e-01 
 644.000  1.3450967000e+00  1.8375828550e-01 
 645.000  1.3567208000e+00  1.8500563050e-01 
 646.000  1.3046944000e+00  1.7642608640e-01 
 647.000  1.3221848000e+00  1.7777201840e-01 
 648.000  1.3196277000e+00  1.7641027830e-01 
 649.000  1.3459185000e+00  1.8076010130e-01 
 650.000  1.2474982200e+00  1.6922665410e-01 
 651.000  1.3437547000e+00  1.8226600650e-01 
 652.000  1.3175178000e+00  1.7712300110e-01 
 653.000  1.3443927000e+00  1.8256040950e-01 
 654.000  1.3267167000e+00  1.7988566590e-01 
 655.000  1.2915798400e+00  1.7445008850e-01 
 656.000  1.0965501900e+00  1.4827619930e-01 
 657.000  1.1703768900e+00  1.5857296750e-01 
 658.000  1.3037394000e+00  1.7729164120e-01 
 659.000  1.3069240000e+00  1.7806193540e-01 
 660.000  1.3171762000e+00  1.7961705020e-01 
 661.000  1.3230430000e+00  1.8091622920e-01 
 662.000  1.3421041000e+00  1.8373312380e-01 
 663.000  1.3271432000e+00  1.8160568240e-01 
 664.000  1.3060455100e+00  1.7878611760e-01 
 665.000  1.3117104400e+00  1.7960861210e-01 
 666.000  1.3274993000e+00  1.8188978580e-01 
 667.000  1.3011372700e+00  1.7829089360e-01 
 668.000  1.3085174700e+00  1.7941958620e-01 
 669.000  1.3271614900e+00  1.8203045650e-01 
 670.000  1.3115728200e+00  1.7984861760e-01 
 671.000  1.2973636800e+00  1.7793269350e-01 
 672.000  1.2932297400e+00  1.7736245730e-01 
 673.000  1.3024367700e+00  1.7861267090e-01 
 674.000  1.3049289100e+00  1.7896356200e-01 
 675.000  1.2849870500e+00  1.7620991520e-01 
 676.000  1.3092146100e+00  1.7954144290e-01 
 677.000  1.2831402400e+00  1.7597697450e-01 
 678.000  1.3043508100e+00  1.7887179570e-01 
 679.000  1.2859022500e+00  1.7630343630e-01 
 680.000  1.2759829500e+00  1.7488461300e-01 
 681.000  1.2772998800e+00  1.7498419190e-01 
 682.000  1.2746158600e+00  1.7456297300e-01 
 683.000  1.2829372900e+00  1.7562657170e-01 
 684.000  1.2597065800e+00  1.7233949280e-01 
 685.000  1.2739156900e+00  1.7434164430e-01 
 686.000  1.2177664000e+00  1.6637184140e-01 
 687.000  1.1255152200e+00  1.4905400090e-01 
 688.000  1.1555374900e+00  1.5457684330e-01 
 689.000  1.1499920300e+00  1.5335897830e-01 
 690.000  1.1706591800e+00  1.5694345090e-01 
 691.000  1.1944778300e+00  1.6094769290e-01 
 692.000  1.1975933200e+00  1.6141334530e-01 
 693.000  1.1964837200e+00  1.5923783870e-01 
 694.000  1.1984653900e+00  1.5770262150e-01 
 695.000  1.1856012200e+00  1.5688609310e-01 
 696.000  1.2040920600e+00  1.5989665220e-01 
 697.000  1.2272424500e+00  1.6606079100e-01 
 698.000  1.1999895200e+00  1.6165315250e-01 
 699.000  1.2031722200e+00  1.5934907530e-01 
 700.000  1.1920606300e+00  1.5827247620e-01 
 701.000  1.1611722600e+00  1.5355885310e-01 
 702.000  1.1583327200e+00  1.5358529660e-01 
 703.000  1.1900102600e+00  1.5997906490e-01 
 704.000  1.1939683000e+00  1.6060392760e-01 
 705.000  1.1965840000e+00  1.6000140380e-01 
 706.000  1.1850231900e+00  1.5862550350e-01 
 707.000  1.1693261600e+00  1.5684812930e-01 
 708.000  1.2056660900e+00  1.6207693480e-01 
 709.000  1.1676357300e+00  1.5767659000e-01 
 710.000  1.1889525600e+00  1.5971778870e-01 
 711.000  1.1823692000e+00  1.5961782840e-01 
 712.000  1.1703794500e+00  1.5869227600e-01 
 713.000  1.1615945400e+00  1.5691566470e-01 
 714.000  1.1799429700e+00  1.5915039060e-01 
 715.000  1.1326652700e+00  1.5183935550e-01 
 716.000  1.1558403200e+00  1.5398706050e-01 
 717.000  1.0831412100e+00  1.3917379760e-01 
 718.000  1.0504723300e+00  1.3196830750e-01 
 719.000  1.0286518200e+00  1.2811700440e-01 
 720.000  1.0217210800e+00  1.2575576020e-01 
 721.000  1.0831309700e+00  1.4047319030e-01 
 722.000  1.1208297200e+00  1.4801789860e-01 
 723.000  1.1054670500e+00  1.4445130920e-01 
 724.000  1.0752748200e+00  1.3639399720e-01 
 725.000  1.0687818000e+00  1.3614038090e-01 
 726.000  1.0649611300e+00  1.3547244260e-01 
 727.000  1.0857723000e+00  1.3867892460e-01 
 728.000  1.0613653900e+00  1.3496948240e-01 
 729.000  1.0323220800e+00  1.3275614930e-01 
 730.000  1.0678784800e+00  1.3707841490e-01 
 731.000  1.0472415100e+00  1.3416036990e-01 
 732.000  1.0899106500e+00  1.4226937870e-01 
 733.000  1.0946774400e+00  1.4557116700e-01 
 734.000  1.1277647500e+00  1.5131288150e-01 
 735.000  1.1148465500e+00  1.4908218380e-01 
 736.000  1.0872685300e+00  1.4454750060e-01 
 737.000  1.1065272900e+00  1.4773495480e-01 
 738.000  1.1103124700e+00  1.4914785770e-01 
 739.000  1.0771640800e+00  1.4509545900e-01 
 740.000  1.0936521400e+00  1.4819665530e-01 
 741.000  1.0885283100e+00  1.4806362920e-01 
 742.000  1.0720454800e+00  1.4605236820e-01 
 743.000  1.1068424500e+00  1.5130928040e-01 
 744.000  1.1187250000e+00  1.5318045040e-01 
 745.000  1.0907100500e+00  1.4953840640e-01 
 746.000  1.1067101200e+00  1.5185896300e-01 
 747.000  1.1233808800e+00  1.5415200810e-01 
 748.000  1.1039545200e+00  1.5157992550e-01 
 749.000  1.1044454400e+00  1.5170063780e-01 
 750.000  1.0878720600e+00  1.4935624690e-01 
 751.000  1.0850727700e+00  1.4897744750e-01 
 752.000  1.1021782400e+00  1.5142396550e-01 
 753.000  1.0919136300e+00  1.5004362490e-01 
 754.000  1.1091081300e+00  1.5242489620e-01 
 755.000  1.1027493700e+00  1.5155722050e-01 
 756.000  1.0811714300e+00  1.4859764100e-01 
 757.000  1.0891301500e+00  1.4969552610e-01 
 758.000  1.0868290200e+00  1.4932118230e-01 
 759.000  1.0041701800e+00  1.3566719060e-01 
 760.000  5.1232883000e-01  5.8413528440e-02 
 761.000  4.6276378000e-01  5.1503841400e-02 
 762.000  7.3941366000e-01  9.2775100710e-02 
 763.000  6.7070953000e-01  8.1429367070e-02 
 764.000  7.1702038000e-01  8.8478599550e-02 
 765.000  8.1910559000e-01  1.0483730320e-01 
 766.000  8.8611884000e-01  1.1738630680e-01 
 767.000  9.4984941000e-01  1.2775299070e-01 
 768.000  1.0208326500e+00  1.3867697140e-01 
 769.000  1.0384808300e+00  1.4201454160e-01 
 770.000  1.0435481600e+00  1.4315045170e-01 
 771.000  1.0491492100e+00  1.4418002320e-01 
 772.000  1.0462221600e+00  1.4384896850e-01 
 773.000  1.0422963600e+00  1.4334574890e-01 
 774.000  1.0537770300e+00  1.4495982360e-01 
 775.000  1.0143363800e+00  1.3956439210e-01 
 776.000  1.0562064400e+00  1.4537081910e-01 
 777.000  1.0488730400e+00  1.4436415100e-01 
 778.000  1.0432144500e+00  1.4357281490e-01 
 779.000  1.0465776200e+00  1.4401747130e-01 
 780.000  1.0335936100e+00  1.4224589540e-01 
 781.000  1.0319923600e+00  1.4205357360e-01 
 782.000  1.0443962200e+00  1.4371809390e-01 
 783.000  1.0199603900e+00  1.4038496400e-01 
 784.000  1.0255131500e+00  1.4109582520e-01 
 785.000  1.0273430700e+00  1.4111598210e-01 
 786.000  1.0083132300e+00  1.3821267700e-01 
 787.000  1.0201698700e+00  1.3913909910e-01 
 788.000  1.0032638100e+00  1.3650500490e-01 
 789.000  1.0033089500e+00  1.3534629820e-01 
 790.000  9.9264842000e-01  1.3378710940e-01 
 791.000  9.8861732000e-01  1.3346983340e-01 
 792.000  9.7392758000e-01  1.3166622920e-01 
 793.000  9.7524209000e-01  1.3230467220e-01 
 794.000  9.7009001000e-01  1.3260667420e-01 
 795.000  9.6183002000e-01  1.3083691410e-01 
 796.000  9.7011774000e-01  1.3046749880e-01 
 797.000  9.7851754000e-01  1.3205284120e-01 
 798.000  9.8414959000e-01  1.3380741880e-01 
 799.000  9.8216552000e-01  1.3329589840e-01 
 800.000  9.5286294000e-01  1.2862060550e-01 
 801.000  9.7107758000e-01  1.3116621400e-01 
 802.000  9.6873541000e-01  1.3076502990e-01 
 803.000  9.5544174000e-01  1.2908607480e-01 
 804.000  9.6579863000e-01  1.3084620670e-01 
 805.000  9.4261590000e-01  1.2835246280e-01 
 806.000  9.7011519000e-01  1.3247654720e-01 
 807.000  9.6419442000e-01  1.3170626830e-01 
 808.000  9.5734942000e-01  1.3053294370e-01 
 809.000  9.3967751000e-01  1.2785208130e-01 
 810.000  9.3385111000e-01  1.2675865940e-01 
 811.000  9.4542733000e-01  1.2775562290e-01 
 812.000  9.3761523000e-01  1.2592338560e-01 
 813.000  9.2776209000e-01  1.2365689090e-01 
 814.000  9.1865558000e-01  1.2130405430e-01 
 815.000  8.9888270000e-01  1.1731665800e-01 
 816.000  8.7784977000e-01  1.1291264340e-01 
 817.000  8.8388798000e-01  1.1376373290e-01 
 818.000  8.7957808000e-01  1.1330652620e-01 
 819.000  8.6005070000e-01  1.1136456300e-01 
 820.000  8.5758317000e-01  1.1285337070e-01 
 821.000  9.0277351000e-01  1.2100584410e-01 
 822.000  8.6489672000e-01  1.1425256350e-01 
 823.000  8.4084187000e-01  1.0688743590e-01 
 824.000  8.8413660000e-01  1.1608244320e-01 
 825.000  9.0191160000e-01  1.2104058070e-01 
 826.000  9.0424058000e-01  1.2088348390e-01 
 827.000  8.9885808000e-01  1.1981122590e-01 
 828.000  8.8448733000e-01  1.1622455600e-01 
 829.000  8.8853263000e-01  1.1732321170e-01 
 830.000  8.7933015000e-01  1.1676793670e-01 
 831.000  8.6497478000e-01  1.1502056120e-01 
 832.000  8.8310149000e-01  1.1750470730e-01 
 833.000  8.5829731000e-01  1.1463192750e-01 
 834.000  8.7407483000e-01  1.1721481320e-01 
 835.000  8.8144255000e-01  1.1909907530e-01 
 836.000  8.8986289000e-01  1.1999776460e-01 
 837.000  8.8226244000e-01  1.1893370060e-01 
 838.000  8.8806789000e-01  1.2019424440e-01 
 839.000  8.6182505000e-01  1.1691377260e-01 
 840.000  8.8540910000e-01  1.2019683840e-01 
 841.000  8.8618916000e-01  1.1998905940e-01 
 842.000  8.8194568000e-01  1.1967694090e-01 
 843.000  8.7890700000e-01  1.1997032930e-01 
 844.000  8.6562113000e-01  1.1846558380e-01 
 845.000  8.7932799000e-01  1.2048572540e-01 
 846.000  8.8773091000e-01  1.2181653590e-01 
 847.000  8.5772915000e-01  1.1789077000e-01 
 848.000  8.8194975000e-01  1.2092043300e-01 
 849.000  8.8367261000e-01  1.2122727970e-01 
 850.000  7.6358953000e-01  1.0460111240e-01 
 851.000  8.7423413000e-01  1.1957936860e-01 
 852.000  8.4111253000e-01  1.1509367370e-01 
 853.000  8.5163507000e-01  1.1676374050e-01 
 854.000  6.8462538000e-01  9.3873207090e-02 
 855.000  7.5395544000e-01  1.0352000430e-01 
 856.000  8.5616199000e-01  1.1779442600e-01 
 857.000  8.7006157000e-01  1.1986763000e-01 
 858.000  8.5622217000e-01  1.1801493840e-01 
 859.000  8.5630521000e-01  1.1816081240e-01 
 860.000  8.4874297000e-01  1.1720474240e-01 
 861.000  8.4862958000e-01  1.1719931790e-01 
 862.000  8.4585298000e-01  1.1683059690e-01 
 863.000  8.6201239000e-01  1.1911614230e-01 
 864.000  8.6028793000e-01  1.1885024260e-01 
 865.000  8.4425901000e-01  1.1671436310e-01 
 866.000  7.0815425000e-01  9.7928306580e-02 
 867.000  7.5409228000e-01  1.0420561220e-01 
 868.000  8.1783595000e-01  1.1306092070e-01 
 869.000  8.0635260000e-01  1.1148400120e-01 
 870.000  8.3959759000e-01  1.1613265230e-01 
 871.000  8.3840427000e-01  1.1595145420e-01 
 872.000  8.3502505000e-01  1.1541261290e-01 
 873.000  8.3835495000e-01  1.1591658780e-01 
 874.000  8.1996155000e-01  1.1334012600e-01 
 875.000  8.1240994000e-01  1.1235823060e-01 
 876.000  8.1913522000e-01  1.1323991390e-01 
 877.000  8.3544407000e-01  1.1543553920e-01 
 878.000  8.2102492000e-01  1.1341094210e-01 
 879.000  8.2292062000e-01  1.1369640350e-01 
 880.000  8.1809171000e-01  1.1290398410e-01 
 881.000  7.7553797000e-01  1.0702286530e-01 
 882.000  8.1832605000e-01  1.1282593540e-01 
 883.000  7.9966339000e-01  1.1035999300e-01 
 884.000  8.0645348000e-01  1.1139804840e-01 
 885.000  8.1465077000e-01  1.1223532100e-01 
 886.000  7.8784352000e-01  1.0840535740e-01 
 887.000  7.7982713000e-01  1.0741905980e-01 
 888.000  8.0315790000e-01  1.1055822750e-01 
 889.000  8.0859904000e-01  1.1145919800e-01 
 890.000  8.0594042000e-01  1.1096617130e-01 
 891.000  8.0112957000e-01  1.1002517700e-01 
 892.000  7.9679426000e-01  1.0894075780e-01 
 893.000  7.6072692000e-01  1.0255147550e-01 
 894.000  7.8287379000e-01  1.0485822300e-01 
 895.000  7.3292927000e-01  9.6337890620e-02 
 896.000  7.4698167000e-01  9.6433387760e-02 
 897.000  7.1435361000e-01  9.0610748290e-02 
 898.000  7.0829151000e-01  8.9046440120e-02 
 899.000  6.8686164000e-01  8.4330657960e-02 
 900.000  6.7266802000e-01  8.2815124510e-02 
 901.000  6.5306699000e-01  7.9931373600e-02 
 902.000  6.4188690000e-01  7.8678970340e-02 
 903.000  7.0737186000e-01  9.0160301210e-02 
 904.000  7.4160311000e-01  9.6787811280e-02 
 905.000  7.3881718000e-01  9.6464508060e-02 
 906.000  7.0646271000e-01  9.0882202150e-02 
 907.000  6.9533879000e-01  8.7105628970e-02 
 908.000  6.6346382000e-01  8.1653305050e-02 
 909.000  6.5098169000e-01  8.0157791140e-02 
 910.000  6.6090508000e-01  8.1587898250e-02 
 911.000  6.6897413000e-01  8.3597129820e-02 
 912.000  6.6561240000e-01  8.2628196720e-02 
 913.000  6.5984499000e-01  7.9968246460e-02 
 914.000  6.6603466000e-01  8.1677124020e-02 
 915.000  6.6323414000e-01  8.2189582820e-02 
 916.000  6.7266869000e-01  8.3546569820e-02 
 917.000  6.6643509000e-01  8.3199142460e-02 
 918.000  6.6859046000e-01  8.4032836910e-02 
 919.000  6.9648314000e-01  8.9678108220e-02 
 920.000  7.0401213000e-01  9.2117034910e-02 
 921.000  6.8550200000e-01  8.9345664980e-02 
 922.000  6.7907286000e-01  8.8508171080e-02 
 923.000  6.4691229000e-01  8.3766189580e-02 
 924.000  6.6501806000e-01  8.5225608830e-02 
 925.000  6.7309974000e-01  8.6111984250e-02 
 926.000  6.4894591000e-01  8.2861396790e-02 
 927.000  6.6224366000e-01  8.3449951170e-02 
 928.000  6.4936706000e-01  7.9993492130e-02 
 929.000  6.1592342000e-01  7.3430786130e-02 
 930.000  5.8288032000e-01  6.6386779790e-02 
 931.000  5.4660698000e-01  5.8559803010e-02 
 932.000  4.9369636000e-01  4.8406250000e-02 
 933.000  4.5788977000e-01  4.2123889920e-02 
 934.000  4.1466208000e-01  3.5660476680e-02 
 935.000  4.0445311000e-01  3.4479286190e-02 
 936.000  4.1712343000e-01  3.6491706850e-02 
 937.000  4.2225051000e-01  3.6733009340e-02 
 938.000  4.6042184000e-01  4.3170623780e-02 
 939.000  5.7042574000e-01  6.3948677060e-02 
 940.000  5.8237848000e-01  6.6696136470e-02 
 941.000  5.5638210000e-01  6.2622211460e-02 
 942.000  5.0469308000e-01  5.3927883150e-02 
 943.000  4.7672816000e-01  4.6297523500e-02 
 944.000  4.5988997000e-01  4.4337879180e-02 
 945.000  4.8415241000e-01  4.8246994020e-02 
 946.000  4.9171383000e-01  4.9115745540e-02 
 947.000  5.0602434000e-01  5.2167778020e-02 
 948.000  5.1917571000e-01  5.4517578120e-02 
 949.000  5.1935737000e-01  5.4433498380e-02 
 950.000  5.1845735000e-01  5.4597915650e-02 
 951.000  5.3758749000e-01  5.8898700710e-02 
 952.000  5.1353168000e-01  5.3986740110e-02 
 953.000  5.2868081000e-01  5.7297859190e-02 
 954.000  5.4091955000e-01  6.0452735900e-02 
 955.000  4.9184692000e-01  5.3699054720e-02 
 956.000  5.2125879000e-01  5.6656478880e-02 
 957.000  5.6446624000e-01  6.5828521730e-02 
 958.000  5.7424336000e-01  6.7534423830e-02 
 959.000  5.6913406000e-01  6.6336837770e-02 
 960.000  5.6158046000e-01  6.5301353450e-02 
 961.000  5.5191967000e-01  6.3879924770e-02 
 962.000  5.5784197000e-01  6.4902481080e-02 
 963.000  5.7984695000e-01  6.9643287660e-02 
 964.000  5.7641267000e-01  6.9557731630e-02 
 965.000  5.8118662000e-01  6.9970527650e-02 
 966.000  5.6553845000e-01  6.8231903080e-02 
 967.000  5.9858848000e-01  7.3788002010e-02 
 968.000  6.1844051000e-01  7.8964080810e-02 
 969.000  6.3405672000e-01  8.2257553100e-02 
 970.000  6.3638401000e-01  8.2647018430e-02 
 971.000  6.3043951000e-01  8.1856704710e-02 
 972.000  6.3160008000e-01  8.1646751400e-02 
 973.000  6.1790915000e-01  7.9069549560e-02 
 974.000  5.9908175000e-01  7.5723121640e-02 
 975.000  5.9600677000e-01  7.4742820740e-02 
 976.000  6.1072418000e-01  7.7349685670e-02 
 977.000  6.0720255000e-01  7.8160797120e-02 
 978.000  6.2117106000e-01  7.9877258300e-02 
 979.000  6.0613653000e-01  7.8294120790e-02 
 980.000  6.2693165000e-01  8.2348625180e-02 
 981.000  6.3391973000e-01  8.3594627380e-02 
 982.000  6.2978724000e-01  8.2760894780e-02 
 983.000  6.3431670000e-01  8.4096633910e-02 
 984.000  6.3646538000e-01  8.5163742070e-02 
 985.000  6.3978282000e-01  8.6069396970e-02 
 986.000  6.3921981000e-01  8.6600280760e-02 
 987.000  6.4856538000e-01  8.8144859310e-02 
 988.000  6.4095194000e-01  8.7179786680e-02 
 989.000  6.3307810000e-01  8.6155342100e-02 
 990.000  6.3894017000e-01  8.7024772640e-02 
 991.000  6.4586816000e-01  8.8214530940e-02 
 992.000  6.4035828000e-01  8.7539474490e-02 
 993.000  6.4048762000e-01  8.7593467710e-02 
 994.000  6.4520817000e-01  8.8459403990e-02 
 995.000  6.4148899000e-01  8.8110282900e-02 
 996.000  6.4134637000e-01  8.8100379940e-02 
 997.000  6.4136267000e-01  8.8017547610e-02 
 998.000  6.3824305000e-01  8.7496459960e-02 
 999.000  6.3637071000e-01  8.7210929870e-02 
1000.000  6.3151125000e-01  8.6586715700e-02 
1001.000  6.3351834000e-01  8.6651817320e-02 
1002.000  6.3017340000e-01  8.5857543950e-02 
1003.000  6.2335701000e-01  8.5020484920e-02 
1004.000  6.1946370000e-01  8.4696220400e-02 
1005.000  5.7931168000e-01  7.9298988340e-02 
1006.000  6.0974151000e-01  8.3507164000e-02 
1007.000  6.2041008000e-01  8.4913002010e-02 
1008.000  6.2117005000e-01  8.4748497010e-02 
1009.000  6.1487365000e-01  8.3539222720e-02 
1010.000  6.1826538000e-01  8.4173088070e-02 
1011.000  6.1755793000e-01  8.4478363040e-02 
1012.000  6.1873022000e-01  8.4801727290e-02 
1013.000  6.1501410000e-01  8.4423652650e-02 
1014.000  6.1925712000e-01  8.5083526610e-02 
1015.000  6.0786945000e-01  8.3556671140e-02 
1016.000  6.1209023000e-01  8.4219261170e-02 
1017.000  6.0615884000e-01  8.3455917360e-02 
1018.000  6.1371690000e-01  8.4462364200e-02 
1019.000  5.9891422000e-01  8.2315872190e-02 
1020.000  5.9791627000e-01  8.2224182130e-02 
1021.000  6.0440949000e-01  8.3200462340e-02 
1022.000  5.9441412000e-01  8.1647186280e-02 
1023.000  6.0504464000e-01  8.2955680850e-02 
1024.000  6.0150441000e-01  8.2374740600e-02 
1025.000  6.0265070000e-01  8.2767425540e-02 
1026.000  6.0393067000e-01  8.3063850400e-02 
1027.000  6.0003400000e-01  8.2515258790e-02 
1028.000  6.0164234000e-01  8.2811820980e-02 
1029.000  5.9298457000e-01  8.1762763980e-02 
1030.000  5.9946327000e-01  8.2796424870e-02 
1031.000  5.9782036000e-01  8.2661666870e-02 
1032.000  5.9590605000e-01  8.2469017030e-02 
1033.000  5.8496741000e-01  8.0972511290e-02 
1034.000  5.9068126000e-01  8.1795257570e-02 
1035.000  5.8296485000e-01  8.0729835510e-02 
1036.000  5.9259780000e-01  8.2086929320e-02 
1037.000  5.8011646000e-01  8.0371643070e-02 
1038.000  5.8585089000e-01  8.1177284240e-02 
1039.000  5.8823693000e-01  8.1500289920e-02 
1040.000  5.8126830000e-01  8.0531326290e-02 
1041.000  5.8429333000e-01  8.0944999690e-02 
1042.000  5.8602009000e-01  8.1184303280e-02 
1043.000  5.7590042000e-01  7.9785911560e-02 
1044.000  5.8162411000e-01  8.0575729370e-02 
1045.000  5.7907352000e-01  8.0232589720e-02 
1046.000  5.6222388000e-01  7.7918319700e-02 
1047.000  5.7253417000e-01  7.9367149350e-02 
1048.000  5.7820621000e-01  8.0179237370e-02 
1049.000  5.7448671000e-01  7.9696578980e-02 
1050.000  5.7206842000e-01  7.9368598940e-02 
1051.000  5.7103715000e-01  7.9194290160e-02 
1052.000  5.6833369000e-01  7.8798889160e-02 
1053.000  5.6692803000e-01  7.8590850830e-02 
1054.000  5.6269655000e-01  7.7958580020e-02 
1055.000  5.6678911000e-01  7.8493904110e-02 
1056.000  5.6525530000e-01  7.8253128050e-02 
1057.000  5.6418578000e-01  7.8034332280e-02 
1058.000  5.5811640000e-01  7.7061912540e-02 
1059.000  5.4057387000e-01  7.4671173100e-02 
1060.000  5.6013195000e-01  7.7475608830e-02 
1061.000  5.4047942000e-01  7.4757553100e-02 
1062.000  5.5537104000e-01  7.6743972780e-02 
1063.000  5.4596334000e-01  7.5427230830e-02 
1064.000  5.5269569000e-01  7.6278213500e-02 
1065.000  5.5185750000e-01  7.6047569270e-02 
1066.000  5.3495294000e-01  7.3714492800e-02 
1067.000  5.4757638000e-01  7.5398559570e-02 
1068.000  5.4483119000e-01  7.4813735960e-02 
1069.000  5.0351828000e-01  6.9023872380e-02 
1070.000  5.3346032000e-01  7.3152442930e-02 
1071.000  5.3393028000e-01  7.3101730350e-02 
1072.000  5.3531480000e-01  7.3179824830e-02 
1073.000  5.1762349000e-01  7.0746078490e-02 
1074.000  5.3582419000e-01  7.3258506770e-02 
1075.000  5.1977498000e-01  7.1237998960e-02 
1076.000  5.3080404000e-01  7.2640289310e-02 
1077.000  5.2911254000e-01  7.2266548160e-02 
1078.000  5.2987593000e-01  7.2205268860e-02 
1079.000  5.0938743000e-01  6.9392158510e-02 
1080.000  5.2282278000e-01  7.0791938780e-02 
1081.000  5.0349672000e-01  6.8147041320e-02 
1082.000  5.1064269000e-01  6.9277816770e-02 
1083.000  4.9599544000e-01  6.7053421020e-02 
1084.000  5.1391136000e-01  6.9213111880e-02 
1085.000  5.0468234000e-01  6.7398834230e-02 
1086.000  5.1187612000e-01  6.8469436650e-02 
1087.000  4.8312694000e-01  6.5194129940e-02 
1088.000  5.1249509000e-01  6.9201614380e-02 
1089.000  4.8966425000e-01  6.5415977480e-02 
1090.000  4.9965768000e-01  6.6630645750e-02 
1091.000  5.0356972000e-01  6.7303932190e-02 
1092.000  4.9020369000e-01  6.5177276610e-02 
1093.000  4.8031752000e-01  6.3119491580e-02 
1094.000  4.3549882800e-01  5.6921890260e-02 
1095.000  4.7167250000e-01  6.1678794860e-02 
1096.000  4.7299825000e-01  6.1897857670e-02 
1097.000  4.6293340000e-01  6.0382549290e-02 
1098.000  4.4560231400e-01  5.6469871520e-02 
1099.000  4.3528579300e-01  5.3808555600e-02 
1100.000  4.4357849500e-01  5.4918437960e-02 
1101.000  4.4423737000e-01  5.5177639010e-02 
1102.000  4.2507253000e-01  5.2694149020e-02 
1103.000  4.4302343900e-01  5.5027786250e-02 
1104.000  4.3782239300e-01  5.4144222260e-02 
1105.000  4.3206824800e-01  5.2863235470e-02 
1106.000  4.2324457100e-01  5.1239604950e-02 
1107.000  4.2407969500e-01  5.1445648190e-02 
1108.000  4.2374696900e-01  5.1460239410e-02 
1109.000  4.3024418300e-01  5.2657306670e-02 
1110.000  4.3200215500e-01  5.2731994630e-02 
1111.000  4.2402942300e-01  5.1454063420e-02 
1112.000  4.0766333200e-01  4.8302413940e-02 
1113.000  3.8895049000e-01  4.4379741670e-02 
1114.000  3.8874359900e-01  4.3746860500e-02 
1115.000  3.6313409500e-01  3.8592113490e-02 
1116.000  3.4496682900e-01  3.5319713590e-02 
1117.000  3.1597419000e-01  2.9796934130e-02 
1118.000  2.8202536900e-01  2.4547052380e-02 
1119.000  2.5817986100e-01  2.1384572980e-02 
1120.000  2.3801432300e-01  1.8488119130e-02 
1121.000  2.3493077300e-01  1.7950752260e-02 
1122.000  2.1116389700e-01  1.4949920650e-02 
1123.000  2.2501522000e-01  1.6558918000e-02 
1124.000  2.3396911100e-01  1.7633590700e-02 
1125.000  2.2481206800e-01  1.6712846760e-02 
1126.000  2.1876399600e-01  1.6180458070e-02 
1127.000  2.2793230500e-01  1.6984201430e-02 
1128.000  2.2714888200e-01  1.7163698200e-02 
1129.000  2.4996330100e-01  2.0140913010e-02 
1130.000  2.9876400700e-01  2.7205968860e-02 
1131.000  3.1570151900e-01  2.9724565510e-02 
1132.000  2.9773584800e-01  2.6730299000e-02 
1133.000  2.5551858600e-01  2.1036994930e-02 
1134.000  1.8687257700e-01  1.2406112670e-02 
1135.000  1.9452275700e-01  1.3200051310e-02 
1136.000  2.6167646200e-01  2.1885355000e-02 
1137.000  2.9993534600e-01  2.7343717580e-02 
1138.000  3.2043807500e-01  3.1743949890e-02 
1139.000  3.3647223400e-01  3.4296417240e-02 
1140.000  3.3145342100e-01  3.3250797270e-02 
1141.000  3.0989732700e-01  3.0163499830e-02 
1142.000  3.1403574700e-01  3.0207239150e-02 
1143.000  2.9512943900e-01  2.7409933090e-02 
1144.000  2.7785246500e-01  2.4822856900e-02 
1145.000  2.5698888700e-01  2.1637140270e-02 
1146.000  2.6499911700e-01  2.2624357220e-02 
1147.000  2.8410053500e-01  2.5370283130e-02 
1148.000  2.9671349700e-01  2.7532882690e-02 
1149.000  3.0363871500e-01  2.8619966510e-02 
1150.000  3.0238807600e-01  2.8585790630e-02 
1151.000  3.1024730700e-01  3.0075262070e-02 
1152.000  3.1388557500e-01  3.0796741490e-02 
1153.000  3.1957184700e-01  3.1902391430e-02 
1154.000  3.1981937900e-01  3.1817768100e-02 
1155.000  3.3264714200e-01  3.4221179960e-02 
1156.000  3.4109920200e-01  3.6365444180e-02 
1157.000  3.7050819600e-01  4.2139408110e-02 
1158.000  3.8087621500e-01  4.4346302030e-02 
1159.000  3.8409431700e-01  4.5586517330e-02 
1160.000  3.8268221100e-01  4.5778629300e-02 
1161.000  3.8320796600e-01  4.6679317470e-02 
1162.000  4.0352391700e-01  4.9848342900e-02 
1163.000  4.1308823700e-01  5.1868049620e-02 
1164.000  4.0652529500e-01  5.1222240450e-02 
1165.000  4.1487423300e-01  5.2387531280e-02 
1166.000  4.0567041600e-01  5.1424869540e-02 
1167.000  4.1321351600e-01  5.2506027220e-02 
1168.000  4.1642476200e-01  5.2874073030e-02 
1169.000  4.0309189400e-01  5.1305549620e-02 
1170.000  4.1494172900e-01  5.2926868440e-02 
1171.000  4.1961477700e-01  5.3812767030e-02 
1172.000  4.1666509200e-01  5.3269969940e-02 
1173.000  4.1216223300e-01  5.2539310460e-02 
1174.000  4.1246401400e-01  5.2589225770e-02 
1175.000  4.1191343300e-01  5.2957378390e-02 
1176.000  4.0579835800e-01  5.2573898320e-02 
1177.000  4.1647215600e-01  5.3760768890e-02 
1178.000  4.0569359900e-01  5.1982604980e-02 
1179.000  4.0388355900e-01  5.1752761840e-02 
1180.000  4.0819382600e-01  5.2166576390e-02 
1181.000  4.0257910100e-01  5.1096225740e-02 
1182.000  3.9957347500e-01  5.0371185300e-02 
1183.000  3.7678065200e-01  4.7537021640e-02 
1184.000  3.9575075000e-01  5.0125404360e-02 
1185.000  4.0590020100e-01  5.1907001500e-02 
1186.000  4.0203625500e-01  5.1266746520e-02 
1187.000  3.9717403900e-01  5.0157688140e-02 
1188.000  3.9398509500e-01  4.9644008640e-02 
1189.000  3.7385944800e-01  4.7390331270e-02 
1190.000  3.9997985900e-01  5.1481502530e-02 
1191.000  4.0853911700e-01  5.2821079250e-02 
1192.000  4.0961294200e-01  5.3309040070e-02 
1193.000  4.0905651500e-01  5.3151397710e-02 
1194.000  4.0777298100e-01  5.2937286380e-02 
1195.000  3.9996960900e-01  5.1592533110e-02 
1196.000  4.0015956300e-01  5.1670063020e-02 
1197.000  3.9848317700e-01  5.1296127320e-02 
1198.000  3.8475613900e-01  4.9499122620e-02 
1199.000  3.6861867500e-01  4.7240501400e-02 
1200.000  3.9296542500e-01  5.0479057310e-02 
1201.000  3.9622090700e-01  5.0958061220e-02 
1202.000  3.9713325100e-01  5.1165683750e-02 
1203.000  3.7669886800e-01  4.8476802830e-02 
1204.000  3.8355377500e-01  4.9465347290e-02 
1205.000  3.9774566700e-01  5.1860424040e-02 
1206.000  3.9779437900e-01  5.2124183650e-02 
1207.000  4.0147553400e-01  5.2711395260e-02 
1208.000  3.9490506900e-01  5.1760375980e-02 
1209.000  3.6909950100e-01  4.8246604920e-02 
1210.000  3.9293193800e-01  5.1123329160e-02 
1211.000  3.7951897200e-01  4.9348133090e-02 
1212.000  3.9195763700e-01  5.1028041840e-02 
1213.000  3.9555552900e-01  5.1726135250e-02 
1214.000  3.9349058600e-01  5.1428710940e-02 
1215.000  3.9557131100e-01  5.1793308260e-02 
1216.000  3.9734177800e-01  5.2395389560e-02 
1217.000  3.9895609100e-01  5.2934211730e-02 
1218.000  3.9853492300e-01  5.3041450500e-02 
1219.000  3.9530415100e-01  5.2713302610e-02 
1220.000  3.9804081700e-01  5.3082824710e-02 
1221.000  3.9756662900e-01  5.3049797060e-02 
1222.000  3.9554844700e-01  5.2791362760e-02 
1223.000  3.9388241500e-01  5.2614341740e-02 
1224.000  3.9841422700e-01  5.3419681550e-02 
1225.000  3.9653667800e-01  5.3221488950e-02 
1226.000  3.9834059300e-01  5.3537391660e-02 
1227.000  3.8550715700e-01  5.1922092440e-02 
1228.000  3.9837445300e-01  5.3795936580e-02 
1229.000  3.9852554600e-01  5.3927215580e-02 
1230.000  3.9782856000e-01  5.3958396910e-02 
1231.000  3.9819829500e-01  5.4082977290e-02 
1232.000  3.9384425200e-01  5.3527019500e-02 
1233.000  3.9702783300e-01  5.3986331940e-02 
1234.000  3.9669873900e-01  5.4097080230e-02 
1235.000  3.9425201800e-01  5.3823471070e-02 
1236.000  3.9675074800e-01  5.4209236150e-02 
1237.000  3.9700293200e-01  5.4300750730e-02 
1238.000  3.9684668400e-01  5.4307788850e-02 
1239.000  3.9236979000e-01  5.3715923310e-02 
1240.000  3.9059302400e-01  5.3499504090e-02 
1241.000  3.9400247500e-01  5.3980785370e-02 
1242.000  3.9160624600e-01  5.3662590030e-02 
1243.000  3.8714982700e-01  5.3063755040e-02 
1244.000  3.8350761400e-01  5.2560558320e-02 
1245.000  3.8998462800e-01  5.3451423650e-02 
1246.000  3.8682461100e-01  5.2994716640e-02 
1247.000  3.8473982000e-01  5.2682308200e-02 
1248.000  3.8754976600e-01  5.3042972560e-02 
1249.000  3.8604377300e-01  5.2826244350e-02 
1250.000  3.8436388400e-01  5.2573448180e-02 
1251.000  3.8153301400e-01  5.2169116970e-02 
1252.000  3.8009343700e-01  5.1936386110e-02 
1253.000  3.7663781900e-01  5.1424499510e-02 
1254.000  3.7699284600e-01  5.1386146550e-02 
1255.000  3.7590623300e-01  5.1186084750e-02 
1256.000  3.7470842600e-01  5.0985130310e-02 
1257.000  3.6985943700e-01  5.0259052280e-02 
1258.000  3.6993546400e-01  5.0128051760e-02 
1259.000  3.6469815600e-01  4.9308170320e-02 
1260.000  3.6382837100e-01  4.9062442780e-02 
1261.000  3.6160933500e-01  4.8626636510e-02 
1262.000  3.5057205200e-01  4.6912651060e-02 
1263.000  3.5354879400e-01  4.7249801640e-02 
1264.000  3.4720680800e-01  4.6372268680e-02 
1265.000  3.4752897800e-01  4.6405097960e-02 
1266.000  3.4838674000e-01  4.6435016630e-02 
1267.000  3.4031033800e-01  4.5275474550e-02 
1268.000  3.3522235800e-01  4.4522888180e-02 
1269.000  3.3757486000e-01  4.4801536560e-02 
1270.000  3.4575768400e-01  4.6087409970e-02 
1271.000  3.4967875100e-01  4.6685493470e-02 
1272.000  3.5026439200e-01  4.6849895480e-02 
1273.000  3.5142710800e-01  4.7115127560e-02 
1274.000  3.5112863100e-01  4.7213817600e-02 
1275.000  3.5407020700e-01  4.7651996610e-02 
1276.000  3.5515528000e-01  4.7801525120e-02 
1277.000  3.5519576500e-01  4.7777130130e-02 
1278.000  3.5450793600e-01  4.7640365600e-02 
1279.000  3.5248443700e-01  4.7369487760e-02 
1280.000  3.5138630500e-01  4.7324024200e-02 
1281.000  3.4230891900e-01  4.6193778990e-02 
1282.000  3.0474019900e-01  4.1206020360e-02 
1283.000  3.3496420300e-01  4.5325397490e-02 
1284.000  3.4884881900e-01  4.7198062900e-02 
1285.000  3.5169202500e-01  4.7594329830e-02 
1286.000  3.5114610500e-01  4.7441268920e-02 
1287.000  3.5241486100e-01  4.7481639860e-02 
1288.000  3.4692239500e-01  4.6320091250e-02 
1289.000  3.4797373200e-01  4.6320774080e-02 
1290.000  3.3985361800e-01  4.5207462310e-02 
1291.000  3.4508908300e-01  4.5928207400e-02 
1292.000  3.4796144800e-01  4.6431011200e-02 
1293.000  3.4840072400e-01  4.6463581090e-02 
1294.000  3.4145642600e-01  4.5321567540e-02 
1295.000  3.4280126800e-01  4.5192787170e-02 
1296.000  3.4060798200e-01  4.4594837190e-02 
1297.000  3.3650938200e-01  4.3816944120e-02 
1298.000  3.3331854100e-01  4.3355953220e-02 
1299.000  3.3654290800e-01  4.3730632780e-02 
1300.000  3.3485256000e-01  4.3460147860e-02 
1301.000  3.3387206800e-01  4.3243907930e-02 
1302.000  3.2818856900e-01  4.2314716340e-02 
1303.000  3.2221170900e-01  4.1065929410e-02 
1304.000  3.2084303600e-01  4.0677837370e-02 
1305.000  3.2209165300e-01  4.0732215880e-02 
1306.000  3.2187494200e-01  4.0598930360e-02 
1307.000  3.1986061900e-01  4.0218364720e-02 
1308.000  3.1688629100e-01  3.9542640690e-02 
1309.000  3.1295299200e-01  3.8665359500e-02 
1310.000  3.1122830000e-01  3.8398555760e-02 
1311.000  3.1037568100e-01  3.8273937230e-02 
1312.000  3.0494605600e-01  3.7187290190e-02 
1313.000  2.8884014900e-01  3.4768489840e-02 
1314.000  2.9335967600e-01  3.4902519230e-02 
1315.000  2.8558465100e-01  3.4137870790e-02 
1316.000  2.9556274600e-01  3.5585956570e-02 
1317.000  2.9856696100e-01  3.5917125700e-02 
1318.000  2.8917417900e-01  3.4304611210e-02 
1319.000  2.8552889900e-01  3.3217109680e-02 
1320.000  2.7481236100e-01  3.1193033220e-02 
1321.000  2.7027748800e-01  3.0339302060e-02 
1322.000  2.7534932900e-01  3.1383167270e-02 
1323.000  2.8223893300e-01  3.2646480560e-02 
1324.000  2.8550339300e-01  3.3261306760e-02 
1325.000  2.8311922100e-01  3.2784893040e-02 
1326.000  2.7603688600e-01  3.1462245940e-02 
1327.000  2.6150281100e-01  2.8650476460e-02 
1328.000  2.4836818000e-01  2.5856283190e-02 
1329.000  2.1427545400e-01  2.0291006090e-02 
1330.000  2.0822599400e-01  1.9031230930e-02 
1331.000  2.0273793500e-01  1.8095920560e-02 
1332.000  2.0054317300e-01  1.7996202470e-02 
1333.000  2.1155819000e-01  1.9342021940e-02 
1334.000  2.1998107500e-01  2.0622398380e-02 
1335.000  2.2592770000e-01  2.1566434860e-02 
1336.000  2.2582212500e-01  2.1683509830e-02 
1337.000  2.2837798100e-01  2.1973979950e-02 
1338.000  2.3213334000e-01  2.2634201050e-02 
1339.000  2.3264733900e-01  2.2789712910e-02 
1340.000  2.3426980200e-01  2.3212507250e-02 
1341.000  2.3822577800e-01  2.3371950150e-02 
1342.000  2.3812792100e-01  2.3352048870e-02 
1343.000  2.2908762200e-01  2.1344873430e-02 
1344.000  2.1522627600e-01  1.8880884170e-02 
1345.000  1.7806477000e-01  1.3481961250e-02 
1346.000  1.5188571800e-01  1.0077219010e-02 
1347.000  1.3471666000e-01  8.1920576100e-03 
1348.000  1.1168233000e-01  5.6948003770e-03 
1349.000  1.0157799170e-01  4.8149366380e-03 
1350.000  7.9123029600e-02  2.9633269310e-03 
1351.000  6.8306921800e-02  2.2854435440e-03 
1352.000  5.2246204600e-02  1.3534772400e-03 
1353.000  3.7031519900e-02  7.4186855550e-04 
1354.000  2.9610067800e-02  4.9568787220e-04 
1355.000  2.2989699200e-02  3.1790325050e-04 
1356.000  1.7384966300e-02  1.9360005860e-04 
1357.000  1.1883094720e-02  9.7674347460e-05 
1358.000  8.7943116000e-03  5.9693459420e-05 
1359.000  4.6371926400e-03  2.0305350420e-05 
1360.000  3.0667204800e-03  1.0685618040e-05 
1361.000  2.2822909500e-03  6.3642216850e-06 
1362.000  2.1000791800e-03  5.5975778960e-06 
1363.000  3.0298730500e-03  9.7611704840e-06 
1364.000  3.5132276400e-03  1.2216923760e-05 
1365.000  3.6785396100e-03  1.2887435970e-05 
1366.000  4.2481007200e-03  1.6088983040e-05 
1367.000  3.5684724900e-03  1.2606102040e-05 
1368.000  3.1641456000e-03  1.0895806360e-05 
1369.000  3.2446900700e-03  1.1460059320e-05 
1370.000  5.3662067800e-03  2.6549326260e-05 
1371.000  9.5567518500e-03  6.6384442150e-05 
1372.000  1.7696198000e-02  1.8311442430e-04 
1373.000  2.5103530400e-02  3.2277157900e-04 
1374.000  3.0483554600e-02  4.4612056020e-04 
1375.000  3.2500824900e-02  5.0052815680e-04 
1376.000  3.0145855800e-02  4.4371697310e-04 
1377.000  2.6837302400e-02  3.6245608330e-04 
1378.000  2.0455600700e-02  2.3116201160e-04 
1379.000  1.4046721580e-02  1.2487820540e-04 
1380.000  7.9669012600e-03  4.9941301350e-05 
1381.000  4.6085493700e-03  2.0848928020e-05 
1382.000  3.2226955600e-03  1.1773039590e-05 
1383.000  3.1180844000e-03  1.0993984530e-05 
1384.000  5.0718386700e-03  2.3665660990e-05 
1385.000  7.2001208900e-03  4.1407275940e-05 
1386.000  1.0997437850e-02  8.1486284730e-05 
1387.000  2.0206280300e-02  2.2351458670e-04 
1388.000  2.6781605000e-02  3.5037791730e-04 
1389.000  3.0763973300e-02  4.4592303040e-04 
1390.000  3.1403302600e-02  4.6568188070e-04 
1391.000  2.9315356400e-02  4.1379225250e-04 
1392.000  2.2163664000e-02  2.6167690750e-04 
1393.000  1.6942377100e-02  1.7059524360e-04 
1394.000  1.2979795150e-02  1.1134032160e-04 
1395.000  1.4631327900e-02  1.3473412390e-04 
1396.000  2.0077411000e-02  2.2216452660e-04 
1397.000  2.5909771900e-02  3.3723202350e-04 
1398.000  2.6682569900e-02  3.5203760860e-04 
1399.000  2.4913617900e-02  3.1888908150e-04 
1400.000  2.3296351500e-02  2.8947436810e-04 
1401.000  2.4765211800e-02  3.2372167710e-04 
1402.000  3.0702150500e-02  4.5009064670e-04 
1403.000  3.5348533600e-02  5.8128356930e-04 
1404.000  3.3248452900e-02  5.2180838580e-04 
1405.000  3.4827006500e-02  5.7468831540e-04 
1406.000  3.2294427100e-02  5.0190669300e-04 
1407.000  3.3492522600e-02  5.4593449830e-04 
1408.000  4.0143130000e-02  7.2889131310e-04 
1409.000  4.7056876100e-02  9.6036183830e-04 
1410.000  5.7714803700e-02  1.3405698540e-03 
1411.000  6.8649478600e-02  1.8338688610e-03 
1412.000  6.6323259500e-02  1.7662571670e-03 
1413.000  7.3148326800e-02  2.1045627590e-03 
1414.000  7.2119283400e-02  2.0184812550e-03 
1415.000  7.9726834300e-02  2.4468784330e-03 
1416.000  8.5660773300e-02  2.7588813300e-03 
1417.000  8.7866241800e-02  2.8996567730e-03 
1418.000  8.8649260700e-02  2.9223876000e-03 
1419.000  8.8464642600e-02  2.9598140720e-03 
1420.000  9.0565671400e-02  3.0661571030e-03 
1421.000  1.0185930050e-01  3.7468538280e-03 
1422.000  1.0428243500e-01  3.9513626100e-03 
1423.000  1.0544536520e-01  4.0641856190e-03 
1424.000  1.0508702540e-01  4.0236396790e-03 
1425.000  1.0389400910e-01  3.9015979770e-03 
1426.000  1.0016829930e-01  3.7615423200e-03 
1427.000  1.0609828690e-01  4.1083369260e-03 
1428.000  1.1206034180e-01  4.4308056830e-03 
1429.000  1.1366177620e-01  4.6180372240e-03 
1430.000  1.1089780910e-01  4.5015187260e-03 
1431.000  1.0331488310e-01  4.0231227870e-03 
1432.000  1.0102043530e-01  3.8301820760e-03 
1433.000  1.0073573830e-01  3.8081526760e-03 
1434.000  9.6084009100e-02  3.5534672740e-03 
1435.000  1.0315472780e-01  3.9763131140e-03 
1436.000  1.0572347520e-01  4.1443219180e-03 
1437.000  1.0740866930e-01  4.2462167740e-03 
1438.000  1.1387143260e-01  4.6910638810e-03 
1439.000  1.1597291300e-01  4.7934160230e-03 
1440.000  1.1119984480e-01  4.6525568960e-03 
1441.000  1.1810656110e-01  4.9762444500e-03 
1442.000  1.1329132290e-01  4.7113952640e-03 
1443.000  1.1532754790e-01  4.8072729110e-03 
1444.000  1.1792754000e-01  4.9734649660e-03 
1445.000  1.1816366700e-01  5.0015845300e-03 
1446.000  1.2368023930e-01  5.3601422310e-03 
1447.000  1.2706048200e-01  5.6236848830e-03 
1448.000  1.2850857100e-01  5.7112116810e-03 
1449.000  1.2598547580e-01  5.5276007650e-03 
1450.000  1.2047283110e-01  5.1761679650e-03 
1451.000  1.2182163550e-01  5.2979884150e-03 
1452.000  1.2715335900e-01  5.7626209260e-03 
1453.000  1.4168699300e-01  6.8012351990e-03 
1454.000  1.5417742400e-01  7.8263301850e-03 
1455.000  1.6015125700e-01  8.4079360960e-03 
1456.000  1.6725545300e-01  9.0712375640e-03 
1457.000  1.6994537500e-01  9.2665758130e-03 
1458.000  1.7326961900e-01  9.5154075620e-03 
1459.000  1.6840143500e-01  9.0598335270e-03 
1460.000  1.6072477100e-01  8.4933443070e-03 
1461.000  1.5764172800e-01  8.2653417590e-03 
1462.000  1.4915335700e-01  7.6124410630e-03 
1463.000  1.4816448200e-01  7.5870156290e-03 
1464.000  1.4625057800e-01  7.4434957500e-03 
1465.000  1.4300590300e-01  7.1352806090e-03 
1466.000  1.3327788800e-01  6.4783401490e-03 
1467.000  1.3231122100e-01  6.3133287430e-03 
1468.000  1.2416949450e-01  5.7994389530e-03 
1469.000  1.1778888120e-01  5.2923913000e-03 
1470.000  1.1437774870e-01  5.0762939450e-03 
1471.000  1.2137806720e-01  5.6942424770e-03 
1472.000  1.3365787000e-01  6.6790633200e-03 
1473.000  1.5020553800e-01  8.0858316420e-03 
1474.000  1.5744221700e-01  8.9474649430e-03 
1475.000  1.6024180400e-01  9.1514492030e-03 
1476.000  1.6050254800e-01  9.2128543850e-03 
1477.000  1.5706221800e-01  8.9307699200e-03 
1478.000  1.5091993100e-01  8.5039777760e-03 
1479.000  1.4792659800e-01  8.2077007290e-03 
1480.000  1.5100808400e-01  8.5395088200e-03 
1481.000  1.5383177400e-01  8.9353828430e-03 
1482.000  1.6078172000e-01  9.6171188350e-03 
1483.000  1.5900278600e-01  9.6201953890e-03 
1484.000  1.6003417500e-01  9.7460403440e-03 
1485.000  1.6233467300e-01  9.9046535490e-03 
1486.000  1.6370818700e-01  1.0251603130e-02 
1487.000  1.7373046200e-01  1.1397481920e-02 
1488.000  1.5225020600e-01  1.0078607560e-02 
1489.000  1.8683975900e-01  1.3114620210e-02 
1490.000  1.9767509900e-01  1.4577017780e-02 
1491.000  2.0473850200e-01  1.5523514750e-02 
1492.000  2.0102647100e-01  1.5392726900e-02 
1493.000  2.0845766800e-01  1.6261396410e-02 
1494.000  2.0815393700e-01  1.6363950730e-02 
1495.000  2.0987831600e-01  1.6809711460e-02 
1496.000  2.0951594000e-01  1.7205509190e-02 
1497.000  2.1462547800e-01  1.7756147380e-02 
1498.000  2.2170601700e-01  1.8744794850e-02 
1499.000  2.2269567600e-01  1.9221778870e-02 
1500.000  2.2956381500e-01  2.0145847320e-02 
1501.000  2.2825825200e-01  2.0054794310e-02 
1502.000  2.2457769600e-01  1.9714147570e-02 
1503.000  2.0062003700e-01  1.7623483660e-02 
1504.000  2.0995491000e-01  1.8594942090e-02 
1505.000  2.1257796600e-01  1.9123550420e-02 
1506.000  2.1550971300e-01  1.9490026470e-02 
1507.000  2.2832793200e-01  2.0945501330e-02 
1508.000  2.2632029500e-01  2.0965988160e-02 
1509.000  2.2884486900e-01  2.1417137150e-02 
1510.000  2.3294623500e-01  2.1945053100e-02 
1511.000  2.3509375900e-01  2.2314811710e-02 
1512.000  2.3140820800e-01  2.2097742080e-02 
1513.000  2.3131830700e-01  2.2199979780e-02 
1514.000  2.2815170500e-01  2.1976671220e-02 
1515.000  2.3345776500e-01  2.2628549580e-02 
1516.000  2.3155199000e-01  2.2537210460e-02 
1517.000  2.3093151200e-01  2.2604204180e-02 
1518.000  2.3665394600e-01  2.3355186460e-02 
1519.000  2.3487251900e-01  2.3388584140e-02 
1520.000  2.3847304200e-01  2.4007989880e-02 
1521.000  2.3508404200e-01  2.3829793930e-02 
1522.000  2.3372438200e-01  2.3761339190e-02 
1523.000  2.3975058100e-01  2.4474988940e-02 
1524.000  2.3766691400e-01  2.4302055360e-02 
1525.000  2.3193120000e-01  2.3747970580e-02 
1526.000  2.3856677400e-01  2.4493890760e-02 
1527.000  2.3645458600e-01  2.4377428050e-02 
1528.000  2.3855602700e-01  2.4713453290e-02 
1529.000  2.3781000500e-01  2.4691379550e-02 
1530.000  2.2295638000e-01  2.3254993440e-02 
1531.000  2.3860034600e-01  2.4990478520e-02 
1532.000  2.3746380400e-01  2.4980098720e-02 
1533.000  2.3650269000e-01  2.4966064450e-02 
1534.000  2.3302527300e-01  2.4680639270e-02 
1535.000  2.3401311500e-01  2.4868818280e-02 
1536.000  2.3714596500e-01  2.5277353290e-02 
1537.000  2.3808324000e-01  2.5479263310e-02 
1538.000  2.3175687300e-01  2.4906858440e-02 
1539.000  2.3677239500e-01  2.5547891620e-02 
1540.000  2.2822400800e-01  2.4709812160e-02 
1541.000  2.3303701200e-01  2.5297281270e-02 
1542.000  2.3442451600e-01  2.5505680080e-02 
1543.000  2.3378694700e-01  2.5505784990e-02 
1544.000  2.3679058700e-01  2.5912073140e-02 
1545.000  2.3769993600e-01  2.6106409070e-02 
1546.000  2.3791907200e-01  2.6224580760e-02 
1547.000  2.3560893100e-01  2.6057277680e-02 
1548.000  2.2865046400e-01  2.5365045550e-02 
1549.000  2.3451120000e-01  2.6080400470e-02 
1550.000  2.3319361000e-01  2.5994070050e-02 
1551.000  2.3196605500e-01  2.5900669100e-02 
1552.000  2.3592026700e-01  2.6386096950e-02 
1553.000  2.3468735700e-01  2.6300880430e-02 
1554.000  2.2608861500e-01  2.5378612520e-02 
1555.000  2.2986182700e-01  2.5859626770e-02 
1556.000  2.2547374100e-01  2.5426507950e-02 
1557.000  2.3285648400e-01  2.6327369690e-02 
1558.000  2.3101319200e-01  2.6173042300e-02 
1559.000  2.3103135300e-01  2.6226379390e-02 
1560.000  2.2704175500e-01  2.5833469390e-02 
1561.000  2.3234061400e-01  2.6474882130e-02 
1562.000  2.3223263900e-01  2.6484504700e-02 
1563.000  2.2876133600e-01  2.6119314190e-02 
1564.000  2.2410292700e-01  2.5608001710e-02 
1565.000  2.2735615800e-01  2.5993057250e-02 
1566.000  2.2304872800e-01  2.5544746400e-02 
1567.000  2.2269082200e-01  2.5514766690e-02 
1568.000  2.1753493600e-01  2.4917131420e-02 
1569.000  2.1771631800e-01  2.4923870090e-02 
1570.000  2.1165994400e-01  2.4233276370e-02 
1571.000  2.1733138000e-01  2.4920707700e-02 
1572.000  2.1716522100e-01  2.4926176070e-02 
1573.000  2.1386693600e-01  2.4599580760e-02 
1574.000  2.1471024300e-01  2.4760715480e-02 
1575.000  1.9948586100e-01  2.3053720470e-02 
1576.000  2.1431382000e-01  2.4798894880e-02 
1577.000  1.9359236200e-01  2.2427013400e-02 
1578.000  2.1194283000e-01  2.4581258770e-02 
1579.000  2.1326604500e-01  2.4772588730e-02 
1580.000  2.1781609400e-01  2.5354928970e-02 
1581.000  2.1637193200e-01  2.5221046450e-02 
1582.000  2.1222196600e-01  2.4814579010e-02 
1583.000  2.1502774600e-01  2.5217397690e-02 
1584.000  2.1329587200e-01  2.5090652470e-02 
1585.000  2.1974386800e-01  2.5917564390e-02 
1586.000  2.1698438800e-01  2.5638692860e-02 
1587.000  2.1472343400e-01  2.5437381740e-02 
1588.000  2.1157341300e-01  2.5126440050e-02 
1589.000  1.9356778400e-01  2.3026815410e-02 
1590.000  2.0853936700e-01  2.4844278340e-02 
1591.000  2.0386804400e-01  2.4316612240e-02 
1592.000  2.1454387700e-01  2.5604284290e-02 
1593.000  2.1915951900e-01  2.6162889480e-02 
1594.000  2.1728431300e-01  2.5948303220e-02 
1595.000  2.1825712800e-01  2.6076316830e-02 
1596.000  2.0444885900e-01  2.4456262590e-02 
1597.000  2.1203989400e-01  2.5367134090e-02 
1598.000  2.1495460200e-01  2.5708200450e-02 
1599.000  2.0651668200e-01  2.4682777400e-02 
1600.000  2.0896898800e-01  2.4968231200e-02 
1601.000  2.0017187400e-01  2.3944480900e-02 
1602.000  2.0503919000e-01  2.4558389660e-02 
1603.000  2.0381141000e-01  2.4467807770e-02 
1604.000  2.0685632000e-01  2.4897239690e-02 
1605.000  2.0379756600e-01  2.4563810350e-02 
1606.000  2.0315898500e-01  2.4528770450e-02 
1607.000  2.0384653900e-01  2.4615825650e-02 
1608.000  2.0604090200e-01  2.4885828020e-02 
1609.000  2.0524879300e-01  2.4806808470e-02 
1610.000  1.9258819300e-01  2.3296197890e-02 
1611.000  1.9873552200e-01  2.4085275650e-02 
1612.000  2.0120405900e-01  2.4433538440e-02 
1613.000  2.0622411700e-01  2.5091371540e-02 
1614.000  2.0419956200e-01  2.4858869550e-02 
1615.000  2.0797134700e-01  2.5359247210e-02 
1616.000  1.9525228500e-01  2.3839162830e-02 
1617.000  2.0135687000e-01  2.4643812180e-02 
1618.000  2.0763035100e-01  2.5441461560e-02 
1619.000  2.0734914400e-01  2.5467641830e-02 
1620.000  2.0245859200e-01  2.4924646380e-02 
1621.000  1.9973182600e-01  2.4633638380e-02 
1622.000  2.0475856200e-01  2.5272043230e-02 
1623.000  2.0903973400e-01  2.5830875400e-02 
1624.000  2.1056792100e-01  2.6043809890e-02 
1625.000  2.0555324000e-01  2.5473709110e-02 
1626.000  2.0785399300e-01  2.5751083370e-02 
1627.000  2.0761549200e-01  2.5748027800e-02 
1628.000  2.0919291000e-01  2.5955520630e-02 
1629.000  2.0905630900e-01  2.5947526930e-02 
1630.000  2.0319300700e-01  2.5217124940e-02 
1631.000  2.0637049200e-01  2.5624763490e-02 
1632.000  2.0619777800e-01  2.5575031280e-02 
1633.000  2.0347703900e-01  2.5233566280e-02 
1634.000  1.9851558900e-01  2.4604635240e-02 
1635.000  2.0383681900e-01  2.5263353350e-02 
1636.000  2.0307081000e-01  2.5159154890e-02 
1637.000  1.9375930200e-01  2.3995321270e-02 
1638.000  1.9234367800e-01  2.3820495610e-02 
1639.000  1.9006096200e-01  2.3515626910e-02 
1640.000  1.9100710200e-01  2.3626071930e-02 
1641.000  1.8964337200e-01  2.3454673770e-02 
1642.000  1.8940554200e-01  2.3461221690e-02 
1643.000  1.9420522800e-01  2.4082458500e-02 
1644.000  1.9113329100e-01  2.3723743440e-02 
1645.000  1.9143191200e-01  2.3777084350e-02 
1646.000  1.9373193000e-01  2.4096197130e-02 
1647.000  1.9553280500e-01  2.4335510250e-02 
1648.000  1.9464932700e-01  2.4227739330e-02 
1649.000  1.9017691500e-01  2.3682952880e-02 
1650.000  1.9499579500e-01  2.4300392150e-02 
1651.000  1.9064223600e-01  2.3762908940e-02 
1652.000  1.9443265900e-01  2.4229825970e-02 
1653.000  1.9243096700e-01  2.3996810910e-02 
1654.000  1.9458931400e-01  2.4275436400e-02 
1655.000  1.9090404000e-01  2.3837198260e-02 
1656.000  1.9472757300e-01  2.4331195830e-02 
1657.000  1.9331324700e-01  2.4163351060e-02 
1658.000  1.9453218900e-01  2.4337577820e-02 
1659.000  1.9099417600e-01  2.3904003140e-02 
1660.000  1.9320148100e-01  2.4176723480e-02 
1661.000  1.9395524000e-01  2.4267436980e-02 
1662.000  1.9249749000e-01  2.4063621520e-02 
1663.000  1.9122309600e-01  2.3897790910e-02 
1664.000  1.9033105500e-01  2.3778221130e-02 
1665.000  1.8839057300e-01  2.3522010800e-02 
1666.000  1.8762082200e-01  2.3441383360e-02 
1667.000  1.8953711600e-01  2.3724929810e-02 
1668.000  1.8632587500e-01  2.3335506440e-02 
1669.000  1.8685089400e-01  2.3423921590e-02 
1670.000  1.9105166600e-01  2.3974529270e-02 
1671.000  1.8965409000e-01  2.3810218810e-02 
1672.000  1.8067135900e-01  2.2697362900e-02 
1673.000  1.8583251900e-01  2.3342456820e-02 
1674.000  1.8658180200e-01  2.3439926150e-02 
1675.000  1.8484921000e-01  2.3237371440e-02 
1676.000  1.8186057400e-01  2.2861934660e-02 
1677.000  1.8279104500e-01  2.2983367920e-02 
1678.000  1.8380365500e-01  2.3124303820e-02 
1679.000  1.8136246300e-01  2.2816137310e-02 
1680.000  1.7514619800e-01  2.2046686170e-02 
1681.000  1.6907516900e-01  2.1287405010e-02 
1682.000  1.7395843900e-01  2.1899583820e-02 
1683.000  1.7824873100e-01  2.2430759430e-02 
1684.000  1.8154290600e-01  2.2837364200e-02 
1685.000  1.8206233800e-01  2.2875446320e-02 
1686.000  1.7986610800e-01  2.2593769070e-02 
1687.000  1.8056104100e-01  2.2635551450e-02 
1688.000  1.8065393900e-01  2.2609056470e-02 
1689.000  1.7847478900e-01  2.2328887940e-02 
1690.000  1.7832935300e-01  2.2267293930e-02 
1691.000  1.8063648700e-01  2.2549160000e-02 
1692.000  1.8096179400e-01  2.2589181900e-02 
1693.000  1.8032196100e-01  2.2515056610e-02 
1694.000  1.8005268400e-01  2.2480941770e-02 
1695.000  1.8009877000e-01  2.2464498520e-02 
1696.000  1.7904474800e-01  2.2318204880e-02 
1697.000  1.7791817600e-01  2.2147880550e-02 
1698.000  1.7897338700e-01  2.2256126400e-02 
1699.000  1.7781765800e-01  2.2096500400e-02 
1700.000  1.7556634000e-01  2.1802112580e-02 
