 lambda   Irr_dw            Rad_up 
 550.000  1.5553850000e+00  2.5535050960e-01 
 551.000  1.5449798000e+00  2.5362934880e-01 
 552.000  1.6108013000e+00  2.6446008300e-01 
 553.000  1.5470282000e+00  2.5396867370e-01 
 554.000  1.5969005000e+00  2.6217120360e-01 
 555.000  1.6007425000e+00  2.6276818850e-01 
 556.000  1.5560142000e+00  2.5539326480e-01 
 557.000  1.5092860000e+00  2.4773883060e-01 
 558.000  1.5660556000e+00  2.5702322390e-01 
 559.000  1.4797509000e+00  2.4284394840e-01 
 560.000  1.4857594000e+00  2.4383773800e-01 
 561.000  1.6323923000e+00  2.6788647460e-01 
 562.000  1.4979346000e+00  2.4580628970e-01 
 563.000  1.5667017000e+00  2.5706790160e-01 
 564.000  1.5441929000e+00  2.5332339480e-01 
 565.000  1.5621100000e+00  2.5624804690e-01 
 566.000  1.4398383000e+00  2.3617350770e-01 
 567.000  1.5439594000e+00  2.5306541440e-01 
 568.000  1.5391465000e+00  2.5156475830e-01 
 569.000  1.5069072000e+00  2.4472892760e-01 
 570.000  1.5146009000e+00  2.4625054930e-01 
 571.000  1.4614113000e+00  2.3873062130e-01 
 572.000  1.5434845000e+00  2.5105851750e-01 
 573.000  1.5597263000e+00  2.5403164670e-01 
 574.000  1.5509306000e+00  2.5268629460e-01 
 575.000  1.5126668000e+00  2.4636772160e-01 
 576.000  1.4849408000e+00  2.4182028200e-01 
 577.000  1.5465122000e+00  2.5212971500e-01 
 578.000  1.5014808000e+00  2.4522978210e-01 
 579.000  1.4899983000e+00  2.4359066770e-01 
 580.000  1.5412619000e+00  2.5217469790e-01 
 581.000  1.5134576000e+00  2.4793038940e-01 
 582.000  1.5360336000e+00  2.5172909550e-01 
 583.000  1.5465214000e+00  2.5349414060e-01 
 584.000  1.5413961000e+00  2.5262908940e-01 
 585.000  1.5310177000e+00  2.5088578800e-01 
 586.000  1.4650064000e+00  2.4006944270e-01 
 587.000  1.5218396000e+00  2.4876742550e-01 
 588.000  1.5050551000e+00  2.4379769900e-01 
 589.000  1.3332430000e+00  2.1310643010e-01 
 590.000  1.3918849000e+00  2.2230191040e-01 
 591.000  1.4793171000e+00  2.3835212710e-01 
 592.000  1.4505705000e+00  2.3258219910e-01 
 593.000  1.4662724000e+00  2.3748634340e-01 
 594.000  1.4793751000e+00  2.3906987000e-01 
 595.000  1.4505688000e+00  2.3273622130e-01 
 596.000  1.4869321000e+00  2.4104216000e-01 
 597.000  1.4911515000e+00  2.4118539430e-01 
 598.000  1.4607609000e+00  2.3732179260e-01 
 599.000  1.4611488000e+00  2.3784288020e-01 
 600.000  1.4616405000e+00  2.3890434270e-01 
 601.000  1.4535030000e+00  2.3828002930e-01 
 602.000  1.4376010000e+00  2.3591679380e-01 
 603.000  1.4462594000e+00  2.3760371400e-01 
 604.000  1.4920402000e+00  2.4535704040e-01 
 605.000  1.4881587000e+00  2.4478402710e-01 
 606.000  1.4708151000e+00  2.4200663760e-01 
 607.000  1.4624488000e+00  2.4065675350e-01 
 608.000  1.4569826000e+00  2.3976475520e-01 
 609.000  1.4419270000e+00  2.3732229610e-01 
 610.000  1.4187342000e+00  2.3350988770e-01 
 611.000  1.4416648000e+00  2.3731257630e-01 
 612.000  1.4227911000e+00  2.3423773190e-01 
 613.000  1.4019024000e+00  2.3080329900e-01 
 614.000  1.3507077000e+00  2.2240983580e-01 
 615.000  1.4158481000e+00  2.3312666320e-01 
 616.000  1.3460982000e+00  2.2167691040e-01 
 617.000  1.3536033000e+00  2.2293255620e-01 
 618.000  1.4173650000e+00  2.3340919490e-01 
 619.000  1.4042756000e+00  2.3128814700e-01 
 620.000  1.4249148000e+00  2.3465550230e-01 
 621.000  1.4493031000e+00  2.3867080690e-01 
 622.000  1.3727516000e+00  2.2604045100e-01 
 623.000  1.3833353000e+00  2.2771734620e-01 
 624.000  1.3847022000e+00  2.2795878600e-01 
 625.000  1.3470859000e+00  2.2175187680e-01 
 626.000  1.3537737000e+00  2.2269429020e-01 
 627.000  1.3760718000e+00  2.2558546450e-01 
 628.000  1.3567502000e+00  2.2093479920e-01 
 629.000  1.3911492000e+00  2.2710607910e-01 
 630.000  1.3450565000e+00  2.2028134160e-01 
 631.000  1.3945009000e+00  2.2863970950e-01 
 632.000  1.2987531000e+00  2.1232518010e-01 
 633.000  1.3943159000e+00  2.2876715090e-01 
 634.000  1.3524640000e+00  2.2215956120e-01 
 635.000  1.3771375000e+00  2.2620829770e-01 
 636.000  1.3286130000e+00  2.1839294430e-01 
 637.000  1.3724279000e+00  2.2569976810e-01 
 638.000  1.3938573000e+00  2.2960955810e-01 
 639.000  1.3822911000e+00  2.2767826840e-01 
 640.000  1.3389221000e+00  2.2078599550e-01 
 641.000  1.3582002000e+00  2.2396394350e-01 
 642.000  1.3418844000e+00  2.2141795350e-01 
 643.000  1.3652100000e+00  2.2500102230e-01 
 644.000  1.3494984000e+00  2.2239527890e-01 
 645.000  1.3611124000e+00  2.2394296260e-01 
 646.000  1.3087877000e+00  2.1371551510e-01 
 647.000  1.3262486000e+00  2.1545890810e-01 
 648.000  1.3236071000e+00  2.1388705440e-01 
 649.000  1.3500153000e+00  2.1914753720e-01 
 650.000  1.2513968000e+00  2.0505804440e-01 
 651.000  1.3479357000e+00  2.2087893680e-01 
 652.000  1.3214901000e+00  2.1477870180e-01 
 653.000  1.3485585000e+00  2.2126078800e-01 
 654.000  1.3307953000e+00  2.1808042910e-01 
 655.000  1.2954867000e+00  2.1156158450e-01 
 656.000  1.0998664200e+00  1.7982798770e-01 
 657.000  1.1739241500e+00  1.9230726620e-01 
 658.000  1.3077213000e+00  2.1496188350e-01 
 659.000  1.3109299000e+00  2.1589643860e-01 
 660.000  1.3212104000e+00  2.1778433230e-01 
 661.000  1.3271184000e+00  2.1932850650e-01 
 662.000  1.3462439000e+00  2.2274549870e-01 
 663.000  1.3312148000e+00  2.2020022580e-01 
 664.000  1.3100447000e+00  2.1679562380e-01 
 665.000  1.3157162000e+00  2.1781011960e-01 
 666.000  1.3315456000e+00  2.2056796260e-01 
 667.000  1.3050942000e+00  2.1623954770e-01 
 668.000  1.3124875000e+00  2.1760087590e-01 
 669.000  1.3311752000e+00  2.2077113340e-01 
 670.000  1.3155274000e+00  2.1817324830e-01 
 671.000  1.3012619000e+00  2.1586054990e-01 
 672.000  1.2971010100e+00  2.1519335940e-01 
 673.000  1.3063220000e+00  2.1673915100e-01 
 674.000  1.3088069000e+00  2.1718461610e-01 
 675.000  1.2887927800e+00  2.1387554930e-01 
 676.000  1.3130775300e+00  2.1793447880e-01 
 677.000  1.2869118800e+00  2.1362548830e-01 
 678.000  1.3081705900e+00  2.1716867070e-01 
 679.000  1.2896535900e+00  2.1408613590e-01 
 680.000  1.2796839500e+00  2.1238536070e-01 
 681.000  1.2809812100e+00  2.1253573610e-01 
 682.000  1.2782724400e+00  2.1205786130e-01 
 683.000  1.2865986800e+00  2.1338645940e-01 
 684.000  1.2632717900e+00  2.0940809630e-01 
 685.000  1.2775176100e+00  2.1186698910e-01 
 686.000  1.2211570300e+00  2.0225122070e-01 
 687.000  1.1281927300e+00  1.8146504210e-01 
 688.000  1.1583709500e+00  1.8813679500e-01 
 689.000  1.1527682300e+00  1.8666819760e-01 
 690.000  1.1735269300e+00  1.9101005550e-01 
 691.000  1.1974717600e+00  1.9586698910e-01 
 692.000  1.2006301600e+00  1.9645877080e-01 
 693.000  1.1994440700e+00  1.9399615480e-01 
 694.000  1.2013564900e+00  1.9224769590e-01 
 695.000  1.1884945200e+00  1.9123011780e-01 
 696.000  1.2070496900e+00  1.9488812260e-01 
 697.000  1.2304152300e+00  2.0219874570e-01 
 698.000  1.2030383900e+00  1.9691197200e-01 
 699.000  1.2060776500e+00  1.9429278560e-01 
 700.000  1.1949475700e+00  1.9297914120e-01 
 701.000  1.1639485200e+00  1.8729055790e-01 
 702.000  1.1611095900e+00  1.8730807500e-01 
 703.000  1.1929652000e+00  1.9498860170e-01 
 704.000  1.1969269900e+00  1.9575131230e-01 
 705.000  1.1994871500e+00  1.9509226990e-01 
 706.000  1.1878984000e+00  1.9341409300e-01 
 707.000  1.1721607300e+00  1.9123736570e-01 
 708.000  1.2086038500e+00  1.9759942630e-01 
 709.000  1.1705117300e+00  1.9220410160e-01 
 710.000  1.1918247700e+00  1.9477168270e-01 
 711.000  1.1852616300e+00  1.9461932370e-01 
 712.000  1.1732741600e+00  1.9345407100e-01 
 713.000  1.1644214800e+00  1.9135183720e-01 
 714.000  1.1827921400e+00  1.9412527470e-01 
 715.000  1.1353171300e+00  1.8529562380e-01 
 716.000  1.1585170700e+00  1.8800881960e-01 
 717.000  1.0854502500e+00  1.7026983640e-01 
 718.000  1.0526117800e+00  1.6169375610e-01 
 719.000  1.0307090900e+00  1.5708815000e-01 
 720.000  1.0237119200e+00  1.5430265810e-01 
 721.000  1.0854488500e+00  1.7184394840e-01 
 722.000  1.1233194200e+00  1.8094055180e-01 
 723.000  1.1078567700e+00  1.7669148250e-01 
 724.000  1.0774586100e+00  1.6712796020e-01 
 725.000  1.0709644300e+00  1.6678800960e-01 
 726.000  1.0671220500e+00  1.6599443050e-01 
 727.000  1.0879880000e+00  1.6990383910e-01 
 728.000  1.0635039900e+00  1.6540742490e-01 
 729.000  1.0344425400e+00  1.6260658260e-01 
 730.000  1.0700570100e+00  1.6792991640e-01 
 731.000  1.0493647500e+00  1.6437519840e-01 
 732.000  1.0921945700e+00  1.7415757750e-01 
 733.000  1.0970646100e+00  1.7803526310e-01 
 734.000  1.1302881100e+00  1.8499691770e-01 
 735.000  1.1173017800e+00  1.8232310490e-01 
 736.000  1.0896167400e+00  1.7684133910e-01 
 737.000  1.1089366400e+00  1.8072731020e-01 
 738.000  1.1127597200e+00  1.8241619870e-01 
 739.000  1.0795570700e+00  1.7744161990e-01 
 740.000  1.0961228900e+00  1.8119235230e-01 
 741.000  1.0910112900e+00  1.8098445130e-01 
 742.000  1.0744961900e+00  1.7851414490e-01 
 743.000  1.1093989900e+00  1.8490489200e-01 
 744.000  1.1213137800e+00  1.8717659000e-01 
 745.000  1.0932401900e+00  1.8271563720e-01 
 746.000  1.1092803900e+00  1.8555633540e-01 
 747.000  1.1259830200e+00  1.8837768550e-01 
 748.000  1.1065131900e+00  1.8524395750e-01 
 749.000  1.1070011300e+00  1.8539936830e-01 
 750.000  1.0903763100e+00  1.8255738830e-01 
 751.000  1.0875627400e+00  1.8211247250e-01 
 752.000  1.1047085600e+00  1.8511480710e-01 
 753.000  1.0944148400e+00  1.8344401550e-01 
 754.000  1.1116425000e+00  1.8637348940e-01 
 755.000  1.1052617800e+00  1.8533036800e-01 
 756.000  1.0836276000e+00  1.8173022460e-01 
 757.000  1.0915968800e+00  1.8309185790e-01 
 758.000  1.0892709900e+00  1.8265716550e-01 
 759.000  1.0062033800e+00  1.6611831670e-01 
 760.000  5.1282007000e-01  7.2010238650e-02 
 761.000  4.6316624000e-01  6.3554656980e-02 
 762.000  7.4048796000e-01  1.1403097530e-01 
 763.000  6.7152785000e-01  1.0020327760e-01 
 764.000  7.1796597000e-01  1.0883162690e-01 
 765.000  8.2041289000e-01  1.2878240970e-01 
 766.000  8.8773449000e-01  1.4394674680e-01 
 767.000  9.5166951000e-01  1.5657408140e-01 
 768.000  1.0228726600e+00  1.6989811710e-01 
 769.000  1.0406373800e+00  1.7394145200e-01 
 770.000  1.0457653100e+00  1.7531843570e-01 
 771.000  1.0514080200e+00  1.7657363890e-01 
 772.000  1.0484782600e+00  1.7617443850e-01 
 773.000  1.0445414000e+00  1.7556900020e-01 
 774.000  1.0560446900e+00  1.7755551150e-01 
 775.000  1.0165153700e+00  1.7095614620e-01 
 776.000  1.0584705700e+00  1.7807057190e-01 
 777.000  1.0511146000e+00  1.7685289000e-01 
 778.000  1.0454361800e+00  1.7590036010e-01 
 779.000  1.0487995000e+00  1.7646809390e-01 
 780.000  1.0357799500e+00  1.7430195620e-01 
 781.000  1.0341722700e+00  1.7409037780e-01 
 782.000  1.0465952200e+00  1.7616853330e-01 
 783.000  1.0221002600e+00  1.7208412170e-01 
 784.000  1.0276547200e+00  1.7298605350e-01 
 785.000  1.0294651400e+00  1.7306704710e-01 
 786.000  1.0103717900e+00  1.6954667660e-01 
 787.000  1.0222035000e+00  1.7078034970e-01 
 788.000  1.0052379400e+00  1.6759007260e-01 
 789.000  1.0052185200e+00  1.6628155520e-01 
 790.000  9.9452968000e-01  1.6440315250e-01 
 791.000  9.9049169000e-01  1.6400086980e-01 
 792.000  9.7578033000e-01  1.6178974910e-01 
 793.000  9.7711356000e-01  1.6254908750e-01 
 794.000  9.7199874000e-01  1.6284204100e-01 
 795.000  9.6368200000e-01  1.6075054930e-01 
 796.000  9.7190604000e-01  1.6040008540e-01 
 797.000  9.8033544000e-01  1.6232034300e-01 
 798.000  9.8601943000e-01  1.6441470340e-01 
 799.000  9.8401482000e-01  1.6382330320e-01 
 800.000  9.5462058000e-01  1.5814338680e-01 
 801.000  9.7286439000e-01  1.6127684020e-01 
 802.000  9.7050656000e-01  1.6080955510e-01 
 803.000  9.5719088000e-01  1.5874253850e-01 
 804.000  9.6757855000e-01  1.6088163760e-01 
 805.000  9.4438099000e-01  1.5777207950e-01 
 806.000  9.7194338000e-01  1.6282981870e-01 
 807.000  9.6600883000e-01  1.6188468930e-01 
 808.000  9.5913078000e-01  1.6048120120e-01 
 809.000  9.4140984000e-01  1.5722265620e-01 
 810.000  9.3555036000e-01  1.5591893010e-01 
 811.000  9.4711830000e-01  1.5721226500e-01 
 812.000  9.3925465000e-01  1.5501399230e-01 
 813.000  9.2934813000e-01  1.5231425480e-01 
 814.000  9.2018240000e-01  1.4949081420e-01 
 815.000  9.0033484000e-01  1.4467178340e-01 
 816.000  8.7921968000e-01  1.3935322570e-01 
 817.000  8.8526716000e-01  1.4041496280e-01 
 818.000  8.8095156000e-01  1.3987374880e-01 
 819.000  8.6140235000e-01  1.3743870540e-01 
 820.000  8.5897123000e-01  1.3917793270e-01 
 821.000  9.0430253000e-01  1.4913378910e-01 
 822.000  8.6630497000e-01  1.4094421390e-01 
 823.000  8.4210509000e-01  1.3212088010e-01 
 824.000  8.8554915000e-01  1.4327996830e-01 
 825.000  9.0342798000e-01  1.4923498540e-01 
 826.000  9.0574283000e-01  1.4910449220e-01 
 827.000  9.0033388000e-01  1.4783311460e-01 
 828.000  8.8588684000e-01  1.4353451540e-01 
 829.000  8.8995013000e-01  1.4488542180e-01 
 830.000  8.8074861000e-01  1.4417970280e-01 
 831.000  8.6637221000e-01  1.4202148440e-01 
 832.000  8.8452846000e-01  1.4509841920e-01 
 833.000  8.5969136000e-01  1.4151301570e-01 
 834.000  8.7550862000e-01  1.4467715450e-01 
 835.000  8.8292348000e-01  1.4697381590e-01 
 836.000  8.9133911000e-01  1.4808047490e-01 
 837.000  8.8371921000e-01  1.4678401180e-01 
 838.000  8.8955963000e-01  1.4831126400e-01 
 839.000  8.6326881000e-01  1.4425749210e-01 
 840.000  8.8689445000e-01  1.4832151790e-01 
 841.000  8.8765919000e-01  1.4810433960e-01 
 842.000  8.8341495000e-01  1.4771940610e-01 
 843.000  8.8039711000e-01  1.4802371220e-01 
 844.000  8.6710038000e-01  1.4615348820e-01 
 845.000  8.8083600000e-01  1.4864859010e-01 
 846.000  8.8925750000e-01  1.5027873230e-01 
 847.000  8.5921101000e-01  1.4542176820e-01 
 848.000  8.8345104000e-01  1.4920478820e-01 
 849.000  8.8517310000e-01  1.4957521060e-01 
 850.000  7.6487776000e-01  1.2909963990e-01 
 851.000  8.7569517000e-01  1.4761715700e-01 
 852.000  8.4251445000e-01  1.4207260130e-01 
 853.000  8.5306380000e-01  1.4413842770e-01 
 854.000  6.8576981000e-01  1.1588066100e-01 
 855.000  7.5522038000e-01  1.2777583310e-01 
 856.000  8.5760745000e-01  1.4539971920e-01 
 857.000  8.7153374000e-01  1.4793751530e-01 
 858.000  8.5767131000e-01  1.4565927120e-01 
 859.000  8.5775965000e-01  1.4583840940e-01 
 860.000  8.5018507000e-01  1.4464997860e-01 
 861.000  8.5006830000e-01  1.4465258790e-01 
 862.000  8.4728599000e-01  1.4421569820e-01 
 863.000  8.6346854000e-01  1.4702258300e-01 
 864.000  8.6173960000e-01  1.4672998050e-01 
 865.000  8.4568009000e-01  1.4407087710e-01 
 866.000  7.0934432000e-01  1.2087642670e-01 
 867.000  7.5535548000e-01  1.2867233280e-01 
 868.000  8.1920080000e-01  1.3959391780e-01 
 869.000  8.0769531000e-01  1.3765444950e-01 
 870.000  8.4099125000e-01  1.4337454220e-01 
 871.000  8.3979239000e-01  1.4317382810e-01 
 872.000  8.3640658000e-01  1.4256454470e-01 
 873.000  8.3973563000e-01  1.4316885380e-01 
 874.000  8.2130814000e-01  1.4001226810e-01 
 875.000  8.1373927000e-01  1.3877740480e-01 
 876.000  8.2046989000e-01  1.3989253230e-01 
 877.000  8.3680143000e-01  1.4264324950e-01 
 878.000  8.2234842000e-01  1.4013383480e-01 
 879.000  8.2424323000e-01  1.4048362730e-01 
 880.000  8.1939797000e-01  1.3954956050e-01 
 881.000  7.7677035000e-01  1.3228269960e-01 
 882.000  8.1962096000e-01  1.3950703430e-01 
 883.000  8.0092668000e-01  1.3643315120e-01 
 884.000  8.0772394000e-01  1.3768524170e-01 
 885.000  8.1592217000e-01  1.3882554630e-01 
 886.000  7.8905982000e-01  1.3409005740e-01 
 887.000  7.8103437000e-01  1.3288757320e-01 
 888.000  8.0439816000e-01  1.3681983950e-01 
 889.000  8.0984646000e-01  1.3789071660e-01 
 890.000  8.0717530000e-01  1.3731068420e-01 
 891.000  8.0234208000e-01  1.3619877620e-01 
 892.000  7.9797629000e-01  1.3490428160e-01 
 893.000  7.6179806000e-01  1.2714144900e-01 
 894.000  7.8395003000e-01  1.3004956050e-01 
 895.000  7.3388631000e-01  1.1957860570e-01 
 896.000  7.4791953000e-01  1.1984487920e-01 
 897.000  7.1521691000e-01  1.1269454190e-01 
 898.000  7.0913307000e-01  1.1082691960e-01 
 899.000  6.8764361000e-01  1.0512135310e-01 
 900.000  6.7343490000e-01  1.0324142460e-01 
 901.000  6.5380326000e-01  9.9684112550e-02 
 902.000  6.4261096000e-01  9.8121643070e-02 
 903.000  7.0822341000e-01  1.1221526340e-01 
 904.000  7.4253641000e-01  1.2034212490e-01 
 905.000  7.3973240000e-01  1.1989509580e-01 
 906.000  7.0731827000e-01  1.1304157260e-01 
 907.000  6.9614257000e-01  1.0851824190e-01 
 908.000  6.6420614000e-01  1.0184895320e-01 
 909.000  6.5170779000e-01  9.9992309570e-02 
 910.000  6.6164458000e-01  1.0177046970e-01 
 911.000  6.6973438000e-01  1.0418440250e-01 
 912.000  6.6635981000e-01  1.0306843570e-01 
 913.000  6.6055541000e-01  9.9889114380e-02 
 914.000  6.6676629000e-01  1.0197728730e-01 
 915.000  6.6397244000e-01  1.0253200530e-01 
 916.000  6.7341839000e-01  1.0423507690e-01 
 917.000  6.6718137000e-01  1.0378557590e-01 
 918.000  6.6934721000e-01  1.0479595180e-01 
 919.000  6.9730013000e-01  1.1163399510e-01 
 920.000  7.0486662000e-01  1.1464434050e-01 
 921.000  6.8632409000e-01  1.1123655700e-01 
 922.000  6.7988769000e-01  1.1019232940e-01 
 923.000  6.4767896000e-01  1.0440236660e-01 
 924.000  6.6578537000e-01  1.0623976140e-01 
 925.000  6.7387435000e-01  1.0738441470e-01 
 926.000  6.4968827000e-01  1.0338423920e-01 
 927.000  6.6297785000e-01  1.0416433720e-01 
 928.000  6.5005639000e-01  1.0002046200e-01 
 929.000  6.1653703000e-01  9.2013168330e-02 
 930.000  5.8340292000e-01  8.3372413640e-02 
 931.000  5.4702959000e-01  7.3674957280e-02 
 932.000  4.9400041000e-01  6.1046970370e-02 
 933.000  4.5812801000e-01  5.3212318420e-02 
 934.000  4.1484463000e-01  4.5117935180e-02 
 935.000  4.0462707000e-01  4.3639316560e-02 
 936.000  4.1731404000e-01  4.6174324040e-02 
 937.000  4.2244064000e-01  4.6493339540e-02 
 938.000  4.6067121000e-01  5.4565731050e-02 
 939.000  5.7090289000e-01  8.0527015690e-02 
 940.000  5.8288759000e-01  8.3946510310e-02 
 941.000  5.5685130000e-01  7.8870040890e-02 
 942.000  5.0507027000e-01  6.8009475710e-02 
 943.000  4.7700906000e-01  5.8515693660e-02 
 944.000  4.6015570000e-01  5.6056877140e-02 
 945.000  4.8445526000e-01  6.0963462830e-02 
 946.000  4.9202217000e-01  6.2065273280e-02 
 947.000  5.0636867000e-01  6.5883934020e-02 
 948.000  5.1954357000e-01  6.8832595830e-02 
 949.000  5.1972358000e-01  6.8736465450e-02 
 950.000  5.1882682000e-01  6.8945976260e-02 
 951.000  5.3800797000e-01  7.4318870540e-02 
 952.000  5.1389425000e-01  6.8183006290e-02 
 953.000  5.2908271000e-01  7.2321365360e-02 
 954.000  5.4136119000e-01  7.6252517700e-02 
 955.000  4.9222649000e-01  6.7772537230e-02 
 956.000  5.2165770000e-01  7.1511917110e-02 
 957.000  5.6497273000e-01  8.2934196470e-02 
 958.000  5.7476792000e-01  8.5059364320e-02 
 959.000  5.6964366000e-01  8.3584533690e-02 
 960.000  5.6208031000e-01  8.2291709900e-02 
 961.000  5.5240533000e-01  8.0516677860e-02 
 962.000  5.5833691000e-01  8.1795707700e-02 
 963.000  5.8039539000e-01  8.7656753540e-02 
 964.000  5.7696300000e-01  8.7533622740e-02 
 965.000  5.8173817000e-01  8.8069221500e-02 
 966.000  5.6607516000e-01  8.5876548770e-02 
 967.000  5.9917806000e-01  9.2762573240e-02 
 968.000  6.1908742000e-01  9.9092659000e-02 
 969.000  6.3474081000e-01  1.0316311650e-01 
 970.000  6.3707137000e-01  1.0365273280e-01 
 971.000  6.3111906000e-01  1.0267338560e-01 
 972.000  6.3226915000e-01  1.0244036100e-01 
 973.000  6.1854952000e-01  9.9260566710e-02 
 974.000  5.9968721000e-01  9.5124114990e-02 
 975.000  5.9660068000e-01  9.3941787720e-02 
 976.000  6.1134192000e-01  9.7179809570e-02 
 977.000  6.0783384000e-01  9.8137672420e-02 
 978.000  6.2181041000e-01  1.0030636600e-01 
 979.000  6.0676636000e-01  9.8309135440e-02 
 980.000  6.2760785000e-01  1.0333910370e-01 
 981.000  6.3460939000e-01  1.0488744350e-01 
 982.000  6.3046296000e-01  1.0385703280e-01 
 983.000  6.3501190000e-01  1.0549525450e-01 
 984.000  6.3718116000e-01  1.0679022980e-01 
 985.000  6.4051374000e-01  1.0789849090e-01 
 986.000  6.3996605000e-01  1.0852326970e-01 
 987.000  6.4937633000e-01  1.1044001010e-01 
 988.000  6.4170438000e-01  1.0922863010e-01 
 989.000  6.3382177000e-01  1.0794494630e-01 
 990.000  6.3968982000e-01  1.0903267670e-01 
 991.000  6.4663510000e-01  1.1050461580e-01 
 992.000  6.4111841000e-01  1.0965481570e-01 
 993.000  6.4124823000e-01  1.0972072600e-01 
 994.000  6.4597751000e-01  1.1078979490e-01 
 995.000  6.4226009000e-01  1.1033952330e-01 
 996.000  6.4211559000e-01  1.1032843020e-01 
 997.000  6.4212426000e-01  1.1023560330e-01 
 998.000  6.3899625000e-01  1.0959204860e-01 
 999.000  6.3711596000e-01  1.0923932650e-01 
1000.000  6.3225006000e-01  1.0845622250e-01 
1001.000  6.3424872000e-01  1.0856495670e-01 
1002.000  6.3088182000e-01  1.0760774990e-01 
1003.000  6.2406149000e-01  1.0656066130e-01 
1004.000  6.2017142000e-01  1.0614700320e-01 
1005.000  5.7997209000e-01  9.9383308410e-02 
1006.000  6.1043580000e-01  1.0466266630e-01 
1007.000  6.2111220000e-01  1.0643925480e-01 
1008.000  6.2185358000e-01  1.0626418300e-01 
1009.000  6.1554469000e-01  1.0478449250e-01 
1010.000  6.1894416000e-01  1.0557595060e-01 
1011.000  6.1824332000e-01  1.0593019100e-01 
1012.000  6.1942502000e-01  1.0632698820e-01 
1013.000  6.1570419000e-01  1.0584418490e-01 
1014.000  6.1995516000e-01  1.0666223910e-01 
1015.000  6.0855200000e-01  1.0474149320e-01 
1016.000  6.1277688000e-01  1.0556089780e-01 
1017.000  6.0684271000e-01  1.0459641270e-01 
1018.000  6.1439986000e-01  1.0585663600e-01 
1019.000  5.9957298000e-01  1.0317263030e-01 
1020.000  5.9857368000e-01  1.0306382750e-01 
1021.000  6.0507510000e-01  1.0429636380e-01 
1022.000  5.9506091000e-01  1.0238110350e-01 
1023.000  6.0569984000e-01  1.0405110930e-01 
1024.000  6.0214288000e-01  1.0334648130e-01 
1025.000  6.0330293000e-01  1.0383519740e-01 
1026.000  6.0458860000e-01  1.0420277400e-01 
1027.000  6.0068345000e-01  1.0350903320e-01 
1028.000  6.0229641000e-01  1.0386741640e-01 
1029.000  5.9363282000e-01  1.0253369900e-01 
1030.000  6.0011399000e-01  1.0380787660e-01 
1031.000  5.9846865000e-01  1.0362705990e-01 
1032.000  5.9655301000e-01  1.0337615200e-01 
1033.000  5.8560153000e-01  1.0150995640e-01 
1034.000  5.9132049000e-01  1.0254553990e-01 
1035.000  5.8359487000e-01  1.0123364260e-01 
1036.000  5.9323625000e-01  1.0292984770e-01 
1037.000  5.8073965000e-01  1.0078707890e-01 
1038.000  5.8647889000e-01  1.0180697630e-01 
1039.000  5.8886477000e-01  1.0222372440e-01 
1040.000  5.8188600000e-01  1.0101660920e-01 
1041.000  5.8491216000e-01  1.0154386900e-01 
1042.000  5.8663923000e-01  1.0185440830e-01 
1043.000  5.7650696000e-01  1.0010556790e-01 
1044.000  5.8223345000e-01  1.0110359950e-01 
1045.000  5.7967815000e-01  1.0066778560e-01 
1046.000  5.6280745000e-01  9.7754119870e-02 
1047.000  5.7312566000e-01  9.9561393740e-02 
1048.000  5.7879982000e-01  1.0056665040e-01 
1049.000  5.7507332000e-01  9.9956520080e-02 
1050.000  5.7264945000e-01  9.9534172060e-02 
1051.000  5.7162311000e-01  9.9332138060e-02 
1052.000  5.6889346000e-01  9.8856597900e-02 
1053.000  5.6749658000e-01  9.8610336300e-02 
1054.000  5.6325673000e-01  9.7852355960e-02 
1055.000  5.6735051000e-01  9.8531715390e-02 
1056.000  5.6581081000e-01  9.8323287960e-02 
1057.000  5.6473757000e-01  9.8014595030e-02 
1058.000  5.5865272000e-01  9.6798255920e-02 
1059.000  5.4109251000e-01  9.3787323000e-02 
1060.000  5.6067116000e-01  9.7310455320e-02 
1061.000  5.4099781000e-01  9.3900497440e-02 
1062.000  5.5589954000e-01  9.6405166630e-02 
1063.000  5.4648027000e-01  9.4764778140e-02 
1064.000  5.5321480000e-01  9.5856575010e-02 
1065.000  5.5237116000e-01  9.5595031740e-02 
1066.000  5.3545030000e-01  9.2676620480e-02 
1067.000  5.4808518000e-01  9.4815116880e-02 
1068.000  5.4533190000e-01  9.4113174440e-02 
1069.000  5.0397638000e-01  8.6848159790e-02 
1070.000  5.3394796000e-01  9.2039764400e-02 
1071.000  5.3441073000e-01  9.1980842590e-02 
1072.000  5.3579271000e-01  9.2085800170e-02 
1073.000  5.1808438000e-01  8.9018791200e-02 
1074.000  5.3630305000e-01  9.2175315860e-02 
1075.000  5.2024375000e-01  8.9616996770e-02 
1076.000  5.3127150000e-01  9.1389297490e-02 
1077.000  5.2957774000e-01  9.0930267330e-02 
1078.000  5.3033872000e-01  9.0866668700e-02 
1079.000  5.0983036000e-01  8.7327667240e-02 
1080.000  5.2326820000e-01  8.9119125370e-02 
1081.000  5.0392806000e-01  8.5797210690e-02 
1082.000  5.1108204000e-01  8.7224426270e-02 
1083.000  4.9641647000e-01  8.4452857970e-02 
1084.000  5.1434482000e-01  8.7203575130e-02 
1085.000  5.0509625000e-01  8.4963485720e-02 
1086.000  5.1229733000e-01  8.6323928830e-02 
1087.000  4.8353021000e-01  8.2167861940e-02 
1088.000  5.1292556000e-01  8.7211807250e-02 
1089.000  4.9006043000e-01  8.2474693300e-02 
1090.000  5.0006087000e-01  8.4008689880e-02 
1091.000  5.0397921000e-01  8.4847892760e-02 
1092.000  4.9059473000e-01  8.2181968690e-02 
1093.000  4.8068588000e-01  7.9627677920e-02 
1094.000  4.3583178100e-01  7.1839996340e-02 
1095.000  4.7203480000e-01  7.7858055110e-02 
1096.000  4.7335987000e-01  7.8140953060e-02 
1097.000  4.6328585000e-01  7.6262359620e-02 
1098.000  4.4592511500e-01  7.1432510380e-02 
1099.000  4.3558659500e-01  6.8173362730e-02 
1100.000  4.4388323200e-01  6.9580291750e-02 
1101.000  4.4454346700e-01  6.9899375920e-02 
1102.000  4.2536136400e-01  6.6763504030e-02 
1103.000  4.4332580500e-01  6.9716072080e-02 
1104.000  4.3811926900e-01  6.8617660520e-02 
1105.000  4.3235465100e-01  6.7037109380e-02 
1106.000  4.2352045700e-01  6.5014778140e-02 
1107.000  4.2435592800e-01  6.5274436950e-02 
1108.000  4.2402275000e-01  6.5294624330e-02 
1109.000  4.3052756700e-01  6.6792243960e-02 
1110.000  4.3228394000e-01  6.6902618410e-02 
1111.000  4.2430115200e-01  6.5310249330e-02 
1112.000  4.0791225700e-01  6.1384620670e-02 
1113.000  3.8916648800e-01  5.6480079650e-02 
1114.000  3.8895080700e-01  5.5710948940e-02 
1115.000  3.6330205700e-01  4.9226158140e-02 
1116.000  3.4511179800e-01  4.5098812100e-02 
1117.000  3.1608156700e-01  3.8124038700e-02 
1118.000  2.8210349400e-01  3.1465366360e-02 
1119.000  2.5824258500e-01  2.7439691540e-02 
1120.000  2.3806383500e-01  2.3748617170e-02 
1121.000  2.3497704400e-01  2.3064968110e-02 
1122.000  2.1119846600e-01  1.9233705520e-02 
1123.000  2.2505581100e-01  2.1299066540e-02 
1124.000  2.3401382300e-01  2.2681539540e-02 
1125.000  2.2485360100e-01  2.1503728870e-02 
1126.000  2.1880399900e-01  2.0833177570e-02 
1127.000  2.2797460600e-01  2.1860780720e-02 
1128.000  2.2719262600e-01  2.2093069080e-02 
1129.000  2.5001950100e-01  2.5906953810e-02 
1130.000  2.9885411300e-01  3.4928176880e-02 
1131.000  3.1580535600e-01  3.8144615170e-02 
1132.000  2.9782279800e-01  3.4341545100e-02 
1133.000  2.5557887800e-01  2.7073574070e-02 
1134.000  1.8689834000e-01  1.6012664790e-02 
1135.000  1.9455121800e-01  1.7036085130e-02 
1136.000  2.6174082800e-01  2.8176235200e-02 
1137.000  3.0002681300e-01  3.5154392240e-02 
1138.000  3.2055835100e-01  4.0750865940e-02 
1139.000  3.3660947700e-01  4.4007373810e-02 
1140.000  3.3158322700e-01  4.2687217710e-02 
1141.000  3.1001023800e-01  3.8757884980e-02 
1142.000  3.1414657900e-01  3.8836063390e-02 
1143.000  2.9522435500e-01  3.5277240750e-02 
1144.000  2.7793376100e-01  3.1983247760e-02 
1145.000  2.5705394700e-01  2.7919822690e-02 
1146.000  2.6506863700e-01  2.9193866730e-02 
1147.000  2.8418346700e-01  3.2718803410e-02 
1148.000  2.9680909500e-01  3.5490253450e-02 
1149.000  3.0374110700e-01  3.6891193390e-02 
1150.000  3.0249124800e-01  3.6852668760e-02 
1151.000  3.1036032200e-01  3.8757320400e-02 
1152.000  3.1400402400e-01  3.9683650970e-02 
1153.000  3.1969860500e-01  4.1099727630e-02 
1154.000  3.1994455800e-01  4.0994621280e-02 
1155.000  3.3278979300e-01  4.4067638400e-02 
1156.000  3.4125958100e-01  4.6799449920e-02 
1157.000  3.7071143200e-01  5.4154102330e-02 
1158.000  3.8109797500e-01  5.6950786590e-02 
1159.000  3.8432652100e-01  5.8502082820e-02 
1160.000  3.8291915900e-01  5.8735507970e-02 
1161.000  3.8345332900e-01  5.9835235600e-02 
1162.000  4.0379059500e-01  6.3848690030e-02 
1163.000  4.1336833400e-01  6.6381256100e-02 
1164.000  4.0680349900e-01  6.5548988340e-02 
1165.000  4.1515922800e-01  6.7032798770e-02 
1166.000  4.0595059800e-01  6.5790016170e-02 
1167.000  4.1350136800e-01  6.7168220520e-02 
1168.000  4.1671388300e-01  6.7645957950e-02 
1169.000  4.0337281000e-01  6.5634933470e-02 
1170.000  4.1523232500e-01  6.7706436160e-02 
1171.000  4.1991165800e-01  6.8828910830e-02 
1172.000  4.1695626800e-01  6.8148750310e-02 
1173.000  4.1244872400e-01  6.7226913450e-02 
1174.000  4.1275030100e-01  6.7295501710e-02 
1175.000  4.1220450800e-01  6.7749008180e-02 
1176.000  4.0608956300e-01  6.7242836000e-02 
1177.000  4.1676711500e-01  6.8776557920e-02 
1178.000  4.0597542800e-01  6.6527374270e-02 
1179.000  4.0416485200e-01  6.6238609310e-02 
1180.000  4.0847601700e-01  6.6780845640e-02 
1181.000  4.0285266000e-01  6.5435150150e-02 
1182.000  3.9984144200e-01  6.4532463070e-02 
1183.000  3.7703295400e-01  6.0904930110e-02 
1184.000  3.9601782800e-01  6.4215438840e-02 
1185.000  4.0617924500e-01  6.6476272580e-02 
1186.000  4.0230942300e-01  6.5670082090e-02 
1187.000  3.9744024500e-01  6.4283775330e-02 
1188.000  3.9424722000e-01  6.3640018460e-02 
1189.000  3.7411139200e-01  6.0744468690e-02 
1190.000  4.0025667700e-01  6.5957595830e-02 
1191.000  4.0882581400e-01  6.7670967100e-02 
1192.000  4.0990389700e-01  6.8287452700e-02 
1193.000  4.0934640900e-01  6.8099792480e-02 
1194.000  4.0805941700e-01  6.7830795290e-02 
1195.000  4.0024606700e-01  6.6125236510e-02 
1196.000  4.0043593900e-01  6.6223037720e-02 
1197.000  3.9875724900e-01  6.5753471370e-02 
1198.000  3.8501876000e-01  6.3452800750e-02 
1199.000  3.6886836600e-01  6.0568077090e-02 
1200.000  3.9323185600e-01  6.4715896610e-02 
1201.000  3.9648822300e-01  6.5331871030e-02 
1202.000  3.9740307300e-01  6.5598281860e-02 
1203.000  3.7695377000e-01  6.2158893590e-02 
1204.000  3.8381393000e-01  6.3425251010e-02 
1205.000  3.9802221300e-01  6.6470748900e-02 
1206.000  3.9807372400e-01  6.6800483700e-02 
1207.000  4.0175852500e-01  6.7553215030e-02 
1208.000  3.9518143900e-01  6.6344665530e-02 
1209.000  3.6935539900e-01  6.1853061680e-02 
1210.000  3.9320125000e-01  6.5559104920e-02 
1211.000  3.7977809500e-01  6.3281841280e-02 
1212.000  3.9222472900e-01  6.5429359440e-02 
1213.000  3.9582758400e-01  6.6308654790e-02 
1214.000  3.9376002400e-01  6.5924606320e-02 
1215.000  3.9584278000e-01  6.6383094790e-02 
1216.000  3.9761829200e-01  6.7129173280e-02 
1217.000  3.9923885400e-01  6.7798965450e-02 
1218.000  3.9881909100e-01  6.7925949100e-02 
1219.000  3.9558664500e-01  6.7499198910e-02 
1220.000  3.9832446900e-01  6.7973381040e-02 
1221.000  3.9785015200e-01  6.7934761050e-02 
1222.000  3.9582964600e-01  6.7607788090e-02 
1223.000  3.9416233800e-01  6.7378303530e-02 
1224.000  3.9870022900e-01  6.8396392820e-02 
1225.000  3.9682123300e-01  6.8139343260e-02 
1226.000  3.9862743100e-01  6.8538421630e-02 
1227.000  3.8578509700e-01  6.6462600710e-02 
1228.000  3.9866316700e-01  6.8851341250e-02 
1229.000  3.9881722600e-01  6.9013549800e-02 
1230.000  3.9812066400e-01  6.9045936580e-02 
1231.000  3.9849129800e-01  6.9202827450e-02 
1232.000  3.9413398700e-01  6.8491798400e-02 
1233.000  3.9732060400e-01  6.9080703740e-02 
1234.000  3.9699502700e-01  6.9213562010e-02 
1235.000  3.9454540800e-01  6.8862548830e-02 
1236.000  3.9704663700e-01  6.9358520510e-02 
1237.000  3.9730046900e-01  6.9475227360e-02 
1238.000  3.9714432100e-01  6.9486503600e-02 
1239.000  3.9266400500e-01  6.8731689450e-02 
1240.000  3.9088533500e-01  6.8449111940e-02 
1241.000  3.9429628200e-01  6.9057868960e-02 
1242.000  3.9189665500e-01  6.8644371030e-02 
1243.000  3.8743530000e-01  6.7872299190e-02 
1244.000  3.8378863600e-01  6.7222969060e-02 
1245.000  3.9026878400e-01  6.8359344480e-02 
1246.000  3.8710481800e-01  6.7785911560e-02 
1247.000  3.8501675500e-01  6.7395393370e-02 
1248.000  3.8782708200e-01  6.7867950440e-02 
1249.000  3.8631888500e-01  6.7599700930e-02 
1250.000  3.8463620400e-01  6.7285865780e-02 
1251.000  3.8180169300e-01  6.6774757390e-02 
1252.000  3.8035897100e-01  6.6484489440e-02 
1253.000  3.7689862600e-01  6.5836509700e-02 
1254.000  3.7725000000e-01  6.5799468990e-02 
1255.000  3.7615986800e-01  6.5551696780e-02 
1256.000  3.7495884700e-01  6.5300735470e-02 
1257.000  3.7010516200e-01  6.4387168880e-02 
1258.000  3.7017621600e-01  6.4242935180e-02 
1259.000  3.6493159800e-01  6.3212776180e-02 
1260.000  3.6405694200e-01  6.2919586180e-02 
1261.000  3.6183327800e-01  6.2385669710e-02 
1262.000  3.5078292100e-01  6.0212551120e-02 
1263.000  3.5375931300e-01  6.0647933960e-02 
1264.000  3.4741220900e-01  5.9522163390e-02 
1265.000  3.4773362500e-01  5.9564086910e-02 
1266.000  3.4858954500e-01  5.9606929780e-02 
1267.000  3.4050662200e-01  5.8122432710e-02 
1268.000  3.3541341500e-01  5.7161537170e-02 
1269.000  3.3776626000e-01  5.7523937230e-02 
1270.000  3.4595768600e-01  5.9168498990e-02 
1271.000  3.4988301400e-01  5.9936542510e-02 
1272.000  3.5047048100e-01  6.0146247860e-02 
1273.000  3.5163633300e-01  6.0483318330e-02 
1274.000  3.5134079700e-01  6.0606788640e-02 
1275.000  3.5428589500e-01  6.1173671720e-02 
1276.000  3.5537292700e-01  6.1372741700e-02 
1277.000  3.5541320600e-01  6.1351287840e-02 
1278.000  3.5472535900e-01  6.1186897280e-02 
1279.000  3.5270124600e-01  6.0842239380e-02 
1280.000  3.5160415600e-01  6.0773170470e-02 
1281.000  3.4252284200e-01  5.9313091280e-02 
1282.000  3.0493249500e-01  5.2901229860e-02 
1283.000  3.3517666200e-01  5.8185726170e-02 
1284.000  3.4906952700e-01  6.0588840480e-02 
1285.000  3.5191636500e-01  6.1102138520e-02 
1286.000  3.5136776700e-01  6.0918827060e-02 
1287.000  3.5263463200e-01  6.0987567900e-02 
1288.000  3.4713269000e-01  5.9532058720e-02 
1289.000  3.4818343500e-01  5.9548873900e-02 
1290.000  3.4005786900e-01  5.8127952580e-02 
1291.000  3.4529812200e-01  5.9073925020e-02 
1292.000  3.4817395900e-01  5.9733737950e-02 
1293.000  3.4861357600e-01  5.9797515870e-02 
1294.000  3.4166291900e-01  5.8362350460e-02 
1295.000  3.4300479600e-01  5.8234119420e-02 
1296.000  3.4080682400e-01  5.7493381500e-02 
1297.000  3.3670354200e-01  5.6511466980e-02 
1298.000  3.3350960700e-01  5.5927688600e-02 
1299.000  3.3673548500e-01  5.6422950740e-02 
1300.000  3.3504444500e-01  5.6084640500e-02 
1301.000  3.3406372300e-01  5.5825748440e-02 
1302.000  3.2837309600e-01  5.4656909940e-02 
1303.000  3.2238808200e-01  5.3088378910e-02 
1304.000  3.2101879400e-01  5.2619331360e-02 
1305.000  3.2226574900e-01  5.2714298250e-02 
1306.000  3.2205016300e-01  5.2569091800e-02 
1307.000  3.2003313000e-01  5.2096294400e-02 
1308.000  3.1705364600e-01  5.1251842500e-02 
1309.000  3.1311649100e-01  5.0151679990e-02 
1310.000  3.1138908800e-01  4.9819503780e-02 
1311.000  3.1053737500e-01  4.9668308260e-02 
1312.000  3.0510205400e-01  4.8294803620e-02 
1313.000  2.8898435500e-01  4.5186916350e-02 
1314.000  2.9350310600e-01  4.5405536650e-02 
1315.000  2.8572522400e-01  4.4408176420e-02 
1316.000  2.9570992600e-01  4.6282547000e-02 
1317.000  2.9871512100e-01  4.6723472600e-02 
1318.000  2.8931423600e-01  4.4667526250e-02 
1319.000  2.8566161100e-01  4.3298019410e-02 
1320.000  2.7493340200e-01  4.0703357700e-02 
1321.000  2.7039348400e-01  3.9616874690e-02 
1322.000  2.7547171900e-01  4.0977886200e-02 
1323.000  2.8236831600e-01  4.2622619630e-02 
1324.000  2.8563789800e-01  4.3428043370e-02 
1325.000  2.8324969800e-01  4.2834480290e-02 
1326.000  2.7615910000e-01  4.1145751950e-02 
1327.000  2.6160950400e-01  3.7526165010e-02 
1328.000  2.4845610700e-01  3.3919849400e-02 
1329.000  2.1433614400e-01  2.6692291260e-02 
1330.000  2.0827811700e-01  2.5066923140e-02 
1331.000  2.0278612400e-01  2.3860836030e-02 
1332.000  2.0059208500e-01  2.3739038470e-02 
1333.000  2.1161301300e-01  2.5516069410e-02 
1334.000  2.2004236800e-01  2.7203430180e-02 
1335.000  2.2599309200e-01  2.8451473240e-02 
1336.000  2.2588909700e-01  2.8617662430e-02 
1337.000  2.2844573600e-01  2.9016914370e-02 
1338.000  2.3220508900e-01  2.9895494460e-02 
1339.000  2.3271948900e-01  3.0118005750e-02 
1340.000  2.3434476700e-01  3.0685831070e-02 
1341.000  2.3829988700e-01  3.0938480380e-02 
1342.000  2.3820181000e-01  3.0940111160e-02 
1343.000  2.2914965400e-01  2.8340366360e-02 
1344.000  2.1527648800e-01  2.5119974140e-02 
1345.000  1.7809298100e-01  1.7995239260e-02 
1346.000  1.5190317900e-01  1.3484529500e-02 
1347.000  1.3472926700e-01  1.0980464940e-02 
1348.000  1.1168923100e-01  7.6557140350e-03 
1349.000  1.0158318020e-01  6.4849424360e-03 
1350.000  7.9125329200e-02  4.0099329950e-03 
1351.000  6.8308369300e-02  3.1002287860e-03 
1352.000  5.2246797800e-02  1.8452714680e-03 
1353.000  3.7031756000e-02  1.0166012050e-03 
1354.000  2.9610195700e-02  6.8168228860e-04 
1355.000  2.2989767600e-02  4.3883448840e-04 
1356.000  1.7385001600e-02  2.6837110520e-04 
1357.000  1.1883109690e-02  1.3616855440e-04 
1358.000  8.7943198400e-03  8.3515919740e-05 
1359.000  4.6371948600e-03  2.8622562070e-05 
1360.000  3.0667217200e-03  1.5119454820e-05 
1361.000  2.2822914200e-03  9.0400511400e-06 
1362.000  2.1000796500e-03  7.9609081150e-06 
1363.000  3.0298739800e-03  1.3852594420e-05 
1364.000  3.5132289000e-03  1.7328381540e-05 
1365.000  3.6785408600e-03  1.8288407470e-05 
1366.000  4.2481022800e-03  2.2818580270e-05 
1367.000  3.5684737300e-03  1.7908537760e-05 
1368.000  3.1641465400e-03  1.5494126830e-05 
1369.000  3.2446913000e-03  1.6300166030e-05 
1370.000  5.3662098500e-03  3.7590190770e-05 
1371.000  9.5567610600e-03  9.3560785060e-05 
1372.000  1.7696231500e-02  2.5659254190e-04 
1373.000  2.5103604800e-02  4.5104062560e-04 
1374.000  3.0483671400e-02  6.2263292070e-04 
1375.000  3.2500968900e-02  6.9865494970e-04 
1376.000  3.0145976400e-02  6.2049096820e-04 
1377.000  2.6837390500e-02  5.0812792780e-04 
1378.000  2.0455648200e-02  3.2536587120e-04 
1379.000  1.4046741300e-02  1.7663489280e-04 
1380.000  7.9669079700e-03  7.1098923680e-05 
1381.000  4.6085515200e-03  2.9864920300e-05 
1382.000  3.2226967700e-03  1.6936339440e-05 
1383.000  3.1180856200e-03  1.5842424710e-05 
1384.000  5.0718414100e-03  3.4010697160e-05 
1385.000  7.2001263100e-03  5.9402350340e-05 
1386.000  1.0997450020e-02  1.1661122740e-04 
1387.000  2.0206328300e-02  3.1836178900e-04 
1388.000  2.6781692100e-02  4.9847358470e-04 
1389.000  3.0764097000e-02  6.3430786130e-04 
1390.000  3.1403440500e-02  6.6311597820e-04 
1391.000  2.9315469800e-02  5.9100520610e-04 
1392.000  2.2163724100e-02  3.7553370000e-04 
1393.000  1.6942409500e-02  2.4589876830e-04 
1394.000  1.2979814140e-02  1.6117981080e-04 
1395.000  1.4631352800e-02  1.9527412950e-04 
1396.000  2.0077458700e-02  3.2191032170e-04 
1397.000  2.5909862700e-02  4.8870283370e-04 
1398.000  2.6682667700e-02  5.1120966670e-04 
1399.000  2.4913701200e-02  4.6427062150e-04 
1400.000  2.3296425700e-02  4.2252063750e-04 
1401.000  2.4765300100e-02  4.7423127290e-04 
1402.000  3.0702294300e-02  6.6135156150e-04 
1403.000  3.5348753500e-02  8.5684466360e-04 
1404.000  3.3248639200e-02  7.7283757930e-04 
1405.000  3.4827230100e-02  8.5448873040e-04 
1406.000  3.2294609300e-02  7.4983853100e-04 
1407.000  3.3492730800e-02  8.1884902720e-04 
1408.000  4.0143474100e-02  1.0972552300e-03 
1409.000  4.7057427600e-02  1.4511958360e-03 
1410.000  5.7715812100e-02  2.0337836740e-03 
1411.000  6.8651283700e-02  2.7890229230e-03 
1412.000  6.6324998000e-02  2.6934835910e-03 
1413.000  7.3150668200e-02  3.2182621960e-03 
1414.000  7.2121487900e-02  3.0949494840e-03 
1415.000  7.9730018700e-02  3.7629053590e-03 
1416.000  8.5664851700e-02  4.2555627820e-03 
1417.000  8.7870727900e-02  4.4855303760e-03 
1418.000  8.8653904200e-02  4.5333290100e-03 
1419.000  8.8469511800e-02  4.6044445040e-03 
1420.000  9.0570968500e-02  4.7837443350e-03 
1421.000  1.0186694360e-01  5.8581733700e-03 
1422.000  1.0429104610e-01  6.1885437970e-03 
1423.000  1.0545448290e-01  6.3750705720e-03 
1424.000  1.0509607210e-01  6.3198952670e-03 
1425.000  1.0390250170e-01  6.1352300640e-03 
1426.000  1.0017661160e-01  5.9233098030e-03 
1427.000  1.0610802940e-01  6.4806799890e-03 
1428.000  1.1207124410e-01  7.0008149150e-03 
1429.000  1.1367384300e-01  7.3089847560e-03 
1430.000  1.1090946630e-01  7.1341929440e-03 
1431.000  1.0332429080e-01  6.3744268420e-03 
1432.000  1.0102883730e-01  6.0684590340e-03 
1433.000  1.0074404770e-01  6.0352487560e-03 
1434.000  9.6091448000e-02  5.6319613460e-03 
1435.000  1.0316383940e-01  6.3073525430e-03 
1436.000  1.0573330780e-01  6.5772871970e-03 
1437.000  1.0741889390e-01  6.7417759900e-03 
1438.000  1.1388370280e-01  7.4539670940e-03 
1439.000  1.1598557630e-01  7.6193652150e-03 
1440.000  1.1121248820e-01  7.3988590240e-03 
1441.000  1.1812032720e-01  7.9136576650e-03 
1442.000  1.1330404800e-01  7.4909706120e-03 
1443.000  1.1534051890e-01  7.6429991720e-03 
1444.000  1.1794123500e-01  7.9075798990e-03 
1445.000  1.1817755050e-01  7.9519987110e-03 
1446.000  1.2369580790e-01  8.5233564380e-03 
1447.000  1.2707747900e-01  8.9433603290e-03 
1448.000  1.2852593700e-01  9.0822200780e-03 
1449.000  1.2600179600e-01  8.7886867520e-03 
1450.000  1.2048764270e-01  8.2277822490e-03 
1451.000  1.2183694410e-01  8.4203643800e-03 
1452.000  1.2717156200e-01  9.1597642900e-03 
1453.000  1.4171069300e-01  1.0810987470e-02 
1454.000  1.5420699500e-01  1.2438598630e-02 
1455.000  1.6018470600e-01  1.3359427450e-02 
1456.000  1.6729421200e-01  1.4409776690e-02 
1457.000  1.6998477000e-01  1.4716344830e-02 
1458.000  1.7331108000e-01  1.5107867240e-02 
1459.000  1.6843915300e-01  1.4381239890e-02 
1460.000  1.6075868700e-01  1.3479118350e-02 
1461.000  1.5767401200e-01  1.3104730610e-02 
1462.000  1.4918121400e-01  1.2058020590e-02 
1463.000  1.4819199200e-01  1.2006014820e-02 
1464.000  1.4627681500e-01  1.1767228130e-02 
1465.000  1.4303015900e-01  1.1268767360e-02 
1466.000  1.3329870300e-01  1.0220696450e-02 
1467.000  1.3233057900e-01  9.9497375490e-03 
1468.000  1.2418638000e-01  9.1298027040e-03 
1469.000  1.1780289910e-01  8.3208122250e-03 
1470.000  1.1439074360e-01  7.9721598630e-03 
1471.000  1.2139422400e-01  8.9328041080e-03 
1472.000  1.3367869000e-01  1.0464347840e-02 
1473.000  1.5023357300e-01  1.2648715020e-02 
1474.000  1.5747567100e-01  1.3973061560e-02 
1475.000  1.6027605000e-01  1.4269758220e-02 
1476.000  1.6053663200e-01  1.4343138690e-02 
1477.000  1.5709448400e-01  1.3883019450e-02 
1478.000  1.5094957900e-01  1.3199863430e-02 
1479.000  1.4795411200e-01  1.2721043590e-02 
1480.000  1.5103706200e-01  1.3214210510e-02 
1481.000  1.5386337400e-01  1.3803662300e-02 
1482.000  1.6081749500e-01  1.4831912040e-02 
1483.000  1.5903816300e-01  1.4812577250e-02 
1484.000  1.6007041200e-01  1.4982615470e-02 
1485.000  1.6237052500e-01  1.5202648160e-02 
1486.000  1.6374670700e-01  1.5707585330e-02 
1487.000  1.7377641200e-01  1.7430345540e-02 
1488.000  1.5229107100e-01  1.5387721060e-02 
1489.000  1.8689825900e-01  1.9986158370e-02 
1490.000  1.9774517100e-01  2.2178266530e-02 
1491.000  2.0481534000e-01  2.3569877620e-02 
1492.000  2.0110197300e-01  2.3326313020e-02 
1493.000  2.0853994300e-01  2.4590824130e-02 
1494.000  2.0823443300e-01  2.4698137280e-02 
1495.000  2.0996292100e-01  2.5317819600e-02 
1496.000  2.0960401400e-01  2.5853908540e-02 
1497.000  2.1471624100e-01  2.6630880360e-02 
1498.000  2.2180183600e-01  2.8046483990e-02 
1499.000  2.2279482300e-01  2.8691844940e-02 
1500.000  2.2966789500e-01  3.0003168110e-02 
1501.000  2.2836092400e-01  2.9831022260e-02 
1502.000  2.2467875400e-01  2.9290313720e-02 
1503.000  2.0070799800e-01  2.6152521130e-02 
1504.000  2.1004870500e-01  2.7553411480e-02 
1505.000  2.1267456700e-01  2.8284149170e-02 
1506.000  2.1560678300e-01  2.8781349180e-02 
1507.000  2.2843391900e-01  3.0874841690e-02 
1508.000  2.2642529500e-01  3.0853288650e-02 
1509.000  2.2895216400e-01  3.1463548660e-02 
1510.000  2.3305605900e-01  3.2188087460e-02 
1511.000  2.3520589200e-01  3.2689193730e-02 
1512.000  2.3151843400e-01  3.2332576750e-02 
1513.000  2.3142785900e-01  3.2442760470e-02 
1514.000  2.2825896900e-01  3.2079322810e-02 
1515.000  2.3356828900e-01  3.2994808200e-02 
1516.000  2.3166167100e-01  3.2831512450e-02 
1517.000  2.3104128400e-01  3.2898136140e-02 
1518.000  2.3676750700e-01  3.3956451420e-02 
1519.000  2.3498661300e-01  3.3970237730e-02 
1520.000  2.3859124800e-01  3.4826862340e-02 
1521.000  2.3520150700e-01  3.4532543180e-02 
1522.000  2.3384083100e-01  3.4401245120e-02 
1523.000  2.3986919300e-01  3.5400104520e-02 
1524.000  2.3778429000e-01  3.5118637080e-02 
1525.000  2.3204484300e-01  3.4289981840e-02 
1526.000  2.3868326100e-01  3.5345115660e-02 
1527.000  2.3657100300e-01  3.5153198240e-02 
1528.000  2.3867473400e-01  3.5613166810e-02 
1529.000  2.3792809700e-01  3.5559738160e-02 
1530.000  2.2306724700e-01  3.3468196870e-02 
1531.000  2.3871937300e-01  3.5942096710e-02 
1532.000  2.3758255200e-01  3.5902900700e-02 
1533.000  2.3662106200e-01  3.5860004430e-02 
1534.000  2.3314227500e-01  3.5427860260e-02 
1535.000  2.3413049000e-01  3.5675765990e-02 
1536.000  2.3726441600e-01  3.6226356510e-02 
1537.000  2.3820278800e-01  3.6478610990e-02 
1538.000  2.3187345200e-01  3.5622303010e-02 
1539.000  2.3689159800e-01  3.6501369480e-02 
1540.000  2.2833921500e-01  3.5268463130e-02 
1541.000  2.3315430000e-01  3.6080902100e-02 
1542.000  2.3454238000e-01  3.6353519440e-02 
1543.000  2.3390458400e-01  3.6328228000e-02 
1544.000  2.3691016400e-01  3.6880886080e-02 
1545.000  2.3782095100e-01  3.7130069730e-02 
1546.000  2.3804075000e-01  3.7267681120e-02 
1547.000  2.3572923400e-01  3.6999401090e-02 
1548.000  2.2876754800e-01  3.5986900330e-02 
1549.000  2.3463094200e-01  3.6972064970e-02 
1550.000  2.3331233300e-01  3.6820919040e-02 
1551.000  2.3208387500e-01  3.6670021060e-02 
1552.000  2.3603988000e-01  3.7340656280e-02 
1553.000  2.3480642800e-01  3.7202968600e-02 
1554.000  2.2620312200e-01  3.5882381440e-02 
1555.000  2.2997850900e-01  3.6544471740e-02 
1556.000  2.2558821400e-01  3.5908523560e-02 
1557.000  2.3297468000e-01  3.7150386810e-02 
1558.000  2.3112994400e-01  3.6903903960e-02 
1559.000  2.3114745800e-01  3.6950183870e-02 
1560.000  2.2715561700e-01  3.6367599490e-02 
1561.000  2.3245646700e-01  3.7250274660e-02 
1562.000  2.3234754400e-01  3.7250705720e-02 
1563.000  2.2887313800e-01  3.6722267150e-02 
1564.000  2.2421244700e-01  3.5990177150e-02 
1565.000  2.2746636100e-01  3.6518016820e-02 
1566.000  2.2315676100e-01  3.5870124820e-02 
1567.000  2.2279689500e-01  3.5806587220e-02 
1568.000  2.1763621100e-01  3.4947483060e-02 
1569.000  2.1781573400e-01  3.4937038420e-02 
1570.000  2.1175519000e-01  3.3948829650e-02 
1571.000  2.1742919600e-01  3.4894672390e-02 
1572.000  2.1726222500e-01  3.4886745450e-02 
1573.000  2.1396253200e-01  3.4413127900e-02 
1574.000  2.1480674700e-01  3.4621402740e-02 
1575.000  1.9957567800e-01  3.2219028470e-02 
1576.000  2.1441016000e-01  3.4645504000e-02 
1577.000  1.9367945800e-01  3.1327739720e-02 
1578.000  2.1203836800e-01  3.4332660680e-02 
1579.000  2.1336223900e-01  3.4594760890e-02 
1580.000  2.1791498900e-01  3.5402259830e-02 
1581.000  2.1647005600e-01  3.5204071040e-02 
1582.000  2.1231903600e-01  3.4616119380e-02 
1583.000  2.1512679500e-01  3.5157440190e-02 
1584.000  2.1339490700e-01  3.4959796910e-02 
1585.000  2.1984623000e-01  3.6090831760e-02 
1586.000  2.1708534700e-01  3.5682567600e-02 
1587.000  2.1482419700e-01  3.5380683900e-02 
1588.000  2.1167249500e-01  3.4927429200e-02 
1589.000  1.9365784800e-01  3.1991130830e-02 
1590.000  2.0863558900e-01  3.4496490480e-02 
1591.000  2.0396249000e-01  3.3751686100e-02 
1592.000  2.1464322800e-01  3.5527374270e-02 
1593.000  2.1925994300e-01  3.6290664670e-02 
1594.000  2.1738335700e-01  3.5980930330e-02 
1595.000  2.1835522900e-01  3.6145957950e-02 
1596.000  2.0454059500e-01  3.3887577060e-02 
1597.000  2.1213436500e-01  3.5137886050e-02 
1598.000  2.1504862700e-01  3.5598575590e-02 
1599.000  2.0660582000e-01  3.4167922970e-02 
1600.000  2.0905788800e-01  3.4551856990e-02 
1601.000  2.0025674400e-01  3.3124046330e-02 
1602.000  2.0512582400e-01  3.3957176210e-02 
1603.000  2.0389768200e-01  3.3814655300e-02 
1604.000  2.0694426800e-01  3.4390270230e-02 
1605.000  2.0388399800e-01  3.3913562770e-02 
1606.000  2.0324515000e-01  3.3849506380e-02 
1607.000  2.0393270200e-01  3.3967449190e-02 
1608.000  2.0612760100e-01  3.4337871550e-02 
1609.000  2.0533501100e-01  3.4225704190e-02 
1610.000  1.9266905100e-01  3.2138507840e-02 
1611.000  1.9881948600e-01  3.3222991940e-02 
1612.000  2.0128983100e-01  3.3699516300e-02 
1613.000  2.0631275300e-01  3.4602977750e-02 
1614.000  2.0428711700e-01  3.4280410770e-02 
1615.000  2.0806109200e-01  3.4966892240e-02 
1616.000  1.9533697000e-01  3.2867847440e-02 
1617.000  2.0144492900e-01  3.3962413790e-02 
1618.000  2.0772090900e-01  3.5048625950e-02 
1619.000  2.0743951700e-01  3.5069076540e-02 
1620.000  2.0254802300e-01  3.4306240080e-02 
1621.000  1.9982022200e-01  3.3893981930e-02 
1622.000  2.0484899900e-01  3.4765853880e-02 
1623.000  2.0913233500e-01  3.5526905060e-02 
1624.000  2.1066128800e-01  3.5812458040e-02 
1625.000  2.0564506300e-01  3.5018768310e-02 
1626.000  2.0794595300e-01  3.5395729060e-02 
1627.000  2.0770733500e-01  3.5382053380e-02 
1628.000  2.0928494700e-01  3.5659236910e-02 
1629.000  2.0914782700e-01  3.5640445710e-02 
1630.000  2.0328115200e-01  3.4630996700e-02 
1631.000  2.0645987200e-01  3.5187107090e-02 
1632.000  2.0628621200e-01  3.5128067020e-02 
1633.000  2.0356405500e-01  3.4665546420e-02 
1634.000  1.9860062400e-01  3.3808418270e-02 
1635.000  2.0392374400e-01  3.4719814300e-02 
1636.000  2.0315656400e-01  3.4583091740e-02 
1637.000  1.9384057800e-01  3.2989059450e-02 
1638.000  1.9242455500e-01  3.2754009250e-02 
1639.000  1.9014059500e-01  3.2341274260e-02 
1640.000  1.9108687000e-01  3.2498641970e-02 
1641.000  1.8972218800e-01  3.2260948180e-02 
1642.000  1.8948386200e-01  3.2250030520e-02 
1643.000  1.9428520700e-01  3.3084667210e-02 
1644.000  1.9121175900e-01  3.2573139190e-02 
1645.000  1.9150982300e-01  3.2627986910e-02 
1646.000  1.9381049100e-01  3.3048381810e-02 
1647.000  1.9561182700e-01  3.3370552060e-02 
1648.000  1.9472811600e-01  3.3217937470e-02 
1649.000  1.9025322200e-01  3.2465282440e-02 
1650.000  1.9507411500e-01  3.3305648800e-02 
1651.000  1.9071840000e-01  3.2568683620e-02 
1652.000  1.9451038500e-01  3.3208747860e-02 
1653.000  1.9250761600e-01  3.2887710570e-02 
1654.000  1.9466657600e-01  3.3267955780e-02 
1655.000  1.9098034000e-01  3.2665416720e-02 
1656.000  1.9480647000e-01  3.3340774540e-02 
1657.000  1.9339059800e-01  3.3109634400e-02 
1658.000  1.9460954600e-01  3.3346225740e-02 
1659.000  1.9107045200e-01  3.2751285550e-02 
1660.000  1.9327852600e-01  3.3124927520e-02 
1661.000  1.9403090500e-01  3.3254997250e-02 
1662.000  1.9257322500e-01  3.2990112300e-02 
1663.000  1.9129848100e-01  3.2775558470e-02 
1664.000  1.9040522600e-01  3.2624481200e-02 
1665.000  1.8846527800e-01  3.2286586760e-02 
1666.000  1.8769510100e-01  3.2180278780e-02 
1667.000  1.8961272100e-01  3.2561664580e-02 
1668.000  1.8640018100e-01  3.2021720890e-02 
1669.000  1.8692530500e-01  3.2136917110e-02 
1670.000  1.9112750400e-01  3.2881229400e-02 
1671.000  1.8972892200e-01  3.2653579710e-02 
1672.000  1.8074304900e-01  3.1118761060e-02 
1673.000  1.8590654200e-01  3.1995769500e-02 
1674.000  1.8665530300e-01  3.2121437070e-02 
1675.000  1.8492081500e-01  3.1834730150e-02 
1676.000  1.8193165100e-01  3.1319372180e-02 
1677.000  1.8286335200e-01  3.1489353180e-02 
1678.000  1.8387540100e-01  3.1686458590e-02 
1679.000  1.8143426800e-01  3.1267072680e-02 
1680.000  1.7521600100e-01  3.0215377810e-02 
1681.000  1.6914165200e-01  2.9178773880e-02 
1682.000  1.7402720100e-01  3.0022512440e-02 
1683.000  1.7831864300e-01  3.0755979540e-02 
1684.000  1.8161404500e-01  3.1319025040e-02 
1685.000  1.8213323500e-01  3.1378364560e-02 
1686.000  1.7993637000e-01  3.0999031070e-02 
1687.000  1.8063030400e-01  3.1067567830e-02 
1688.000  1.8072304400e-01  3.1041875840e-02 
1689.000  1.7854317900e-01  3.0665054320e-02 
1690.000  1.7839718000e-01  3.0591182710e-02 
1691.000  1.8070523900e-01  3.0981649400e-02 
1692.000  1.8103032200e-01  3.1038051610e-02 
1693.000  1.8038939000e-01  3.0937089920e-02 
1694.000  1.8012013500e-01  3.0891708370e-02 
1695.000  1.8016657400e-01  3.0872737880e-02 
1696.000  1.7911192000e-01  3.0683797840e-02 
1697.000  1.7798429100e-01  3.0463859560e-02 
1698.000  1.7903978500e-01  3.0626621250e-02 
1699.000  1.7788406600e-01  3.0420091630e-02 
1700.000  1.7563202100e-01  3.0027490620e-02 
