 lambda   Irr_dw            Rad_up 
 550.000  1.5264405000e+00  1.0663262940e-01 
 551.000  1.5163874000e+00  1.0584604640e-01 
 552.000  1.5811653000e+00  1.1037606810e-01 
 553.000  1.5187207000e+00  1.0591310880e-01 
 554.000  1.5678502000e+00  1.0932663730e-01 
 555.000  1.5717780000e+00  1.0946887970e-01 
 556.000  1.5280119000e+00  1.0629805760e-01 
 557.000  1.4822851000e+00  1.0311087800e-01 
 558.000  1.5381928000e+00  1.0687667850e-01 
 559.000  1.4535744000e+00  1.0092836760e-01 
 560.000  1.4596353000e+00  1.0133825680e-01 
 561.000  1.6038499000e+00  1.1121421810e-01 
 562.000  1.4719236000e+00  1.0202919010e-01 
 563.000  1.5396550000e+00  1.0659921260e-01 
 564.000  1.5176934000e+00  1.0490486910e-01 
 565.000  1.5354973000e+00  1.0610723110e-01 
 566.000  1.4154551000e+00  9.7701850890e-02 
 567.000  1.5180528000e+00  1.0455330660e-01 
 568.000  1.5138038000e+00  1.0372516630e-01 
 569.000  1.4827752000e+00  1.0045791630e-01 
 570.000  1.4904141000e+00  1.0106507870e-01 
 571.000  1.4378412000e+00  9.8177536010e-02 
 572.000  1.5191342000e+00  1.0299370570e-01 
 573.000  1.5351694000e+00  1.0424446870e-01 
 574.000  1.5266283000e+00  1.0364048770e-01 
 575.000  1.4891329000e+00  1.0096529390e-01 
 576.000  1.4619802000e+00  9.9044387820e-02 
 577.000  1.5226361000e+00  1.0324322510e-01 
 578.000  1.4782505000e+00  1.0051385500e-01 
 579.000  1.4669220000e+00  9.9785766600e-02 
 580.000  1.5174126000e+00  1.0338317110e-01 
 581.000  1.4899721000e+00  1.0165058140e-01 
 582.000  1.5122019000e+00  1.0309107970e-01 
 583.000  1.5226154000e+00  1.0383841710e-01 
 584.000  1.5176505000e+00  1.0335932160e-01 
 585.000  1.5075337000e+00  1.0255522920e-01 
 586.000  1.4426384000e+00  9.8110496520e-02 
 587.000  1.4988941000e+00  1.0141336820e-01 
 588.000  1.4831535000e+00  9.8898971560e-02 
 589.000  1.3146119000e+00  8.5864875790e-02 
 590.000  1.3725715000e+00  8.9539253230e-02 
 591.000  1.4584229000e+00  9.6334068300e-02 
 592.000  1.4304313000e+00  9.3693992610e-02 
 593.000  1.4454297000e+00  9.6045654300e-02 
 594.000  1.4585981000e+00  9.6568748470e-02 
 595.000  1.4306876000e+00  9.3653312680e-02 
 596.000  1.4660686000e+00  9.7424430850e-02 
 597.000  1.4704634000e+00  9.7269073490e-02 
 598.000  1.4403280000e+00  9.5883827210e-02 
 599.000  1.4406894000e+00  9.6137672420e-02 
 600.000  1.4409846000e+00  9.6721183780e-02 
 601.000  1.4328636000e+00  9.6600769040e-02 
 602.000  1.4171918000e+00  9.5609367370e-02 
 603.000  1.4257403000e+00  9.6336540220e-02 
 604.000  1.4709020000e+00  9.9546775820e-02 
 605.000  1.4671301000e+00  9.9210708620e-02 
 606.000  1.4501252000e+00  9.8117027280e-02 
 607.000  1.4419616000e+00  9.7508132930e-02 
 608.000  1.4366583000e+00  9.7067863460e-02 
 609.000  1.4219059000e+00  9.6063186650e-02 
 610.000  1.3991209000e+00  9.4446662900e-02 
 611.000  1.4218256000e+00  9.5961425780e-02 
 612.000  1.4033022000e+00  9.4700881960e-02 
 613.000  1.3827858000e+00  9.3252891540e-02 
 614.000  1.3323779000e+00  8.9859550480e-02 
 615.000  1.3967198000e+00  9.4100738530e-02 
 616.000  1.3280022000e+00  8.9486267090e-02 
 617.000  1.3354956000e+00  8.9973159790e-02 
 618.000  1.3984935000e+00  9.4098793030e-02 
 619.000  1.3856818000e+00  9.3272239690e-02 
 620.000  1.4061411000e+00  9.4529022220e-02 
 621.000  1.4303164000e+00  9.6137695310e-02 
 622.000  1.3548700000e+00  9.1002487180e-02 
 623.000  1.3654185000e+00  9.1563507080e-02 
 624.000  1.3668829000e+00  9.1710998540e-02 
 625.000  1.3298584000e+00  8.9213188170e-02 
 626.000  1.3365962000e+00  8.9474029540e-02 
 627.000  1.3589837000e+00  9.0449684140e-02 
 628.000  1.3408408000e+00  8.8281990050e-02 
 629.000  1.3744853000e+00  9.0774597170e-02 
 630.000  1.3288769000e+00  8.8222923280e-02 
 631.000  1.3776293000e+00  9.1528152470e-02 
 632.000  1.2832191900e+00  8.4888870240e-02 
 633.000  1.3774262000e+00  9.1548133850e-02 
 634.000  1.3360607000e+00  8.8954177860e-02 
 635.000  1.3604975000e+00  9.0579246520e-02 
 636.000  1.3125666300e+00  8.7466613770e-02 
 637.000  1.3558847000e+00  9.0407928470e-02 
 638.000  1.3769774000e+00  9.1998123170e-02 
 639.000  1.3656062000e+00  9.1116874690e-02 
 640.000  1.3227633700e+00  8.8480514530e-02 
 641.000  1.3418748000e+00  8.9717910770e-02 
 642.000  1.3257717500e+00  8.8685752870e-02 
 643.000  1.3489866800e+00  9.0047325130e-02 
 644.000  1.3335242600e+00  8.8917388920e-02 
 645.000  1.3451829000e+00  8.9486015320e-02 
 646.000  1.2939414100e+00  8.5003555300e-02 
 647.000  1.3115046200e+00  8.5420722960e-02 
 648.000  1.3091843700e+00  8.4636703490e-02 
 649.000  1.3351686100e+00  8.6782966610e-02 
 650.000  1.2372737400e+00  8.1541786190e-02 
 651.000  1.3327938000e+00  8.7819229130e-02 
 652.000  1.3071055100e+00  8.5074058530e-02 
 653.000  1.3334800200e+00  8.7984504700e-02 
 654.000  1.3160344400e+00  8.6578964230e-02 
 655.000  1.2813523300e+00  8.3839187620e-02 
 656.000  1.0878714900e+00  7.1272209170e-02 
 657.000  1.1610977100e+00  7.6276405330e-02 
 658.000  1.2933288600e+00  8.5433830260e-02 
 659.000  1.2964558100e+00  8.5836769100e-02 
 660.000  1.3066402500e+00  8.6621734620e-02 
 661.000  1.3124035300e+00  8.7363487240e-02 
 662.000  1.3313036800e+00  8.8760116580e-02 
 663.000  1.3165244000e+00  8.7687927250e-02 
 664.000  1.2956225900e+00  8.6331291200e-02 
 665.000  1.3012730100e+00  8.6722061160e-02 
 666.000  1.3169643900e+00  8.7894447330e-02 
 667.000  1.2908378500e+00  8.6103370670e-02 
 668.000  1.2981887300e+00  8.6714836120e-02 
 669.000  1.3167255200e+00  8.8010704040e-02 
 670.000  1.3012942700e+00  8.6874046330e-02 
 671.000  1.2872367500e+00  8.5968406680e-02 
 672.000  1.2831743200e+00  8.5675636290e-02 
 673.000  1.2923509300e+00  8.6255172730e-02 
 674.000  1.2948660400e+00  8.6428733830e-02 
 675.000  1.2751162400e+00  8.5061119080e-02 
 676.000  1.2992000800e+00  8.6674263000e-02 
 677.000  1.2733665200e+00  8.4960479740e-02 
 678.000  1.2944551500e+00  8.6331588750e-02 
 679.000  1.2761881100e+00  8.5046691890e-02 
 680.000  1.2664043700e+00  8.4360183720e-02 
 681.000  1.2677743900e+00  8.4375877380e-02 
 682.000  1.2651546800e+00  8.4110641480e-02 
 683.000  1.2734654600e+00  8.4568351750e-02 
 684.000  1.2504849500e+00  8.2994468690e-02 
 685.000  1.2646036900e+00  8.3915573120e-02 
 686.000  1.2089989000e+00  7.9931175230e-02 
 687.000  1.1185839700e+00  7.1021583560e-02 
 688.000  1.1482114200e+00  7.3793876650e-02 
 689.000  1.1428154800e+00  7.3224311830e-02 
 690.000  1.1632454900e+00  7.5009895320e-02 
 691.000  1.1867455100e+00  7.6999725340e-02 
 692.000  1.1897539200e+00  7.7219078060e-02 
 693.000  1.1888375900e+00  7.5792015080e-02 
 694.000  1.1910036100e+00  7.4836730960e-02 
 695.000  1.1781358700e+00  7.4530815120e-02 
 696.000  1.1964662000e+00  7.6023056030e-02 
 697.000  1.2190671200e+00  7.9462875370e-02 
 698.000  1.1921335300e+00  7.7205169680e-02 
 699.000  1.1956865600e+00  7.5724258420e-02 
 700.000  1.1846263000e+00  7.5254714970e-02 
 701.000  1.1540243900e+00  7.2902397160e-02 
 702.000  1.1511862900e+00  7.2979698180e-02 
 703.000  1.1824113100e+00  7.6306594850e-02 
 704.000  1.1863636000e+00  7.6637054440e-02 
 705.000  1.1891247200e+00  7.6209915160e-02 
 706.000  1.1776416200e+00  7.5585395810e-02 
 707.000  1.1620287800e+00  7.4795066830e-02 
 708.000  1.1981251800e+00  7.7346870420e-02 
 709.000  1.1602527200e+00  7.5344558720e-02 
 710.000  1.1815800700e+00  7.6166419980e-02 
 711.000  1.1749517000e+00  7.6222831730e-02 
 712.000  1.1629579400e+00  7.5904205320e-02 
 713.000  1.1543485800e+00  7.4948646550e-02 
 714.000  1.1726388200e+00  7.5938446040e-02 
 715.000  1.1257478100e+00  7.2285842900e-02 
 716.000  1.1489851900e+00  7.3135009770e-02 
 717.000  1.0772195800e+00  6.5364799500e-02 
 718.000  1.0449795700e+00  6.1482418060e-02 
 719.000  1.0233707500e+00  5.9455410000e-02 
 720.000  1.0166095800e+00  5.8142444610e-02 
 721.000  1.0771983000e+00  6.6137252810e-02 
 722.000  1.1144620600e+00  7.0006538390e-02 
 723.000  1.0993559600e+00  6.8101028440e-02 
 724.000  1.0696652800e+00  6.3695625310e-02 
 725.000  1.0631952300e+00  6.3676956180e-02 
 726.000  1.0594259100e+00  6.3343235020e-02 
 727.000  1.0801089600e+00  6.4903533940e-02 
 728.000  1.0558919600e+00  6.3104991910e-02 
 729.000  1.0269105400e+00  6.2286407470e-02 
 730.000  1.0623175900e+00  6.4282318120e-02 
 731.000  1.0418285300e+00  6.2914398190e-02 
 732.000  1.0840909700e+00  6.7072052000e-02 
 733.000  1.0886040500e+00  6.9031967160e-02 
 734.000  1.1213798700e+00  7.1914222720e-02 
 735.000  1.1086050700e+00  7.0766235350e-02 
 736.000  1.0813002500e+00  6.8510299680e-02 
 737.000  1.1004031600e+00  7.0078666690e-02 
 738.000  1.1040766100e+00  7.0872261050e-02 
 739.000  1.0710935200e+00  6.9022277830e-02 
 740.000  1.0873846900e+00  7.0619407650e-02 
 741.000  1.0822346000e+00  7.0684303280e-02 
 742.000  1.0658351700e+00  6.9771209720e-02 
 743.000  1.1003668200e+00  7.2380172730e-02 
 744.000  1.1121701300e+00  7.3335090640e-02 
 745.000  1.0843069000e+00  7.1642356870e-02 
 746.000  1.1002066900e+00  7.2754257200e-02 
 747.000  1.1167973500e+00  7.3832893370e-02 
 748.000  1.0974830700e+00  7.2590080260e-02 
 749.000  1.0979843800e+00  7.2654380800e-02 
 750.000  1.0815414100e+00  7.1492149350e-02 
 751.000  1.0787793700e+00  7.1306350710e-02 
 752.000  1.0957871500e+00  7.2492424010e-02 
 753.000  1.0855981300e+00  7.1831611630e-02 
 754.000  1.1027112400e+00  7.2970100400e-02 
 755.000  1.0964105700e+00  7.2550796510e-02 
 756.000  1.0749768800e+00  7.1130096440e-02 
 757.000  1.0829117400e+00  7.1651298520e-02 
 758.000  1.0806753400e+00  7.1457389830e-02 
 759.000  9.9912137000e-01  6.4599533080e-02 
 760.000  5.1108393000e-01  2.6828210830e-02 
 761.000  4.6174398000e-01  2.3539264680e-02 
 762.000  7.3669746000e-01  4.3327194210e-02 
 763.000  6.6863997000e-01  3.7805053710e-02 
 764.000  7.1463033000e-01  4.1189655300e-02 
 765.000  8.1580389000e-01  4.9180778500e-02 
 766.000  8.8204850000e-01  5.5616531370e-02 
 767.000  9.4526892000e-01  6.0728302000e-02 
 768.000  1.0157012300e+00  6.6086090090e-02 
 769.000  1.0330607400e+00  6.7802200320e-02 
 770.000  1.0379789900e+00  6.8406990050e-02 
 771.000  1.0434795500e+00  6.8934631350e-02 
 772.000  1.0405612200e+00  6.8783126830e-02 
 773.000  1.0366655300e+00  6.8544860840e-02 
 774.000  1.0480903600e+00  6.9317344670e-02 
 775.000  1.0088734400e+00  6.6738067630e-02 
 776.000  1.0505328600e+00  6.9539352420e-02 
 777.000  1.0432568600e+00  6.9048461910e-02 
 778.000  1.0376505100e+00  6.8647605900e-02 
 779.000  1.0410134900e+00  6.8832153320e-02 
 780.000  1.0281202900e+00  6.8002174380e-02 
 781.000  1.0265374400e+00  6.7896858220e-02 
 782.000  1.0388958300e+00  6.8646881100e-02 
 783.000  1.0146108500e+00  6.7102584840e-02 
 784.000  1.0201612600e+00  6.7418190000e-02 
 785.000  1.0220387500e+00  6.7343200680e-02 
 786.000  1.0031701900e+00  6.5918083190e-02 
 787.000  1.0150885900e+00  6.6186584470e-02 
 788.000  9.9833300000e-01  6.4884971620e-02 
 789.000  9.9853358000e-01  6.4129051210e-02 
 790.000  9.8795098000e-01  6.3346881870e-02 
 791.000  9.8393389000e-01  6.3244136810e-02 
 792.000  9.6930360000e-01  6.2391803740e-02 
 793.000  9.7057289000e-01  6.2767116550e-02 
 794.000  9.6533222000e-01  6.3101913450e-02 
 795.000  9.5721179000e-01  6.2087451930e-02 
 796.000  9.6565447000e-01  6.1722568510e-02 
 797.000  9.7399073000e-01  6.2557460780e-02 
 798.000  9.7949025000e-01  6.3541130070e-02 
 799.000  9.7755914000e-01  6.3232250210e-02 
 800.000  9.4848630000e-01  6.0891456600e-02 
 801.000  9.6662754000e-01  6.2110630040e-02 
 802.000  9.6431209000e-01  6.1885383610e-02 
 803.000  9.5108929000e-01  6.1119701390e-02 
 804.000  9.6137106000e-01  6.2039852140e-02 
 805.000  9.3822707000e-01  6.0979873660e-02 
 806.000  9.6557202000e-01  6.2980346680e-02 
 807.000  9.5968711000e-01  6.2638633730e-02 
 808.000  9.5292305000e-01  6.2018150330e-02 
 809.000  9.3537493000e-01  6.0685413360e-02 
 810.000  9.2962786000e-01  6.0097717290e-02 
 811.000  9.4123192000e-01  6.0467918400e-02 
 812.000  9.3354734000e-01  5.9502857210e-02 
 813.000  9.2382491000e-01  5.8257011410e-02 
 814.000  9.1486571000e-01  5.7023269650e-02 
 815.000  8.9527864000e-01  5.4982315060e-02 
 816.000  8.7443969000e-01  5.2711914060e-02 
 817.000  8.8046507000e-01  5.3110603330e-02 
 818.000  8.7617089000e-01  5.2868919370e-02 
 819.000  8.5669932000e-01  5.2068084720e-02 
 820.000  8.5414367000e-01  5.2989711760e-02 
 821.000  8.9898705000e-01  5.7056205750e-02 
 822.000  8.6141018000e-01  5.3622386930e-02 
 823.000  8.3770761000e-01  4.9676689150e-02 
 824.000  8.8064168000e-01  5.4406269070e-02 
 825.000  8.9816486000e-01  5.7133647920e-02 
 826.000  9.0052769000e-01  5.6958164220e-02 
 827.000  8.9521087000e-01  5.6384941100e-02 
 828.000  8.8102808000e-01  5.4466812130e-02 
 829.000  8.8503066000e-01  5.5031253810e-02 
 830.000  8.7582890000e-01  5.4852375030e-02 
 831.000  8.6152577000e-01  5.4049697880e-02 
 832.000  8.7958132000e-01  5.5213470460e-02 
 833.000  8.5485966000e-01  5.3973407750e-02 
 834.000  8.7054249000e-01  5.5262180330e-02 
 835.000  8.7780396000e-01  5.6209335330e-02 
 836.000  8.8623043000e-01  5.6679580690e-02 
 837.000  8.7867905000e-01  5.6155105590e-02 
 838.000  8.8443143000e-01  5.6834133150e-02 
 839.000  8.5827592000e-01  5.5307876590e-02 
 840.000  8.8175856000e-01  5.6846031190e-02 
 841.000  8.8258340000e-01  5.6693786620e-02 
 842.000  8.7833329000e-01  5.6566650390e-02 
 843.000  8.7524859000e-01  5.6860168460e-02 
 844.000  8.6199270000e-01  5.6200042720e-02 
 845.000  8.7563092000e-01  5.7179801940e-02 
 846.000  8.8399092000e-01  5.7869892120e-02 
 847.000  8.5410087000e-01  5.6066692350e-02 
 848.000  8.7827393000e-01  5.7438022610e-02 
 849.000  8.8000098000e-01  5.7638011930e-02 
 850.000  7.6043793000e-01  4.9667373660e-02 
 851.000  8.7065987000e-01  5.6725181580e-02 
 852.000  8.3768475000e-01  5.4635715480e-02 
 853.000  8.4814244000e-01  5.5423156740e-02 
 854.000  6.8182813000e-01  4.4578166960e-02 
 855.000  7.5086509000e-01  4.9205139160e-02 
 856.000  8.5263341000e-01  5.5983192440e-02 
 857.000  8.6646832000e-01  5.7038352970e-02 
 858.000  8.5268662000e-01  5.6148555760e-02 
 859.000  8.5275726000e-01  5.6231498720e-02 
 860.000  8.4522696000e-01  5.5818084720e-02 
 861.000  8.4512237000e-01  5.5804157260e-02 
 862.000  8.4236130000e-01  5.5590808870e-02 
 863.000  8.5846633000e-01  5.6734676360e-02 
 864.000  8.5675249000e-01  5.6524673460e-02 
 865.000  8.4079975000e-01  5.5579322810e-02 
 866.000  7.0525883000e-01  4.6658561710e-02 
 867.000  7.5101838000e-01  4.9536399840e-02 
 868.000  8.1451623000e-01  5.3795169830e-02 
 869.000  8.0308763000e-01  5.3039340970e-02 
 870.000  8.3621074000e-01  5.5315898900e-02 
 871.000  8.3503135000e-01  5.5193248750e-02 
 872.000  8.3166801000e-01  5.4812633510e-02 
 873.000  8.3500093000e-01  5.5126136780e-02 
 874.000  8.1669126000e-01  5.3858989720e-02 
 875.000  8.0918385000e-01  5.3475357060e-02 
 876.000  8.1589601000e-01  5.3855091090e-02 
 877.000  8.3214985000e-01  5.4820144650e-02 
 878.000  8.1781442000e-01  5.3912525180e-02 
 879.000  8.1971388000e-01  5.4082366940e-02 
 880.000  8.1492313000e-01  5.3614101410e-02 
 881.000  7.7255119000e-01  5.0851940160e-02 
 882.000  8.1518760000e-01  5.3507923130e-02 
 883.000  7.9660308000e-01  5.2437343600e-02 
 884.000  8.0337765000e-01  5.3047470090e-02 
 885.000  8.1156978000e-01  5.3209659580e-02 
 886.000  7.8489849000e-01  5.1432426450e-02 
 887.000  7.7690495000e-01  5.0944648740e-02 
 888.000  8.0015461000e-01  5.2334190370e-02 
 889.000  8.0558325000e-01  5.2912483220e-02 
 890.000  8.0295487000e-01  5.2638397220e-02 
 891.000  7.9819772000e-01  5.2097530360e-02 
 892.000  7.9393499000e-01  5.1516002660e-02 
 893.000  7.5813614000e-01  4.8192375180e-02 
 894.000  7.8026876000e-01  4.9208831790e-02 
 895.000  7.3061429000e-01  4.5056629180e-02 
 896.000  7.4471154000e-01  4.4800380710e-02 
 897.000  7.1226271000e-01  4.1969432830e-02 
 898.000  7.0625288000e-01  4.1097808840e-02 
 899.000  6.8496403000e-01  3.8594608310e-02 
 900.000  6.7080824000e-01  3.7887348180e-02 
 901.000  6.5128123000e-01  3.6506534580e-02 
 902.000  6.4013183000e-01  3.5949630740e-02 
 903.000  7.0531365000e-01  4.1673439030e-02 
 904.000  7.3934982000e-01  4.4977294920e-02 
 905.000  7.3657900000e-01  4.4972305300e-02 
 906.000  7.0439728000e-01  4.2220378880e-02 
 907.000  6.9339858000e-01  4.0127994540e-02 
 908.000  6.6166987000e-01  3.7364234920e-02 
 909.000  6.4922653000e-01  3.6677963260e-02 
 910.000  6.5911829000e-01  3.7360118870e-02 
 911.000  6.6714032000e-01  3.8521224980e-02 
 912.000  6.6380917000e-01  3.7880107880e-02 
 913.000  6.5813022000e-01  3.6400508880e-02 
 914.000  6.6427075000e-01  3.7297973630e-02 
 915.000  6.6145624000e-01  3.7760208130e-02 
 916.000  6.7086483000e-01  3.8381202700e-02 
 917.000  6.6464024000e-01  3.8276638030e-02 
 918.000  6.6677322000e-01  3.8747070310e-02 
 919.000  6.9452861000e-01  4.1832412720e-02 
 920.000  7.0197097000e-01  4.3006458280e-02 
 921.000  6.8352737000e-01  4.1665428160e-02 
 922.000  6.7713211000e-01  4.1330322270e-02 
 923.000  6.4508070000e-01  3.8873970030e-02 
 924.000  6.6318235000e-01  3.9595623020e-02 
 925.000  6.7125290000e-01  3.9957523350e-02 
 926.000  6.4717639000e-01  3.8362724300e-02 
 927.000  6.6049386000e-01  3.8620372770e-02 
 928.000  6.4772382000e-01  3.6695095060e-02 
 929.000  6.1445856000e-01  3.3287677760e-02 
 930.000  5.8163253000e-01  2.9723863600e-02 
 931.000  5.4560003000e-01  2.6042278290e-02 
 932.000  4.9297350000e-01  2.1345266340e-02 
 933.000  4.5732383000e-01  1.8463838580e-02 
 934.000  4.1422919000e-01  1.5539200780e-02 
 935.000  4.0404109000e-01  1.5016322140e-02 
 936.000  4.1667218000e-01  1.5926441190e-02 
 937.000  4.2180074000e-01  1.6026096340e-02 
 938.000  4.5983217000e-01  1.8967580800e-02 
 939.000  5.6929495000e-01  2.8508144380e-02 
 940.000  5.8117309000e-01  2.9848327640e-02 
 941.000  5.5527236000e-01  2.7948717120e-02 
 942.000  5.0380308000e-01  2.3954786300e-02 
 943.000  4.7606688000e-01  2.0426267620e-02 
 944.000  4.5926505000e-01  1.9548280720e-02 
 945.000  4.8344067000e-01  2.1328783040e-02 
 946.000  4.9099014000e-01  2.1722049710e-02 
 947.000  5.0521642000e-01  2.3132553100e-02 
 948.000  5.1831306000e-01  2.4209636690e-02 
 949.000  5.1849949000e-01  2.4178041460e-02 
 950.000  5.1759278000e-01  2.4263442990e-02 
 951.000  5.3660273000e-01  2.6254667280e-02 
 952.000  5.1268410000e-01  2.4004816060e-02 
 953.000  5.2774133000e-01  2.5540260310e-02 
 954.000  5.3988733000e-01  2.7032503130e-02 
 955.000  4.9096103000e-01  2.3971275330e-02 
 956.000  5.2032843000e-01  2.5300107960e-02 
 957.000  5.6328534000e-01  2.9674310680e-02 
 958.000  5.7302117000e-01  3.0510929110e-02 
 959.000  5.6794742000e-01  2.9915876390e-02 
 960.000  5.6041747000e-01  2.9441137310e-02 
 961.000  5.5078973000e-01  2.8777702330e-02 
 962.000  5.5669117000e-01  2.9269697190e-02 
 963.000  5.7857360000e-01  3.1661512370e-02 
 964.000  5.7513559000e-01  3.1668762210e-02 
 965.000  5.7990710000e-01  3.1834058760e-02 
 966.000  5.6429403000e-01  3.1064395900e-02 
 967.000  5.9722381000e-01  3.3832992550e-02 
 968.000  6.1694683000e-01  3.6568943020e-02 
 969.000  6.3247945000e-01  3.8225421910e-02 
 970.000  6.3479978000e-01  3.8416332240e-02 
 971.000  6.2888020000e-01  3.8045433040e-02 
 972.000  6.3005662000e-01  3.7909061430e-02 
 973.000  6.1643188000e-01  3.6630226140e-02 
 974.000  5.9768591000e-01  3.4975196840e-02 
 975.000  5.9463694000e-01  3.4443969730e-02 
 976.000  6.0929955000e-01  3.5738529210e-02 
 977.000  6.0575280000e-01  3.6243469240e-02 
 978.000  6.1969718000e-01  3.7032646180e-02 
 979.000  6.0468616000e-01  3.6333496090e-02 
 980.000  6.2537530000e-01  3.8346378330e-02 
 981.000  6.3233809000e-01  3.8955566410e-02 
 982.000  6.2823367000e-01  3.8534900670e-02 
 983.000  6.3271972000e-01  3.9229644780e-02 
 984.000  6.3482369000e-01  3.9812904360e-02 
 985.000  6.3810845000e-01  4.0289569850e-02 
 986.000  6.3750972000e-01  4.0616962430e-02 
 987.000  6.4681395000e-01  4.1376724240e-02 
 988.000  6.3922132000e-01  4.0926956180e-02 
 989.000  6.3137213000e-01  4.0445816040e-02 
 990.000  6.3722001000e-01  4.0857139590e-02 
 991.000  6.4411396000e-01  4.1449043270e-02 
 992.000  6.3861760000e-01  4.1137779240e-02 
 993.000  6.3874490000e-01  4.1161624910e-02 
 994.000  6.4344808000e-01  4.1596355440e-02 
 995.000  6.3972342000e-01  4.1455383300e-02 
 996.000  6.3958539000e-01  4.1444644930e-02 
 997.000  6.3961791000e-01  4.1382278440e-02 
 998.000  6.3651757000e-01  4.1115150450e-02 
 999.000  6.3466198000e-01  4.0968780520e-02 
1000.000  6.2981759000e-01  4.0675331120e-02 
1001.000  6.3184314000e-01  4.0660675050e-02 
1002.000  6.2854268000e-01  4.0224399570e-02 
1003.000  6.2173819000e-01  3.9837074280e-02 
1004.000  6.1784079000e-01  3.9708221440e-02 
1005.000  5.7779559000e-01  3.7184608460e-02 
1006.000  6.0814866000e-01  3.9155006410e-02 
1007.000  6.1879847000e-01  3.9795398710e-02 
1008.000  6.1957346000e-01  3.9666603090e-02 
1009.000  6.1333338000e-01  3.9039806370e-02 
1010.000  6.1670692000e-01  3.9351776120e-02 
1011.000  6.1598354000e-01  3.9548637390e-02 
1012.000  6.1713462000e-01  3.9717613220e-02 
1013.000  6.1342991000e-01  3.9554958340e-02 
1014.000  6.1765524000e-01  3.9888317110e-02 
1015.000  6.0630338000e-01  3.9192012790e-02 
1016.000  6.1051458000e-01  3.9530147550e-02 
1017.000  6.0460664000e-01  3.9192295070e-02 
1018.000  6.1215098000e-01  3.9673439030e-02 
1019.000  5.9740252000e-01  3.8659267430e-02 
1020.000  5.9640644000e-01  3.8598808290e-02 
1021.000  6.0288120000e-01  3.9027523040e-02 
1022.000  5.9292820000e-01  3.8225456240e-02 
1023.000  6.0354366000e-01  3.8769668580e-02 
1024.000  6.0001999000e-01  3.8440551760e-02 
1025.000  6.0115192000e-01  3.8617126460e-02 
1026.000  6.0241904000e-01  3.8759998320e-02 
1027.000  5.9853776000e-01  3.8521358490e-02 
1028.000  6.0013875000e-01  3.8691326140e-02 
1029.000  5.9153385000e-01  3.8243270870e-02 
1030.000  5.9796767000e-01  3.8772338870e-02 
1031.000  5.9632777000e-01  3.8745273590e-02 
1032.000  5.9441822000e-01  3.8677001950e-02 
1033.000  5.8351084000e-01  3.7958560940e-02 
1034.000  5.8921188000e-01  3.8332344060e-02 
1035.000  5.8151596000e-01  3.7804721830e-02 
1036.000  5.9113014000e-01  3.8431766510e-02 
1037.000  5.7868319000e-01  3.7611370090e-02 
1038.000  5.8440695000e-01  3.7970512390e-02 
1039.000  5.8679171000e-01  3.8101600650e-02 
1040.000  5.7984616000e-01  3.7629535680e-02 
1041.000  5.8286822000e-01  3.7802658080e-02 
1042.000  5.8459599000e-01  3.7895397190e-02 
1043.000  5.7450422000e-01  3.7224399570e-02 
1044.000  5.8021820000e-01  3.7573463440e-02 
1045.000  5.7768191000e-01  3.7433513640e-02 
1046.000  5.6087940000e-01  3.6378677370e-02 
1047.000  5.7117299000e-01  3.7080059050e-02 
1048.000  5.7683756000e-01  3.7486206050e-02 
1049.000  5.7313366000e-01  3.7288341520e-02 
1050.000  5.7072959000e-01  3.7161491390e-02 
1051.000  5.6971444000e-01  3.7063011170e-02 
1052.000  5.6703791000e-01  3.6855983730e-02 
1053.000  5.6561433000e-01  3.6738452910e-02 
1054.000  5.6140516000e-01  3.6419113160e-02 
1055.000  5.6549498000e-01  3.6646553040e-02 
1056.000  5.6397157000e-01  3.6512329100e-02 
1057.000  5.6291659000e-01  3.6394245150e-02 
1058.000  5.5688073000e-01  3.5922443390e-02 
1059.000  5.3937981000e-01  3.4818828580e-02 
1060.000  5.5889075000e-01  3.6150150300e-02 
1061.000  5.3928691000e-01  3.4888820650e-02 
1062.000  5.5415748000e-01  3.5810142520e-02 
1063.000  5.4477432000e-01  3.5184177400e-02 
1064.000  5.5150083000e-01  3.5540649410e-02 
1065.000  5.5067555000e-01  3.5388286590e-02 
1066.000  5.3380832000e-01  3.4277172090e-02 
1067.000  5.4640670000e-01  3.5028232570e-02 
1068.000  5.4367877000e-01  3.4698886870e-02 
1069.000  5.0246379000e-01  3.1989267350e-02 
1070.000  5.3233986000e-01  3.3924896240e-02 
1071.000  5.3282590000e-01  3.3904270170e-02 
1072.000  5.3421629000e-01  3.3944023130e-02 
1073.000  5.1656305000e-01  3.2831245420e-02 
1074.000  5.3472413000e-01  3.4019454960e-02 
1075.000  5.1869835000e-01  3.3120197300e-02 
1076.000  5.2972980000e-01  3.3765186310e-02 
1077.000  5.2804655000e-01  3.3578433990e-02 
1078.000  5.2881534000e-01  3.3534519200e-02 
1079.000  5.0837103000e-01  3.2232120510e-02 
1080.000  5.2180007000e-01  3.2836257930e-02 
1081.000  5.0250706000e-01  3.1606685640e-02 
1082.000  5.0963442000e-01  3.2129177090e-02 
1083.000  4.9503156000e-01  3.1049192430e-02 
1084.000  5.1291836000e-01  3.1999090190e-02 
1085.000  5.0373331000e-01  3.1083932880e-02 
1086.000  5.1091097000e-01  3.1567562100e-02 
1087.000  4.8220069000e-01  3.0104368210e-02 
1088.000  5.1151114000e-01  3.1991193770e-02 
1089.000  4.8875795000e-01  3.0199766160e-02 
1090.000  4.9873589000e-01  3.0777490620e-02 
1091.000  5.0263423000e-01  3.1131252290e-02 
1092.000  4.8931034000e-01  3.0142511370e-02 
1093.000  4.7947708200e-01  2.9144073490e-02 
1094.000  4.3473846900e-01  2.6236667630e-02 
1095.000  4.7084572700e-01  2.8410772320e-02 
1096.000  4.7217294000e-01  2.8496776580e-02 
1097.000  4.6212936300e-01  2.7756193160e-02 
1098.000  4.4486566800e-01  2.5769945140e-02 
1099.000  4.3459798100e-01  2.4357885360e-02 
1100.000  4.4288241000e-01  2.4873479840e-02 
1101.000  4.4353842400e-01  2.5018308640e-02 
1102.000  4.2441307500e-01  2.3879489900e-02 
1103.000  4.4233339900e-01  2.4953727720e-02 
1104.000  4.3714511300e-01  2.4521234510e-02 
1105.000  4.3141457100e-01  2.3865369800e-02 
1106.000  4.2261480200e-01  2.3067165370e-02 
1107.000  4.2344942100e-01  2.3172750470e-02 
1108.000  4.2311796500e-01  2.3185310360e-02 
1109.000  4.2959805600e-01  2.3775440220e-02 
1110.000  4.3136000500e-01  2.3788293840e-02 
1111.000  4.2341042500e-01  2.3174003600e-02 
1112.000  4.0709614500e-01  2.1626111980e-02 
1113.000  3.8845862300e-01  1.9741455080e-02 
1114.000  3.8827200000e-01  1.9413087840e-02 
1115.000  3.6275257400e-01  1.7040939330e-02 
1116.000  3.4463813300e-01  1.5558266640e-02 
1117.000  3.1573093700e-01  1.3052380560e-02 
1118.000  2.8184868000e-01  1.0688394550e-02 
1119.000  2.5803833600e-01  9.2876014710e-03 
1120.000  2.3790311700e-01  8.0145139690e-03 
1121.000  2.3482690500e-01  7.7802538870e-03 
1122.000  2.1108701800e-01  6.4797248840e-03 
1123.000  2.2492474000e-01  7.1763968470e-03 
1124.000  2.3386935900e-01  7.6441292760e-03 
1125.000  2.2471954700e-01  7.2447886470e-03 
1126.000  2.1867527200e-01  7.0143694880e-03 
1127.000  2.2783830900e-01  7.3636999130e-03 
1128.000  2.2705168300e-01  7.4429492950e-03 
1129.000  2.4983808400e-01  8.7479915620e-03 
1130.000  2.9856310400e-01  1.1889873500e-02 
1131.000  3.1547032400e-01  1.3013513570e-02 
1132.000  2.9754259700e-01  1.1679311750e-02 
1133.000  2.5538488400e-01  9.1532707210e-03 
1134.000  1.8681651500e-01  5.3919296260e-03 
1135.000  1.9446071900e-01  5.7355818750e-03 
1136.000  2.6153427700e-01  9.5368289950e-03 
1137.000  2.9973354000e-01  1.1979037280e-02 
1138.000  3.2017290900e-01  1.3971051220e-02 
1139.000  3.3616998300e-01  1.5132692340e-02 
1140.000  3.3116807900e-01  1.4667118070e-02 
1141.000  3.0964985600e-01  1.3298877720e-02 
1142.000  3.1379338500e-01  1.3314574240e-02 
1143.000  2.9492237300e-01  1.2058686260e-02 
1144.000  2.7767536900e-01  1.0894719120e-02 
1145.000  2.5684753000e-01  9.4611959460e-03 
1146.000  2.6484836500e-01  9.9070825580e-03 
1147.000  2.8392113000e-01  1.1150447850e-02 
1148.000  2.9650731000e-01  1.2141625400e-02 
1149.000  3.0341843300e-01  1.2641867640e-02 
1150.000  3.0216662600e-01  1.2641395570e-02 
1151.000  3.1000514100e-01  1.3334115030e-02 
1152.000  3.1363219400e-01  1.3672880170e-02 
1153.000  3.1930119400e-01  1.4188193320e-02 
1154.000  3.1955246500e-01  1.4163663860e-02 
1155.000  3.3234372100e-01  1.5279988290e-02 
1156.000  3.4075849600e-01  1.6285194400e-02 
1157.000  3.7007735300e-01  1.9001029970e-02 
1158.000  3.8040758700e-01  2.0104635240e-02 
1159.000  3.8360528600e-01  2.0784215930e-02 
1160.000  3.8218437100e-01  2.0931812290e-02 
1161.000  3.8269405900e-01  2.1469261170e-02 
1162.000  4.0296632500e-01  2.3035474780e-02 
1163.000  4.1250415200e-01  2.4085872650e-02 
1164.000  4.0594591700e-01  2.3808202740e-02 
1165.000  4.1428136000e-01  2.4377727510e-02 
1166.000  4.0508804600e-01  2.3963342670e-02 
1167.000  4.1261598300e-01  2.4489641190e-02 
1168.000  4.1582471500e-01  2.4661211010e-02 
1169.000  4.0250947600e-01  2.3949863430e-02 
1170.000  4.1433972600e-01  2.4724197390e-02 
1171.000  4.1900049800e-01  2.5169782640e-02 
1172.000  4.1606283900e-01  2.4902608870e-02 
1173.000  4.1156927800e-01  2.4549018860e-02 
1174.000  4.1187198400e-01  2.4575872420e-02 
1175.000  4.1131278300e-01  2.4791818620e-02 
1176.000  4.0519711800e-01  2.4651454930e-02 
1177.000  4.1586389700e-01  2.5191400530e-02 
1178.000  4.0511191300e-01  2.4323656080e-02 
1179.000  4.0330354200e-01  2.4218271260e-02 
1180.000  4.0761238200e-01  2.4400203700e-02 
1181.000  4.0201472300e-01  2.3865108490e-02 
1182.000  3.9902063500e-01  2.3488082890e-02 
1183.000  3.7626040500e-01  2.2168046950e-02 
1184.000  3.9520009400e-01  2.3393239970e-02 
1185.000  4.0532598700e-01  2.4272054670e-02 
1186.000  4.0147422900e-01  2.3955362320e-02 
1187.000  3.9662595300e-01  2.3383760450e-02 
1188.000  3.9344567900e-01  2.3122318270e-02 
1189.000  3.7334165500e-01  2.2088480000e-02 
1190.000  3.9941153900e-01  2.4053133010e-02 
1191.000  4.0795105500e-01  2.4682359700e-02 
1192.000  4.0901579500e-01  2.4923980710e-02 
1193.000  4.0846168200e-01  2.4823019030e-02 
1194.000  4.0718565800e-01  2.4717218400e-02 
1195.000  3.9940242900e-01  2.4063508990e-02 
1196.000  3.9959293000e-01  2.4107719420e-02 
1197.000  3.9792075900e-01  2.3922382350e-02 
1198.000  3.8421724300e-01  2.3084625240e-02 
1199.000  3.6810629300e-01  2.2017765050e-02 
1200.000  3.9241896700e-01  2.3539361950e-02 
1201.000  3.9567266000e-01  2.3770090100e-02 
1202.000  3.9658043100e-01  2.3879003520e-02 
1203.000  3.7617637500e-01  2.2621047970e-02 
1204.000  3.8302066700e-01  2.3095342640e-02 
1205.000  3.9718005600e-01  2.4270656590e-02 
1206.000  3.9722373500e-01  2.4420093540e-02 
1207.000  4.0089774500e-01  2.4706880570e-02 
1208.000  3.9434027400e-01  2.4253664020e-02 
1209.000  3.6857733800e-01  2.2594699860e-02 
1210.000  3.9238232700e-01  2.3920373920e-02 
1211.000  3.7899024900e-01  2.3089464190e-02 
1212.000  3.9141290800e-01  2.3888280870e-02 
1213.000  3.9500049600e-01  2.4243476870e-02 
1214.000  3.9294134300e-01  2.4109359740e-02 
1215.000  3.9501701200e-01  2.4296602250e-02 
1216.000  3.9677759400e-01  2.4626077650e-02 
1217.000  3.9838082000e-01  2.4915918350e-02 
1218.000  3.9795652000e-01  2.4981597900e-02 
1219.000  3.9472850100e-01  2.4834924700e-02 
1220.000  3.9746184200e-01  2.5002492900e-02 
1221.000  3.9698855200e-01  2.4984052660e-02 
1222.000  3.9497504900e-01  2.4856998440e-02 
1223.000  3.9331167600e-01  2.4786399840e-02 
1224.000  3.9783132400e-01  2.5197721480e-02 
1225.000  3.9595734700e-01  2.5118227010e-02 
1226.000  3.9775648400e-01  2.5284545900e-02 
1227.000  3.8494054400e-01  2.4543624880e-02 
1228.000  3.9778560500e-01  2.5454868320e-02 
1229.000  3.9793159600e-01  2.5533300400e-02 
1230.000  3.9723344600e-01  2.5567504880e-02 
1231.000  3.9760241000e-01  2.5638637540e-02 
1232.000  3.9325535100e-01  2.5381090160e-02 
1233.000  3.9643345600e-01  2.5603311540e-02 
1234.000  3.9609756200e-01  2.5679626460e-02 
1235.000  3.9365604300e-01  2.5556322100e-02 
1236.000  3.9614931900e-01  2.5741415020e-02 
1237.000  3.9639926100e-01  2.5791727070e-02 
1238.000  3.9624287600e-01  2.5796386720e-02 
1239.000  3.9177292300e-01  2.5514936450e-02 
1240.000  3.9000010800e-01  2.5434764860e-02 
1241.000  3.9340717800e-01  2.5685735700e-02 
1242.000  3.9101756800e-01  2.5555330280e-02 
1243.000  3.8657008100e-01  2.5291236880e-02 
1244.000  3.8293759300e-01  2.5069499970e-02 
1245.000  3.8940787400e-01  2.5507125850e-02 
1246.000  3.8625540900e-01  2.5267665860e-02 
1247.000  3.8417666300e-01  2.5097656250e-02 
1248.000  3.8698571200e-01  2.5247146610e-02 
1249.000  3.8548415600e-01  2.5125295640e-02 
1250.000  3.8380964000e-01  2.4983936310e-02 
1251.000  3.8098605600e-01  2.4778345110e-02 
1252.000  3.7955279200e-01  2.4654850010e-02 
1253.000  3.7610643400e-01  2.4398090360e-02 
1254.000  3.7646872700e-01  2.4357950210e-02 
1255.000  3.7538902400e-01  2.4247806550e-02 
1256.000  3.7419760200e-01  2.4140213010e-02 
1257.000  3.6935812600e-01  2.3759948730e-02 
1258.000  3.6944364000e-01  2.3647331240e-02 
1259.000  3.6422108400e-01  2.3215532300e-02 
1260.000  3.6336086500e-01  2.3052936550e-02 
1261.000  3.6115106800e-01  2.2802450180e-02 
1262.000  3.5014050100e-01  2.1954753880e-02 
1263.000  3.5311803800e-01  2.2121072770e-02 
1264.000  3.4678663000e-01  2.1722036360e-02 
1265.000  3.4711046000e-01  2.1750637050e-02 
1266.000  3.4797215300e-01  2.1769556050e-02 
1267.000  3.3990924100e-01  2.1231546400e-02 
1268.000  3.3483190800e-01  2.0879789350e-02 
1269.000  3.3718389400e-01  2.1011230470e-02 
1270.000  3.4534953800e-01  2.1634042740e-02 
1271.000  3.4926201100e-01  2.1926118850e-02 
1272.000  3.4984449100e-01  2.2018787380e-02 
1273.000  3.5100130700e-01  2.2163452150e-02 
1274.000  3.5069727400e-01  2.2226243970e-02 
1275.000  3.5363199000e-01  2.2435962680e-02 
1276.000  3.5471348900e-01  2.2504112240e-02 
1277.000  3.5475469400e-01  2.2485704420e-02 
1278.000  3.5406723600e-01  2.2411838530e-02 
1279.000  3.5204524000e-01  2.2292528150e-02 
1280.000  3.5094568800e-01  2.2309949870e-02 
1281.000  3.4187674700e-01  2.1814308170e-02 
1282.000  3.0435215500e-01  1.9492780690e-02 
1283.000  3.3453586900e-01  2.1469514850e-02 
1284.000  3.4840460300e-01  2.2380012510e-02 
1285.000  3.5124068700e-01  2.2576334000e-02 
1286.000  3.5070056400e-01  2.2493801120e-02 
1287.000  3.5197310100e-01  2.2496232990e-02 
1288.000  3.4649974200e-01  2.1892543790e-02 
1289.000  3.4755251400e-01  2.1878152850e-02 
1290.000  3.3944362200e-01  2.1346101760e-02 
1291.000  3.4467011000e-01  2.1671495440e-02 
1292.000  3.4753611800e-01  2.1904727940e-02 
1293.000  3.4797509700e-01  2.1900423050e-02 
1294.000  3.4104436900e-01  2.1318660740e-02 
1295.000  3.4239525300e-01  2.1209484100e-02 
1296.000  3.4021179300e-01  2.0900634770e-02 
1297.000  3.3612315400e-01  2.0526737210e-02 
1298.000  3.3293899600e-01  2.0318904880e-02 
1299.000  3.3616073000e-01  2.0500541690e-02 
1300.000  3.3447240000e-01  2.0382841110e-02 
1301.000  3.3349305100e-01  2.0282661440e-02 
1302.000  3.2782435200e-01  1.9821540830e-02 
1303.000  3.2186398400e-01  1.9187309270e-02 
1304.000  3.2049679400e-01  1.8976402280e-02 
1305.000  3.2174964100e-01  1.8986785890e-02 
1306.000  3.2153100400e-01  1.8904697420e-02 
1307.000  3.1952266200e-01  1.8722764970e-02 
1308.000  3.1655878000e-01  1.8388595580e-02 
1309.000  3.1263341600e-01  1.7947746280e-02 
1310.000  3.1091457400e-01  1.7831558230e-02 
1311.000  3.1006062500e-01  1.7779932020e-02 
1312.000  3.0464213700e-01  1.7230600360e-02 
1313.000  2.8855910100e-01  1.6055780410e-02 
1314.000  2.9308018300e-01  1.6063295360e-02 
1315.000  2.8531138500e-01  1.5740855220e-02 
1316.000  2.9527742600e-01  1.6452239990e-02 
1317.000  2.9828016100e-01  1.6609907150e-02 
1318.000  2.8890276800e-01  1.5802364350e-02 
1319.000  2.8527165600e-01  1.5227048870e-02 
1320.000  2.7457762100e-01  1.4233182910e-02 
1321.000  2.7005297400e-01  1.3827516560e-02 
1322.000  2.7511327000e-01  1.4342016220e-02 
1323.000  2.8199023200e-01  1.4969306950e-02 
1324.000  2.8524575500e-01  1.5287721630e-02 
1325.000  2.8286964200e-01  1.5051053050e-02 
1326.000  2.7580343000e-01  1.4401024820e-02 
1327.000  2.6129892400e-01  1.3040709500e-02 
1328.000  2.4820032000e-01  1.1724276540e-02 
1329.000  2.1415935900e-01  9.1308546070e-03 
1330.000  2.0812640500e-01  8.5349655150e-03 
1331.000  2.0264604800e-01  8.1024713520e-03 
1332.000  2.0045030300e-01  8.0682106020e-03 
1333.000  2.1145455900e-01  8.6953725810e-03 
1334.000  2.1986589900e-01  9.2995586400e-03 
1335.000  2.2580540900e-01  9.7475528720e-03 
1336.000  2.2569731000e-01  9.8106231690e-03 
1337.000  2.2825220200e-01  9.9449110030e-03 
1338.000  2.3200071000e-01  1.0261133190e-02 
1339.000  2.3251433600e-01  1.0328463550e-02 
1340.000  2.3413221800e-01  1.0534766200e-02 
1341.000  2.3809035300e-01  1.0589845660e-02 
1342.000  2.3799374600e-01  1.0594308850e-02 
1343.000  2.2897536200e-01  9.6466989520e-03 
1344.000  2.1513576500e-01  8.5155649190e-03 
1345.000  1.7801402900e-01  6.0481009480e-03 
1346.000  1.5185447100e-01  4.5143833160e-03 
1347.000  1.3469427400e-01  3.6737318040e-03 
1348.000  1.1167026300e-01  2.5625383850e-03 
1349.000  1.0156899280e-01  2.1719236370e-03 
1350.000  7.9119140000e-02  1.3434678320e-03 
1351.000  6.8304490400e-02  1.0384120940e-03 
1352.000  5.2245224600e-02  6.1694520710e-04 
1353.000  3.7031145100e-02  3.3890703320e-04 
1354.000  2.9609865800e-02  2.2668668630e-04 
1355.000  2.2989592900e-02  1.4549048240e-04 
1356.000  1.7384912100e-02  8.8635526600e-05 
1357.000  1.1883073530e-02  4.4710498300e-05 
1358.000  8.7942995600e-03  2.7315175160e-05 
1359.000  4.6371894800e-03  9.2769870530e-06 
1360.000  3.0667192400e-03  4.8774383030e-06 
1361.000  2.2822901500e-03  2.9029562140e-06 
1362.000  2.1000785500e-03  2.5535887110e-06 
1363.000  3.0298718100e-03  4.4585647990e-06 
1364.000  3.5132260700e-03  5.5844164450e-06 
1365.000  3.6785377400e-03  5.8932509270e-06 
1366.000  4.2480982200e-03  7.3630297560e-06 
1367.000  3.5684706400e-03  5.7690436950e-06 
1368.000  3.1641440400e-03  4.9874349500e-06 
1369.000  3.2446885400e-03  5.2483580080e-06 
1370.000  5.3662024900e-03  1.2186629700e-05 
1371.000  9.5567389700e-03  3.0549762770e-05 
1372.000  1.7696148300e-02  8.4472946820e-05 
1373.000  2.5103423900e-02  1.4911538360e-04 
1374.000  3.0483380600e-02  2.0634128150e-04 
1375.000  3.2500612500e-02  2.3175375160e-04 
1376.000  3.0145679800e-02  2.0565138760e-04 
1377.000  2.6837175000e-02  1.6813215610e-04 
1378.000  2.0455533700e-02  1.0727253560e-04 
1379.000  1.4046691980e-02  5.7938646530e-05 
1380.000  7.9668921100e-03  2.3139532660e-05 
1381.000  4.6085460100e-03  9.6461744980e-06 
1382.000  3.2226940600e-03  5.4427632130e-06 
1383.000  3.1180828800e-03  5.0856606100e-06 
1384.000  5.0718350300e-03  1.0983666410e-05 
1385.000  7.2001136600e-03  1.9271878530e-05 
1386.000  1.0997420810e-02  3.8047853860e-05 
1387.000  2.0206217900e-02  1.0481161620e-04 
1388.000  2.6781484100e-02  1.6469672320e-04 
1389.000  3.0763801100e-02  2.1002210680e-04 
1390.000  3.1403114700e-02  2.1965418760e-04 
1391.000  2.9315204500e-02  1.9555781780e-04 
1392.000  2.2163587000e-02  1.2375953790e-04 
1393.000  1.6942333900e-02  8.0729506910e-05 
1394.000  1.2979770220e-02  5.2703764290e-05 
1395.000  1.4631295900e-02  6.3956722620e-05 
1396.000  2.0077348800e-02  1.0590407250e-04 
1397.000  2.5909662100e-02  1.6141016780e-04 
1398.000  2.6682453000e-02  1.6889576610e-04 
1399.000  2.4913515500e-02  1.5326884390e-04 
1400.000  2.3296261200e-02  1.3937819000e-04 
1401.000  2.4765109500e-02  1.5665000680e-04 
1402.000  3.0701983000e-02  2.1914146840e-04 
1403.000  3.5348283200e-02  2.8482711320e-04 
1404.000  3.3248243300e-02  2.5662902000e-04 
1405.000  3.4826759500e-02  2.8417089580e-04 
1406.000  3.2294228700e-02  2.4899053570e-04 
1407.000  3.3492298100e-02  2.7230593560e-04 
1408.000  4.0142771900e-02  3.6612355710e-04 
1409.000  4.7056310500e-02  4.8603200910e-04 
1410.000  5.7713799700e-02  6.8425273900e-04 
1411.000  6.8647729200e-02  9.4284433130e-04 
1412.000  6.6321596900e-02  9.1084933280e-04 
1413.000  7.3146125800e-02  1.0913827420e-03 
1414.000  7.2117235300e-02  1.0490255360e-03 
1415.000  7.9723948400e-02  1.2799102070e-03 
1416.000  8.5657156200e-02  1.4507043360e-03 
1417.000  8.7862334600e-02  1.5311129090e-03 
1418.000  8.8645270700e-02  1.5482141970e-03 
1419.000  8.8460508700e-02  1.5741475820e-03 
1420.000  9.0561261500e-02  1.6371023650e-03 
1421.000  1.0185309470e-01  2.0116024020e-03 
1422.000  1.0427554190e-01  2.1278424260e-03 
1423.000  1.0543814060e-01  2.1939980980e-03 
1424.000  1.0507990070e-01  2.1746797560e-03 
1425.000  1.0388732200e-01  2.1097524170e-03 
1426.000  1.0016179710e-01  2.0371150970e-03 
1427.000  1.0609079010e-01  2.2322502140e-03 
1428.000  1.1205207200e-01  2.4140977860e-03 
1429.000  1.1365276400e-01  2.5241825580e-03 
1430.000  1.1088914860e-01  2.4640190600e-03 
1431.000  1.0330778910e-01  2.1969554420e-03 
1432.000  1.0101405430e-01  2.0886969570e-03 
1433.000  1.0072942250e-01  2.0770154000e-03 
1434.000  9.6078333400e-02  1.9362157580e-03 
1435.000  1.0314787580e-01  2.1729042530e-03 
1436.000  1.0571614060e-01  2.2678475380e-03 
1437.000  1.0740107810e-01  2.3256216050e-03 
1438.000  1.1386246270e-01  2.5770039560e-03 
1439.000  1.1596367810e-01  2.6348073480e-03 
1440.000  1.1119068410e-01  2.5604350570e-03 
1441.000  1.1809661430e-01  2.7396864890e-03 
1442.000  1.1328208990e-01  2.5912945270e-03 
1443.000  1.1531813380e-01  2.6441850660e-03 
1444.000  1.1791765600e-01  2.7375328540e-03 
1445.000  1.1815364480e-01  2.7534446720e-03 
1446.000  1.2366911060e-01  2.9555726050e-03 
1447.000  1.2704842800e-01  3.1055560110e-03 
1448.000  1.2849627800e-01  3.1547460560e-03 
1449.000  1.2597385980e-01  3.0499429700e-03 
1450.000  1.2046218820e-01  2.8515858650e-03 
1451.000  1.2181067930e-01  2.9200689790e-03 
1452.000  1.2714051020e-01  3.1856446270e-03 
1453.000  1.4167061100e-01  3.7783226970e-03 
1454.000  1.5415739400e-01  4.3749265670e-03 
1455.000  1.6012884000e-01  4.7187919620e-03 
1456.000  1.6722973100e-01  5.1134939190e-03 
1457.000  1.6991925200e-01  5.2249517440e-03 
1458.000  1.7324215000e-01  5.3697948460e-03 
1459.000  1.6837624300e-01  5.0944499970e-03 
1460.000  1.6070192900e-01  4.7611951830e-03 
1461.000  1.5761978600e-01  4.6202783580e-03 
1462.000  1.4913410900e-01  4.2323918340e-03 
1463.000  1.4814538700e-01  4.2130107880e-03 
1464.000  1.4623220200e-01  4.1229929920e-03 
1465.000  1.4298866000e-01  3.9364824300e-03 
1466.000  1.3326286300e-01  3.5587267880e-03 
1467.000  1.3229705000e-01  3.4564869400e-03 
1468.000  1.2415695900e-01  3.1645622250e-03 
1469.000  1.1777826680e-01  2.8750896450e-03 
1470.000  1.1436779600e-01  2.7512729170e-03 
1471.000  1.2136582960e-01  3.0917901990e-03 
1472.000  1.3364231540e-01  3.6379089360e-03 
1473.000  1.5018492800e-01  4.4296245570e-03 
1474.000  1.5741780200e-01  4.9234724040e-03 
1475.000  1.6021662800e-01  5.0270657540e-03 
1476.000  1.6047728600e-01  5.0506663320e-03 
1477.000  1.5703801200e-01  4.8777155880e-03 
1478.000  1.5089743600e-01  4.6274461750e-03 
1479.000  1.4790540100e-01  4.4453253750e-03 
1480.000  1.5098570500e-01  4.6253776550e-03 
1481.000  1.5380733800e-01  4.8447232250e-03 
1482.000  1.6075407600e-01  5.2241520880e-03 
1483.000  1.5897529200e-01  5.2202873230e-03 
1484.000  1.6000581600e-01  5.2811369900e-03 
1485.000  1.6230635600e-01  5.3533740040e-03 
1486.000  1.6367776000e-01  5.5506744380e-03 
1487.000  1.7369434800e-01  6.1993718150e-03 
1488.000  1.5221785800e-01  5.4764113430e-03 
1489.000  1.8679392300e-01  7.1736011510e-03 
1490.000  1.9762057900e-01  8.0147380830e-03 
1491.000  2.0467890800e-01  8.5601730350e-03 
1492.000  2.0096738500e-01  8.4741525650e-03 
1493.000  2.0839310800e-01  8.9646911620e-03 
1494.000  2.0809021100e-01  9.0005187990e-03 
1495.000  2.0981111200e-01  9.2514057160e-03 
1496.000  2.0944585300e-01  9.4936361310e-03 
1497.000  2.1455245900e-01  9.7676200870e-03 
1498.000  2.2162880400e-01  1.0333293910e-02 
1499.000  2.2261542900e-01  1.0611575130e-02 
1500.000  2.2947907800e-01  1.1124715810e-02 
1501.000  2.2817370900e-01  1.1031480790e-02 
1502.000  2.2449351300e-01  1.0797462460e-02 
1503.000  2.0054606000e-01  9.6125326160e-03 
1504.000  2.0987543100e-01  1.0128715520e-02 
1505.000  2.1249585600e-01  1.0438634870e-02 
1506.000  2.1542660300e-01  1.0629776950e-02 
1507.000  2.2823678300e-01  1.1442218780e-02 
1508.000  2.2622950300e-01  1.1455168720e-02 
1509.000  2.2875153600e-01  1.1706856730e-02 
1510.000  2.3284992200e-01  1.1985754970e-02 
1511.000  2.3499496200e-01  1.2193358420e-02 
1512.000  2.3131064900e-01  1.2072635650e-02 
1513.000  2.3122080900e-01  1.2126288410e-02 
1514.000  2.2805564800e-01  1.1995198250e-02 
1515.000  2.3335821000e-01  1.2335189820e-02 
1516.000  2.3145234800e-01  1.2249011990e-02 
1517.000  2.3083103700e-01  1.2252321240e-02 
1518.000  2.3654930500e-01  1.2634823800e-02 
1519.000  2.3476664100e-01  1.2629047390e-02 
1520.000  2.3836282400e-01  1.2964144710e-02 
1521.000  2.3497425100e-01  1.2891535760e-02 
1522.000  2.3361524700e-01  1.2863347050e-02 
1523.000  2.3963917200e-01  1.3264055250e-02 
1524.000  2.3755625100e-01  1.3173150060e-02 
1525.000  2.3182353500e-01  1.2867509840e-02 
1526.000  2.3845583900e-01  1.3244137760e-02 
1527.000  2.3634312400e-01  1.3160594940e-02 
1528.000  2.3844193500e-01  1.3323630330e-02 
1529.000  2.3769576900e-01  1.3281904220e-02 
1530.000  2.2284874000e-01  1.2490037920e-02 
1531.000  2.3848414800e-01  1.3387146000e-02 
1532.000  2.3734715300e-01  1.3348044400e-02 
1533.000  2.3638578000e-01  1.3302006720e-02 
1534.000  2.3290887800e-01  1.3110759740e-02 
1535.000  2.3389551900e-01  1.3170824050e-02 
1536.000  2.3702680500e-01  1.3386945720e-02 
1537.000  2.3796250700e-01  1.3498412130e-02 
1538.000  2.3163864300e-01  1.3200690270e-02 
1539.000  2.3665114800e-01  1.3545598030e-02 
1540.000  2.2810630000e-01  1.3103071210e-02 
1541.000  2.3291681400e-01  1.3398551940e-02 
1542.000  2.3430278000e-01  1.3488254550e-02 
1543.000  2.3366507900e-01  1.3469656940e-02 
1544.000  2.3666608700e-01  1.3666603090e-02 
1545.000  2.3757317500e-01  1.3754527090e-02 
1546.000  2.3779130500e-01  1.3810735700e-02 
1547.000  2.3548206400e-01  1.3717020990e-02 
1548.000  2.2852646000e-01  1.3346969600e-02 
1549.000  2.3438374200e-01  1.3714354520e-02 
1550.000  2.3306669800e-01  1.3658725740e-02 
1551.000  2.3183958900e-01  1.3590003970e-02 
1552.000  2.3579128800e-01  1.3818237300e-02 
1553.000  2.3455836700e-01  1.3749151230e-02 
1554.000  2.2596406900e-01  1.3241464610e-02 
1555.000  2.2973440400e-01  1.3469659810e-02 
1556.000  2.2534823800e-01  1.3241935730e-02 
1557.000  2.3272672300e-01  1.3724837300e-02 
1558.000  2.3088464300e-01  1.3654894830e-02 
1559.000  2.3090309200e-01  1.3692412380e-02 
1560.000  2.2691575700e-01  1.3498995780e-02 
1561.000  2.3221182100e-01  1.3827279090e-02 
1562.000  2.3210430200e-01  1.3805227280e-02 
1563.000  2.2863592100e-01  1.3591661450e-02 
1564.000  2.2397963000e-01  1.3300333980e-02 
1565.000  2.2723166500e-01  1.3474125860e-02 
1566.000  2.2292610300e-01  1.3230701450e-02 
1567.000  2.2257010000e-01  1.3214204790e-02 
1568.000  2.1741920800e-01  1.2901320460e-02 
1569.000  2.1760231200e-01  1.2900604250e-02 
1570.000  2.1155022200e-01  1.2541345600e-02 
1571.000  2.1721860200e-01  1.2902046200e-02 
1572.000  2.1705309000e-01  1.2904459000e-02 
1573.000  2.1375612300e-01  1.2738512040e-02 
1574.000  2.1459825100e-01  1.2826610570e-02 
1575.000  1.9938142300e-01  1.1945211410e-02 
1576.000  2.1420158200e-01  1.2840651510e-02 
1577.000  1.9349051900e-01  1.1583579060e-02 
1578.000  2.1183070700e-01  1.2664399150e-02 
1579.000  2.1315274500e-01  1.2732076640e-02 
1580.000  2.1769924700e-01  1.3001836780e-02 
1581.000  2.1625552200e-01  1.2902521130e-02 
1582.000  2.1210649700e-01  1.2690883640e-02 
1583.000  2.1490944100e-01  1.2892680170e-02 
1584.000  2.1317729700e-01  1.2824368480e-02 
1585.000  2.1962094800e-01  1.3241917610e-02 
1586.000  2.1686253200e-01  1.3091796880e-02 
1587.000  2.1460160000e-01  1.2986055370e-02 
1588.000  2.1145329400e-01  1.2823844910e-02 
1589.000  1.9345811800e-01  1.1744928360e-02 
1590.000  2.0842208800e-01  1.2665018080e-02 
1591.000  2.0375251500e-01  1.2394986150e-02 
1592.000  2.1442187700e-01  1.3048292160e-02 
1593.000  2.1903613300e-01  1.3328995700e-02 
1594.000  2.1716239300e-01  1.3216346740e-02 
1595.000  2.1813607700e-01  1.3279436110e-02 
1596.000  2.0433542600e-01  1.2454676630e-02 
1597.000  2.1192276300e-01  1.2915776250e-02 
1598.000  2.1483770900e-01  1.3085643770e-02 
1599.000  2.0640571200e-01  1.2558781620e-02 
1600.000  2.0885801600e-01  1.2699954030e-02 
1601.000  2.0006570200e-01  1.2180777550e-02 
1602.000  2.0493074900e-01  1.2507426260e-02 
1603.000  2.0370336000e-01  1.2478837970e-02 
1604.000  2.0674602100e-01  1.2716370580e-02 
1605.000  2.0368915800e-01  1.2560149190e-02 
1606.000  2.0305074600e-01  1.2555259700e-02 
1607.000  2.0373801900e-01  1.2575868610e-02 
1608.000  2.0593144000e-01  1.2689844130e-02 
1609.000  2.0513956800e-01  1.2627690320e-02 
1610.000  1.9248549900e-01  1.1838486670e-02 
1611.000  1.9862858500e-01  1.2223649020e-02 
1612.000  2.0109477000e-01  1.2383477210e-02 
1613.000  2.0611096000e-01  1.2699250220e-02 
1614.000  2.0408755600e-01  1.2559432980e-02 
1615.000  2.0785623200e-01  1.2793300630e-02 
1616.000  1.9514342900e-01  1.2008754730e-02 
1617.000  2.0124364400e-01  1.2426486020e-02 
1618.000  2.0751381100e-01  1.2836602210e-02 
1619.000  2.0723276700e-01  1.2862883570e-02 
1620.000  2.0234338500e-01  1.2601313590e-02 
1621.000  1.9961784300e-01  1.2465871810e-02 
1622.000  2.0464181000e-01  1.2787276270e-02 
1623.000  2.0891999600e-01  1.3070516590e-02 
1624.000  2.1044716200e-01  1.3177462580e-02 
1625.000  2.0543436100e-01  1.2894287110e-02 
1626.000  2.0773470200e-01  1.3027351380e-02 
1627.000  2.0749638000e-01  1.3030949590e-02 
1628.000  2.0907331100e-01  1.3137934680e-02 
1629.000  2.0893730500e-01  1.3135041240e-02 
1630.000  2.0307819200e-01  1.2763852120e-02 
1631.000  2.0625406800e-01  1.2974110600e-02 
1632.000  2.0608220600e-01  1.2920219420e-02 
1633.000  2.0336318800e-01  1.2724909780e-02 
1634.000  1.9840431700e-01  1.2384638790e-02 
1635.000  2.0372296000e-01  1.2693980220e-02 
1636.000  2.0295836000e-01  1.2618746760e-02 
1637.000  1.9365258900e-01  1.2014947890e-02 
1638.000  1.9223734900e-01  1.1908702850e-02 
1639.000  1.8995605500e-01  1.1734425540e-02 
1640.000  1.9090190100e-01  1.1770376210e-02 
1641.000  1.8953916400e-01  1.1668891910e-02 
1642.000  1.8930201800e-01  1.1702512740e-02 
1643.000  1.9409957200e-01  1.2041537280e-02 
1644.000  1.9102944600e-01  1.1889812470e-02 
1645.000  1.9132879100e-01  1.1942927360e-02 
1646.000  1.9362794900e-01  1.2127158160e-02 
1647.000  1.9542811300e-01  1.2240523340e-02 
1648.000  1.9454463600e-01  1.2176742550e-02 
1649.000  1.9007537000e-01  1.1895442010e-02 
1650.000  1.9489142600e-01  1.2198882100e-02 
1651.000  1.9054070600e-01  1.1924548150e-02 
1652.000  1.9432896900e-01  1.2153967860e-02 
1653.000  1.9232868800e-01  1.2036091800e-02 
1654.000  1.9448614200e-01  1.2174166680e-02 
1655.000  1.9080210500e-01  1.1954420090e-02 
1656.000  1.9462205900e-01  1.2200975420e-02 
1657.000  1.9320979100e-01  1.2114259720e-02 
1658.000  1.9442879000e-01  1.2201045990e-02 
1659.000  1.9089208600e-01  1.1980835910e-02 
1660.000  1.9309837200e-01  1.2112621310e-02 
1661.000  1.9385398200e-01  1.2147896770e-02 
1662.000  1.9239600200e-01  1.2014570240e-02 
1663.000  1.9112204600e-01  1.1903580670e-02 
1664.000  1.9023152800e-01  1.1815687180e-02 
1665.000  1.8829015300e-01  1.1658589360e-02 
1666.000  1.8752111900e-01  1.1612019540e-02 
1667.000  1.8943578900e-01  1.1777502060e-02 
1668.000  1.8622624400e-01  1.1604181290e-02 
1669.000  1.8675135500e-01  1.1669498440e-02 
1670.000  1.9095038900e-01  1.1968995090e-02 
1671.000  1.8955433700e-01  1.1908842090e-02 
1672.000  1.8057589000e-01  1.1381718640e-02 
1673.000  1.8573396400e-01  1.1731863980e-02 
1674.000  1.8648416500e-01  1.1809105870e-02 
1675.000  1.8475427600e-01  1.1737241740e-02 
1676.000  1.8176631400e-01  1.1557472230e-02 
1677.000  1.8269523300e-01  1.1616090770e-02 
1678.000  1.8370868500e-01  1.1685935020e-02 
1679.000  1.8126730200e-01  1.1526906970e-02 
1680.000  1.7505373800e-01  1.1137291910e-02 
1681.000  1.6898726400e-01  1.0753541950e-02 
1682.000  1.7386747400e-01  1.1061723710e-02 
1683.000  1.7815634500e-01  1.1327680590e-02 
1684.000  1.8144891200e-01  1.1530706410e-02 
1685.000  1.8196871500e-01  1.1543856620e-02 
1686.000  1.7977329800e-01  1.1394965170e-02 
1687.000  1.8046956800e-01  1.1399330140e-02 
1688.000  1.8056268600e-01  1.1371108060e-02 
1689.000  1.7838445600e-01  1.1221195220e-02 
1690.000  1.7823973800e-01  1.1174768450e-02 
1691.000  1.8054570400e-01  1.1323216440e-02 
1692.000  1.8087147600e-01  1.1354335780e-02 
1693.000  1.8023329800e-01  1.1329279900e-02 
1694.000  1.7996409400e-01  1.1323195460e-02 
1695.000  1.8000977100e-01  1.1321544650e-02 
1696.000  1.7895657500e-01  1.1230787280e-02 
1697.000  1.7783143400e-01  1.1123122220e-02 
1698.000  1.7888624900e-01  1.1156376840e-02 
1699.000  1.7773049400e-01  1.1056921010e-02 
1700.000  1.7548011200e-01  1.0891294480e-02 
