 lambda   Irr_dw            Rad_up 
 550.000  1.5535987000e+00  2.4762765500e-01 
 551.000  1.5432134000e+00  2.4594673160e-01 
 552.000  1.6089698000e+00  2.5644338990e-01 
 553.000  1.5452779000e+00  2.4625759890e-01 
 554.000  1.5951031000e+00  2.5420196530e-01 
 555.000  1.5989504000e+00  2.5476872250e-01 
 556.000  1.5542804000e+00  2.4760437010e-01 
 557.000  1.5076139000e+00  2.4017547610e-01 
 558.000  1.5643288000e+00  2.4916174320e-01 
 559.000  1.4781285000e+00  2.3540957640e-01 
 560.000  1.4841398000e+00  2.3636462400e-01 
 561.000  1.6306189000e+00  2.5964135740e-01 
 562.000  1.4963140000e+00  2.3821388240e-01 
 563.000  1.5650122000e+00  2.4909628300e-01 
 564.000  1.5425337000e+00  2.4543167110e-01 
 565.000  1.5604400000e+00  2.4823847960e-01 
 566.000  1.4383046000e+00  2.2876179500e-01 
 567.000  1.5423274000e+00  2.4509255980e-01 
 568.000  1.5375472000e+00  2.4360066220e-01 
 569.000  1.5053822000e+00  2.3693290710e-01 
 570.000  1.5130689000e+00  2.3837971500e-01 
 571.000  1.4599158000e+00  2.3110025020e-01 
 572.000  1.5419396000e+00  2.4301109310e-01 
 573.000  1.5581663000e+00  2.4588072200e-01 
 574.000  1.5493855000e+00  2.4456520080e-01 
 575.000  1.5111700000e+00  2.3843495180e-01 
 576.000  1.4834791000e+00  2.3402076720e-01 
 577.000  1.5449907000e+00  2.4398690800e-01 
 578.000  1.4999985000e+00  2.3730285640e-01 
 579.000  1.4885244000e+00  2.3570466610e-01 
 580.000  1.5397374000e+00  2.4400273130e-01 
 581.000  1.5119542000e+00  2.3988304140e-01 
 582.000  1.5345062000e+00  2.4353704830e-01 
 583.000  1.5449874000e+00  2.4523158260e-01 
 584.000  1.5398717000e+00  2.4437351990e-01 
 585.000  1.5295075000e+00  2.4266548160e-01 
 586.000  1.4635660000e+00  2.3218855290e-01 
 587.000  1.5203616000e+00  2.4057360840e-01 
 588.000  1.5036448000e+00  2.3572726440e-01 
 589.000  1.3320445000e+00  2.0600622560e-01 
 590.000  1.3906416000e+00  2.1488127140e-01 
 591.000  1.4779697000e+00  2.3039440920e-01 
 592.000  1.4492707000e+00  2.2478097530e-01 
 593.000  1.4649211000e+00  2.2952233890e-01 
 594.000  1.4780266000e+00  2.3102641300e-01 
 595.000  1.4492784000e+00  2.2486718750e-01 
 596.000  1.4855740000e+00  2.3289630130e-01 
 597.000  1.4898030000e+00  2.3300361630e-01 
 598.000  1.4594261000e+00  2.2926120000e-01 
 599.000  1.4598100000e+00  2.2974830630e-01 
 600.000  1.4602857000e+00  2.3076281740e-01 
 601.000  1.4521471000e+00  2.3014787290e-01 
 602.000  1.4362560000e+00  2.2784335330e-01 
 603.000  1.4449065000e+00  2.2945745850e-01 
 604.000  1.4906431000e+00  2.3692515560e-01 
 605.000  1.4867669000e+00  2.3634753420e-01 
 606.000  1.4694432000e+00  2.3364724730e-01 
 607.000  1.4610889000e+00  2.3232069400e-01 
 608.000  1.4556312000e+00  2.3143565370e-01 
 609.000  1.4405942000e+00  2.2905853270e-01 
 610.000  1.4174258000e+00  2.2535513310e-01 
 611.000  1.4403400000e+00  2.2900636290e-01 
 612.000  1.4214871000e+00  2.2601681520e-01 
 613.000  1.4006213000e+00  2.2268301390e-01 
 614.000  1.3494772000e+00  2.1456555180e-01 
 615.000  1.4145620000e+00  2.2488021850e-01 
 616.000  1.3448804000e+00  2.1381935120e-01 
 617.000  1.3523823000e+00  2.1501046750e-01 
 618.000  1.4160906000e+00  2.2508993530e-01 
 619.000  1.4030183000e+00  2.2302769470e-01 
 620.000  1.4236431000e+00  2.2625135800e-01 
 621.000  1.4480158000e+00  2.3009292600e-01 
 622.000  1.3715374000e+00  2.1788407900e-01 
 623.000  1.3821179000e+00  2.1946687320e-01 
 624.000  1.3834901000e+00  2.1967189030e-01 
 625.000  1.3459118000e+00  2.1366352840e-01 
 626.000  1.3526018000e+00  2.1453761290e-01 
 627.000  1.3749057000e+00  2.1728298950e-01 
 628.000  1.3556653000e+00  2.1276078800e-01 
 629.000  1.3900106000e+00  2.1867417910e-01 
 630.000  1.3439488000e+00  2.1208688350e-01 
 631.000  1.3933447000e+00  2.2012141420e-01 
 632.000  1.2976880000e+00  2.0439801030e-01 
 633.000  1.3931556000e+00  2.2022163390e-01 
 634.000  1.3513359000e+00  2.1385435490e-01 
 635.000  1.3759924000e+00  2.1774165340e-01 
 636.000  1.3275075000e+00  2.1020936580e-01 
 637.000  1.3712881000e+00  2.1723416140e-01 
 638.000  1.3926917000e+00  2.2099009700e-01 
 639.000  1.3811374000e+00  2.1911544800e-01 
 640.000  1.3378035000e+00  2.1247882080e-01 
 641.000  1.3570689000e+00  2.1551776120e-01 
 642.000  1.3407658000e+00  2.1304888920e-01 
 643.000  1.3640819000e+00  2.1647465520e-01 
 644.000  1.3483873000e+00  2.1394430540e-01 
 645.000  1.3600023000e+00  2.1541091920e-01 
 646.000  1.3077531000e+00  2.0553112790e-01 
 647.000  1.3252237000e+00  2.0717179870e-01 
 648.000  1.3226005000e+00  2.0563140870e-01 
 649.000  1.3489782000e+00  2.1067761230e-01 
 650.000  1.2504067000e+00  1.9713977050e-01 
 651.000  1.3468724000e+00  2.1233491520e-01 
 652.000  1.3204801000e+00  2.0643560790e-01 
 653.000  1.3474975000e+00  2.1267625430e-01 
 654.000  1.3297555000e+00  2.0959661870e-01 
 655.000  1.2944903000e+00  2.0330761720e-01 
 656.000  1.0990200300e+00  1.7280226140e-01 
 657.000  1.1730176800e+00  1.8478623960e-01 
 658.000  1.3067023000e+00  2.0655406190e-01 
 659.000  1.3099035000e+00  2.0744090270e-01 
 660.000  1.3201755000e+00  2.0924327090e-01 
 661.000  1.3260717000e+00  2.1072108460e-01 
 662.000  1.3451791000e+00  2.1399066160e-01 
 663.000  1.3301668000e+00  2.1152514650e-01 
 664.000  1.3090143000e+00  2.0824081420e-01 
 665.000  1.3146834000e+00  2.0919862370e-01 
 666.000  1.3305010000e+00  2.1183703610e-01 
 667.000  1.3040714000e+00  2.0765995790e-01 
 668.000  1.3114603000e+00  2.0895655820e-01 
 669.000  1.3301361000e+00  2.1198793030e-01 
 670.000  1.3145021000e+00  2.0947151180e-01 
 671.000  1.3002506500e+00  2.0723446660e-01 
 672.000  1.2960951600e+00  2.0657508850e-01 
 673.000  1.3053116400e+00  2.0804016110e-01 
 674.000  1.3077972700e+00  2.0844926450e-01 
 675.000  1.2878007400e+00  2.0525018310e-01 
 676.000  1.3120696700e+00  2.0913012700e-01 
 677.000  1.2859264100e+00  2.0497586060e-01 
 678.000  1.3071718400e+00  2.0835800170e-01 
 679.000  1.2886709600e+00  2.0537747190e-01 
 680.000  1.2787138500e+00  2.0372821040e-01 
 681.000  1.2800152500e+00  2.0385749820e-01 
 682.000  1.2773130500e+00  2.0338449100e-01 
 683.000  1.2856377600e+00  2.0464440920e-01 
 684.000  1.2623352500e+00  2.0081715390e-01 
 685.000  1.2765713100e+00  2.0316207890e-01 
 686.000  1.2202663300e+00  1.9391915890e-01 
 687.000  1.1274916500e+00  1.7393116760e-01 
 688.000  1.1576284800e+00  1.8032971190e-01 
 689.000  1.1520399200e+00  1.7891149900e-01 
 690.000  1.1727738000e+00  1.8306874080e-01 
 691.000  1.1966841500e+00  1.8771769710e-01 
 692.000  1.1998302700e+00  1.8826770020e-01 
 693.000  1.1986643200e+00  1.8585893250e-01 
 694.000  1.2005948200e+00  1.8414616390e-01 
 695.000  1.1877315200e+00  1.8316670230e-01 
 696.000  1.2062690500e+00  1.8666157530e-01 
 697.000  1.2295758000e+00  1.9369514470e-01 
 698.000  1.2022310500e+00  1.8860346980e-01 
 699.000  1.2053083500e+00  1.8604385380e-01 
 700.000  1.1941823200e+00  1.8477604680e-01 
 701.000  1.1632123600e+00  1.7930853270e-01 
 702.000  1.1603727600e+00  1.7931948850e-01 
 703.000  1.1921793100e+00  1.8668913270e-01 
 704.000  1.1961394300e+00  1.8740986630e-01 
 705.000  1.1987144400e+00  1.8675328060e-01 
 706.000  1.1871290200e+00  1.8513903810e-01 
 707.000  1.1714092600e+00  1.8304498290e-01 
 708.000  1.2078208700e+00  1.8913055420e-01 
 709.000  1.1697435000e+00  1.8396437070e-01 
 710.000  1.1910574200e+00  1.8639654540e-01 
 711.000  1.1844879100e+00  1.8624806210e-01 
 712.000  1.1724986900e+00  1.8513070680e-01 
 713.000  1.1636638900e+00  1.8309712220e-01 
 714.000  1.1820284400e+00  1.8573185730e-01 
 715.000  1.1345840400e+00  1.7725625610e-01 
 716.000  1.1577987100e+00  1.7982434080e-01 
 717.000  1.0848322100e+00  1.6277362060e-01 
 718.000  1.0520385500e+00  1.5451657100e-01 
 719.000  1.0301562200e+00  1.5008418270e-01 
 720.000  1.0231789000e+00  1.4739244080e-01 
 721.000  1.0848248500e+00  1.6424447630e-01 
 722.000  1.1226486400e+00  1.7295329280e-01 
 723.000  1.1072132200e+00  1.6885298160e-01 
 724.000  1.0768693200e+00  1.5963543700e-01 
 725.000  1.0703750600e+00  1.5930421450e-01 
 726.000  1.0665372900e+00  1.5852632140e-01 
 727.000  1.0873888100e+00  1.6224661250e-01 
 728.000  1.0629268000e+00  1.5793159480e-01 
 729.000  1.0338688200e+00  1.5526428220e-01 
 730.000  1.0694674000e+00  1.6032655330e-01 
 731.000  1.0487895100e+00  1.5691773990e-01 
 732.000  1.0915741300e+00  1.6628067020e-01 
 733.000  1.0964149000e+00  1.7000936890e-01 
 734.000  1.1295990600e+00  1.7666075130e-01 
 735.000  1.1166312400e+00  1.7408534240e-01 
 736.000  1.0889762500e+00  1.6882510380e-01 
 737.000  1.1082796400e+00  1.7252865600e-01 
 738.000  1.1120853900e+00  1.7413967900e-01 
 739.000  1.0789010800e+00  1.6938389590e-01 
 740.000  1.0954450400e+00  1.7296354680e-01 
 741.000  1.0903293800e+00  1.7276351930e-01 
 742.000  1.0738228900e+00  1.7039695740e-01 
 743.000  1.1086960100e+00  1.7649337770e-01 
 744.000  1.1206007500e+00  1.7865357970e-01 
 745.000  1.0925431200e+00  1.7438571170e-01 
 746.000  1.1085725600e+00  1.7708451840e-01 
 747.000  1.1252654000e+00  1.7976086430e-01 
 748.000  1.1058071200e+00  1.7675804140e-01 
 749.000  1.1062960300e+00  1.7689253230e-01 
 750.000  1.0896847700e+00  1.7416616820e-01 
 751.000  1.0868747800e+00  1.7372721860e-01 
 752.000  1.1040086400e+00  1.7657899480e-01 
 753.000  1.0937223900e+00  1.7496997070e-01 
 754.000  1.1109396800e+00  1.7775135800e-01 
 755.000  1.1045650400e+00  1.7674345400e-01 
 756.000  1.0829459900e+00  1.7329629520e-01 
 757.000  1.0909116900e+00  1.7458009340e-01 
 758.000  1.0885919400e+00  1.7415049740e-01 
 759.000  1.0056524700e+00  1.5833741760e-01 
 760.000  5.1268638000e-01  6.8514480590e-02 
 761.000  4.6305696000e-01  6.0451396940e-02 
 762.000  7.4019253000e-01  1.0857335660e-01 
 763.000  6.7130344000e-01  9.5373519900e-02 
 764.000  7.1770616000e-01  1.0359336850e-01 
 765.000  8.2005147000e-01  1.2262144470e-01 
 766.000  8.8728561000e-01  1.3711225890e-01 
 767.000  9.5116224000e-01  1.4915420530e-01 
 768.000  1.0223031900e+00  1.6185630800e-01 
 769.000  1.0400346500e+00  1.6571034240e-01 
 770.000  1.0451445100e+00  1.6701809690e-01 
 771.000  1.0507747600e+00  1.6820640560e-01 
 772.000  1.0478456500e+00  1.6781764220e-01 
 773.000  1.0439113700e+00  1.6722998050e-01 
 774.000  1.0554079800e+00  1.6911334230e-01 
 775.000  1.0159027300e+00  1.6281680300e-01 
 776.000  1.0578339700e+00  1.6958293150e-01 
 777.000  1.0504838900e+00  1.6841168210e-01 
 778.000  1.0448109000e+00  1.6749382020e-01 
 779.000  1.0481733700e+00  1.6802082820e-01 
 780.000  1.0351636700e+00  1.6594931030e-01 
 781.000  1.0335571100e+00  1.6573181150e-01 
 782.000  1.0459743300e+00  1.6769396970e-01 
 783.000  1.0214954600e+00  1.6379693600e-01 
 784.000  1.0270492500e+00  1.6464079280e-01 
 785.000  1.0288647600e+00  1.6469628910e-01 
 786.000  1.0097893300e+00  1.6132846070e-01 
 787.000  1.0216281800e+00  1.6247232060e-01 
 788.000  1.0046787300e+00  1.5941865540e-01 
 789.000  1.0046787900e+00  1.5813914490e-01 
 790.000  9.9399555000e-01  1.5633554080e-01 
 791.000  9.8995999000e-01  1.5594865420e-01 
 792.000  9.7525510000e-01  1.5383888240e-01 
 793.000  9.7658230000e-01  1.5455978390e-01 
 794.000  9.7145597000e-01  1.5484873960e-01 
 795.000  9.6315567000e-01  1.5283491520e-01 
 796.000  9.7139786000e-01  1.5246858220e-01 
 797.000  9.7981649000e-01  1.5429338070e-01 
 798.000  9.8548726000e-01  1.5629199220e-01 
 799.000  9.8348803000e-01  1.5571374510e-01 
 800.000  9.5412069000e-01  1.5029228210e-01 
 801.000  9.7235399000e-01  1.5326405330e-01 
 802.000  9.7000568000e-01  1.5280845640e-01 
 803.000  9.5669232000e-01  1.5083901980e-01 
 804.000  9.6707011000e-01  1.5287081910e-01 
 805.000  9.4387670000e-01  1.4992016600e-01 
 806.000  9.7142037000e-01  1.5472344970e-01 
 807.000  9.6548920000e-01  1.5381892400e-01 
 808.000  9.5862064000e-01  1.5247109990e-01 
 809.000  9.4091418000e-01  1.4935997010e-01 
 810.000  9.3506300000e-01  1.4810604860e-01 
 811.000  9.4663294000e-01  1.4930554200e-01 
 812.000  9.3878441000e-01  1.4720606990e-01 
 813.000  9.2889411000e-01  1.4461547850e-01 
 814.000  9.1974468000e-01  1.4191058350e-01 
 815.000  8.9991872000e-01  1.3730726620e-01 
 816.000  8.7882644000e-01  1.3222731020e-01 
 817.000  8.8487050000e-01  1.3322659300e-01 
 818.000  8.8055716000e-01  1.3270361330e-01 
 819.000  8.6101437000e-01  1.3039692690e-01 
 820.000  8.5857205000e-01  1.3206723020e-01 
 821.000  9.0386202000e-01  1.4153759770e-01 
 822.000  8.6589900000e-01  1.3372990420e-01 
 823.000  8.4174269000e-01  1.2528945160e-01 
 824.000  8.8514180000e-01  1.3592077640e-01 
 825.000  9.0299002000e-01  1.4160835270e-01 
 826.000  9.0530793000e-01  1.4146650700e-01 
 827.000  8.9990721000e-01  1.4024470520e-01 
 828.000  8.8548251000e-01  1.3613363650e-01 
 829.000  8.8954049000e-01  1.3741368100e-01 
 830.000  8.8033825000e-01  1.3674746700e-01 
 831.000  8.6596735000e-01  1.3468850710e-01 
 832.000  8.8411473000e-01  1.3759173580e-01 
 833.000  8.5928668000e-01  1.3418962100e-01 
 834.000  8.7509216000e-01  1.3718304440e-01 
 835.000  8.8248600000e-01  1.3935668950e-01 
 836.000  8.9090952000e-01  1.4039299010e-01 
 837.000  8.8329492000e-01  1.3914781190e-01 
 838.000  8.8911239000e-01  1.4059100340e-01 
 839.000  8.6284701000e-01  1.3673728940e-01 
 840.000  8.8646022000e-01  1.4057417300e-01 
 841.000  8.8722632000e-01  1.4035240170e-01 
 842.000  8.8298540000e-01  1.3998184200e-01 
 843.000  8.7996077000e-01  1.4027793880e-01 
 844.000  8.6666622000e-01  1.3850233460e-01 
 845.000  8.8039310000e-01  1.4085964970e-01 
 846.000  8.8880859000e-01  1.4239990230e-01 
 847.000  8.5877509000e-01  1.3779478450e-01 
 848.000  8.8300928000e-01  1.4136283870e-01 
 849.000  8.8473106000e-01  1.4170874020e-01 
 850.000  7.6449802000e-01  1.2229521180e-01 
 851.000  8.7526440000e-01  1.3982531740e-01 
 852.000  8.4210063000e-01  1.3457035830e-01 
 853.000  8.5264211000e-01  1.3652304080e-01 
 854.000  6.8543173000e-01  1.0975459290e-01 
 855.000  7.5484650000e-01  1.2102002720e-01 
 856.000  8.5717968000e-01  1.3770671080e-01 
 857.000  8.7109779000e-01  1.4011145020e-01 
 858.000  8.5724187000e-01  1.3794731140e-01 
 859.000  8.5732830000e-01  1.3811268620e-01 
 860.000  8.4975713000e-01  1.3698480220e-01 
 861.000  8.4964115000e-01  1.3697807310e-01 
 862.000  8.4686018000e-01  1.3655287170e-01 
 863.000  8.6303556000e-01  1.3920603940e-01 
 864.000  8.6130750000e-01  1.3891362000e-01 
 865.000  8.4525728000e-01  1.3639422610e-01 
 866.000  7.0899001000e-01  1.1443119810e-01 
 867.000  7.5497915000e-01  1.2179308320e-01 
 868.000  8.1879406000e-01  1.3212626650e-01 
 869.000  8.0729469000e-01  1.3028231810e-01 
 870.000  8.4057564000e-01  1.3569320680e-01 
 871.000  8.3937790000e-01  1.3549371340e-01 
 872.000  8.3599386000e-01  1.3490103150e-01 
 873.000  8.3932310000e-01  1.3547213750e-01 
 874.000  8.2090557000e-01  1.3247581480e-01 
 875.000  8.1334156000e-01  1.3130859380e-01 
 876.000  8.2007030000e-01  1.3235408020e-01 
 877.000  8.3639532000e-01  1.3494351200e-01 
 878.000  8.2195233000e-01  1.3256663510e-01 
 879.000  8.2384671000e-01  1.3289384460e-01 
 880.000  8.1900625000e-01  1.3199652100e-01 
 881.000  7.7640101000e-01  1.2511444090e-01 
 882.000  8.1923261000e-01  1.3192681880e-01 
 883.000  8.0054786000e-01  1.2901745610e-01 
 884.000  8.0734207000e-01  1.3019981380e-01 
 885.000  8.1554054000e-01  1.3124629210e-01 
 886.000  7.8869446000e-01  1.2676036830e-01 
 887.000  7.8067198000e-01  1.2561231230e-01 
 888.000  8.0402428000e-01  1.2931007390e-01 
 889.000  8.0947106000e-01  1.3032347110e-01 
 890.000  8.0680355000e-01  1.2975973510e-01 
 891.000  8.0197684000e-01  1.2869093320e-01 
 892.000  7.9762050000e-01  1.2744990540e-01 
 893.000  7.6147640000e-01  1.2007397460e-01 
 894.000  7.8362633000e-01  1.2280220790e-01 
 895.000  7.3359920000e-01  1.1288231660e-01 
 896.000  7.4763408000e-01  1.1309103390e-01 
 897.000  7.1495734000e-01  1.0631506350e-01 
 898.000  7.0888071000e-01  1.0452899930e-01 
 899.000  6.8740925000e-01  9.9102066040e-02 
 900.000  6.7320493000e-01  9.7324172970e-02 
 901.000  6.5358217000e-01  9.3958229060e-02 
 902.000  6.4239354000e-01  9.2482414250e-02 
 903.000  7.0796651000e-01  1.0581931300e-01 
 904.000  7.4225630000e-01  1.1351416020e-01 
 905.000  7.3945183000e-01  1.1309859470e-01 
 906.000  7.0706081000e-01  1.0660729220e-01 
 907.000  6.9590010000e-01  1.0229307560e-01 
 908.000  6.6398213000e-01  9.5973190310e-02 
 909.000  6.5148871000e-01  9.4217689510e-02 
 910.000  6.6142094000e-01  9.5891517640e-02 
 911.000  6.6950428000e-01  9.8182136540e-02 
 912.000  6.6613351000e-01  9.7102935790e-02 
 913.000  6.6034050000e-01  9.4067367550e-02 
 914.000  6.6654435000e-01  9.6039733890e-02 
 915.000  6.6374846000e-01  9.6577018740e-02 
 916.000  6.7319050000e-01  9.8172966000e-02 
 917.000  6.6695387000e-01  9.7748512270e-02 
 918.000  6.6911652000e-01  9.8701278690e-02 
 919.000  6.9705023000e-01  1.0518523410e-01 
 920.000  7.0460385000e-01  1.0802532200e-01 
 921.000  6.8607447000e-01  1.0479511260e-01 
 922.000  6.7963886000e-01  1.0380223850e-01 
 923.000  6.4744104000e-01  9.8313163760e-02 
 924.000  6.6554910000e-01  1.0002817540e-01 
 925.000  6.7363556000e-01  1.0108808140e-01 
 926.000  6.4945938000e-01  9.7301933290e-02 
 927.000  6.6275119000e-01  9.8013954160e-02 
 928.000  6.4984359000e-01  9.4064559940e-02 
 929.000  6.1634812000e-01  8.6477737430e-02 
 930.000  5.8324237000e-01  7.8301757810e-02 
 931.000  5.4690012000e-01  6.9140693660e-02 
 932.000  4.9390761000e-01  5.7231296540e-02 
 933.000  4.5805538000e-01  4.9849369050e-02 
 934.000  4.1478907000e-01  4.2237041470e-02 
 935.000  4.0457409000e-01  4.0841899870e-02 
 936.000  4.1725586000e-01  4.3213214870e-02 
 937.000  4.2238253000e-01  4.3501396180e-02 
 938.000  4.6059453000e-01  5.1074073790e-02 
 939.000  5.7075464000e-01  7.5474441530e-02 
 940.000  5.8272889000e-01  7.8680267330e-02 
 941.000  5.5670496000e-01  7.3899604800e-02 
 942.000  5.0495282000e-01  6.3686168670e-02 
 943.000  4.7692190000e-01  5.4742382050e-02 
 944.000  4.6007313000e-01  5.2431037900e-02 
 945.000  4.8436085000e-01  5.7028175350e-02 
 946.000  4.9192590000e-01  5.8052204130e-02 
 947.000  5.0626087000e-01  6.1632244110e-02 
 948.000  5.1942809000e-01  6.4391876220e-02 
 949.000  5.1960841000e-01  6.4292228700e-02 
 950.000  5.1871043000e-01  6.4481513980e-02 
 951.000  5.3787511000e-01  6.9523735050e-02 
 952.000  5.1377983000e-01  6.3756275180e-02 
 953.000  5.2895547000e-01  6.7637817380e-02 
 954.000  5.4122093000e-01  7.1327796940e-02 
 955.000  4.9210595000e-01  6.3376918790e-02 
 956.000  5.2153090000e-01  6.6866455080e-02 
 957.000  5.6481076000e-01  7.7590293880e-02 
 958.000  5.7459976000e-01  7.9579093930e-02 
 959.000  5.6948024000e-01  7.8184776310e-02 
 960.000  5.6191983000e-01  7.6967140200e-02 
 961.000  5.5224954000e-01  7.5299674990e-02 
 962.000  5.5817799000e-01  7.6495513920e-02 
 963.000  5.8021859000e-01  8.2003028870e-02 
 964.000  5.7678537000e-01  8.1888244630e-02 
 965.000  5.8156013000e-01  8.2382614140e-02 
 966.000  5.6590173000e-01  8.0329551700e-02 
 967.000  5.9898693000e-01  8.6794166560e-02 
 968.000  6.1887705000e-01  9.2759193420e-02 
 969.000  6.3451863000e-01  9.6583244320e-02 
 970.000  6.3684874000e-01  9.7038063050e-02 
 971.000  6.3089783000e-01  9.6111206050e-02 
 972.000  6.3205137000e-01  9.5877944950e-02 
 973.000  6.1834093000e-01  9.2880737300e-02 
 974.000  5.9949068000e-01  8.8986755370e-02 
 975.000  5.9640723000e-01  8.7861404420e-02 
 976.000  6.1114097000e-01  9.0893638610e-02 
 977.000  6.0762728000e-01  9.1800064090e-02 
 978.000  6.2160156000e-01  9.3818321230e-02 
 979.000  6.0655987000e-01  9.1946647640e-02 
 980.000  6.2738652000e-01  9.6662223820e-02 
 981.000  6.3438488000e-01  9.8115386960e-02 
 982.000  6.3024327000e-01  9.7147453310e-02 
 983.000  6.3478364000e-01  9.8690452580e-02 
 984.000  6.3694642000e-01  9.9914100650e-02 
 985.000  6.4027368000e-01  1.0095943450e-01 
 986.000  6.3972007000e-01  1.0155474090e-01 
 987.000  6.4908971000e-01  1.0335460660e-01 
 988.000  6.4145838000e-01  1.0222123720e-01 
 989.000  6.3357671000e-01  1.0102020260e-01 
 990.000  6.3944305000e-01  1.0203874210e-01 
 991.000  6.4638247000e-01  1.0342092130e-01 
 992.000  6.4086801000e-01  1.0262616730e-01 
 993.000  6.4099765000e-01  1.0268861390e-01 
 994.000  6.4572504000e-01  1.0369242100e-01 
 995.000  6.4200597000e-01  1.0327408600e-01 
 996.000  6.4186210000e-01  1.0326286320e-01 
 997.000  6.4187252000e-01  1.0317329410e-01 
 998.000  6.3874795000e-01  1.0256850430e-01 
 999.000  6.3687061000e-01  1.0223651890e-01 
1000.000  6.3200670000e-01  1.0150373840e-01 
1001.000  6.3400885000e-01  1.0159973910e-01 
1002.000  6.3064902000e-01  1.0069472500e-01 
1003.000  6.2383108000e-01  9.9715805050e-02 
1004.000  6.1993860000e-01  9.9331314090e-02 
1005.000  5.7975514000e-01  9.3002792360e-02 
1006.000  6.1020804000e-01  9.7942962650e-02 
1007.000  6.2088142000e-01  9.9602111820e-02 
1008.000  6.2162862000e-01  9.9431114200e-02 
1009.000  6.1532493000e-01  9.8038314820e-02 
1010.000  6.1872169000e-01  9.8780433650e-02 
1011.000  6.1801766000e-01  9.9119071960e-02 
1012.000  6.1919708000e-01  9.9491279600e-02 
1013.000  6.1547751000e-01  9.9042587280e-02 
1014.000  6.1972582000e-01  9.9809860230e-02 
1015.000  6.0832797000e-01  9.8012672420e-02 
1016.000  6.1255137000e-01  9.8781326290e-02 
1017.000  6.0662047000e-01  9.7882370000e-02 
1018.000  6.1417567000e-01  9.9059165950e-02 
1019.000  5.9935658000e-01  9.6545516970e-02 
1020.000  5.9835794000e-01  9.6441558840e-02 
1021.000  6.0485643000e-01  9.7592895510e-02 
1022.000  5.9484897000e-01  9.5792022710e-02 
1023.000  6.0548441000e-01  9.7347076420e-02 
1024.000  6.0193669000e-01  9.6682426450e-02 
1025.000  6.0308889000e-01  9.7140274050e-02 
1026.000  6.0437286000e-01  9.7485008240e-02 
1027.000  6.0047024000e-01  9.6836967470e-02 
1028.000  6.0208185000e-01  9.7174911500e-02 
1029.000  5.9345768000e-01  9.5929862980e-02 
1030.000  5.9990053000e-01  9.7128471370e-02 
1031.000  5.9825625000e-01  9.6961174010e-02 
1032.000  5.9634119000e-01  9.6729248050e-02 
1033.000  5.8539357000e-01  9.4980064390e-02 
1034.000  5.9111064000e-01  9.5947845460e-02 
1035.000  5.8338763000e-01  9.4711021420e-02 
1036.000  5.9302666000e-01  9.6302650450e-02 
1037.000  5.8053530000e-01  9.4296409610e-02 
1038.000  5.8627351000e-01  9.5247695920e-02 
1039.000  5.8865917000e-01  9.5633430480e-02 
1040.000  5.8168428000e-01  9.4503211980e-02 
1041.000  5.8470914000e-01  9.4994651790e-02 
1042.000  5.8643645000e-01  9.5281631470e-02 
1043.000  5.7630908000e-01  9.3645881650e-02 
1044.000  5.8203394000e-01  9.4579322810e-02 
1045.000  5.7948023000e-01  9.4172821040e-02 
1046.000  5.6261621000e-01  9.1450790410e-02 
1047.000  5.7293220000e-01  9.3145118710e-02 
1048.000  5.7860482000e-01  9.4092262270e-02 
1049.000  5.7488060000e-01  9.3518615720e-02 
1050.000  5.7245808000e-01  9.3126884460e-02 
1051.000  5.7142815000e-01  9.2930053710e-02 
1052.000  5.6874348000e-01  9.2472274780e-02 
1053.000  5.6731451000e-01  9.2235092160e-02 
1054.000  5.6307554000e-01  9.1523292540e-02 
1055.000  5.6716620000e-01  9.2136985780e-02 
1056.000  5.6563047000e-01  9.1862014770e-02 
1057.000  5.6455617000e-01  9.1611801150e-02 
1058.000  5.5847754000e-01  9.0477935790e-02 
1059.000  5.4092262000e-01  8.7669059750e-02 
1060.000  5.6049452000e-01  9.0954544070e-02 
1061.000  5.4082856000e-01  8.7763130190e-02 
1062.000  5.5572633000e-01  9.0099761960e-02 
1063.000  5.4631056000e-01  8.8558479310e-02 
1064.000  5.5304447000e-01  8.9571556090e-02 
1065.000  5.5220258000e-01  8.9316329960e-02 
1066.000  5.3528717000e-01  8.6584571840e-02 
1067.000  5.4791801000e-01  8.8573287960e-02 
1068.000  5.4516725000e-01  8.7905998230e-02 
1069.000  5.0382605000e-01  8.1112449650e-02 
1070.000  5.3378724000e-01  8.5959701540e-02 
1071.000  5.3425313000e-01  8.5899536130e-02 
1072.000  5.3563566000e-01  8.5991378780e-02 
1073.000  5.1793282000e-01  8.3126655580e-02 
1074.000  5.3614546000e-01  8.6071609500e-02 
1075.000  5.2009044000e-01  8.3684463500e-02 
1076.000  5.3111807000e-01  8.5334053040e-02 
1077.000  5.2942487000e-01  8.4899253850e-02 
1078.000  5.3018611000e-01  8.4832695010e-02 
1079.000  5.0968391000e-01  8.1525405880e-02 
1080.000  5.2312118000e-01  8.3185874940e-02 
1081.000  5.0378575000e-01  8.0080368040e-02 
1082.000  5.1093760000e-01  8.1408439640e-02 
1083.000  4.9627822000e-01  7.8810417180e-02 
1084.000  5.1420242000e-01  8.1365287780e-02 
1085.000  5.0495961000e-01  7.9258804320e-02 
1086.000  5.1215807000e-01  8.0520141600e-02 
1087.000  4.8339687000e-01  7.6651191710e-02 
1088.000  5.1278295000e-01  8.1354270940e-02 
1089.000  4.8992905000e-01  7.6921401980e-02 
1090.000  4.9992763000e-01  7.8347572330e-02 
1091.000  5.0384338000e-01  7.9128997800e-02 
1092.000  4.9046512000e-01  7.6634803770e-02 
1093.000  4.8056356000e-01  7.4235847470e-02 
1094.000  4.3572140900e-01  6.6963470460e-02 
1095.000  4.7191487000e-01  7.2566001890e-02 
1096.000  4.7323984000e-01  7.2828445430e-02 
1097.000  4.6316881000e-01  7.1061737060e-02 
1098.000  4.4581804500e-01  6.6525192260e-02 
1099.000  4.3548699500e-01  6.3457607270e-02 
1100.000  4.4378211000e-01  6.4763725280e-02 
1101.000  4.4444191500e-01  6.5060295100e-02 
1102.000  4.2526537700e-01  6.2136455540e-02 
1103.000  4.4322529800e-01  6.4882835390e-02 
1104.000  4.3802065700e-01  6.3851646420e-02 
1105.000  4.3225943100e-01  6.2366065980e-02 
1106.000  4.2342885400e-01  6.0471950530e-02 
1107.000  4.2426413300e-01  6.0711090090e-02 
1108.000  4.2393110000e-01  6.0726646420e-02 
1109.000  4.3043327100e-01  6.2122806550e-02 
1110.000  4.3219019800e-01  6.2218112950e-02 
1111.000  4.2421063500e-01  6.0724437710e-02 
1112.000  4.0782942800e-01  5.7048717500e-02 
1113.000  3.8909479300e-01  5.2461391450e-02 
1114.000  3.8888203900e-01  5.1731361390e-02 
1115.000  3.6324646900e-01  4.5675556180e-02 
1116.000  3.4506383100e-01  4.1823944090e-02 
1117.000  3.1604614500e-01  3.5322189330e-02 
1118.000  2.8207781800e-01  2.9128183360e-02 
1119.000  2.5822196100e-01  2.5388227460e-02 
1120.000  2.3804758500e-01  2.1960031510e-02 
1121.000  2.3496189200e-01  2.1324586870e-02 
1122.000  2.1118711400e-01  1.7766866680e-02 
1123.000  2.2504244300e-01  1.9676443100e-02 
1124.000  2.3399905000e-01  2.0951641080e-02 
1125.000  2.2483989200e-01  1.9859691620e-02 
1126.000  2.1879070000e-01  1.9228088380e-02 
1127.000  2.2796058400e-01  2.0182842250e-02 
1128.000  2.2717807300e-01  2.0395038600e-02 
1129.000  2.5000073900e-01  2.3923320770e-02 
1130.000  2.9882379600e-01  3.2278545380e-02 
1131.000  3.1577030300e-01  3.5254829410e-02 
1132.000  2.9779345900e-01  3.1719747540e-02 
1133.000  2.5555857000e-01  2.4984983440e-02 
1134.000  1.8688971600e-01  1.4752269740e-02 
1135.000  1.9454165400e-01  1.5695039750e-02 
1136.000  2.6171898300e-01  2.5989728930e-02 
1137.000  2.9999559900e-01  3.2442584990e-02 
1138.000  3.2051705300e-01  3.7628307340e-02 
1139.000  3.3656214500e-01  4.0637771610e-02 
1140.000  3.3153843000e-01  3.9405811310e-02 
1141.000  3.0997116400e-01  3.5757839200e-02 
1142.000  3.1410813600e-01  3.5814907070e-02 
1143.000  2.9519138400e-01  3.2513126370e-02 
1144.000  2.7790548700e-01  2.9458570480e-02 
1145.000  2.5703134500e-01  2.5695940020e-02 
1146.000  2.6504440500e-01  2.6864028930e-02 
1147.000  2.8415436500e-01  3.0108989720e-02 
1148.000  2.9677537200e-01  3.2659835820e-02 
1149.000  3.0370484300e-01  3.3943107600e-02 
1150.000  3.0245456600e-01  3.3899333950e-02 
1151.000  3.1031998100e-01  3.5651996610e-02 
1152.000  3.1396164200e-01  3.6500438690e-02 
1153.000  3.1965310900e-01  3.7800834660e-02 
1154.000  3.1989952400e-01  3.7698036190e-02 
1155.000  3.3273826700e-01  4.0525974270e-02 
1156.000  3.4120141700e-01  4.3043212890e-02 
1157.000  3.7063710000e-01  4.9825119020e-02 
1158.000  3.8101645800e-01  5.2400299070e-02 
1159.000  3.8424080000e-01  5.3829994200e-02 
1160.000  3.8283140300e-01  5.4039314270e-02 
1161.000  3.8336219600e-01  5.5062591550e-02 
1162.000  4.0369125900e-01  5.8765117650e-02 
1163.000  4.1326375700e-01  6.1107070920e-02 
1164.000  4.0669952600e-01  6.0339374540e-02 
1165.000  4.1505247700e-01  6.1703536990e-02 
1166.000  4.0584558100e-01  6.0559036250e-02 
1167.000  4.1339321500e-01  6.1825366970e-02 
1168.000  4.1660530200e-01  6.2259990690e-02 
1169.000  4.0326717700e-01  6.0407234190e-02 
1170.000  4.1512297500e-01  6.2310966490e-02 
1171.000  4.1979971700e-01  6.3344230650e-02 
1172.000  4.1684632100e-01  6.2711620330e-02 
1173.000  4.1234072900e-01  6.1857101440e-02 
1174.000  4.1264234200e-01  6.1916229250e-02 
1175.000  4.1209470700e-01  6.2335689540e-02 
1176.000  4.0597957700e-01  6.1871646880e-02 
1177.000  4.1665554300e-01  6.3275638580e-02 
1178.000  4.0586897300e-01  6.1196613310e-02 
1179.000  4.0405845400e-01  6.0926963810e-02 
1180.000  4.0836938500e-01  6.1419620510e-02 
1181.000  4.0274918200e-01  6.0171867370e-02 
1182.000  3.9974008600e-01  5.9331249240e-02 
1183.000  3.7693751500e-01  5.5992088320e-02 
1184.000  3.9591679900e-01  5.9033836360e-02 
1185.000  4.0607327400e-01  6.1114845280e-02 
1186.000  4.0220564500e-01  6.0366828920e-02 
1187.000  3.9733925800e-01  5.9079441070e-02 
1188.000  3.9414766100e-01  5.8480918880e-02 
1189.000  3.7401567400e-01  5.5818805690e-02 
1190.000  4.0015124500e-01  6.0614688870e-02 
1191.000  4.0871649100e-01  6.2190406800e-02 
1192.000  4.0979302600e-01  6.2759975430e-02 
1193.000  4.0923588500e-01  6.2583709720e-02 
1194.000  4.0795042500e-01  6.2335037230e-02 
1195.000  4.0014079800e-01  6.0762546540e-02 
1196.000  4.0033089100e-01  6.0852993010e-02 
1197.000  3.9865290400e-01  6.0418643950e-02 
1198.000  3.8491864000e-01  5.8303653720e-02 
1199.000  3.6877318200e-01  5.5650020600e-02 
1200.000  3.9313041800e-01  5.9462112430e-02 
1201.000  3.9638639600e-01  6.0024063110e-02 
1202.000  3.9730000900e-01  6.0264617920e-02 
1203.000  3.7685655200e-01  5.7099117280e-02 
1204.000  3.8371459100e-01  5.8259178160e-02 
1205.000  3.9791641000e-01  6.1059803010e-02 
1206.000  3.9796690800e-01  6.1361282350e-02 
1207.000  4.0165016500e-01  6.2048915860e-02 
1208.000  3.9507558500e-01  6.0932079320e-02 
1209.000  3.6925729900e-01  5.6800060270e-02 
1210.000  3.9309809700e-01  6.0194778440e-02 
1211.000  3.7967872700e-01  5.8104904170e-02 
1212.000  3.9212255300e-01  6.0079620360e-02 
1213.000  3.9572333400e-01  6.0892482760e-02 
1214.000  3.9365649600e-01  6.0541419980e-02 
1215.000  3.9573888900e-01  6.0966079710e-02 
1216.000  3.9751209100e-01  6.1659439090e-02 
1217.000  3.9913005800e-01  6.2281124110e-02 
1218.000  3.9871017600e-01  6.2401607510e-02 
1219.000  3.9547830600e-01  6.2012493130e-02 
1220.000  3.9821520300e-01  6.2449050900e-02 
1221.000  3.9774109100e-01  6.2410579680e-02 
1222.000  3.9572136900e-01  6.2107070920e-02 
1223.000  3.9405487500e-01  6.1894607540e-02 
1224.000  3.9859041200e-01  6.2830841060e-02 
1225.000  3.9671201800e-01  6.2593231200e-02 
1226.000  3.9851698800e-01  6.2959007260e-02 
1227.000  3.8567818500e-01  6.1052001950e-02 
1228.000  3.9855255000e-01  6.3246353150e-02 
1229.000  3.9870466000e-01  6.3394721980e-02 
1230.000  3.9800845800e-01  6.3424217220e-02 
1231.000  3.9837867700e-01  6.3567462920e-02 
1232.000  3.9402225500e-01  6.2912929530e-02 
1233.000  3.9720763800e-01  6.3451980590e-02 
1234.000  3.9688058400e-01  6.3574710850e-02 
1235.000  3.9443172900e-01  6.3251037600e-02 
1236.000  3.9693238400e-01  6.3704231260e-02 
1237.000  3.9718531400e-01  6.3810112000e-02 
1238.000  3.9702929900e-01  6.3818580630e-02 
1239.000  3.9254991300e-01  6.3123065950e-02 
1240.000  3.9077245600e-01  6.2863620760e-02 
1241.000  3.9418241400e-01  6.3426719670e-02 
1242.000  3.9178422500e-01  6.3050266270e-02 
1243.000  3.8732494400e-01  6.2344974520e-02 
1244.000  3.8367993700e-01  6.1752071380e-02 
1245.000  3.9015914700e-01  6.2798938750e-02 
1246.000  3.8699673200e-01  6.2271690370e-02 
1247.000  3.8490994400e-01  6.1913333890e-02 
1248.000  3.8772016300e-01  6.2347122190e-02 
1249.000  3.8621292700e-01  6.2100528720e-02 
1250.000  3.8453140300e-01  6.1812313080e-02 
1251.000  3.8169828100e-01  6.1340091710e-02 
1252.000  3.8025675400e-01  6.1070117950e-02 
1253.000  3.7679831800e-01  6.0472080230e-02 
1254.000  3.7715114800e-01  6.0433746340e-02 
1255.000  3.7606232000e-01  6.0202713010e-02 
1256.000  3.7486258600e-01  5.9969707490e-02 
1257.000  3.7001067000e-01  5.9125530240e-02 
1258.000  3.7008375900e-01  5.8986000060e-02 
1259.000  3.6484194200e-01  5.8034011840e-02 
1260.000  3.6396925500e-01  5.7758174900e-02 
1261.000  3.6174736700e-01  5.7260261540e-02 
1262.000  3.5070202600e-01  5.5257194520e-02 
1263.000  3.5367854900e-01  5.5654327390e-02 
1264.000  3.4733337300e-01  5.4619354250e-02 
1265.000  3.4765511000e-01  5.4656673430e-02 
1266.000  3.4851171500e-01  5.4692867280e-02 
1267.000  3.4043123800e-01  5.3328174590e-02 
1268.000  3.3534007500e-01  5.2443481450e-02 
1269.000  3.3769277600e-01  5.2773189540e-02 
1270.000  3.4588078800e-01  5.4282314300e-02 
1271.000  3.4980444600e-01  5.4983421330e-02 
1272.000  3.5039110200e-01  5.5172214510e-02 
1273.000  3.5155563200e-01  5.5478694920e-02 
1274.000  3.5125886300e-01  5.5589069370e-02 
1275.000  3.5420249300e-01  5.6104007720e-02 
1276.000  3.5528871700e-01  5.6280780790e-02 
1277.000  3.5532890700e-01  5.6254707340e-02 
1278.000  3.5464105600e-01  5.6097126010e-02 
1279.000  3.5261712500e-01  5.5776161190e-02 
1280.000  3.5151945600e-01  5.5711483000e-02 
1281.000  3.4243958100e-01  5.4371166230e-02 
1282.000  3.0485756800e-01  4.8491600040e-02 
1283.000  3.3509375100e-01  5.3332489010e-02 
1284.000  3.4898330500e-01  5.5531215670e-02 
1285.000  3.5182860800e-01  5.5996227260e-02 
1286.000  3.5128101100e-01  5.5820365910e-02 
1287.000  3.5254850700e-01  5.5874458310e-02 
1288.000  3.4705029000e-01  5.4527313230e-02 
1289.000  3.4810117500e-01  5.4534378050e-02 
1290.000  3.3997768500e-01  5.3226390840e-02 
1291.000  3.4521601100e-01  5.4080223080e-02 
1292.000  3.4809027300e-01  5.4673675540e-02 
1293.000  3.4852963100e-01  5.4719158170e-02 
1294.000  3.4158140000e-01  5.3389209750e-02 
1295.000  3.4292437900e-01  5.3254760740e-02 
1296.000  3.4072819300e-01  5.2562179570e-02 
1297.000  3.3662672400e-01  5.1651290890e-02 
1298.000  3.3343388400e-01  5.1107807160e-02 
1299.000  3.3665904500e-01  5.1549972530e-02 
1300.000  3.3496821800e-01  5.1230884550e-02 
1301.000  3.3398741400e-01  5.0978645320e-02 
1302.000  3.2829947200e-01  4.9893405910e-02 
1303.000  3.2231753400e-01  4.8439754490e-02 
1304.000  3.2094843800e-01  4.7993545530e-02 
1305.000  3.2219590600e-01  4.8064132690e-02 
1306.000  3.2197976600e-01  4.7915081020e-02 
1307.000  3.1996365800e-01  4.7469512940e-02 
1308.000  3.1698612400e-01  4.6682399750e-02 
1309.000  3.1305050200e-01  4.5661163330e-02 
1310.000  3.1132398500e-01  4.5346076970e-02 
1311.000  3.1047184700e-01  4.5199626920e-02 
1312.000  3.0503882200e-01  4.3934249880e-02 
1313.000  2.8892591300e-01  4.1094764710e-02 
1314.000  2.9344499800e-01  4.1274620060e-02 
1315.000  2.8566815000e-01  4.0363334660e-02 
1316.000  2.9565004600e-01  4.2063903810e-02 
1317.000  2.9865471200e-01  4.2456233980e-02 
1318.000  2.8925717600e-01  4.0572113040e-02 
1319.000  2.8560758300e-01  3.9311260220e-02 
1320.000  2.7488421900e-01  3.6939548490e-02 
1321.000  2.7034625500e-01  3.5936630250e-02 
1322.000  2.7542168600e-01  3.7161476140e-02 
1323.000  2.8231521700e-01  3.8643653870e-02 
1324.000  2.8558249700e-01  3.9362346650e-02 
1325.000  2.8319585800e-01  3.8806465150e-02 
1326.000  2.7610862800e-01  3.7256462100e-02 
1327.000  2.6156555000e-01  3.3955329900e-02 
1328.000  2.4841992000e-01  3.0668535230e-02 
1329.000  2.1431130900e-01  2.4104644780e-02 
1330.000  2.0825678400e-01  2.2621719360e-02 
1331.000  2.0276635500e-01  2.1517822270e-02 
1332.000  2.0057194500e-01  2.1397499080e-02 
1333.000  2.1159031300e-01  2.2990488050e-02 
1334.000  2.2001686000e-01  2.4502748490e-02 
1335.000  2.2596573200e-01  2.5616910930e-02 
1336.000  2.2586096600e-01  2.5754060750e-02 
1337.000  2.2841718700e-01  2.6099529270e-02 
1338.000  2.3217472100e-01  2.6878120420e-02 
1339.000  2.3268884900e-01  2.7063961030e-02 
1340.000  2.3431278900e-01  2.7561426160e-02 
1341.000  2.3826817400e-01  2.7761001590e-02 
1342.000  2.3817000500e-01  2.7738092420e-02 
1343.000  2.2912296100e-01  2.5377071380e-02 
1344.000  2.1525488900e-01  2.2466125490e-02 
1345.000  1.7808089600e-01  1.6068143840e-02 
1346.000  1.5189573700e-01  1.2024108890e-02 
1347.000  1.3472390900e-01  9.7806367870e-03 
1348.000  1.1168631500e-01  6.8084664340e-03 
1349.000  1.0158099910e-01  5.7605180740e-03 
1350.000  7.9124365800e-02  3.5534501080e-03 
1351.000  6.8307762800e-02  2.7439134120e-03 
1352.000  5.2246550200e-02  1.6291946170e-03 
1353.000  3.7031658400e-02  8.9529377220e-04 
1354.000  2.9610142000e-02  5.9924739600e-04 
1355.000  2.2989739700e-02  3.8502484560e-04 
1356.000  1.7384987800e-02  2.3495502770e-04 
1357.000  1.1883103450e-02  1.1886504290e-04 
1358.000  8.7943160400e-03  7.2766222060e-05 
1359.000  4.6371939100e-03  2.4840271100e-05 
1360.000  3.0667211000e-03  1.3094667350e-05 
1361.000  2.2822912700e-03  7.8117079100e-06 
1362.000  2.1000794900e-03  6.8733980880e-06 
1363.000  3.0298736700e-03  1.1971861120e-05 
1364.000  3.5132282700e-03  1.4977175740e-05 
1365.000  3.6785402400e-03  1.5799855810e-05 
1366.000  4.2481016600e-03  1.9715636970e-05 
1367.000  3.5684731100e-03  1.5457010830e-05 
1368.000  3.1641462300e-03  1.3363664970e-05 
1369.000  3.2446906800e-03  1.4054513540e-05 
1370.000  5.3662086200e-03  3.2480198890e-05 
1371.000  9.5567573800e-03  8.0996371810e-05 
1372.000  1.7696216600e-02  2.2265155610e-04 
1373.000  2.5103572600e-02  3.9169582720e-04 
1374.000  3.0483621700e-02  5.4074686770e-04 
1375.000  3.2500905500e-02  6.0643750430e-04 
1376.000  3.0145923300e-02  5.3790479900e-04 
1377.000  2.6837351400e-02  4.3981924650e-04 
1378.000  2.0455627500e-02  2.8101584320e-04 
1379.000  1.4046732660e-02  1.5216758850e-04 
1380.000  7.9669049200e-03  6.1049804090e-05 
1381.000  4.6085506000e-03  2.5559125470e-05 
1382.000  3.2226961600e-03  1.4459061440e-05 
1383.000  3.1180850100e-03  1.3508304950e-05 
1384.000  5.0718401900e-03  2.9021048920e-05 
1385.000  7.2001239000e-03  5.0699703400e-05 
1386.000  1.0997443930e-02  9.9571272730e-05 
1387.000  2.0206306700e-02  2.7214968200e-04 
1388.000  2.6781651000e-02  4.2597892880e-04 
1389.000  3.0764038800e-02  5.4165899750e-04 
1390.000  3.1403373900e-02  5.6561309100e-04 
1391.000  2.9315416800e-02  5.0297427180e-04 
1392.000  2.2163695300e-02  3.1873106960e-04 
1393.000  1.6942393900e-02  2.0816706120e-04 
1394.000  1.2979805820e-02  1.3610403240e-04 
1395.000  1.4631341000e-02  1.6463296120e-04 
1396.000  2.0077434800e-02  2.7104970810e-04 
1397.000  2.5909817300e-02  4.1086089610e-04 
1398.000  2.6682620000e-02  4.2894759770e-04 
1399.000  2.4913660700e-02  3.8877850770e-04 
1400.000  2.3296388600e-02  3.5311460490e-04 
1401.000  2.4765256000e-02  3.9485841990e-04 
1402.000  3.0702221200e-02  5.4856365920e-04 
1403.000  3.5348638900e-02  7.0787417890e-04 
1404.000  3.3248541400e-02  6.3606321810e-04 
1405.000  3.4827111300e-02  7.0045393710e-04 
1406.000  3.2294511200e-02  6.1243468520e-04 
1407.000  3.3492618500e-02  6.6611897950e-04 
1408.000  4.0143283500e-02  8.8863480090e-04 
1409.000  4.7057119100e-02  1.1697218420e-03 
1410.000  5.7715240500e-02  1.6306842570e-03 
1411.000  6.8650237200e-02  2.2269968990e-03 
1412.000  6.6323988300e-02  2.1454699040e-03 
1413.000  7.3149290700e-02  2.5543775560e-03 
1414.000  7.2120187100e-02  2.4515089990e-03 
1415.000  7.9728116500e-02  2.9686613080e-03 
1416.000  8.5662396400e-02  3.3454153540e-03 
1417.000  8.7868010800e-02  3.5159335140e-03 
1418.000  8.8651076600e-02  3.5443661210e-03 
1419.000  8.8466532200e-02  3.5899915700e-03 
1420.000  9.0567709000e-02  3.7191243170e-03 
1421.000  1.0186218230e-01  4.5398173330e-03 
1422.000  1.0428564580e-01  4.7862534520e-03 
1423.000  1.0544875030e-01  4.9224820140e-03 
1424.000  1.0509037890e-01  4.8746085170e-03 
1425.000  1.0389716590e-01  4.7289381030e-03 
1426.000  1.0017137110e-01  4.5598969460e-03 
1427.000  1.0610185970e-01  4.9788146020e-03 
1428.000  1.1206430530e-01  5.3688406940e-03 
1429.000  1.1366612510e-01  5.5945353510e-03 
1430.000  1.1090200250e-01  5.4544644360e-03 
1431.000  1.0331829240e-01  4.8781147000e-03 
1432.000  1.0102350360e-01  4.6463937760e-03 
1433.000  1.0073876910e-01  4.6200280190e-03 
1434.000  9.6086731800e-02  4.3126330380e-03 
1435.000  1.0315802890e-01  4.8227210040e-03 
1436.000  1.0572702580e-01  5.0253458020e-03 
1437.000  1.0741235220e-01  5.1484136580e-03 
1438.000  1.1387580470e-01  5.6845135690e-03 
1439.000  1.1597742460e-01  5.8083920480e-03 
1440.000  1.1120432710e-01  5.6368947030e-03 
1441.000  1.1811143110e-01  6.0279922490e-03 
1442.000  1.1329584110e-01  5.7077412610e-03 
1443.000  1.1533214970e-01  5.8232960700e-03 
1444.000  1.1793239250e-01  6.0231518750e-03 
1445.000  1.1816857670e-01  6.0564665790e-03 
1446.000  1.2368572260e-01  6.4880881310e-03 
1447.000  1.2706643300e-01  6.8047204020e-03 
1448.000  1.2851464800e-01  6.9096603390e-03 
1449.000  1.2599119900e-01  6.6881794930e-03 
1450.000  1.2047804880e-01  6.2640943530e-03 
1451.000  1.2182701930e-01  6.4103546140e-03 
1452.000  1.2715971100e-01  6.9684233670e-03 
1453.000  1.4169518200e-01  8.2179079060e-03 
1454.000  1.5418755500e-01  9.4482097630e-03 
1455.000  1.6016266700e-01  1.0144555090e-02 
1456.000  1.6726862600e-01  1.0938035010e-02 
1457.000  1.6995876100e-01  1.1172345160e-02 
1458.000  1.7328368800e-01  1.1470307350e-02 
1459.000  1.6841427600e-01  1.0925261500e-02 
1460.000  1.6073634500e-01  1.0245259280e-02 
1461.000  1.5765278800e-01  9.9709882740e-03 
1462.000  1.4916296000e-01  9.1870422360e-03 
1463.000  1.4817397900e-01  9.1552906040e-03 
1464.000  1.4625966500e-01  8.9825239180e-03 
1465.000  1.4301435400e-01  8.6127147670e-03 
1466.000  1.3328519600e-01  7.8220782280e-03 
1467.000  1.3231805700e-01  7.6243534090e-03 
1468.000  1.2417549980e-01  7.0052928920e-03 
1469.000  1.1779391680e-01  6.3956985470e-03 
1470.000  1.1438244200e-01  6.1351876260e-03 
1471.000  1.2138385230e-01  6.8760819440e-03 
1472.000  1.3366527200e-01  8.0575675960e-03 
1473.000  1.5021542300e-01  9.7429132460e-03 
1474.000  1.5745398100e-01  1.0770166400e-02 
1475.000  1.6025387400e-01  1.1013531680e-02 
1476.000  1.6051459700e-01  1.1085496900e-02 
1477.000  1.5707367200e-01  1.0746667860e-02 
1478.000  1.5093050100e-01  1.0233552930e-02 
1479.000  1.4793646600e-01  9.8787002560e-03 
1480.000  1.5101848500e-01  1.0273423190e-02 
1481.000  1.5384311500e-01  1.0743788720e-02 
1482.000  1.6079455500e-01  1.1555999760e-02 
1483.000  1.5901551200e-01  1.1556364060e-02 
1484.000  1.6004724600e-01  1.1704751010e-02 
1485.000  1.6234765100e-01  1.1894106860e-02 
1486.000  1.6372212900e-01  1.2302913670e-02 
1487.000  1.7374706700e-01  1.3663743970e-02 
1488.000  1.5226500400e-01  1.2079230310e-02 
1489.000  1.8686086100e-01  1.5695503230e-02 
1490.000  1.9770027200e-01  1.7424024580e-02 
1491.000  2.0476603700e-01  1.8539840700e-02 
1492.000  2.0105361100e-01  1.8378402710e-02 
1493.000  2.0848727800e-01  1.9403694150e-02 
1494.000  2.0818303000e-01  1.9521894450e-02 
1495.000  2.0990890500e-01  2.0042623520e-02 
1496.000  2.0954780400e-01  2.0499399190e-02 
1497.000  2.1465846100e-01  2.1152183530e-02 
1498.000  2.2174085900e-01  2.2314271930e-02 
1499.000  2.2273182300e-01  2.2867336270e-02 
1500.000  2.2960183600e-01  2.3954044340e-02 
1501.000  2.2829592000e-01  2.3847782140e-02 
1502.000  2.2461494300e-01  2.3445867540e-02 
1503.000  2.0065256800e-01  2.0961690900e-02 
1504.000  2.0998973500e-01  2.2112731930e-02 
1505.000  2.1261389900e-01  2.2728626250e-02 
1506.000  2.1554590400e-01  2.3159202580e-02 
1507.000  2.2836757300e-01  2.4876026150e-02 
1508.000  2.2635965700e-01  2.4891859050e-02 
1509.000  2.2888521100e-01  2.5418052670e-02 
1510.000  2.3298767800e-01  2.6038789750e-02 
1511.000  2.3513615900e-01  2.6470825200e-02 
1512.000  2.3144998800e-01  2.6208776470e-02 
1513.000  2.3135991700e-01  2.6325315480e-02 
1514.000  2.2819254100e-01  2.6057861330e-02 
1515.000  2.3349995000e-01  2.6828491210e-02 
1516.000  2.3159401700e-01  2.6722372060e-02 
1517.000  2.3097368800e-01  2.6803068160e-02 
1518.000  2.3669767200e-01  2.7692098620e-02 
1519.000  2.3491657600e-01  2.7730062480e-02 
1520.000  2.3851878900e-01  2.8457147600e-02 
1521.000  2.3512953000e-01  2.8237705230e-02 
1522.000  2.3376956800e-01  2.8152437210e-02 
1523.000  2.3979664000e-01  2.8992376330e-02 
1524.000  2.3771259300e-01  2.8784944530e-02 
1525.000  2.3197550900e-01  2.8127733230e-02 
1526.000  2.3861230500e-01  2.9014230730e-02 
1527.000  2.3650019800e-01  2.8877357480e-02 
1528.000  2.3860267200e-01  2.9275911330e-02 
1529.000  2.3785643200e-01  2.9253276820e-02 
1530.000  2.2300008000e-01  2.7552488330e-02 
1531.000  2.3864739200e-01  2.9610021590e-02 
1532.000  2.3751081800e-01  2.9598888400e-02 
1533.000  2.3654970600e-01  2.9584726330e-02 
1534.000  2.3307179200e-01  2.9249338150e-02 
1535.000  2.3405994300e-01  2.9475341800e-02 
1536.000  2.3719336300e-01  2.9954645160e-02 
1537.000  2.3813108400e-01  3.0187517170e-02 
1538.000  2.3180363400e-01  2.9502759930e-02 
1539.000  2.3682036400e-01  3.0255506520e-02 
1540.000  2.2827044700e-01  2.9257638930e-02 
1541.000  2.3308437900e-01  2.9952335360e-02 
1542.000  2.3447220700e-01  3.0199399950e-02 
1543.000  2.3383469400e-01  3.0199232100e-02 
1544.000  2.3683918700e-01  3.0679637910e-02 
1545.000  2.3774921500e-01  3.0908031460e-02 
1546.000  2.3796866400e-01  3.1044588090e-02 
1547.000  2.3565813000e-01  3.0843256000e-02 
1548.000  2.2869844300e-01  3.0020723340e-02 
1549.000  2.3456034300e-01  3.0865072250e-02 
1550.000  2.3324249100e-01  3.0761180880e-02 
1551.000  2.3201466100e-01  3.0651233670e-02 
1552.000  2.3596968400e-01  3.1227787020e-02 
1553.000  2.3473667300e-01  3.1128501890e-02 
1554.000  2.2613611200e-01  3.0038946150e-02 
1555.000  2.2991033600e-01  3.0609369280e-02 
1556.000  2.2552133000e-01  3.0093412400e-02 
1557.000  2.3290571100e-01  3.1152784350e-02 
1558.000  2.3106189100e-01  3.0964334490e-02 
1559.000  2.3107986800e-01  3.1021984100e-02 
1560.000  2.2708941500e-01  3.0551141740e-02 
1561.000  2.3238926600e-01  3.1308280940e-02 
1562.000  2.3228090100e-01  3.1323019030e-02 
1563.000  2.2880830600e-01  3.0893444060e-02 
1564.000  2.2414920000e-01  3.0291732790e-02 
1565.000  2.2740270400e-01  3.0750471120e-02 
1566.000  2.2309441200e-01  3.0219764710e-02 
1567.000  2.2273584900e-01  3.0182262420e-02 
1568.000  2.1757798400e-01  2.9474128720e-02 
1569.000  2.1775869800e-01  2.9481164930e-02 
1570.000  2.1170059600e-01  2.8662685390e-02 
1571.000  2.1737319300e-01  2.9472396850e-02 
1572.000  2.1720673800e-01  2.9476888660e-02 
1573.000  2.1390787300e-01  2.9087501530e-02 
1574.000  2.1475161800e-01  2.9274496080e-02 
1575.000  1.9952437100e-01  2.7253423690e-02 
1576.000  2.1435521200e-01  2.9316360470e-02 
1577.000  1.9362983900e-01  2.6516902920e-02 
1578.000  2.1198400500e-01  2.9068929670e-02 
1579.000  2.1330756500e-01  2.9299503330e-02 
1580.000  2.1785886100e-01  2.9992296220e-02 
1581.000  2.1641443500e-01  2.9837949750e-02 
1582.000  2.1226406600e-01  2.9354742050e-02 
1583.000  2.1507077300e-01  2.9828945160e-02 
1584.000  2.1333895800e-01  2.9676609040e-02 
1585.000  2.1978853300e-01  3.0652507780e-02 
1586.000  2.1702844000e-01  3.0321661000e-02 
1587.000  2.1476744800e-01  3.0080924990e-02 
1588.000  2.1161676800e-01  2.9710903170e-02 
1589.000  1.9360730700e-01  2.7227548600e-02 
1590.000  2.0858170200e-01  2.9375371930e-02 
1591.000  2.0390962600e-01  2.8749900820e-02 
1592.000  2.1458766900e-01  3.0271390910e-02 
1593.000  2.1920382400e-01  3.0931320190e-02 
1594.000  2.1732810000e-01  3.0676654820e-02 
1595.000  2.1830048100e-01  3.0826774600e-02 
1596.000  2.0448942400e-01  2.8909559250e-02 
1597.000  2.1208170600e-01  2.9985504150e-02 
1598.000  2.1499629000e-01  3.0388078690e-02 
1599.000  2.0655628200e-01  2.9176033020e-02 
1600.000  2.0900852600e-01  2.9512720110e-02 
1601.000  2.0020960800e-01  2.8301252370e-02 
1602.000  2.0507777000e-01  2.9022460940e-02 
1603.000  2.0384986200e-01  2.8909906390e-02 
1604.000  2.0689552300e-01  2.9411581040e-02 
1605.000  2.0383615400e-01  2.9012990950e-02 
1606.000  2.0319748300e-01  2.8967443470e-02 
1607.000  2.0388507500e-01  2.9074903490e-02 
1608.000  2.0607968000e-01  2.9398496630e-02 
1609.000  2.0528746600e-01  2.9309076310e-02 
1610.000  1.9262452500e-01  2.7527830120e-02 
1611.000  1.9877324100e-01  2.8461944580e-02 
1612.000  2.0124261100e-01  2.8875373840e-02 
1613.000  2.0626403500e-01  2.9654968260e-02 
1614.000  2.0423902000e-01  2.9383649830e-02 
1615.000  2.0801179800e-01  2.9977670670e-02 
1616.000  1.9529047400e-01  2.8183155060e-02 
1617.000  2.0139661500e-01  2.9129329680e-02 
1618.000  2.0767126400e-01  3.0068731310e-02 
1619.000  2.0738994200e-01  3.0094451900e-02 
1620.000  2.0249899600e-01  2.9447780610e-02 
1621.000  1.9977175300e-01  2.9100152970e-02 
1622.000  2.0479945100e-01  2.9853717800e-02 
1623.000  2.0908165700e-01  3.0512790680e-02 
1624.000  2.1061021200e-01  3.0763788220e-02 
1625.000  2.0559483400e-01  3.0088294980e-02 
1626.000  2.0789568200e-01  3.0416723250e-02 
1627.000  2.0765711300e-01  3.0411266330e-02 
1628.000  2.0923469500e-01  3.0655590060e-02 
1629.000  2.0909788500e-01  3.0645082470e-02 
1630.000  2.0323308800e-01  2.9782701490e-02 
1631.000  2.0641117100e-01  3.0262462620e-02 
1632.000  2.0623804000e-01  3.0210712430e-02 
1633.000  2.0351663600e-01  2.9812479020e-02 
1634.000  1.9855433800e-01  2.9075092320e-02 
1635.000  2.0387642900e-01  2.9858371730e-02 
1636.000  2.0310988100e-01  2.9740348820e-02 
1637.000  1.9379634900e-01  2.8369340900e-02 
1638.000  1.9238058100e-01  2.8166816710e-02 
1639.000  1.9009733400e-01  2.7811832430e-02 
1640.000  1.9104351000e-01  2.7946542740e-02 
1641.000  1.8967941400e-01  2.7746347430e-02 
1642.000  1.8944139200e-01  2.7745977400e-02 
1643.000  1.9424185400e-01  2.8472854610e-02 
1644.000  1.9116924700e-01  2.8041950230e-02 
1645.000  1.9146763100e-01  2.8097082140e-02 
1646.000  1.9376792500e-01  2.8468038560e-02 
1647.000  1.9556904000e-01  2.8754928590e-02 
1648.000  1.9468555700e-01  2.8627323150e-02 
1649.000  1.9021191500e-01  2.7980503080e-02 
1650.000  1.9503180700e-01  2.8711570740e-02 
1651.000  1.9067727800e-01  2.8078353880e-02 
1652.000  1.9446844900e-01  2.8630691530e-02 
1653.000  1.9246621900e-01  2.8354904170e-02 
1654.000  1.9462488200e-01  2.8684911730e-02 
1655.000  1.9093917200e-01  2.8166450500e-02 
1656.000  1.9476383500e-01  2.8743799210e-02 
1657.000  1.9334889000e-01  2.8552709580e-02 
1658.000  1.9456783300e-01  2.8757944110e-02 
1659.000  1.9102930500e-01  2.8245969770e-02 
1660.000  1.9323702200e-01  2.8569299700e-02 
1661.000  1.9399008100e-01  2.8678861620e-02 
1662.000  1.9253236700e-01  2.8445377350e-02 
1663.000  1.9125786800e-01  2.8256223680e-02 
1664.000  1.9036520500e-01  2.8121711730e-02 
1665.000  1.8842500400e-01  2.7825551990e-02 
1666.000  1.8765504600e-01  2.7731996540e-02 
1667.000  1.8957192000e-01  2.8060630800e-02 
1668.000  1.8636004800e-01  2.7595590590e-02 
1669.000  1.8688513700e-01  2.7694917680e-02 
1670.000  1.9108652900e-01  2.8338220600e-02 
1671.000  1.8968844300e-01  2.8140649800e-02 
1672.000  1.8070426000e-01  2.6818670270e-02 
1673.000  1.8586652300e-01  2.7575475690e-02 
1674.000  1.8661550600e-01  2.7684537890e-02 
1675.000  1.8488203900e-01  2.7438640590e-02 
1676.000  1.8189314700e-01  2.6993772510e-02 
1677.000  1.8282419500e-01  2.7137964250e-02 
1678.000  1.8383650200e-01  2.7305490490e-02 
1679.000  1.8139538400e-01  2.6942480090e-02 
1680.000  1.7517817200e-01  2.6034536360e-02 
1681.000  1.6910558400e-01  2.5137983320e-02 
1682.000  1.7398988800e-01  2.5861619950e-02 
1683.000  1.7828068900e-01  2.6489772800e-02 
1684.000  1.8157544100e-01  2.6971141820e-02 
1685.000  1.8209474100e-01  2.7018224720e-02 
1686.000  1.7989821000e-01  2.6687417980e-02 
1687.000  1.8059266800e-01  2.6741786960e-02 
1688.000  1.8068549600e-01  2.6714988710e-02 
1689.000  1.7850601600e-01  2.6386411670e-02 
1690.000  1.7836032500e-01  2.6318254470e-02 
1691.000  1.8066785500e-01  2.6650489810e-02 
1692.000  1.8099302700e-01  2.6695671080e-02 
1693.000  1.8035267800e-01  2.6605533600e-02 
1694.000  1.8008337400e-01  2.6563177110e-02 
1695.000  1.8012961400e-01  2.6543317790e-02 
1696.000  1.7907530500e-01  2.6375103000e-02 
1697.000  1.7794824700e-01  2.6179731370e-02 
1698.000  1.7900357000e-01  2.6313518520e-02 
1699.000  1.7784783600e-01  2.6129888530e-02 
1700.000  1.7559618400e-01  2.5786933900e-02 
