 lambda   Irr_dw            Rad_up 
 550.000  1.5539835000e+00  2.4858085630e-01 
 551.000  1.5435949000e+00  2.4690335080e-01 
 552.000  1.6093652000e+00  2.5744778440e-01 
 553.000  1.5456563000e+00  2.4723063660e-01 
 554.000  1.5954921000e+00  2.5521748350e-01 
 555.000  1.5993379000e+00  2.5579321290e-01 
 556.000  1.5546564000e+00  2.4861207580e-01 
 557.000  1.5079766000e+00  2.4116197200e-01 
 558.000  1.5647037000e+00  2.5019506840e-01 
 559.000  1.4784806000e+00  2.3639236450e-01 
 560.000  1.4844914000e+00  2.3736051940e-01 
 561.000  1.6310047000e+00  2.6073834230e-01 
 562.000  1.4966671000e+00  2.3922254940e-01 
 563.000  1.5653808000e+00  2.5015525820e-01 
 564.000  1.5428970000e+00  2.4647981260e-01 
 565.000  1.5608057000e+00  2.4930082700e-01 
 566.000  1.4386401000e+00  2.2974331670e-01 
 567.000  1.5426856000e+00  2.4614715580e-01 
 568.000  1.5378985000e+00  2.4465324400e-01 
 569.000  1.5057179000e+00  2.3796047970e-01 
 570.000  1.5134060000e+00  2.3941635130e-01 
 571.000  1.4602455000e+00  2.3210987850e-01 
 572.000  1.5422816000e+00  2.4407926940e-01 
 573.000  1.5585105000e+00  2.4696594240e-01 
 574.000  1.5497271000e+00  2.4565090940e-01 
 575.000  1.5115016000e+00  2.3949909970e-01 
 576.000  1.4838036000e+00  2.3507159420e-01 
 577.000  1.5453279000e+00  2.4508753970e-01 
 578.000  1.5003280000e+00  2.3837944030e-01 
 579.000  1.4888523000e+00  2.3677893070e-01 
 580.000  1.5400771000e+00  2.4512043760e-01 
 581.000  1.5122895000e+00  2.4098670960e-01 
 582.000  1.5348468000e+00  2.4466291810e-01 
 583.000  1.5453290000e+00  2.4636943050e-01 
 584.000  1.5402117000e+00  2.4551373290e-01 
 585.000  1.5298447000e+00  2.4380363460e-01 
 586.000  1.4638878000e+00  2.3328390500e-01 
 587.000  1.5206917000e+00  2.4171418760e-01 
 588.000  1.5039598000e+00  2.3685070800e-01 
 589.000  1.3323112000e+00  2.0699694820e-01 
 590.000  1.3909193000e+00  2.1591854860e-01 
 591.000  1.4782719000e+00  2.3151536560e-01 
 592.000  1.4495603000e+00  2.2588710020e-01 
 593.000  1.4652241000e+00  2.3066128540e-01 
 594.000  1.4783293000e+00  2.3218417360e-01 
 595.000  1.4495666000e+00  2.2600685120e-01 
 596.000  1.4858799000e+00  2.3408555600e-01 
 597.000  1.4901067000e+00  2.3420553590e-01 
 598.000  1.4597278000e+00  2.3045391850e-01 
 599.000  1.4601133000e+00  2.3095422360e-01 
 600.000  1.4605933000e+00  2.3198387150e-01 
 601.000  1.4524553000e+00  2.3136666870e-01 
 602.000  1.4365628000e+00  2.2905560300e-01 
 603.000  1.4452147000e+00  2.3068099980e-01 
 604.000  1.4909619000e+00  2.3819207760e-01 
 605.000  1.4870847000e+00  2.3761456300e-01 
 606.000  1.4697573000e+00  2.3490377810e-01 
 607.000  1.4614004000e+00  2.3357366940e-01 
 608.000  1.4559411000e+00  2.3268849180e-01 
 609.000  1.4408999000e+00  2.3030126950e-01 
 610.000  1.4177274000e+00  2.2658168030e-01 
 611.000  1.4406448000e+00  2.3026150510e-01 
 612.000  1.4217876000e+00  2.2726576230e-01 
 613.000  1.4009160000e+00  2.2392179870e-01 
 614.000  1.3497607000e+00  2.1576837160e-01 
 615.000  1.4148589000e+00  2.2615142820e-01 
 616.000  1.3451614000e+00  2.1503433230e-01 
 617.000  1.3526637000e+00  2.1624127200e-01 
 618.000  1.4163850000e+00  2.2638998410e-01 
 619.000  1.4033088000e+00  2.2432385250e-01 
 620.000  1.4239368000e+00  2.2757612610e-01 
 621.000  1.4483138000e+00  2.3145587160e-01 
 622.000  1.3718188000e+00  2.1919123840e-01 
 623.000  1.3824002000e+00  2.2080021670e-01 
 624.000  1.3837724000e+00  2.2102244570e-01 
 625.000  1.3461851000e+00  2.1499180600e-01 
 626.000  1.3528747000e+00  2.1588618470e-01 
 627.000  1.3751772000e+00  2.1866654970e-01 
 628.000  1.3559174000e+00  2.1413203430e-01 
 629.000  1.3902756000e+00  2.2010067750e-01 
 630.000  1.3442079000e+00  2.1348304750e-01 
 631.000  1.3936152000e+00  2.2157630920e-01 
 632.000  1.2979375000e+00  2.0575621030e-01 
 633.000  1.3934284000e+00  2.2169055180e-01 
 634.000  1.3516007000e+00  2.1528479000e-01 
 635.000  1.3762619000e+00  2.1920417790e-01 
 636.000  1.3277668000e+00  2.1162702940e-01 
 637.000  1.3715566000e+00  2.1870323180e-01 
 638.000  1.3929661000e+00  2.2249050900e-01 
 639.000  1.3814100000e+00  2.2060980220e-01 
 640.000  1.3380668000e+00  2.1393342590e-01 
 641.000  1.3573361000e+00  2.1699420170e-01 
 642.000  1.3410307000e+00  2.1451240540e-01 
 643.000  1.3643492000e+00  2.1796452330e-01 
 644.000  1.3486505000e+00  2.1542137150e-01 
 645.000  1.3602656000e+00  2.1690269470e-01 
 646.000  1.3079986000e+00  2.0696051030e-01 
 647.000  1.3254678000e+00  2.0861953740e-01 
 648.000  1.3228385000e+00  2.0707295230e-01 
 649.000  1.3492234000e+00  2.1215625000e-01 
 650.000  1.2506416000e+00  1.9852047730e-01 
 651.000  1.3471253000e+00  2.1382102970e-01 
 652.000  1.3207199000e+00  2.0788087460e-01 
 653.000  1.3477503000e+00  2.1415921020e-01 
 654.000  1.3300033000e+00  2.1105760190e-01 
 655.000  1.2947274000e+00  2.0472329710e-01 
 656.000  1.0992223800e+00  1.7400311280e-01 
 657.000  1.1732339000e+00  1.8606816100e-01 
 658.000  1.3069462000e+00  2.0798231510e-01 
 659.000  1.3101490000e+00  2.0887266540e-01 
 660.000  1.3204231000e+00  2.1068585210e-01 
 661.000  1.3263227000e+00  2.1217692570e-01 
 662.000  1.3454353000e+00  2.1547334290e-01 
 663.000  1.3304189000e+00  2.1299642940e-01 
 664.000  1.3092620000e+00  2.0969458010e-01 
 665.000  1.3149321000e+00  2.1066589360e-01 
 666.000  1.3307526000e+00  2.1332565310e-01 
 667.000  1.3043180000e+00  2.0912525940e-01 
 668.000  1.3117087000e+00  2.1043475340e-01 
 669.000  1.3303868000e+00  2.1349423220e-01 
 670.000  1.3147505000e+00  2.1096334840e-01 
 671.000  1.3004955400e+00  2.0871784970e-01 
 672.000  1.2963392300e+00  2.0805867000e-01 
 673.000  1.3055567000e+00  2.0954010010e-01 
 674.000  1.3080422400e+00  2.0995651250e-01 
 675.000  1.2880413300e+00  2.0674086000e-01 
 676.000  1.3123143200e+00  2.1065458680e-01 
 677.000  1.2861657500e+00  2.0647688290e-01 
 678.000  1.3074145000e+00  2.0988687130e-01 
 679.000  1.2889096700e+00  2.0689286800e-01 
 680.000  1.2789496600e+00  2.0523509220e-01 
 681.000  1.2802504700e+00  2.0537052920e-01 
 682.000  1.2775467200e+00  2.0489823910e-01 
 683.000  1.2858721800e+00  2.0617240910e-01 
 684.000  1.2625640600e+00  2.0231959530e-01 
 685.000  1.2768023200e+00  2.0468595890e-01 
 686.000  1.2204842900e+00  1.9538116460e-01 
 687.000  1.1276628000e+00  1.7524996950e-01 
 688.000  1.1578088600e+00  1.8169824220e-01 
 689.000  1.1522178600e+00  1.8027279660e-01 
 690.000  1.1729578600e+00  1.8446501160e-01 
 691.000  1.1968765800e+00  1.8915379330e-01 
 692.000  1.2000266400e+00  1.8971450810e-01 
 693.000  1.1988550900e+00  1.8729965210e-01 
 694.000  1.2007816400e+00  1.8558348080e-01 
 695.000  1.1879188200e+00  1.8460087590e-01 
 696.000  1.2064599500e+00  1.8812806700e-01 
 697.000  1.2297821000e+00  1.9521362300e-01 
 698.000  1.2024292200e+00  1.9009094240e-01 
 699.000  1.2054974000e+00  1.8752394100e-01 
 700.000  1.1943705700e+00  1.8625003050e-01 
 701.000  1.1633938100e+00  1.8074517820e-01 
 702.000  1.1605542700e+00  1.8075756840e-01 
 703.000  1.1923729600e+00  1.8818449400e-01 
 704.000  1.1963333600e+00  1.8891424560e-01 
 705.000  1.1989056400e+00  1.8825758360e-01 
 706.000  1.1873192000e+00  1.8663325500e-01 
 707.000  1.1715995700e+00  1.8453157040e-01 
 708.000  1.2080152100e+00  1.9066276550e-01 
 709.000  1.1699342100e+00  1.8545541380e-01 
 710.000  1.1912465300e+00  1.8791326900e-01 
 711.000  1.1846798100e+00  1.8776589970e-01 
 712.000  1.1726915600e+00  1.8664314270e-01 
 713.000  1.1638519600e+00  1.8459843440e-01 
 714.000  1.1822177000e+00  1.8726046750e-01 
 715.000  1.1347636300e+00  1.7872309880e-01 
 716.000  1.1579775900e+00  1.8131864930e-01 
 717.000  1.0849857300e+00  1.6414353940e-01 
 718.000  1.0521826100e+00  1.5582974240e-01 
 719.000  1.0302943400e+00  1.5136761470e-01 
 720.000  1.0233116900e+00  1.4866079710e-01 
 721.000  1.0849807100e+00  1.6564311220e-01 
 722.000  1.1228162400e+00  1.7442948910e-01 
 723.000  1.1073733600e+00  1.7030618290e-01 
 724.000  1.0770199200e+00  1.6102925110e-01 
 725.000  1.0705237600e+00  1.6070022580e-01 
 726.000  1.0666848500e+00  1.5992356870e-01 
 727.000  1.0875395700e+00  1.6369241330e-01 
 728.000  1.0630734400e+00  1.5933990480e-01 
 729.000  1.0340131900e+00  1.5665150450e-01 
 730.000  1.0696161900e+00  1.6176817320e-01 
 731.000  1.0489335600e+00  1.5833459470e-01 
 732.000  1.0917309300e+00  1.6778240970e-01 
 733.000  1.0965788900e+00  1.7154171750e-01 
 734.000  1.1297817000e+00  1.7825642400e-01 
 735.000  1.1168006400e+00  1.7566604610e-01 
 736.000  1.0891373200e+00  1.7036730960e-01 
 737.000  1.1084457300e+00  1.7410896300e-01 
 738.000  1.1122615500e+00  1.7573826600e-01 
 739.000  1.0790672500e+00  1.7094503780e-01 
 740.000  1.0956167400e+00  1.7456149290e-01 
 741.000  1.0905019900e+00  1.7436419680e-01 
 742.000  1.0739933800e+00  1.7198254390e-01 
 743.000  1.1088739800e+00  1.7814157100e-01 
 744.000  1.1207823800e+00  1.8032785030e-01 
 745.000  1.0927205900e+00  1.7602716060e-01 
 746.000  1.1087524000e+00  1.7875921630e-01 
 747.000  1.1254480200e+00  1.8146926880e-01 
 748.000  1.1059868800e+00  1.7844517520e-01 
 749.000  1.1064750200e+00  1.7858921810e-01 
 750.000  1.0898610700e+00  1.7584443660e-01 
 751.000  1.0870504600e+00  1.7540557860e-01 
 752.000  1.1041869700e+00  1.7828836060e-01 
 753.000  1.0938991500e+00  1.7666903690e-01 
 754.000  1.1111194200e+00  1.7948138430e-01 
 755.000  1.1047430500e+00  1.7846704100e-01 
 756.000  1.0831202700e+00  1.7499102780e-01 
 757.000  1.0910870000e+00  1.7629046630e-01 
 758.000  1.0887656600e+00  1.7586070250e-01 
 759.000  1.0058004500e+00  1.5990295410e-01 
 760.000  5.1272018000e-01  6.9215171810e-02 
 761.000  4.6308450000e-01  6.1073211670e-02 
 762.000  7.4026756000e-01  1.0967176060e-01 
 763.000  6.7136030000e-01  9.6344825740e-02 
 764.000  7.1777214000e-01  1.0464859010e-01 
 765.000  8.2014336000e-01  1.2386470790e-01 
 766.000  8.8740068000e-01  1.3849291990e-01 
 767.000  9.5129235000e-01  1.5065542600e-01 
 768.000  1.0224496600e+00  1.6348472600e-01 
 769.000  1.0401896400e+00  1.6737931820e-01 
 770.000  1.0453046100e+00  1.6870256040e-01 
 771.000  1.0509381600e+00  1.6990666200e-01 
 772.000  1.0480083400e+00  1.6951710510e-01 
 773.000  1.0440737200e+00  1.6892897030e-01 
 774.000  1.0555720000e+00  1.7083422850e-01 
 775.000  1.0160609700e+00  1.6447889710e-01 
 776.000  1.0579984100e+00  1.7131900020e-01 
 777.000  1.0506466700e+00  1.7013954160e-01 
 778.000  1.0449724600e+00  1.6921734620e-01 
 779.000  1.0483354000e+00  1.6975462340e-01 
 780.000  1.0353231300e+00  1.6766618350e-01 
 781.000  1.0337162100e+00  1.6745187380e-01 
 782.000  1.0461350700e+00  1.6944049070e-01 
 783.000  1.0216524600e+00  1.6550689700e-01 
 784.000  1.0272061600e+00  1.6636419680e-01 
 785.000  1.0290207000e+00  1.6642686460e-01 
 786.000  1.0099406000e+00  1.6302954100e-01 
 787.000  1.0217773400e+00  1.6419377140e-01 
 788.000  1.0048237900e+00  1.6111386110e-01 
 789.000  1.0048191400e+00  1.5982914730e-01 
 790.000  9.9413834000e-01  1.5801345830e-01 
 791.000  9.9009891000e-01  1.5762457280e-01 
 792.000  9.7539138000e-01  1.5549433900e-01 
 793.000  9.7672066000e-01  1.5622412110e-01 
 794.000  9.7159733000e-01  1.5651580810e-01 
 795.000  9.6329260000e-01  1.5448719790e-01 
 796.000  9.7153026000e-01  1.5412593080e-01 
 797.000  9.7995196000e-01  1.5597259520e-01 
 798.000  9.8562577000e-01  1.5799220280e-01 
 799.000  9.8362496000e-01  1.5741183470e-01 
 800.000  9.5425220000e-01  1.5193673710e-01 
 801.000  9.7248760000e-01  1.5494583130e-01 
 802.000  9.7013509000e-01  1.5449015810e-01 
 803.000  9.5682087000e-01  1.5250366210e-01 
 804.000  9.6720323000e-01  1.5456059270e-01 
 805.000  9.4400860000e-01  1.5157902530e-01 
 806.000  9.7155719000e-01  1.5643806460e-01 
 807.000  9.6562495000e-01  1.5552793880e-01 
 808.000  9.5875402000e-01  1.5417071530e-01 
 809.000  9.4104400000e-01  1.5103111270e-01 
 810.000  9.3519073000e-01  1.4976956180e-01 
 811.000  9.4675911000e-01  1.5101039120e-01 
 812.000  9.3890697000e-01  1.4885873410e-01 
 813.000  9.2901280000e-01  1.4624082950e-01 
 814.000  9.1985911000e-01  1.4350643920e-01 
 815.000  9.0002735000e-01  1.3885319520e-01 
 816.000  8.7892971000e-01  1.3371691890e-01 
 817.000  8.8497649000e-01  1.3472650150e-01 
 818.000  8.8066101000e-01  1.3419667050e-01 
 819.000  8.6111665000e-01  1.3185887150e-01 
 820.000  8.5867691000e-01  1.3354008480e-01 
 821.000  9.0397771000e-01  1.4311250310e-01 
 822.000  8.6600598000e-01  1.3522581480e-01 
 823.000  8.4183636000e-01  1.2670645900e-01 
 824.000  8.8524915000e-01  1.3744859310e-01 
 825.000  9.0310529000e-01  1.4319256590e-01 
 826.000  9.0542294000e-01  1.4305371090e-01 
 827.000  9.0001960000e-01  1.4182315060e-01 
 828.000  8.8558901000e-01  1.3767343140e-01 
 829.000  8.8964860000e-01  1.3896911620e-01 
 830.000  8.8044674000e-01  1.3829582210e-01 
 831.000  8.6607409000e-01  1.3622134400e-01 
 832.000  8.8422444000e-01  1.3916647340e-01 
 833.000  8.5939405000e-01  1.3573019410e-01 
 834.000  8.7520222000e-01  1.3876571660e-01 
 835.000  8.8260378000e-01  1.4097120670e-01 
 836.000  8.9102291000e-01  1.4202719120e-01 
 837.000  8.8340748000e-01  1.4077722170e-01 
 838.000  8.8922571000e-01  1.4224433900e-01 
 839.000  8.6295855000e-01  1.3835125730e-01 
 840.000  8.8657582000e-01  1.4224299620e-01 
 841.000  8.8734454000e-01  1.4202133180e-01 
 842.000  8.8309994000e-01  1.4164958190e-01 
 843.000  8.8007704000e-01  1.4194902040e-01 
 844.000  8.6678196000e-01  1.4015357970e-01 
 845.000  8.8051127000e-01  1.4254229740e-01 
 846.000  8.8892830000e-01  1.4410272220e-01 
 847.000  8.5889167000e-01  1.3944380190e-01 
 848.000  8.8312717000e-01  1.4305905150e-01 
 849.000  8.8484937000e-01  1.4341128540e-01 
 850.000  7.6459961000e-01  1.2376953120e-01 
 851.000  8.7537955000e-01  1.4151356510e-01 
 852.000  8.4221112000e-01  1.3619577030e-01 
 853.000  8.5275517000e-01  1.3817321780e-01 
 854.000  6.8552245000e-01  1.1108238220e-01 
 855.000  7.5494662000e-01  1.2248426820e-01 
 856.000  8.5729422000e-01  1.3937478640e-01 
 857.000  8.7121437000e-01  1.4180851750e-01 
 858.000  8.5735659000e-01  1.3962030030e-01 
 859.000  8.5744420000e-01  1.3978898620e-01 
 860.000  8.4987194000e-01  1.3864785770e-01 
 861.000  8.4975582000e-01  1.3864547730e-01 
 862.000  8.4697467000e-01  1.3821919250e-01 
 863.000  8.6315194000e-01  1.4090727230e-01 
 864.000  8.6142369000e-01  1.4061668400e-01 
 865.000  8.4537099000e-01  1.3806733700e-01 
 866.000  7.0908530000e-01  1.1583764650e-01 
 867.000  7.5508042000e-01  1.2329620360e-01 
 868.000  8.1890344000e-01  1.3375991820e-01 
 869.000  8.0740280000e-01  1.3189587400e-01 
 870.000  8.4068752000e-01  1.3737626650e-01 
 871.000  8.3948991000e-01  1.3717726140e-01 
 872.000  8.3610518000e-01  1.3658172610e-01 
 873.000  8.3943436000e-01  1.3716180420e-01 
 874.000  8.2101429000e-01  1.3413064580e-01 
 875.000  8.1344900000e-01  1.3294877620e-01 
 876.000  8.2017821000e-01  1.3400993350e-01 
 877.000  8.3650465000e-01  1.3663659670e-01 
 878.000  8.2205952000e-01  1.3423083500e-01 
 879.000  8.2395398000e-01  1.3456347660e-01 
 880.000  8.1911202000e-01  1.3365965270e-01 
 881.000  7.7650083000e-01  1.2669606780e-01 
 882.000  8.1933719000e-01  1.3360331730e-01 
 883.000  8.0065002000e-01  1.3066032410e-01 
 884.000  8.0744581000e-01  1.3186068730e-01 
 885.000  8.1564351000e-01  1.3293267820e-01 
 886.000  7.8879349000e-01  1.2839413450e-01 
 887.000  7.8077029000e-01  1.2723722840e-01 
 888.000  8.0412565000e-01  1.3099130250e-01 
 889.000  8.0957217000e-01  1.3202032470e-01 
 890.000  8.0690459000e-01  1.3145681760e-01 
 891.000  8.0207631000e-01  1.3037883000e-01 
 892.000  7.9771778000e-01  1.2912635800e-01 
 893.000  7.6156336000e-01  1.2166426090e-01 
 894.000  7.8371405000e-01  1.2443313600e-01 
 895.000  7.3367726000e-01  1.1438962550e-01 
 896.000  7.4770837000e-01  1.1461242680e-01 
 897.000  7.1502775000e-01  1.0775257870e-01 
 898.000  7.0894933000e-01  1.0594885250e-01 
 899.000  6.8747319000e-01  1.0045998380e-01 
 900.000  6.7326740000e-01  9.8659454350e-02 
 901.000  6.5364223000e-01  9.5251022340e-02 
 902.000  6.4245262000e-01  9.3756263730e-02 
 903.000  7.0803708000e-01  1.0726393130e-01 
 904.000  7.4233105000e-01  1.1505832670e-01 
 905.000  7.3953393000e-01  1.1463619230e-01 
 906.000  7.0713072000e-01  1.0806307980e-01 
 907.000  6.9596627000e-01  1.0370248410e-01 
 908.000  6.6404316000e-01  9.7304618840e-02 
 909.000  6.5154848000e-01  9.5526596070e-02 
 910.000  6.6148224000e-01  9.7224342350e-02 
 911.000  6.6956729000e-01  9.9544090270e-02 
 912.000  6.6619512000e-01  9.8458045960e-02 
 913.000  6.6039919000e-01  9.5390792850e-02 
 914.000  6.6660504000e-01  9.7390808110e-02 
 915.000  6.6380937000e-01  9.7932960510e-02 
 916.000  6.7325287000e-01  9.9554740910e-02 
 917.000  6.6701590000e-01  9.9125473020e-02 
 918.000  6.6918001000e-01  1.0009283450e-01 
 919.000  6.9711935000e-01  1.0665870670e-01 
 920.000  7.0467742000e-01  1.0953948210e-01 
 921.000  6.8614234000e-01  1.0627183530e-01 
 922.000  6.7970630000e-01  1.0527010350e-01 
 923.000  6.4750409000e-01  9.9715293880e-02 
 924.000  6.6561445000e-01  1.0146030430e-01 
 925.000  6.7370128000e-01  1.0254275510e-01 
 926.000  6.4952197000e-01  9.8709579470e-02 
 927.000  6.6281378000e-01  9.9439567570e-02 
 928.000  6.4990254000e-01  9.5447799680e-02 
 929.000  6.1640043000e-01  8.7765533450e-02 
 930.000  5.8328677000e-01  7.9482574460e-02 
 931.000  5.4693583000e-01  7.0199348450e-02 
 932.000  4.9393311000e-01  5.8123600010e-02 
 933.000  4.5807537000e-01  5.0638191220e-02 
 934.000  4.1480437000e-01  4.2914844510e-02 
 935.000  4.0458867000e-01  4.1503032680e-02 
 936.000  4.1727188000e-01  4.3916095730e-02 
 937.000  4.2239856000e-01  4.4214687350e-02 
 938.000  4.6061579000e-01  5.1911022190e-02 
 939.000  5.7079598000e-01  7.6696006770e-02 
 940.000  5.8277333000e-01  7.9958824160e-02 
 941.000  5.5674596000e-01  7.5108932500e-02 
 942.000  5.0498567000e-01  6.4738540650e-02 
 943.000  4.7694621000e-01  5.5660869600e-02 
 944.000  4.6009621000e-01  5.3315193180e-02 
 945.000  4.8438725000e-01  5.7990615840e-02 
 946.000  4.9195289000e-01  5.9035354610e-02 
 947.000  5.0629115000e-01  6.2676933290e-02 
 948.000  5.1946066000e-01  6.5485931400e-02 
 949.000  5.1964089000e-01  6.5389038090e-02 
 950.000  5.1874328000e-01  6.5585700990e-02 
 951.000  5.3791274000e-01  7.0712486270e-02 
 952.000  5.1381209000e-01  6.4853286740e-02 
 953.000  5.2899151000e-01  6.8800781250e-02 
 954.000  5.4126073000e-01  7.2552391050e-02 
 955.000  4.9214015000e-01  6.4470649720e-02 
 956.000  5.2156693000e-01  6.8023284910e-02 
 957.000  5.6485691000e-01  7.8924949650e-02 
 958.000  5.7464781000e-01  8.0949661250e-02 
 959.000  5.6952685000e-01  7.9536148070e-02 
 960.000  5.6196573000e-01  7.8300765990e-02 
 961.000  5.5229404000e-01  7.6607315060e-02 
 962.000  5.5822338000e-01  7.7825950620e-02 
 963.000  5.8026921000e-01  8.3424369810e-02 
 964.000  5.7683639000e-01  8.3309013370e-02 
 965.000  5.8161127000e-01  8.3815185550e-02 
 966.000  5.6595153000e-01  8.1728317260e-02 
 967.000  5.9904210000e-01  8.8301010130e-02 
 968.000  6.1893783000e-01  9.4361022950e-02 
 969.000  6.3458204000e-01  9.8249748230e-02 
 970.000  6.3691332000e-01  9.8715049740e-02 
 971.000  6.3096305000e-01  9.7774581910e-02 
 972.000  6.3211380000e-01  9.7541641240e-02 
 973.000  6.1840121000e-01  9.4497634890e-02 
 974.000  5.9954758000e-01  9.0541755680e-02 
 975.000  5.9646322000e-01  8.9402153020e-02 
 976.000  6.1119869000e-01  9.2486618040e-02 
 977.000  6.0768730000e-01  9.3407226560e-02 
 978.000  6.2166216000e-01  9.5463279720e-02 
 979.000  6.0661944000e-01  9.3559860230e-02 
 980.000  6.2744865000e-01  9.8356071470e-02 
 981.000  6.3444943000e-01  9.9834358220e-02 
 982.000  6.3030743000e-01  9.8851470950e-02 
 983.000  6.3484964000e-01  1.0042002870e-01 
 984.000  6.3701444000e-01  1.0166307070e-01 
 985.000  6.4034278000e-01  1.0272556300e-01 
 986.000  6.3979214000e-01  1.0333003230e-01 
 987.000  6.4918792000e-01  1.0516024780e-01 
 988.000  6.4153075000e-01  1.0400914760e-01 
 989.000  6.3364757000e-01  1.0278812410e-01 
 990.000  6.3951605000e-01  1.0382511900e-01 
 991.000  6.4645555000e-01  1.0523029330e-01 
 992.000  6.4094063000e-01  1.0442191310e-01 
 993.000  6.4107022000e-01  1.0448537450e-01 
 994.000  6.4579794000e-01  1.0550507350e-01 
 995.000  6.4207979000e-01  1.0507951350e-01 
 996.000  6.4193466000e-01  1.0506845090e-01 
 997.000  6.4194454000e-01  1.0497731020e-01 
 998.000  6.3881973000e-01  1.0436328890e-01 
 999.000  6.3694143000e-01  1.0402574920e-01 
1000.000  6.3207697000e-01  1.0328012850e-01 
1001.000  6.3407836000e-01  1.0338057710e-01 
1002.000  6.3071177000e-01  1.0246251680e-01 
1003.000  6.2389883000e-01  1.0146643830e-01 
1004.000  6.2000635000e-01  1.0107556920e-01 
1005.000  5.7981796000e-01  9.4636497500e-02 
1006.000  6.1027387000e-01  9.9664367680e-02 
1007.000  6.2094856000e-01  1.0135411830e-01 
1008.000  6.2170395000e-01  1.0118266300e-01 
1009.000  6.1538807000e-01  9.9768066410e-02 
1010.000  6.1878579000e-01  1.0052406310e-01 
1011.000  6.1808418000e-01  1.0086653900e-01 
1012.000  6.1926311000e-01  1.0124548340e-01 
1013.000  6.1554306000e-01  1.0078786470e-01 
1014.000  6.1979209000e-01  1.0156832890e-01 
1015.000  6.0839255000e-01  9.9739562990e-02 
1016.000  6.1261620000e-01  1.0052130890e-01 
1017.000  6.0668501000e-01  9.9606109620e-02 
1018.000  6.1424000000e-01  1.0080403900e-01 
1019.000  5.9941910000e-01  9.8246635440e-02 
1020.000  5.9842016000e-01  9.8141670230e-02 
1021.000  6.0491935000e-01  9.9313407900e-02 
1022.000  5.9490959000e-01  9.7483352660e-02 
1023.000  6.0554588000e-01  9.9067687990e-02 
1024.000  6.0199894000e-01  9.8392005920e-02 
1025.000  6.0315055000e-01  9.8857902530e-02 
1026.000  6.0443511000e-01  9.9208145140e-02 
1027.000  6.0053194000e-01  9.8548332210e-02 
1028.000  6.0214361000e-01  9.8891540530e-02 
1029.000  5.9348345000e-01  9.7622932430e-02 
1030.000  5.9996099000e-01  9.8841331480e-02 
1031.000  5.9831733000e-01  9.8670333860e-02 
1032.000  5.9640143000e-01  9.8434715270e-02 
1033.000  5.8545354000e-01  9.6655273440e-02 
1034.000  5.9117088000e-01  9.7641265870e-02 
1035.000  5.8344730000e-01  9.6384994510e-02 
1036.000  5.9308695000e-01  9.8004554750e-02 
1037.000  5.8059401000e-01  9.5963821410e-02 
1038.000  5.8633210000e-01  9.6932899480e-02 
1039.000  5.8871781000e-01  9.7326675420e-02 
1040.000  5.8174167000e-01  9.6177108760e-02 
1041.000  5.8476762000e-01  9.6678398130e-02 
1042.000  5.8649478000e-01  9.6970565800e-02 
1043.000  5.7636528000e-01  9.5306877140e-02 
1044.000  5.8209079000e-01  9.6256973270e-02 
1045.000  5.7953661000e-01  9.5842124940e-02 
1046.000  5.6267167000e-01  9.3071395870e-02 
1047.000  5.7298778000e-01  9.4795074460e-02 
1048.000  5.7866114000e-01  9.5757904050e-02 
1049.000  5.7493690000e-01  9.5174331670e-02 
1050.000  5.7251300000e-01  9.4773727420e-02 
1051.000  5.7148968000e-01  9.4576171880e-02 
1052.000  5.6878450000e-01  9.4112968440e-02 
1053.000  5.6736594000e-01  9.3874290470e-02 
1054.000  5.6312639000e-01  9.3115158080e-02 
1055.000  5.6721847000e-01  9.3779205320e-02 
1056.000  5.6568145000e-01  9.3502105710e-02 
1057.000  5.6460747000e-01  9.3249237060e-02 
1058.000  5.5852747000e-01  9.2098152160e-02 
1059.000  5.4097076000e-01  8.9240295410e-02 
1060.000  5.6054414000e-01  9.2585350040e-02 
1061.000  5.4087669000e-01  8.9339179990e-02 
1062.000  5.5577601000e-01  9.1720581050e-02 
1063.000  5.4635904000e-01  9.0154411320e-02 
1064.000  5.5309306000e-01  9.1188987730e-02 
1065.000  5.5225096000e-01  9.0932464600e-02 
1066.000  5.3533388000e-01  8.8154235840e-02 
1067.000  5.4796601000e-01  9.0182357790e-02 
1068.000  5.4521442000e-01  8.9507423400e-02 
1069.000  5.0386910000e-01  8.2592590330e-02 
1070.000  5.3383341000e-01  8.7529884340e-02 
1071.000  5.3429755000e-01  8.7471153260e-02 
1072.000  5.3568078000e-01  8.7567085270e-02 
1073.000  5.1797648000e-01  8.4651573180e-02 
1074.000  5.3619016000e-01  8.7652702330e-02 
1075.000  5.2013381000e-01  8.5222396850e-02 
1076.000  5.3116187000e-01  8.6904731750e-02 
1077.000  5.2946879000e-01  8.6464645390e-02 
1078.000  5.3022944000e-01  8.6400276180e-02 
1079.000  5.0972535000e-01  8.3033866880e-02 
1080.000  5.2316341000e-01  8.4729637150e-02 
1081.000  5.0382675000e-01  8.1568565370e-02 
1082.000  5.1097874000e-01  8.2923614500e-02 
1083.000  4.9631753000e-01  8.0280975340e-02 
1084.000  5.1424291000e-01  8.2888099670e-02 
1085.000  5.0499862000e-01  8.0747535710e-02 
1086.000  5.1219818000e-01  8.2034919740e-02 
1087.000  4.8343563000e-01  7.8092910770e-02 
1088.000  5.1282395000e-01  8.2885902400e-02 
1089.000  4.8996681000e-01  7.8374519350e-02 
1090.000  4.9996592000e-01  7.9829849240e-02 
1091.000  5.0388249000e-01  8.0627929690e-02 
1092.000  4.9050243000e-01  7.8090606690e-02 
1093.000  4.8059860000e-01  7.5651603700e-02 
1094.000  4.3575287900e-01  6.8245536800e-02 
1095.000  4.7194909000e-01  7.3958572390e-02 
1096.000  4.7327419000e-01  7.4228012080e-02 
1097.000  4.6320235000e-01  7.2432807920e-02 
1098.000  4.4584875200e-01  6.7820365910e-02 
1099.000  4.3551558900e-01  6.4703567500e-02 
1100.000  4.4381116600e-01  6.6037528990e-02 
1101.000  4.4447106700e-01  6.6340545650e-02 
1102.000  4.2529301700e-01  6.3361591340e-02 
1103.000  4.4325422300e-01  6.6163108830e-02 
1104.000  4.3804900700e-01  6.5115043640e-02 
1105.000  4.3228680700e-01  6.3604850770e-02 
1106.000  4.2345517500e-01  6.1677642820e-02 
1107.000  4.2429052500e-01  6.1922763820e-02 
1108.000  4.2395744300e-01  6.1940200810e-02 
1109.000  4.3046039300e-01  6.3364032750e-02 
1110.000  4.3221715700e-01  6.3464164730e-02 
1111.000  4.2423666100e-01  6.1945186610e-02 
1112.000  4.0785322300e-01  5.8203956600e-02 
1113.000  3.8911534600e-01  5.3533000950e-02 
1114.000  3.8890178200e-01  5.2793254850e-02 
1115.000  3.6326241100e-01  4.6623603820e-02 
1116.000  3.4507756000e-01  4.2698875430e-02 
1117.000  3.1605627700e-01  3.6071174620e-02 
1118.000  2.8208512400e-01  2.9753149030e-02 
1119.000  2.5822784100e-01  2.5937061310e-02 
1120.000  2.3805220300e-01  2.2438800810e-02 
1121.000  2.3496622700e-01  2.1791915890e-02 
1122.000  2.1119033900e-01  1.8160253520e-02 
1123.000  2.2504624400e-01  2.0112325670e-02 
1124.000  2.3400326800e-01  2.1416479110e-02 
1125.000  2.2484379800e-01  2.0302368160e-02 
1126.000  2.1879446700e-01  1.9658317570e-02 
1127.000  2.2796459200e-01  2.0635774610e-02 
1128.000  2.2718224200e-01  2.0853712080e-02 
1129.000  2.5000612800e-01  2.4460500720e-02 
1130.000  2.9883253900e-01  3.2997589110e-02 
1131.000  3.1578043800e-01  3.6040645600e-02 
1132.000  2.9780194200e-01  3.2433658600e-02 
1133.000  2.5556443700e-01  2.5554180150e-02 
1134.000  1.8689218800e-01  1.5095579150e-02 
1135.000  1.9454440400e-01  1.6060960770e-02 
1136.000  2.6172532900e-01  2.6588487630e-02 
1137.000  3.0000472200e-01  3.3187236790e-02 
1138.000  3.2052917400e-01  3.8488094330e-02 
1139.000  3.3657605900e-01  4.1567131040e-02 
1140.000  3.3155161200e-01  4.0312465670e-02 
1141.000  3.0998268300e-01  3.6588329320e-02 
1142.000  3.1411947600e-01  3.6653202060e-02 
1143.000  2.9520113100e-01  3.3281250000e-02 
1144.000  2.7791384200e-01  3.0161514280e-02 
1145.000  2.5703803000e-01  2.6315994260e-02 
1146.000  2.6505157700e-01  2.7515077590e-02 
1147.000  2.8416302300e-01  3.0840370180e-02 
1148.000  2.9678544300e-01  3.3455249790e-02 
1149.000  3.0371571100e-01  3.4773662570e-02 
1150.000  3.0246558500e-01  3.4733245850e-02 
1151.000  3.1033212700e-01  3.6530380250e-02 
1152.000  3.1397441000e-01  3.7402275090e-02 
1153.000  3.1966684400e-01  3.8737174990e-02 
1154.000  3.1991311700e-01  3.8634651180e-02 
1155.000  3.3275387800e-01  4.1534561160e-02 
1156.000  3.4121907400e-01  4.4115020750e-02 
1157.000  3.7065978700e-01  5.1064300540e-02 
1158.000  3.8104143800e-01  5.3705413820e-02 
1159.000  3.8426713300e-01  5.5172126770e-02 
1160.000  3.8285839000e-01  5.5390502930e-02 
1161.000  3.8339026300e-01  5.6436981200e-02 
1162.000  4.0372188000e-01  6.0230236050e-02 
1163.000  4.1329603500e-01  6.2628353120e-02 
1164.000  4.0673155300e-01  6.1842643740e-02 
1165.000  4.1508548200e-01  6.3242061610e-02 
1166.000  4.0587802400e-01  6.2070022580e-02 
1167.000  4.1342670300e-01  6.3369346620e-02 
1168.000  4.1663881300e-01  6.3816833500e-02 
1169.000  4.0329992300e-01  6.1918815610e-02 
1170.000  4.1515670800e-01  6.3871673580e-02 
1171.000  4.1983440000e-01  6.4931648250e-02 
1172.000  4.1688038500e-01  6.4286201480e-02 
1173.000  4.1237420700e-01  6.3412963870e-02 
1174.000  4.1267576800e-01  6.3475440980e-02 
1175.000  4.1212858700e-01  6.3906063080e-02 
1176.000  4.0601384200e-01  6.3430957790e-02 
1177.000  4.1669027800e-01  6.4873252870e-02 
1178.000  4.0590199500e-01  6.2745098110e-02 
1179.000  4.0409151800e-01  6.2470733640e-02 
1180.000  4.0840239300e-01  6.2978565220e-02 
1181.000  4.0278129400e-01  6.1702415470e-02 
1182.000  3.9977154700e-01  6.0843517300e-02 
1183.000  3.7696710200e-01  5.7420784000e-02 
1184.000  3.9594810700e-01  6.0540786740e-02 
1185.000  4.0610619700e-01  6.2674850460e-02 
1186.000  4.0223806600e-01  6.1909801480e-02 
1187.000  3.9737057700e-01  6.0593750000e-02 
1188.000  3.9417852100e-01  5.9982143400e-02 
1189.000  3.7404530000e-01  5.7252437590e-02 
1190.000  4.0018391800e-01  6.2170597080e-02 
1191.000  4.0875030700e-01  6.3787097930e-02 
1192.000  4.0982739900e-01  6.4371154790e-02 
1193.000  4.0927040200e-01  6.4192039490e-02 
1194.000  4.0798413400e-01  6.3937770840e-02 
1195.000  4.0017341700e-01  6.2326633450e-02 
1196.000  4.0036330200e-01  6.2419906620e-02 
1197.000  3.9868523800e-01  6.1975700380e-02 
1198.000  3.8494966800e-01  5.9806945800e-02 
1199.000  3.6880275100e-01  5.7086120610e-02 
1200.000  3.9316173000e-01  6.0997116090e-02 
1201.000  3.9641784000e-01  6.1574581150e-02 
1202.000  3.9733197900e-01  6.1822898860e-02 
1203.000  3.7688668000e-01  5.8577133180e-02 
1204.000  3.8374540300e-01  5.9768264770e-02 
1205.000  3.9794917000e-01  6.2640937810e-02 
1206.000  3.9800017400e-01  6.2950748440e-02 
1207.000  4.0168388700e-01  6.3657333370e-02 
1208.000  3.9510830900e-01  6.2513412480e-02 
1209.000  3.6928767600e-01  5.8276203160e-02 
1210.000  3.9313008700e-01  6.1761493680e-02 
1211.000  3.7970946100e-01  5.9618450160e-02 
1212.000  3.9215409700e-01  6.1645378110e-02 
1213.000  3.9575567300e-01  6.2479480740e-02 
1214.000  3.9368867600e-01  6.2120311740e-02 
1215.000  3.9577088100e-01  6.2556362150e-02 
1216.000  3.9754523100e-01  6.3267036440e-02 
1217.000  3.9916387000e-01  6.3904769900e-02 
1218.000  3.9874358300e-01  6.4028854370e-02 
1219.000  3.9551159400e-01  6.3630455020e-02 
1220.000  3.9824897300e-01  6.4079719540e-02 
1221.000  3.9777504800e-01  6.4039154050e-02 
1222.000  3.9575493300e-01  6.3726760860e-02 
1223.000  3.9408805500e-01  6.3507293700e-02 
1224.000  3.9862386100e-01  6.4465957640e-02 
1225.000  3.9674597900e-01  6.4220611570e-02 
1226.000  3.9855115900e-01  6.4594474790e-02 
1227.000  3.8571169300e-01  6.2636013030e-02 
1228.000  3.9858670800e-01  6.4885841370e-02 
1229.000  3.9873924800e-01  6.5036003110e-02 
1230.000  3.9804267500e-01  6.5064613340e-02 
1231.000  3.9841357500e-01  6.5211990360e-02 
1232.000  3.9405695200e-01  6.4541008000e-02 
1233.000  3.9724242500e-01  6.5095062260e-02 
1234.000  3.9691611300e-01  6.5220840450e-02 
1235.000  3.9446670400e-01  6.4889434810e-02 
1236.000  3.9696744600e-01  6.5355270390e-02 
1237.000  3.9722099900e-01  6.5464469910e-02 
1238.000  3.9706487700e-01  6.5473793030e-02 
1239.000  3.9258514000e-01  6.4761245730e-02 
1240.000  3.9080736400e-01  6.4494857790e-02 
1241.000  3.9421756200e-01  6.5071517940e-02 
1242.000  3.9181926400e-01  6.4684120180e-02 
1243.000  3.8735898500e-01  6.3958908080e-02 
1244.000  3.8371328800e-01  6.3349704740e-02 
1245.000  3.9019292400e-01  6.4422302250e-02 
1246.000  3.8702994000e-01  6.3881500240e-02 
1247.000  3.8494286500e-01  6.3513156890e-02 
1248.000  3.8775309700e-01  6.3958179470e-02 
1249.000  3.8624545900e-01  6.3704910280e-02 
1250.000  3.8456355800e-01  6.3408683780e-02 
1251.000  3.8173007900e-01  6.2925010680e-02 
1252.000  3.8028810700e-01  6.2648677830e-02 
1253.000  3.7682906300e-01  6.2035495760e-02 
1254.000  3.7718151300e-01  6.1996982570e-02 
1255.000  3.7609218900e-01  6.1760662080e-02 
1256.000  3.7489208200e-01  6.1522090910e-02 
1257.000  3.7003964400e-01  6.0657115940e-02 
1258.000  3.7011207800e-01  6.0515655520e-02 
1259.000  3.6486936200e-01  5.9540271760e-02 
1260.000  3.6399608100e-01  5.9258739470e-02 
1261.000  3.6177368200e-01  5.8750885010e-02 
1262.000  3.5072675000e-01  5.6698516850e-02 
1263.000  3.5370320300e-01  5.7107238770e-02 
1264.000  3.4735744500e-01  5.6046401980e-02 
1265.000  3.4767908700e-01  5.6085392000e-02 
1266.000  3.4853548200e-01  5.6123950960e-02 
1267.000  3.4045427700e-01  5.4724914550e-02 
1268.000  3.3536245200e-01  5.3818267820e-02 
1269.000  3.3771520800e-01  5.4157951350e-02 
1270.000  3.4590430300e-01  5.5707347870e-02 
1271.000  3.4982846700e-01  5.6428119660e-02 
1272.000  3.5041535700e-01  5.6623840330e-02 
1273.000  3.5158030200e-01  5.6939456940e-02 
1274.000  3.5128393300e-01  5.7054321290e-02 
1275.000  3.5422799000e-01  5.7584739690e-02 
1276.000  3.5531449700e-01  5.7768508910e-02 
1277.000  3.5535474200e-01  5.7743980410e-02 
1278.000  3.5466687700e-01  5.7584953310e-02 
1279.000  3.5264288400e-01  5.7257404330e-02 
1280.000  3.5154541800e-01  5.7192092900e-02 
1281.000  3.4246511300e-01  5.5816398620e-02 
1282.000  3.0488056300e-01  4.9780708310e-02 
1283.000  3.3511924000e-01  5.4750896450e-02 
1284.000  3.4900971100e-01  5.7008644100e-02 
1285.000  3.5185549800e-01  5.7487430570e-02 
1286.000  3.5130759000e-01  5.7308830260e-02 
1287.000  3.5257487700e-01  5.7366569520e-02 
1288.000  3.4707550900e-01  5.5986633300e-02 
1289.000  3.4812639300e-01  5.5995765690e-02 
1290.000  3.4000226000e-01  5.4654552460e-02 
1291.000  3.4524115300e-01  5.5537441250e-02 
1292.000  3.4811594300e-01  5.6152507780e-02 
1293.000  3.4855545700e-01  5.6205371860e-02 
1294.000  3.4160640400e-01  5.4846496580e-02 
1295.000  3.4294917400e-01  5.4715839390e-02 
1296.000  3.4075241100e-01  5.4010681150e-02 
1297.000  3.3665039700e-01  5.3080795290e-02 
1298.000  3.3345723600e-01  5.2527503970e-02 
1299.000  3.3668263600e-01  5.2987354280e-02 
1300.000  3.3499172600e-01  5.2664237980e-02 
1301.000  3.3401099900e-01  5.2411598210e-02 
1302.000  3.2832225500e-01  5.1302753450e-02 
1303.000  3.2233939700e-01  4.9815879820e-02 
1304.000  3.2097027300e-01  4.9363979340e-02 
1305.000  3.2221757800e-01  4.9442840580e-02 
1306.000  3.2200159100e-01  4.9295810700e-02 
1307.000  3.1998525300e-01  4.8843505860e-02 
1308.000  3.1700713400e-01  4.8040149690e-02 
1309.000  3.1307101900e-01  4.6996051790e-02 
1310.000  3.1134427100e-01  4.6677162170e-02 
1311.000  3.1049229900e-01  4.6530677800e-02 
1312.000  3.0505855600e-01  4.5233989720e-02 
1313.000  2.8894413800e-01  4.2314941410e-02 
1314.000  2.9346310100e-01  4.2507453920e-02 
1315.000  2.8568592900e-01  4.1571735380e-02 
1316.000  2.9566873900e-01  4.3325847630e-02 
1317.000  2.9867360100e-01  4.3733936310e-02 
1318.000  2.8927496900e-01  4.1798969270e-02 
1319.000  2.8562447300e-01  4.0505970000e-02 
1320.000  2.7489956600e-01  3.8067977910e-02 
1321.000  2.7036102900e-01  3.7040756230e-02 
1322.000  2.7543731900e-01  3.8307811740e-02 
1323.000  2.8233185300e-01  3.9840301510e-02 
1324.000  2.8559989700e-01  4.0586605070e-02 
1325.000  2.8321275900e-01  4.0019989010e-02 
1326.000  2.7612449800e-01  3.8428794860e-02 
1327.000  2.6157935800e-01  3.5031200410e-02 
1328.000  2.4843126000e-01  3.1647237780e-02 
1329.000  2.1431905800e-01  2.4881778720e-02 
1330.000  2.0826343200e-01  2.3355966570e-02 
1331.000  2.0277252700e-01  2.2222259520e-02 
1332.000  2.0057825100e-01  2.2102890010e-02 
1333.000  2.1159744600e-01  2.3753112790e-02 
1334.000  2.2002488500e-01  2.5320238110e-02 
1335.000  2.2597436800e-01  2.6476989750e-02 
1336.000  2.2586985800e-01  2.6624528880e-02 
1337.000  2.2842622800e-01  2.6987911220e-02 
1338.000  2.3218435200e-01  2.7799116130e-02 
1339.000  2.3269859500e-01  2.7997867580e-02 
1340.000  2.3432297500e-01  2.8518924710e-02 
1341.000  2.3827829400e-01  2.8737531660e-02 
1342.000  2.3818019500e-01  2.8725276950e-02 
1343.000  2.2913151800e-01  2.6291635510e-02 
1344.000  2.1526181400e-01  2.3285764690e-02 
1345.000  1.7808475000e-01  1.6662431720e-02 
1346.000  1.5189809800e-01  1.2473939900e-02 
1347.000  1.3472560800e-01  1.0150276180e-02 
1348.000  1.1168723800e-01  7.0685548780e-03 
1349.000  1.0158168110e-01  5.9828090670e-03 
1350.000  7.9124661500e-02  3.6926176550e-03 
1351.000  6.8307951400e-02  2.8521533010e-03 
1352.000  5.2246627600e-02  1.6943212750e-03 
1353.000  3.7031686700e-02  9.3161910770e-04 
1354.000  2.9610157300e-02  6.2383747100e-04 
1355.000  2.2989747300e-02  4.0101528170e-04 
1356.000  1.7384991600e-02  2.4484485390e-04 
1357.000  1.1883105950e-02  1.2395944450e-04 
1358.000  8.7943173100e-03  7.5922064480e-05 
1359.000  4.6371942200e-03  2.5943946090e-05 
1360.000  3.0667214100e-03  1.3684043660e-05 
1361.000  2.2822912700e-03  8.1686638300e-06 
1362.000  2.1000794900e-03  7.1895984000e-06 
1363.000  3.0298736700e-03  1.2520601040e-05 
1364.000  3.5132285800e-03  1.5664635230e-05 
1365.000  3.6785405500e-03  1.6528377310e-05 
1366.000  4.2481019700e-03  2.0626077430e-05 
1367.000  3.5684734300e-03  1.6176337380e-05 
1368.000  3.1641462300e-03  1.3989255760e-05 
1369.000  3.2446909900e-03  1.4714876190e-05 
1370.000  5.3662086200e-03  3.3992636950e-05 
1371.000  9.5567586100e-03  8.4746144710e-05 
1372.000  1.7696221600e-02  2.3289123180e-04 
1373.000  2.5103582500e-02  4.0973395110e-04 
1374.000  3.0483636600e-02  5.6577855350e-04 
1375.000  3.2500925000e-02  6.3472992180e-04 
1376.000  3.0145940200e-02  5.6326031680e-04 
1377.000  2.6837363600e-02  4.6078106760e-04 
1378.000  2.0455633600e-02  2.9458406570e-04 
1379.000  1.4046735130e-02  1.5962120890e-04 
1380.000  7.9669061400e-03  6.4091913400e-05 
1381.000  4.6085509000e-03  2.6858691130e-05 
1382.000  3.2226964700e-03  1.5206520450e-05 
1383.000  3.1180850100e-03  1.4214587400e-05 
1384.000  5.0718405000e-03  3.0544079840e-05 
1385.000  7.2001245100e-03  5.3376518190e-05 
1386.000  1.0997446370e-02  1.0486031320e-04 
1387.000  2.0206313900e-02  2.8668725490e-04 
1388.000  2.6781665500e-02  4.4896769520e-04 
1389.000  3.0764058200e-02  5.7122373580e-04 
1390.000  3.1403395300e-02  5.9684461360e-04 
1391.000  2.9315433600e-02  5.3122276070e-04 
1392.000  2.2163704900e-02  3.3692041040e-04 
1393.000  1.6942398700e-02  2.2023183110e-04 
1394.000  1.2979808200e-02  1.4411097760e-04 
1395.000  1.4631344500e-02  1.7446231840e-04 
1396.000  2.0077444400e-02  2.8749290110e-04 
1397.000  2.5909831700e-02  4.3621793390e-04 
1398.000  2.6682634400e-02  4.5582422610e-04 
1399.000  2.4913675000e-02  4.1347977520e-04 
1400.000  2.3296400200e-02  3.7585708500e-04 
1401.000  2.4765269900e-02  4.2101705070e-04 
1402.000  3.0702244800e-02  5.8601993320e-04 
1403.000  3.5348676300e-02  7.5771528480e-04 
1404.000  3.3248574000e-02  6.8190795180e-04 
1405.000  3.4827150900e-02  7.5233024360e-04 
1406.000  3.2294543900e-02  6.5875464680e-04 
1407.000  3.3492655900e-02  7.1782618760e-04 
1408.000  4.0143348600e-02  9.5969486240e-04 
1409.000  4.7057226600e-02  1.2662038800e-03 
1410.000  5.7715440300e-02  1.7698069810e-03 
1411.000  6.8650604600e-02  2.4222078320e-03 
1412.000  6.6324345700e-02  2.3360209470e-03 
1413.000  7.3149777000e-02  2.7860763070e-03 
1414.000  7.2120648700e-02  2.6760764120e-03 
1415.000  7.9728796200e-02  3.2469954490e-03 
1416.000  8.5663274200e-02  3.6652286050e-03 
1417.000  8.7868978200e-02  3.8571412560e-03 
1418.000  8.8652090000e-02  3.8926563260e-03 
1419.000  8.8467604000e-02  3.9476633070e-03 
1420.000  9.0568876600e-02  4.0948929790e-03 
1421.000  1.0186389790e-01  5.0064187050e-03 
1422.000  1.0428759760e-01  5.2831044200e-03 
1423.000  1.0545082440e-01  5.4374842640e-03 
1424.000  1.0509243600e-01  5.3870329860e-03 
1425.000  1.0389909260e-01  5.2273488040e-03 
1426.000  1.0017326290e-01  5.0432262420e-03 
1427.000  1.0610408930e-01  5.5117383000e-03 
1428.000  1.1206681320e-01  5.9483151440e-03 
1429.000  1.1366892150e-01  6.2037620540e-03 
1430.000  1.1090470940e-01  6.0513863560e-03 
1431.000  1.0332045960e-01  5.4092922210e-03 
1432.000  1.0102542570e-01  5.1508316990e-03 
1433.000  1.0074067380e-01  5.1219987870e-03 
1434.000  9.6088434000e-02  4.7803292270e-03 
1435.000  1.0316012980e-01  5.3496088980e-03 
1436.000  1.0572929560e-01  5.5763392450e-03 
1437.000  1.0741472060e-01  5.7142043110e-03 
1438.000  1.1387866680e-01  6.3134016990e-03 
1439.000  1.1598037520e-01  6.4521040920e-03 
1440.000  1.1120728830e-01  6.2633295060e-03 
1441.000  1.1811465540e-01  6.6984190940e-03 
1442.000  1.1329881660e-01  6.3415279390e-03 
1443.000  1.1533517470e-01  6.4699864390e-03 
1444.000  1.1793559360e-01  6.6929636000e-03 
1445.000  1.1817183140e-01  6.7301664350e-03 
1446.000  1.2368937990e-01  7.2117352490e-03 
1447.000  1.2707044900e-01  7.5652980800e-03 
1448.000  1.2851874000e-01  7.6822934150e-03 
1449.000  1.2599504300e-01  7.4349479680e-03 
1450.000  1.2048152820e-01  6.9618825910e-03 
1451.000  1.2183061080e-01  7.1246843340e-03 
1452.000  1.2716400800e-01  7.7476420400e-03 
1453.000  1.4170081600e-01  9.1407518390e-03 
1454.000  1.5419463700e-01  1.0513383870e-02 
1455.000  1.6017069900e-01  1.1290242200e-02 
1456.000  1.6727795200e-01  1.2175927160e-02 
1457.000  1.6996823800e-01  1.2435947420e-02 
1458.000  1.7329366800e-01  1.2767302510e-02 
1459.000  1.6842333600e-01  1.2156730650e-02 
1460.000  1.6074447500e-01  1.1396964070e-02 
1461.000  1.5766051700e-01  1.1086643220e-02 
1462.000  1.4916959700e-01  1.0208318710e-02 
1463.000  1.4818052400e-01  1.0169162750e-02 
1464.000  1.4626589300e-01  9.9725418090e-03 
1465.000  1.4302009200e-01  9.5563793180e-03 
1466.000  1.3329009100e-01  8.6736946110e-03 
1467.000  1.3232259200e-01  8.4494609830e-03 
1468.000  1.2417943630e-01  7.7586064340e-03 
1469.000  1.1779716120e-01  7.0775861740e-03 
1470.000  1.1438544170e-01  6.7854943280e-03 
1471.000  1.2138760090e-01  7.6046543120e-03 
1472.000  1.3367012400e-01  8.9107456210e-03 
1473.000  1.5022200900e-01  1.0774003980e-02 
1474.000  1.5746185100e-01  1.1907473560e-02 
1475.000  1.6026191400e-01  1.2169269560e-02 
1476.000  1.6052258400e-01  1.2241281510e-02 
1477.000  1.5708121600e-01  1.1858634000e-02 
1478.000  1.5093741900e-01  1.1284450530e-02 
1479.000  1.4794285000e-01  1.0884733200e-02 
1480.000  1.5102521500e-01  1.1314264300e-02 
1481.000  1.5385044500e-01  1.1826892850e-02 
1482.000  1.6080286200e-01  1.2715871810e-02 
1483.000  1.5902371500e-01  1.2709010120e-02 
1484.000  1.6005563400e-01  1.2864732740e-02 
1485.000  1.6235593100e-01  1.3064359660e-02 
1486.000  1.6373102900e-01  1.3507280350e-02 
1487.000  1.7375769500e-01  1.4997311590e-02 
1488.000  1.5227444000e-01  1.3250287060e-02 
1489.000  1.8687442600e-01  1.7216308590e-02 
1490.000  1.9771656200e-01  1.9111005780e-02 
1491.000  2.0478394200e-01  2.0324838640e-02 
1492.000  2.0107118900e-01  2.0133405690e-02 
1493.000  2.0850640200e-01  2.1243213650e-02 
1494.000  2.0820168000e-01  2.1356361390e-02 
1495.000  2.0992853900e-01  2.1912139890e-02 
1496.000  2.0956790800e-01  2.2374652860e-02 
1497.000  2.1467941700e-01  2.3091176990e-02 
1498.000  2.2176299800e-01  2.4344163890e-02 
1499.000  2.2275471900e-01  2.4929536820e-02 
1500.000  2.2962579200e-01  2.6094034190e-02 
1501.000  2.2831948500e-01  2.5962791440e-02 
1502.000  2.2463807100e-01  2.5510746000e-02 
1503.000  2.0067263300e-01  2.2793815610e-02 
1504.000  2.1001105300e-01  2.4032205580e-02 
1505.000  2.1263582400e-01  2.4688209530e-02 
1506.000  2.1556791600e-01  2.5141448970e-02 
1507.000  2.2839157800e-01  2.6990615840e-02 
1508.000  2.2638337500e-01  2.6992248540e-02 
1509.000  2.2890939500e-01  2.7547218320e-02 
1510.000  2.3301235800e-01  2.8203214650e-02 
1511.000  2.3516128700e-01  2.8658832550e-02 
1512.000  2.3147466500e-01  2.8362388610e-02 
1513.000  2.3138439600e-01  2.8475547790e-02 
1514.000  2.2821646600e-01  2.8173002240e-02 
1515.000  2.3352453500e-01  2.8993227010e-02 
1516.000  2.3161835100e-01  2.8865242000e-02 
1517.000  2.3099799400e-01  2.8939920430e-02 
1518.000  2.3672276600e-01  2.9886539460e-02 
1519.000  2.3494173800e-01  2.9914480210e-02 
1520.000  2.3854479200e-01  3.0685949330e-02 
1521.000  2.3515536100e-01  3.0438934330e-02 
1522.000  2.3379514400e-01  3.0335687640e-02 
1523.000  2.3982265000e-01  3.1229278560e-02 
1524.000  2.3773831700e-01  3.0993841170e-02 
1525.000  2.3200033400e-01  3.0274578090e-02 
1526.000  2.3863769400e-01  3.1217454910e-02 
1527.000  2.3652552500e-01  3.1059299470e-02 
1528.000  2.3862842100e-01  3.1477010730e-02 
1529.000  2.3788208000e-01  3.1440998080e-02 
1530.000  2.2302408400e-01  2.9602661130e-02 
1531.000  2.3867305800e-01  3.1802904130e-02 
1532.000  2.3753638400e-01  3.1780582430e-02 
1533.000  2.3657517400e-01  3.1754817960e-02 
1534.000  2.3309692200e-01  3.1384222030e-02 
1535.000  2.3408508000e-01  3.1616029740e-02 
1536.000  2.3721863200e-01  3.2118541720e-02 
1537.000  2.3815660700e-01  3.2356910710e-02 
1538.000  2.3182847900e-01  3.1611618040e-02 
1539.000  2.3684561100e-01  3.2406688690e-02 
1540.000  2.2829479800e-01  3.1326389310e-02 
1541.000  2.3310913100e-01  3.2059913640e-02 
1542.000  2.3449709400e-01  3.2313747410e-02 
1543.000  2.3385949700e-01  3.2303092960e-02 
1544.000  2.3686428600e-01  3.2806427000e-02 
1545.000  2.3777459900e-01  3.3040088650e-02 
1546.000  2.3799413000e-01  3.3175212860e-02 
1547.000  2.3568327700e-01  3.2949153900e-02 
1548.000  2.2872283800e-01  3.2059906010e-02 
1549.000  2.3458524900e-01  3.2950462340e-02 
1550.000  2.3326706100e-01  3.2828521730e-02 
1551.000  2.3203902100e-01  3.2703205110e-02 
1552.000  2.3599439300e-01  3.3310386660e-02 
1553.000  2.3476118400e-01  3.3196331020e-02 
1554.000  2.2615965700e-01  3.2026641850e-02 
1555.000  2.2993425600e-01  3.2626888280e-02 
1556.000  2.2554481200e-01  3.2068885800e-02 
1557.000  2.3292992100e-01  3.3189311980e-02 
1558.000  2.3108576000e-01  3.2980022430e-02 
1559.000  2.3110350800e-01  3.3032447810e-02 
1560.000  2.2711258400e-01  3.2522563930e-02 
1561.000  2.3241279400e-01  3.3321254730e-02 
1562.000  2.3230421700e-01  3.3329776760e-02 
1563.000  2.2883106800e-01  3.2865432740e-02 
1564.000  2.2417126200e-01  3.2218273160e-02 
1565.000  2.2742495100e-01  3.2699066160e-02 
1566.000  2.2311609500e-01  3.2127601620e-02 
1567.000  2.2275706300e-01  3.2080245970e-02 
1568.000  2.1759830500e-01  3.1319978710e-02 
1569.000  2.1777856800e-01  3.1319692610e-02 
1570.000  2.1171958900e-01  3.0443010330e-02 
1571.000  2.1739267400e-01  3.1297737120e-02 
1572.000  2.1722604700e-01  3.1297262190e-02 
1573.000  2.1392684900e-01  3.0878686900e-02 
1574.000  2.1477076000e-01  3.1072042470e-02 
1575.000  1.9954219800e-01  2.8922147750e-02 
1576.000  2.1437427300e-01  3.1106174470e-02 
1577.000  1.9364706700e-01  2.8131530760e-02 
1578.000  2.1200282900e-01  3.0834310530e-02 
1579.000  2.1332644900e-01  3.1074443820e-02 
1580.000  2.1787828200e-01  3.1804553990e-02 
1581.000  2.1643365100e-01  3.1634222030e-02 
1582.000  2.1228309500e-01  3.1114717480e-02 
1583.000  2.1509013500e-01  3.1610240940e-02 
1584.000  2.1335829000e-01  3.1441656110e-02 
1585.000  2.1980836600e-01  3.2468402860e-02 
1586.000  2.1704807400e-01  3.2110218050e-02 
1587.000  2.1478704000e-01  3.1848087310e-02 
1588.000  2.1163597700e-01  3.1449123380e-02 
1589.000  1.9362467400e-01  2.8813562390e-02 
1590.000  2.0860018500e-01  3.1079269410e-02 
1591.000  2.0392776000e-01  3.0413257600e-02 
1592.000  2.1460676500e-01  3.2018432620e-02 
1593.000  2.1922304400e-01  3.2711608890e-02 
1594.000  2.1734695400e-01  3.2437793730e-02 
1595.000  2.1831925100e-01  3.2591945650e-02 
1596.000  2.0450696500e-01  3.0560670850e-02 
1597.000  2.1209976600e-01  3.1693500520e-02 
1598.000  2.1501418300e-01  3.2114448550e-02 
1599.000  2.0657323900e-01  3.0828910830e-02 
1600.000  2.0902539900e-01  3.1180181500e-02 
1601.000  2.0022571400e-01  2.9896671300e-02 
1602.000  2.0509420300e-01  3.0654363630e-02 
1603.000  2.0386616900e-01  3.0531457900e-02 
1604.000  2.0691210800e-01  3.1057199480e-02 
1605.000  2.0385248000e-01  3.0632362370e-02 
1606.000  2.0321373800e-01  3.0580263140e-02 
1607.000  2.0390129600e-01  3.0690149310e-02 
1608.000  2.0609601200e-01  3.1028266910e-02 
1609.000  2.0530365000e-01  3.0930459980e-02 
1610.000  1.9263965400e-01  2.9047548290e-02 
1611.000  1.9878895800e-01  3.0030492780e-02 
1612.000  2.0125866600e-01  3.0464084630e-02 
1613.000  2.0628058700e-01  3.1283700940e-02 
1614.000  2.0425536100e-01  3.0994512560e-02 
1615.000  2.0802850000e-01  3.1618158340e-02 
1616.000  1.9530625400e-01  2.9722707750e-02 
1617.000  2.0141302100e-01  3.0717269900e-02 
1618.000  2.0768806300e-01  3.1704177860e-02 
1619.000  2.0740671800e-01  3.1727596280e-02 
1620.000  2.0251559800e-01  3.1042303090e-02 
1621.000  1.9978818700e-01  3.0673160550e-02 
1622.000  2.0481615700e-01  3.1465192790e-02 
1623.000  2.0909877700e-01  3.2157188420e-02 
1624.000  2.1062749000e-01  3.2418964390e-02 
1625.000  2.0561180400e-01  3.1704061510e-02 
1626.000  2.0791268900e-01  3.2048034670e-02 
1627.000  2.0767408400e-01  3.2039321900e-02 
1628.000  2.0925165800e-01  3.2293838500e-02 
1629.000  2.0911468700e-01  3.2280159000e-02 
1630.000  2.0324927900e-01  3.1368892670e-02 
1631.000  2.0642760100e-01  3.1873622890e-02 
1632.000  2.0625427400e-01  3.1819032670e-02 
1633.000  2.0353266400e-01  3.1399414060e-02 
1634.000  1.9856992400e-01  3.0622140880e-02 
1635.000  2.0389239100e-01  3.1447109220e-02 
1636.000  2.0312558900e-01  3.1322528840e-02 
1637.000  1.9381122300e-01  2.9878190990e-02 
1638.000  1.9239536000e-01  2.9664758680e-02 
1639.000  1.9011184500e-01  2.9290233610e-02 
1640.000  1.9105809100e-01  2.9432300570e-02 
1641.000  1.8969379600e-01  2.9220140460e-02 
1642.000  1.8945565400e-01  2.9216880800e-02 
1643.000  1.9425637700e-01  2.9979341510e-02 
1644.000  1.9118351200e-01  2.9522106170e-02 
1645.000  1.9148178300e-01  2.9578197480e-02 
1646.000  1.9378222100e-01  2.9965263370e-02 
1647.000  1.9558339700e-01  3.0261507030e-02 
1648.000  1.9469977600e-01  3.0127058030e-02 
1649.000  1.9022578500e-01  2.9448383330e-02 
1650.000  1.9504595400e-01  3.0214826580e-02 
1651.000  1.9069101400e-01  2.9546741490e-02 
1652.000  1.9448244500e-01  3.0128015520e-02 
1653.000  1.9248007200e-01  2.9837533950e-02 
1654.000  1.9463882300e-01  3.0183361050e-02 
1655.000  1.9095293200e-01  2.9637514110e-02 
1656.000  1.9477811300e-01  3.0251077650e-02 
1657.000  1.9336280600e-01  3.0042049410e-02 
1658.000  1.9458176500e-01  3.0257591250e-02 
1659.000  1.9104305300e-01  2.9718559270e-02 
1660.000  1.9325087800e-01  3.0058023450e-02 
1661.000  1.9400371800e-01  3.0174360280e-02 
1662.000  1.9254602400e-01  2.9930582050e-02 
1663.000  1.9127140700e-01  2.9732795720e-02 
1664.000  1.9037857800e-01  2.9592647550e-02 
1665.000  1.8843845900e-01  2.9282873150e-02 
1666.000  1.8766840800e-01  2.9184869770e-02 
1667.000  1.8958555300e-01  2.9531353000e-02 
1668.000  1.8637348300e-01  2.9041919710e-02 
1669.000  1.8689856700e-01  2.9146642680e-02 
1670.000  1.9110021800e-01  2.9823221210e-02 
1671.000  1.8970195200e-01  2.9616045000e-02 
1672.000  1.8071723000e-01  2.8224994660e-02 
1673.000  1.8587987600e-01  2.9021232600e-02 
1674.000  1.8662878200e-01  2.9135915760e-02 
1675.000  1.8489500600e-01  2.8877042770e-02 
1676.000  1.8190603200e-01  2.8409029010e-02 
1677.000  1.8283726800e-01  2.8561876300e-02 
1678.000  1.8384949800e-01  2.8739068980e-02 
1679.000  1.8140836800e-01  2.8357673650e-02 
1680.000  1.7519081200e-01  2.7402572630e-02 
1681.000  1.6911764300e-01  2.6460548400e-02 
1682.000  1.7400236900e-01  2.7223648070e-02 
1683.000  1.7829336300e-01  2.7886562350e-02 
1684.000  1.8158833700e-01  2.8394727710e-02 
1685.000  1.8210761200e-01  2.8446046830e-02 
1686.000  1.7991096300e-01  2.8099586490e-02 
1687.000  1.8060527200e-01  2.8158550260e-02 
1688.000  1.8069803900e-01  2.8132080080e-02 
1689.000  1.7851843600e-01  2.7787876130e-02 
1690.000  1.7837263500e-01  2.7717851640e-02 
1691.000  1.8068035600e-01  2.8069318770e-02 
1692.000  1.8100549600e-01  2.8118379590e-02 
1693.000  1.8036493700e-01  2.8024995800e-02 
1694.000  1.8009568700e-01  2.7981775280e-02 
1695.000  1.8014197900e-01  2.7962253570e-02 
1696.000  1.7908757900e-01  2.7787261960e-02 
1697.000  1.7796031000e-01  2.7583770750e-02 
1698.000  1.7901570300e-01  2.7726898190e-02 
1699.000  1.7785995600e-01  2.7535757060e-02 
1700.000  1.7560816500e-01  2.7176345830e-02 
