 lambda   Irr_dw            Rad_up 
 550.000  1.5523904000e+00  2.4155406190e-01 
 551.000  1.5420195000e+00  2.3991389470e-01 
 552.000  1.6077300000e+00  2.5015513610e-01 
 553.000  1.5440932000e+00  2.4021752930e-01 
 554.000  1.5938863000e+00  2.4797200010e-01 
 555.000  1.5977347000e+00  2.4852040100e-01 
 556.000  1.5531050000e+00  2.4153234860e-01 
 557.000  1.5064783000e+00  2.3428840640e-01 
 558.000  1.5631563000e+00  2.4305506900e-01 
 559.000  1.4770255000e+00  2.2963667300e-01 
 560.000  1.4830369000e+00  2.3057168580e-01 
 561.000  1.6294128000e+00  2.5326153560e-01 
 562.000  1.4952140000e+00  2.3234928890e-01 
 563.000  1.5638666000e+00  2.4294903560e-01 
 564.000  1.5414100000e+00  2.3936054990e-01 
 565.000  1.5593095000e+00  2.4208441160e-01 
 566.000  1.4372679000e+00  2.2307949830e-01 
 567.000  1.5412240000e+00  2.3898623660e-01 
 568.000  1.5364676000e+00  2.3751437380e-01 
 569.000  1.5043548000e+00  2.3098100280e-01 
 570.000  1.5120363000e+00  2.3238093570e-01 
 571.000  1.4589081000e+00  2.2528938290e-01 
 572.000  1.5408977000e+00  2.3688296510e-01 
 573.000  1.5571137000e+00  2.3967504880e-01 
 574.000  1.5483427000e+00  2.3838327030e-01 
 575.000  1.5101589000e+00  2.3239895630e-01 
 576.000  1.4824923000e+00  2.2808934020e-01 
 577.000  1.5439639000e+00  2.3779534910e-01 
 578.000  1.4989965000e+00  2.3128059390e-01 
 579.000  1.4875289000e+00  2.2971394350e-01 
 580.000  1.5387056000e+00  2.3779876710e-01 
 581.000  1.5109377000e+00  2.3377928160e-01 
 582.000  1.5334742000e+00  2.3733319090e-01 
 583.000  1.5439513000e+00  2.3898071290e-01 
 584.000  1.5388413000e+00  2.3813600160e-01 
 585.000  1.5284882000e+00  2.3646588130e-01 
 586.000  1.4625946000e+00  2.2625289920e-01 
 587.000  1.5193643000e+00  2.3440719600e-01 
 588.000  1.5026936000e+00  2.2965832520e-01 
 589.000  1.3312343000e+00  2.0067236330e-01 
 590.000  1.3898019000e+00  2.0931292720e-01 
 591.000  1.4770590000e+00  2.2443527220e-01 
 592.000  1.4483907000e+00  2.1894741820e-01 
 593.000  1.4640104000e+00  2.2357920840e-01 
 594.000  1.4771182000e+00  2.2503291320e-01 
 595.000  1.4484067000e+00  2.1901164250e-01 
 596.000  1.4846567000e+00  2.2684747310e-01 
 597.000  1.4888926000e+00  2.2693653870e-01 
 598.000  1.4585253000e+00  2.2329486080e-01 
 599.000  1.4589065000e+00  2.2376530460e-01 
 600.000  1.4593714000e+00  2.2475640870e-01 
 601.000  1.4512313000e+00  2.2415226750e-01 
 602.000  1.4353497000e+00  2.2189601140e-01 
 603.000  1.4439921000e+00  2.2345857240e-01 
 604.000  1.4897003000e+00  2.3072451780e-01 
 605.000  1.4858275000e+00  2.3014581300e-01 
 606.000  1.4685175000e+00  2.2750582890e-01 
 607.000  1.4601703000e+00  2.2620169070e-01 
 608.000  1.4547191000e+00  2.2532600400e-01 
 609.000  1.4396934000e+00  2.2300006100e-01 
 610.000  1.4165427000e+00  2.1937994380e-01 
 611.000  1.4394463000e+00  2.2292889400e-01 
 612.000  1.4206083000e+00  2.2001344300e-01 
 613.000  1.3997583000e+00  2.1676142880e-01 
 614.000  1.3486493000e+00  2.0885551450e-01 
 615.000  1.4136978000e+00  2.1888989260e-01 
 616.000  1.3440616000e+00  2.0811767580e-01 
 617.000  1.3515629000e+00  2.0927262880e-01 
 618.000  1.4152362000e+00  2.1907592770e-01 
 619.000  1.4021755000e+00  2.1706567380e-01 
 620.000  1.4227914000e+00  2.2019393920e-01 
 621.000  1.4471535000e+00  2.2393814090e-01 
 622.000  1.3707246000e+00  2.1205718990e-01 
 623.000  1.3813020000e+00  2.1359716800e-01 
 624.000  1.3826784000e+00  2.1380421450e-01 
 625.000  1.3451261000e+00  2.0796011350e-01 
 626.000  1.3518170000e+00  2.0880989070e-01 
 627.000  1.3741254000e+00  2.1147793580e-01 
 628.000  1.3549377000e+00  2.0706880190e-01 
 629.000  1.3892480000e+00  2.1282958980e-01 
 630.000  1.3432066000e+00  2.0643093870e-01 
 631.000  1.3925700000e+00  2.1424246220e-01 
 632.000  1.2969739000e+00  1.9892805480e-01 
 633.000  1.3923783000e+00  2.1432713320e-01 
 634.000  1.3505798000e+00  2.0812615970e-01 
 635.000  1.3752243000e+00  2.1190348820e-01 
 636.000  1.3267661000e+00  2.0456845090e-01 
 637.000  1.3705221000e+00  2.1139884950e-01 
 638.000  1.3919088000e+00  2.1505084230e-01 
 639.000  1.3803635000e+00  2.1321592710e-01 
 640.000  1.3370520000e+00  2.0675825500e-01 
 641.000  1.3563091000e+00  2.0971456910e-01 
 642.000  1.3400158000e+00  2.0731387330e-01 
 643.000  1.3633260000e+00  2.1064537050e-01 
 644.000  1.3476421000e+00  2.0818026730e-01 
 645.000  1.3592589000e+00  2.0960717770e-01 
 646.000  1.3070605000e+00  1.9997729490e-01 
 647.000  1.3245342000e+00  2.0156227110e-01 
 648.000  1.3219262000e+00  2.0005622860e-01 
 649.000  1.3482818000e+00  2.0497242740e-01 
 650.000  1.2497449000e+00  1.9181781010e-01 
 651.000  1.3461629000e+00  2.0659417720e-01 
 652.000  1.3198075000e+00  2.0082986450e-01 
 653.000  1.3467886000e+00  2.0691091920e-01 
 654.000  1.3290607000e+00  2.0390097050e-01 
 655.000  1.2938251000e+00  1.9776753230e-01 
 656.000  1.0984542600e+00  1.6808691410e-01 
 657.000  1.1724123900e+00  1.7974029540e-01 
 658.000  1.3060217000e+00  2.0091432190e-01 
 659.000  1.3092179000e+00  2.0177014160e-01 
 660.000  1.3194849000e+00  2.0351898190e-01 
 661.000  1.3253722000e+00  2.0495062260e-01 
 662.000  1.3444683000e+00  2.0812335210e-01 
 663.000  1.3294672000e+00  2.0571401980e-01 
 664.000  1.3083263000e+00  2.0250939940e-01 
 665.000  1.3139932000e+00  2.0343145750e-01 
 666.000  1.3298032000e+00  2.0599021910e-01 
 667.000  1.3033882000e+00  2.0191612240e-01 
 668.000  1.3107742000e+00  2.0316995240e-01 
 669.000  1.3294410000e+00  2.0611146550e-01 
 670.000  1.3138174000e+00  2.0364723210e-01 
 671.000  1.2995747900e+00  2.0147343440e-01 
 672.000  1.2954245500e+00  2.0083000180e-01 
 673.000  1.3046387100e+00  2.0224977110e-01 
 674.000  1.3071253400e+00  2.0264561460e-01 
 675.000  1.2871412800e+00  1.9953198240e-01 
 676.000  1.3113994200e+00  2.0330134580e-01 
 677.000  1.2852724300e+00  1.9926135250e-01 
 678.000  1.3065094900e+00  2.0254557800e-01 
 679.000  1.2880202400e+00  1.9964364620e-01 
 680.000  1.2780720400e+00  1.9803729250e-01 
 681.000  1.2793760300e+00  1.9815332030e-01 
 682.000  1.2766771100e+00  1.9768267820e-01 
 683.000  1.2850003000e+00  1.9889483640e-01 
 684.000  1.2617141000e+00  1.9516766360e-01 
 685.000  1.2759423500e+00  1.9743553160e-01 
 686.000  1.2196744500e+00  1.8843965150e-01 
 687.000  1.1270247600e+00  1.6897496030e-01 
 688.000  1.1571328600e+00  1.7519287110e-01 
 689.000  1.1515544900e+00  1.7380824280e-01 
 690.000  1.1722710800e+00  1.7784461980e-01 
 691.000  1.1961595800e+00  1.8235896300e-01 
 692.000  1.1992975800e+00  1.8288471980e-01 
 693.000  1.1981441000e+00  1.8051481630e-01 
 694.000  1.2000873800e+00  1.7883006290e-01 
 695.000  1.1872225700e+00  1.7787869260e-01 
 696.000  1.2057487100e+00  1.8127059940e-01 
 697.000  1.2290161200e+00  1.8812480160e-01 
 698.000  1.2016927700e+00  1.8316404720e-01 
 699.000  1.2047963600e+00  1.8064871220e-01 
 700.000  1.1936729900e+00  1.7941410830e-01 
 701.000  1.1627235300e+00  1.7409806820e-01 
 702.000  1.1598822200e+00  1.7411129760e-01 
 703.000  1.1916574400e+00  1.8128367610e-01 
 704.000  1.1956165800e+00  1.8198384090e-01 
 705.000  1.1982009700e+00  1.8133775330e-01 
 706.000  1.1866178800e+00  1.7976959230e-01 
 707.000  1.1709085700e+00  1.7774076840e-01 
 708.000  1.2073004100e+00  1.8365144350e-01 
 709.000  1.1692333700e+00  1.7864012150e-01 
 710.000  1.1905467600e+00  1.8099174500e-01 
 711.000  1.1839743400e+00  1.8084542850e-01 
 712.000  1.1719840400e+00  1.7976121520e-01 
 713.000  1.1631608000e+00  1.7777163700e-01 
 714.000  1.1815200100e+00  1.8031796260e-01 
 715.000  1.1340786700e+00  1.7207205200e-01 
 716.000  1.1573215500e+00  1.7454589840e-01 
 717.000  1.0844206700e+00  1.5794247440e-01 
 718.000  1.0516633900e+00  1.4989196780e-01 
 719.000  1.0297929500e+00  1.4557164000e-01 
 720.000  1.0228245000e+00  1.4294064330e-01 
 721.000  1.0844117800e+00  1.5935766600e-01 
 722.000  1.1222022400e+00  1.6782690430e-01 
 723.000  1.1067846400e+00  1.6383341980e-01 
 724.000  1.0764799700e+00  1.5484947200e-01 
 725.000  1.0699826400e+00  1.5453205870e-01 
 726.000  1.0661509600e+00  1.5377505490e-01 
 727.000  1.0869925400e+00  1.5739230350e-01 
 728.000  1.0625423700e+00  1.5319506840e-01 
 729.000  1.0334876500e+00  1.5062112430e-01 
 730.000  1.0690740200e+00  1.5552856450e-01 
 731.000  1.0484065100e+00  1.5221726990e-01 
 732.000  1.0911619700e+00  1.6132038880e-01 
 733.000  1.0959831400e+00  1.6495864870e-01 
 734.000  1.1291498800e+00  1.7141853330e-01 
 735.000  1.1161862100e+00  1.6891116330e-01 
 736.000  1.0885506000e+00  1.6379673770e-01 
 737.000  1.1078427300e+00  1.6739007570e-01 
 738.000  1.1116507800e+00  1.6895584110e-01 
 739.000  1.0784661300e+00  1.6434361270e-01 
 740.000  1.0949958100e+00  1.6782017520e-01 
 741.000  1.0898770400e+00  1.6763681030e-01 
 742.000  1.0733760100e+00  1.6534623720e-01 
 743.000  1.1082291100e+00  1.7127160640e-01 
 744.000  1.1201285500e+00  1.7337396240e-01 
 745.000  1.0920807700e+00  1.6923754880e-01 
 746.000  1.1081017100e+00  1.7186013790e-01 
 747.000  1.1247881800e+00  1.7446014400e-01 
 748.000  1.1053376000e+00  1.7154882810e-01 
 749.000  1.1058260800e+00  1.7168356320e-01 
 750.000  1.0892244900e+00  1.6903802490e-01 
 751.000  1.0864170800e+00  1.6860879520e-01 
 752.000  1.1035434500e+00  1.7137342830e-01 
 753.000  1.0932617400e+00  1.6980879210e-01 
 754.000  1.1104734100e+00  1.7250440980e-01 
 755.000  1.1041024100e+00  1.7152194210e-01 
 756.000  1.0824932900e+00  1.6817274480e-01 
 757.000  1.0904569800e+00  1.6941514590e-01 
 758.000  1.0881420700e+00  1.6899461360e-01 
 759.000  1.0052923600e+00  1.5362840270e-01 
 760.000  5.1259752000e-01  6.6413238530e-02 
 761.000  4.6298415000e-01  5.8587448120e-02 
 762.000  7.3999611000e-01  1.0528220370e-01 
 763.000  6.7115423000e-01  9.2465545650e-02 
 764.000  7.1753330000e-01  1.0043829350e-01 
 765.000  8.1981177000e-01  1.1890578460e-01 
 766.000  8.8698731000e-01  1.3298786930e-01 
 767.000  9.5082545000e-01  1.4467581180e-01 
 768.000  1.0219255600e+00  1.5700073240e-01 
 769.000  1.0396346800e+00  1.6074197390e-01 
 770.000  1.0447330200e+00  1.6200885010e-01 
 771.000  1.0503550800e+00  1.6315924070e-01 
 772.000  1.0474258400e+00  1.6277719120e-01 
 773.000  1.0434932900e+00  1.6220355220e-01 
 774.000  1.0549852600e+00  1.6402589420e-01 
 775.000  1.0154967600e+00  1.5791560360e-01 
 776.000  1.0574114900e+00  1.6447616580e-01 
 777.000  1.0500653600e+00  1.6333596800e-01 
 778.000  1.0443958900e+00  1.6243998720e-01 
 779.000  1.0477581500e+00  1.6294528200e-01 
 780.000  1.0347553400e+00  1.6093411250e-01 
 781.000  1.0331493100e+00  1.6071641540e-01 
 782.000  1.0455628900e+00  1.6261029050e-01 
 783.000  1.0210949400e+00  1.5882788090e-01 
 784.000  1.0266481800e+00  1.5963705440e-01 
 785.000  1.0284672500e+00  1.5968028260e-01 
 786.000  1.0094040200e+00  1.5640580750e-01 
 787.000  1.0212473800e+00  1.5749823000e-01 
 788.000  1.0043092900e+00  1.5452865600e-01 
 789.000  1.0043207300e+00  1.5326965330e-01 
 790.000  9.9364670000e-01  1.5151345830e-01 
 791.000  9.8960838000e-01  1.5113928220e-01 
 792.000  9.7490747000e-01  1.4909187320e-01 
 793.000  9.7623117000e-01  1.4979295350e-01 
 794.000  9.7109739000e-01  1.5008354190e-01 
 795.000  9.6280754000e-01  1.4811915590e-01 
 796.000  9.7106336000e-01  1.4775035100e-01 
 797.000  9.7948029000e-01  1.4952087400e-01 
 798.000  9.8513493000e-01  1.5146601870e-01 
 799.000  9.8313976000e-01  1.5090022280e-01 
 800.000  9.5378931000e-01  1.4563551330e-01 
 801.000  9.7201951000e-01  1.4850981140e-01 
 802.000  9.6966926000e-01  1.4805976870e-01 
 803.000  9.5636206000e-01  1.4614791870e-01 
 804.000  9.6673494000e-01  1.4811653140e-01 
 805.000  9.4354299000e-01  1.4525901790e-01 
 806.000  9.7107452000e-01  1.4990953060e-01 
 807.000  9.6514564000e-01  1.4902876280e-01 
 808.000  9.5828323000e-01  1.4771257020e-01 
 809.000  9.4058527000e-01  1.4468925480e-01 
 810.000  9.3474093000e-01  1.4346495060e-01 
 811.000  9.4631200000e-01  1.4461816410e-01 
 812.000  9.3847385000e-01  1.4256620790e-01 
 813.000  9.2859266000e-01  1.4004075620e-01 
 814.000  9.1945503000e-01  1.3740588380e-01 
 815.000  8.9964332000e-01  1.3293139650e-01 
 816.000  8.7856773000e-01  1.2799289700e-01 
 817.000  8.8460933000e-01  1.2895550540e-01 
 818.000  8.8029665000e-01  1.2844102480e-01 
 819.000  8.6075662000e-01  1.2620951840e-01 
 820.000  8.5830799000e-01  1.2783569340e-01 
 821.000  9.0357036000e-01  1.3701316830e-01 
 822.000  8.6563024000e-01  1.2943293760e-01 
 823.000  8.4150318000e-01  1.2122290040e-01 
 824.000  8.8487178000e-01  1.3153607180e-01 
 825.000  9.0270000000e-01  1.3706019590e-01 
 826.000  9.0502114000e-01  1.3691058350e-01 
 827.000  8.9962428000e-01  1.3571746830e-01 
 828.000  8.8521386000e-01  1.3171754460e-01 
 829.000  8.8926870000e-01  1.3295428470e-01 
 830.000  8.8006568000e-01  1.3230848690e-01 
 831.000  8.6569877000e-01  1.3032440190e-01 
 832.000  8.8384031000e-01  1.3314030460e-01 
 833.000  8.5901891000e-01  1.2986048890e-01 
 834.000  8.7481634000e-01  1.3276937870e-01 
 835.000  8.8221070000e-01  1.3488439940e-01 
 836.000  8.9062493000e-01  1.3589608760e-01 
 837.000  8.8301349000e-01  1.3469615170e-01 
 838.000  8.8883916000e-01  1.3610433960e-01 
 839.000  8.6256899000e-01  1.3238226320e-01 
 840.000  8.8617249000e-01  1.3610333250e-01 
 841.000  8.8694514000e-01  1.3587791440e-01 
 842.000  8.8270015000e-01  1.3551649480e-01 
 843.000  8.7967169000e-01  1.3580715940e-01 
 844.000  8.6637920000e-01  1.3408656310e-01 
 845.000  8.8010019000e-01  1.3636514280e-01 
 846.000  8.8851177000e-01  1.3785409550e-01 
 847.000  8.5848674000e-01  1.3339448550e-01 
 848.000  8.8271701000e-01  1.3683894350e-01 
 849.000  8.8443887000e-01  1.3717102050e-01 
 850.000  7.6424719000e-01  1.1837099460e-01 
 851.000  8.7497956000e-01  1.3533076480e-01 
 852.000  8.4182742000e-01  1.3024197390e-01 
 853.000  8.5236300000e-01  1.3212826540e-01 
 854.000  6.8520823000e-01  1.0621929930e-01 
 855.000  7.5459934000e-01  1.1712107850e-01 
 856.000  8.5689688000e-01  1.3326609800e-01 
 857.000  8.7080931000e-01  1.3559301760e-01 
 858.000  8.5695800000e-01  1.3349438480e-01 
 859.000  8.5704349000e-01  1.3365078740e-01 
 860.000  8.4947401000e-01  1.3255798340e-01 
 861.000  8.4935861000e-01  1.3254646300e-01 
 862.000  8.4657877000e-01  1.3212950130e-01 
 863.000  8.6274906000e-01  1.3469523620e-01 
 864.000  8.6102175000e-01  1.3440357970e-01 
 865.000  8.4497724000e-01  1.3196563720e-01 
 866.000  7.0875547000e-01  1.1071340180e-01 
 867.000  7.5472989000e-01  1.1782673650e-01 
 868.000  8.1852458000e-01  1.2782229610e-01 
 869.000  8.0702977000e-01  1.2603452300e-01 
 870.000  8.4029983000e-01  1.3126840210e-01 
 871.000  8.3910331000e-01  1.3106854250e-01 
 872.000  8.3572074000e-01  1.3048333740e-01 
 873.000  8.3904989000e-01  1.3103491210e-01 
 874.000  8.2063878000e-01  1.2812883000e-01 
 875.000  8.1307816000e-01  1.2699913020e-01 
 876.000  8.1980572000e-01  1.2800332640e-01 
 877.000  8.3612549000e-01  1.3049887080e-01 
 878.000  8.2168970000e-01  1.2819758610e-01 
 879.000  8.2358437000e-01  1.2851170350e-01 
 880.000  8.1874708000e-01  1.2763374330e-01 
 881.000  7.7615612000e-01  1.2097769930e-01 
 882.000  8.1897535000e-01  1.2755509190e-01 
 883.000  8.0029611000e-01  1.2474401860e-01 
 884.000  8.0708910000e-01  1.2589058690e-01 
 885.000  8.1528644000e-01  1.2688571170e-01 
 886.000  7.8845198000e-01  1.2254660030e-01 
 887.000  7.8043072000e-01  1.2143223570e-01 
 888.000  8.0377761000e-01  1.2499750520e-01 
 889.000  8.0922210000e-01  1.2598295590e-01 
 890.000  8.0655681000e-01  1.2543150330e-01 
 891.000  8.0173483000e-01  1.2438861850e-01 
 892.000  7.9738480000e-01  1.2318002320e-01 
 893.000  7.6126256000e-01  1.1602786250e-01 
 894.000  7.8341182000e-01  1.1865534210e-01 
 895.000  7.3340696000e-01  1.0905532070e-01 
 896.000  7.4745203000e-01  1.0923417660e-01 
 897.000  7.1478572000e-01  1.0267526250e-01 
 898.000  7.0871335000e-01  1.0093702700e-01 
 899.000  6.8725393000e-01  9.5671569820e-02 
 900.000  6.7305244000e-01  9.3951881410e-02 
 901.000  6.5343560000e-01  9.0693664550e-02 
 902.000  6.4224927000e-01  8.9265937810e-02 
 903.000  7.0779666000e-01  1.0216929630e-01 
 904.000  7.4206824000e-01  1.0960984040e-01 
 905.000  7.3926854000e-01  1.0921115110e-01 
 906.000  7.0688861000e-01  1.0292695620e-01 
 907.000  6.9573914000e-01  9.8732925420e-02 
 908.000  6.6383353000e-01  9.2610954280e-02 
 909.000  6.5134312000e-01  9.0913703920e-02 
 910.000  6.6127263000e-01  9.2525825500e-02 
 911.000  6.6935150000e-01  9.4746238710e-02 
 912.000  6.6598286000e-01  9.3688133240e-02 
 913.000  6.6019777000e-01  9.0735832210e-02 
 914.000  6.6639702000e-01  9.2641540530e-02 
 915.000  6.6359924000e-01  9.3168144230e-02 
 916.000  6.7303907000e-01  9.4703475950e-02 
 917.000  6.6680304000e-01  9.4292289730e-02 
 918.000  6.6896333000e-01  9.5212722780e-02 
 919.000  6.9688451000e-01  1.0149307250e-01 
 920.000  7.0443036000e-01  1.0423286440e-01 
 921.000  6.8590658000e-01  1.0110165410e-01 
 922.000  6.7946793000e-01  1.0013621520e-01 
 923.000  6.4728688000e-01  9.4816551210e-02 
 924.000  6.6539066000e-01  9.6460067750e-02 
 925.000  6.7347684000e-01  9.7468322750e-02 
 926.000  6.4930643000e-01  9.3802276610e-02 
 927.000  6.6259984000e-01  9.4474823000e-02 
 928.000  6.4970152000e-01  9.0636596680e-02 
 929.000  6.1622177000e-01  8.3291778560e-02 
 930.000  5.8313493000e-01  7.5385856630e-02 
 931.000  5.4681329000e-01  6.6546798710e-02 
 932.000  4.9384526000e-01  5.5064170840e-02 
 933.000  4.5800661000e-01  4.7948879240e-02 
 934.000  4.1475177000e-01  4.0616580960e-02 
 935.000  4.0453849000e-01  3.9271080020e-02 
 936.000  4.1721666000e-01  4.1550048830e-02 
 937.000  4.2234335000e-01  4.1823444370e-02 
 938.000  4.6054283000e-01  4.9109157560e-02 
 939.000  5.7065451000e-01  7.2596755980e-02 
 940.000  5.8262159000e-01  7.5679771420e-02 
 941.000  5.5660601000e-01  7.1070556640e-02 
 942.000  5.0487340000e-01  6.1234420780e-02 
 943.000  4.7686289000e-01  5.2618728640e-02 
 944.000  4.6001732000e-01  5.0391426090e-02 
 945.000  4.8429696000e-01  5.4808811190e-02 
 946.000  4.9186068000e-01  5.5788238530e-02 
 947.000  5.0618770000e-01  5.9227298740e-02 
 948.000  5.1934974000e-01  6.1876049040e-02 
 949.000  5.1953030000e-01  6.1774436950e-02 
 950.000  5.1863145000e-01  6.1951221470e-02 
 951.000  5.3778480000e-01  6.6795372010e-02 
 952.000  5.1370202000e-01  6.1245281220e-02 
 953.000  5.2886896000e-01  6.4972633360e-02 
 954.000  5.4112553000e-01  6.8516502380e-02 
 955.000  4.9202404000e-01  6.0872074130e-02 
 956.000  5.2144466000e-01  6.4218757630e-02 
 957.000  5.6470040000e-01  7.4527046200e-02 
 958.000  5.7448521000e-01  7.6434860230e-02 
 959.000  5.6936885000e-01  7.5086677550e-02 
 960.000  5.6181062000e-01  7.3910865780e-02 
 961.000  5.5214329000e-01  7.2305038450e-02 
 962.000  5.5806949000e-01  7.3451354980e-02 
 963.000  5.8009790000e-01  7.8750289920e-02 
 964.000  5.7666421000e-01  7.8639007570e-02 
 965.000  5.8143850000e-01  7.9108459470e-02 
 966.000  5.6578324000e-01  7.7134361270e-02 
 967.000  5.9885628000e-01  8.3352760310e-02 
 968.000  6.1873333000e-01  8.9101058960e-02 
 969.000  6.3436553000e-01  9.2777801510e-02 
 970.000  6.3669343000e-01  9.3210556030e-02 
 971.000  6.3074581000e-01  9.2317672730e-02 
 972.000  6.3190142000e-01  9.2089118960e-02 
 973.000  6.1819862000e-01  8.9202369690e-02 
 974.000  5.9935561000e-01  8.5453163150e-02 
 975.000  5.9627544000e-01  8.4364906310e-02 
 976.000  6.1100303000e-01  8.7280532840e-02 
 977.000  6.0748738000e-01  8.8157661440e-02 
 978.000  6.2145946000e-01  9.0092704770e-02 
 979.000  6.0641941000e-01  8.8295135500e-02 
 980.000  6.2723371000e-01  9.2829650880e-02 
 981.000  6.3422992000e-01  9.4222305300e-02 
 982.000  6.3009049000e-01  9.3287719730e-02 
 983.000  6.3462810000e-01  9.4768722530e-02 
 984.000  6.3678648000e-01  9.5944694520e-02 
 985.000  6.4011025000e-01  9.6947059630e-02 
 986.000  6.3955395000e-01  9.7519409180e-02 
 987.000  6.4892819000e-01  9.9245361330e-02 
 988.000  6.4128766000e-01  9.8153175350e-02 
 989.000  6.3341057000e-01  9.6995620730e-02 
 990.000  6.3927463000e-01  9.7969276430e-02 
 991.000  6.4621110000e-01  9.9301940920e-02 
 992.000  6.4069845000e-01  9.8543052670e-02 
 993.000  6.4082771000e-01  9.8606277470e-02 
 994.000  6.4555335000e-01  9.9575942990e-02 
 995.000  6.4183402000e-01  9.9179496770e-02 
 996.000  6.4169049000e-01  9.9172256470e-02 
 997.000  6.4170283000e-01  9.9088264470e-02 
 998.000  6.3858014000e-01  9.8509391780e-02 
 999.000  6.3670437000e-01  9.8193267820e-02 
1000.000  6.3184226000e-01  9.7492790220e-02 
1001.000  6.3384632000e-01  9.7582229610e-02 
1002.000  6.3049470000e-01  9.6708137510e-02 
1003.000  6.2367350000e-01  9.5767784120e-02 
1004.000  6.1978200000e-01  9.5400505070e-02 
1005.000  5.7960837000e-01  8.9322532650e-02 
1006.000  6.1005362000e-01  9.4066612240e-02 
1007.000  6.2072531000e-01  9.5659423830e-02 
1008.000  6.2147073000e-01  9.5490386960e-02 
1009.000  6.1517588000e-01  9.4148628230e-02 
1010.000  6.1857123000e-01  9.4862953190e-02 
1011.000  6.1786631000e-01  9.5192955020e-02 
1012.000  6.1904305000e-01  9.5552932740e-02 
1013.000  6.1532454000e-01  9.5123428340e-02 
1014.000  6.1957105000e-01  9.5862991330e-02 
1015.000  6.0817636000e-01  9.4139312740e-02 
1016.000  6.1239906000e-01  9.4880317690e-02 
1017.000  6.0647268000e-01  9.4019104000e-02 
1018.000  6.1402450000e-01  9.5150939940e-02 
1019.000  5.9921114000e-01  9.2736724850e-02 
1020.000  5.9821236000e-01  9.2636947630e-02 
1021.000  6.0470915000e-01  9.3744834900e-02 
1022.000  5.9470578000e-01  9.2013641360e-02 
1023.000  6.0533928000e-01  9.3506057740e-02 
1024.000  6.0179119000e-01  9.2866668700e-02 
1025.000  6.0294536000e-01  9.3310325620e-02 
1026.000  6.0422834000e-01  9.3645172120e-02 
1027.000  6.0032759000e-01  9.3026718140e-02 
1028.000  6.0193814000e-01  9.3356498720e-02 
1029.000  5.9327867000e-01  9.2166999820e-02 
1030.000  5.9975794000e-01  9.3324249270e-02 
1031.000  5.9811403000e-01  9.3166015620e-02 
1032.000  5.9619888000e-01  9.2945663450e-02 
1033.000  5.8525468000e-01  9.1264144900e-02 
1034.000  5.9097035000e-01  9.2194847110e-02 
1035.000  5.8324960000e-01  9.1002845760e-02 
1036.000  5.9288702000e-01  9.2533935550e-02 
1037.000  5.8039948000e-01  9.0605918880e-02 
1038.000  5.8613600000e-01  9.1519393920e-02 
1039.000  5.8852131000e-01  9.1889244080e-02 
1040.000  5.8154891000e-01  9.0802421570e-02 
1041.000  5.8457418000e-01  9.1273422240e-02 
1042.000  5.8630092000e-01  9.1548194890e-02 
1043.000  5.7617617000e-01  8.9975578310e-02 
1044.000  5.8190086000e-01  9.0871429440e-02 
1045.000  5.7934766000e-01  9.0481491090e-02 
1046.000  5.6248930000e-01  8.7867607120e-02 
1047.000  5.7280213000e-01  8.9496902470e-02 
1048.000  5.7847544000e-01  9.0408706670e-02 
1049.000  5.7475274000e-01  8.9859375000e-02 
1050.000  5.7233233000e-01  8.9483772280e-02 
1051.000  5.7130597000e-01  8.9292099000e-02 
1052.000  5.6862080000e-01  8.8851020810e-02 
1053.000  5.6718020000e-01  8.8619827270e-02 
1054.000  5.6295337000e-01  8.7920120240e-02 
1055.000  5.6704310000e-01  8.8520736690e-02 
1056.000  5.6550737000e-01  8.8253639220e-02 
1057.000  5.6443616000e-01  8.8010231020e-02 
1058.000  5.5836086000e-01  8.6918601990e-02 
1059.000  5.4080954000e-01  8.4219482420e-02 
1060.000  5.6037746000e-01  8.7375930790e-02 
1061.000  5.4071516000e-01  8.4309082030e-02 
1062.000  5.5561157000e-01  8.6551467900e-02 
1063.000  5.4619852000e-01  8.5068595890e-02 
1064.000  5.5293182000e-01  8.6037170410e-02 
1065.000  5.5209116000e-01  8.5786994930e-02 
1066.000  5.3517918000e-01  8.3159645080e-02 
1067.000  5.4780814000e-01  8.5065879820e-02 
1068.000  5.4505874000e-01  8.4419425960e-02 
1069.000  5.0372643000e-01  7.7891639710e-02 
1070.000  5.3368203000e-01  8.2545860290e-02 
1071.000  5.3414888000e-01  8.2483657840e-02 
1072.000  5.3553175000e-01  8.2566734310e-02 
1073.000  5.1783252000e-01  7.9812423710e-02 
1074.000  5.3604055000e-01  8.2637168880e-02 
1075.000  5.1998766000e-01  8.0343177800e-02 
1076.000  5.3101573000e-01  8.1921875000e-02 
1077.000  5.2932350000e-01  8.1498336790e-02 
1078.000  5.3008564000e-01  8.1428474430e-02 
1079.000  5.0958760000e-01  7.8249862670e-02 
1080.000  5.2302454000e-01  7.9835327150e-02 
1081.000  5.0369233000e-01  7.6853195190e-02 
1082.000  5.1084143000e-01  7.8126899720e-02 
1083.000  4.9618572000e-01  7.5628616330e-02 
1084.000  5.1410700000e-01  7.8075843810e-02 
1085.000  5.0486926000e-01  7.6047348020e-02 
1086.000  5.1206600000e-01  7.7256401060e-02 
1087.000  4.8330847000e-01  7.3547080990e-02 
1088.000  5.1268914000e-01  7.8060623170e-02 
1089.000  4.8984225000e-01  7.3802253720e-02 
1090.000  4.9983900000e-01  7.5170150760e-02 
1091.000  5.0375357000e-01  7.5915557860e-02 
1092.000  4.9037898000e-01  7.3514518740e-02 
1093.000  4.8048288000e-01  7.1201751710e-02 
1094.000  4.3564812600e-01  6.4217117310e-02 
1095.000  4.7183505000e-01  6.9582122800e-02 
1096.000  4.7316005000e-01  6.9825683590e-02 
1097.000  4.6309107000e-01  6.8122497560e-02 
1098.000  4.4574703800e-01  6.3751663210e-02 
1099.000  4.3542080900e-01  6.0790538790e-02 
1100.000  4.4371508300e-01  6.2036888120e-02 
1101.000  4.4437442300e-01  6.2319152830e-02 
1102.000  4.2520164700e-01  5.9514064790e-02 
1103.000  4.4315857700e-01  6.2142387390e-02 
1104.000  4.3795503700e-01  6.1148761750e-02 
1105.000  4.3219616900e-01  5.9717048650e-02 
1106.000  4.2336788100e-01  5.7894939420e-02 
1107.000  4.2420302500e-01  5.8121509550e-02 
1108.000  4.2386998800e-01  5.8133583070e-02 
1109.000  4.3037043400e-01  5.9470420840e-02 
1110.000  4.3212767800e-01  5.9556823730e-02 
1111.000  4.2415028400e-01  5.8118480680e-02 
1112.000  4.0777422700e-01  5.4585758210e-02 
1113.000  3.8904691100e-01  5.0181499480e-02 
1114.000  3.8883616000e-01  4.9474815370e-02 
1115.000  3.6320935800e-01  4.3669673920e-02 
1116.000  3.4503181800e-01  3.9978370670e-02 
1117.000  3.1602250500e-01  3.3750934600e-02 
1118.000  2.8206066400e-01  2.7822864530e-02 
1119.000  2.5820822400e-01  2.4245321270e-02 
1120.000  2.3803675500e-01  2.0967086790e-02 
1121.000  2.3495174100e-01  2.0356908800e-02 
1122.000  2.1117954200e-01  1.6956567760e-02 
1123.000  2.2503353100e-01  1.8777286530e-02 
1124.000  2.3398920300e-01  1.9992042540e-02 
1125.000  2.2483073200e-01  1.8947111130e-02 
1126.000  2.1878187400e-01  1.8341939930e-02 
1127.000  2.2795122200e-01  1.9250326160e-02 
1128.000  2.2716836500e-01  1.9450428010e-02 
1129.000  2.4998819300e-01  2.2814468380e-02 
1130.000  2.9880355200e-01  3.0786884310e-02 
1131.000  3.1574683400e-01  3.3620018010e-02 
1132.000  2.9777376400e-01  3.0237541200e-02 
1133.000  2.5554493300e-01  2.3806715010e-02 
1134.000  1.8688393100e-01  1.4049453740e-02 
1135.000  1.9453524000e-01  1.4944026950e-02 
1136.000  2.6170425100e-01  2.4746406560e-02 
1137.000  2.9997446500e-01  3.0889116290e-02 
1138.000  3.2048903200e-01  3.5824974060e-02 
1139.000  3.3652999700e-01  3.8683677670e-02 
1140.000  3.3150792700e-01  3.7499965670e-02 
1141.000  3.0994455000e-01  3.4016345980e-02 
1142.000  3.1408190200e-01  3.4059864040e-02 
1143.000  2.9516886400e-01  3.0907939910e-02 
1144.000  2.7788616400e-01  2.7993572240e-02 
1145.000  2.5701587200e-01  2.4407470700e-02 
1146.000  2.6502776200e-01  2.5511011120e-02 
1147.000  2.8413436300e-01  2.8587215420e-02 
1148.000  2.9675215400e-01  3.1003065110e-02 
1149.000  3.0367983400e-01  3.2212726590e-02 
1150.000  3.0242923000e-01  3.2162616730e-02 
1151.000  3.1029210800e-01  3.3820911410e-02 
1152.000  3.1393232900e-01  3.4619747160e-02 
1153.000  3.1962161900e-01  3.5847530360e-02 
1154.000  3.1986834600e-01  3.5744007110e-02 
1155.000  3.3270254800e-01  3.8419349670e-02 
1156.000  3.4116101200e-01  4.0799888610e-02 
1157.000  3.7058539800e-01  4.7224025730e-02 
1158.000  3.8095972500e-01  4.9660053250e-02 
1159.000  3.8418100900e-01  5.1010276790e-02 
1160.000  3.8277018300e-01  5.1201461790e-02 
1161.000  3.8329860200e-01  5.2174655910e-02 
1162.000  4.0362189600e-01  5.5685646060e-02 
1163.000  4.1319063200e-01  5.7907978060e-02 
1164.000  4.0662682600e-01  5.7177520750e-02 
1165.000  4.1497801700e-01  5.8467330930e-02 
1166.000  4.0577210300e-01  5.7380680080e-02 
1167.000  4.1331773900e-01  5.8577701570e-02 
1168.000  4.1652938700e-01  5.8984737400e-02 
1169.000  4.0319333300e-01  5.7226108550e-02 
1170.000  4.1504661700e-01  5.9026123050e-02 
1171.000  4.1972160100e-01  6.0003761290e-02 
1172.000  4.1676974500e-01  5.9400619510e-02 
1173.000  4.1226504200e-01  5.8587249760e-02 
1174.000  4.1256674700e-01  5.8640380860e-02 
1175.000  4.1201782600e-01  5.9037239070e-02 
1176.000  4.0590261000e-01  5.8596843720e-02 
1177.000  4.1657760400e-01  5.9922710420e-02 
1178.000  4.0579460200e-01  5.7948730470e-02 
1179.000  4.0398412400e-01  5.7690254210e-02 
1180.000  4.0829482500e-01  5.8153213500e-02 
1181.000  4.0267690700e-01  5.6968505860e-02 
1182.000  3.9966931400e-01  5.6168865200e-02 
1183.000  3.7687085300e-01  5.3006748200e-02 
1184.000  3.9584619800e-01  5.5886672970e-02 
1185.000  4.0599948500e-01  5.7858406070e-02 
1186.000  4.0213358100e-01  5.7147995000e-02 
1187.000  3.9726891800e-01  5.5924816130e-02 
1188.000  3.9407844800e-01  5.5355773930e-02 
1189.000  3.7394903400e-01  5.2836021420e-02 
1190.000  4.0007805300e-01  5.7378475190e-02 
1191.000  4.0864051300e-01  5.8866725920e-02 
1192.000  4.0971596100e-01  5.9402614590e-02 
1193.000  4.0915925000e-01  5.9230514530e-02 
1194.000  4.0787427300e-01  5.8991134640e-02 
1195.000  4.0006739300e-01  5.7497932430e-02 
1196.000  4.0025744600e-01  5.7580425260e-02 
1197.000  3.9858004200e-01  5.7165218350e-02 
1198.000  3.8484856400e-01  5.5160644530e-02 
1199.000  3.6870682500e-01  5.2645980830e-02 
1200.000  3.9305936300e-01  5.6249759670e-02 
1201.000  3.9631495000e-01  5.6781867980e-02 
1202.000  3.9722814100e-01  5.7010623930e-02 
1203.000  3.7678858400e-01  5.4015998840e-02 
1204.000  3.8364514400e-01  5.5114250180e-02 
1205.000  3.9784271400e-01  5.7767719270e-02 
1206.000  3.9789226500e-01  5.8054538730e-02 
1207.000  4.0157492300e-01  5.8706192020e-02 
1208.000  3.9500191300e-01  5.7649364470e-02 
1209.000  3.6918921000e-01  5.3739681240e-02 
1210.000  3.9302631800e-01  5.6950687410e-02 
1211.000  3.7960986400e-01  5.4973232270e-02 
1212.000  3.9205134600e-01  5.6841793060e-02 
1213.000  3.9565104300e-01  5.7612049100e-02 
1214.000  3.9358511000e-01  5.7280181880e-02 
1215.000  3.9566670400e-01  5.7682418820e-02 
1216.000  3.9743863100e-01  5.8340766910e-02 
1217.000  3.9905529100e-01  5.8931034090e-02 
1218.000  3.9863457700e-01  5.9045726780e-02 
1219.000  3.9540311500e-01  5.8677978520e-02 
1220.000  3.9814014100e-01  5.9090316770e-02 
1221.000  3.9766609600e-01  5.9054252620e-02 
1222.000  3.9564727400e-01  5.8767570500e-02 
1223.000  3.9398053900e-01  5.8567825320e-02 
1224.000  3.9851424600e-01  5.9456207280e-02 
1225.000  3.9663646400e-01  5.9232769010e-02 
1226.000  3.9844083600e-01  5.9580551150e-02 
1227.000  3.8560426800e-01  5.7777896880e-02 
1228.000  3.9847514200e-01  5.9856723790e-02 
1229.000  3.9862766300e-01  5.9998760220e-02 
1230.000  3.9793077200e-01  6.0028430940e-02 
1231.000  3.9830078400e-01  6.0165287020e-02 
1232.000  3.9394520000e-01  5.9546489720e-02 
1233.000  3.9712983900e-01  6.0057788850e-02 
1234.000  3.9680233800e-01  6.0175991060e-02 
1235.000  3.9435380000e-01  5.9870574950e-02 
1236.000  3.9685358000e-01  6.0300323490e-02 
1237.000  3.9710642400e-01  6.0401683810e-02 
1238.000  3.9695040800e-01  6.0409770970e-02 
1239.000  3.9247194900e-01  5.9752117160e-02 
1240.000  3.9069481100e-01  5.9508384700e-02 
1241.000  3.9410473700e-01  6.0041255950e-02 
1242.000  3.9170751500e-01  5.9684341430e-02 
1243.000  3.8724949300e-01  5.9015766140e-02 
1244.000  3.8360563300e-01  5.8454227450e-02 
1245.000  3.9008394100e-01  5.9444152830e-02 
1246.000  3.8692239400e-01  5.8941925050e-02 
1247.000  3.8483651100e-01  5.8599803920e-02 
1248.000  3.8764685700e-01  5.9006958010e-02 
1249.000  3.8614020500e-01  5.8770927430e-02 
1250.000  3.8445929700e-01  5.8495128630e-02 
1251.000  3.8162728300e-01  5.8050327300e-02 
1252.000  3.8018674600e-01  5.7796627040e-02 
1253.000  3.7672949800e-01  5.7232425690e-02 
1254.000  3.7708340700e-01  5.7197021480e-02 
1255.000  3.7599565400e-01  5.6980209350e-02 
1256.000  3.7479678000e-01  5.6761383060e-02 
1257.000  3.6994619800e-01  5.5962604520e-02 
1258.000  3.7002064600e-01  5.5830165860e-02 
1259.000  3.6478082200e-01  5.4928771970e-02 
1260.000  3.6390947100e-01  5.4667247770e-02 
1261.000  3.6168885000e-01  5.4189174650e-02 
1262.000  3.5064694800e-01  5.2287151340e-02 
1263.000  3.5362356000e-01  5.2659587860e-02 
1264.000  3.4727977000e-01  5.1677383420e-02 
1265.000  3.4760165600e-01  5.1709449770e-02 
1266.000  3.4845870400e-01  5.1740100860e-02 
1267.000  3.4037998100e-01  5.0445858000e-02 
1268.000  3.3529012400e-01  4.9605323790e-02 
1269.000  3.3764271500e-01  4.9913635250e-02 
1270.000  3.4582850700e-01  5.1338466640e-02 
1271.000  3.4975094000e-01  5.1998146060e-02 
1272.000  3.5033709000e-01  5.2173770900e-02 
1273.000  3.5150074000e-01  5.2460449220e-02 
1274.000  3.5120307900e-01  5.2562053680e-02 
1275.000  3.5414574300e-01  5.3044979100e-02 
1276.000  3.5523144100e-01  5.3207771300e-02 
1277.000  3.5527169600e-01  5.3178607940e-02 
1278.000  3.5458373200e-01  5.3024761200e-02 
1279.000  3.5255990200e-01  5.2717868800e-02 
1280.000  3.5146196000e-01  5.2655288700e-02 
1281.000  3.4238301800e-01  5.1386974330e-02 
1282.000  3.0480666900e-01  4.5828834530e-02 
1283.000  3.3503752900e-01  5.0402050020e-02 
1284.000  3.4892487500e-01  5.2477497100e-02 
1285.000  3.5176923100e-01  5.2913574220e-02 
1286.000  3.5122226900e-01  5.2742923740e-02 
1287.000  3.5249027600e-01  5.2789314270e-02 
1288.000  3.4699463800e-01  5.1509025570e-02 
1289.000  3.4804571500e-01  5.1511135100e-02 
1290.000  3.3992361200e-01  5.0271484380e-02 
1291.000  3.4516047500e-01  5.1066642760e-02 
1292.000  3.4803362800e-01  5.1616279600e-02 
1293.000  3.4847279500e-01  5.1647327420e-02 
1294.000  3.4152613100e-01  5.0379169460e-02 
1295.000  3.4286983100e-01  5.0239002230e-02 
1296.000  3.4067472000e-01  4.9573558810e-02 
1297.000  3.3657441800e-01  4.8704101560e-02 
1298.000  3.3338225600e-01  4.8182167050e-02 
1299.000  3.3660684600e-01  4.8589572910e-02 
1300.000  3.3491607900e-01  4.8279479980e-02 
1301.000  3.3393524500e-01  4.8030139920e-02 
1302.000  3.2824907800e-01  4.6994419100e-02 
1303.000  3.2226936300e-01  4.5610553740e-02 
1304.000  3.2090030500e-01  4.5177467350e-02 
1305.000  3.2214812300e-01  4.5231925960e-02 
1306.000  3.2193156500e-01  4.5079154970e-02 
1307.000  3.1991611100e-01  4.4648990630e-02 
1308.000  3.1693989500e-01  4.3896080020e-02 
1309.000  3.1300525300e-01  4.2923046110e-02 
1310.000  3.1127941800e-01  4.2616874690e-02 
1311.000  3.1042696900e-01  4.2470409390e-02 
1312.000  3.0499543500e-01  4.1269046780e-02 
1313.000  2.8888578700e-01  3.8591384890e-02 
1314.000  2.9340505800e-01  3.8746982570e-02 
1315.000  2.8562885100e-01  3.7884944920e-02 
1316.000  2.9560879300e-01  3.9474994660e-02 
1317.000  2.9861311700e-01  3.9834705350e-02 
1318.000  2.8921779800e-01  3.8054985050e-02 
1319.000  2.8557031300e-01  3.6860359190e-02 
1320.000  2.7485026500e-01  3.4626392360e-02 
1321.000  2.7031368500e-01  3.3675926210e-02 
1322.000  2.7538712200e-01  3.4814640050e-02 
1323.000  2.8227847000e-01  3.6194240570e-02 
1324.000  2.8554418800e-01  3.6857948300e-02 
1325.000  2.8315863000e-01  3.6325962070e-02 
1326.000  2.7607369600e-01  3.4863105770e-02 
1327.000  2.6153522000e-01  3.1763074870e-02 
1328.000  2.4839500500e-01  2.8680423740e-02 
1329.000  2.1429422400e-01  2.2533338550e-02 
1330.000  2.0824211600e-01  2.1139945980e-02 
1331.000  2.0275276700e-01  2.0097351070e-02 
1332.000  2.0055807400e-01  1.9975170140e-02 
1333.000  2.1157466800e-01  2.1452215190e-02 
1334.000  2.1999925300e-01  2.2852638240e-02 
1335.000  2.2594680800e-01  2.3880168910e-02 
1336.000  2.2584149200e-01  2.3995769500e-02 
1337.000  2.2839739100e-01  2.4305265430e-02 
1338.000  2.3215363500e-01  2.5017633440e-02 
1339.000  2.3266757400e-01  2.5177265170e-02 
1340.000  2.3429055200e-01  2.5626588820e-02 
1341.000  2.3824605300e-01  2.5787586210e-02 
1342.000  2.3814775900e-01  2.5742631910e-02 
1343.000  2.2910428000e-01  2.3531740190e-02 
1344.000  2.1523975300e-01  2.0816261290e-02 
1345.000  1.7807245100e-01  1.4877853390e-02 
1346.000  1.5189056400e-01  1.1127118110e-02 
1347.000  1.3472017900e-01  9.0456371310e-03 
1348.000  1.1168431300e-01  6.2951884270e-03 
1349.000  1.0157949070e-01  5.3233723640e-03 
1350.000  7.9123713000e-02  3.2830996510e-03 
1351.000  6.8307355000e-02  2.5351109500e-03 
1352.000  5.2246385200e-02  1.5052477120e-03 
1353.000  3.7031594300e-02  8.2708042860e-04 
1354.000  2.9610108700e-02  5.5347764490e-04 
1355.000  2.2989722000e-02  3.5553437470e-04 
1356.000  1.7384977700e-02  2.1689933540e-04 
1357.000  1.1883099710e-02  1.0969349740e-04 
1358.000  8.7943141400e-03  6.7132063210e-05 
1359.000  4.6371932800e-03  2.2906957190e-05 
1360.000  3.0667207900e-03  1.2071910310e-05 
1361.000  2.2822911100e-03  7.1976236070e-06 
1362.000  2.1000793400e-03  6.3302055930e-06 
1363.000  3.0298733600e-03  1.1021522810e-05 
1364.000  3.5132279600e-03  1.3782374560e-05 
1365.000  3.6785399200e-03  1.4532848260e-05 
1366.000  4.2481010300e-03  1.8126638610e-05 
1367.000  3.5684728100e-03  1.4204666020e-05 
1368.000  3.1641459100e-03  1.2275320480e-05 
1369.000  3.2446903800e-03  1.2904074040e-05 
1370.000  5.3662074000e-03  2.9806831850e-05 
1371.000  9.5567549200e-03  7.4266843500e-05 
1372.000  1.7696206700e-02  2.0394200090e-04 
1373.000  2.5103552800e-02  3.5840073230e-04 
1374.000  3.0483586900e-02  4.9426075820e-04 
1375.000  3.2500864000e-02  5.5376100540e-04 
1376.000  3.0145887200e-02  4.9078717830e-04 
1377.000  2.6837324400e-02  4.0100675820e-04 
1378.000  2.0455612900e-02  2.5607934590e-04 
1379.000  1.4046726510e-02  1.3860239090e-04 
1380.000  7.9669030900e-03  5.5590834470e-05 
1381.000  4.6085499800e-03  2.3259336130e-05 
1382.000  3.2226958600e-03  1.3148552740e-05 
1383.000  3.1180847100e-03  1.2272544210e-05 
1384.000  5.0718392800e-03  2.6328420270e-05 
1385.000  7.2001220900e-03  4.5930545780e-05 
1386.000  1.0997440280e-02  9.0058319270e-05 
1387.000  2.0206292300e-02  2.4559263890e-04 
1388.000  2.6781624400e-02  3.8372626900e-04 
1389.000  3.0764000000e-02  4.8714116220e-04 
1390.000  3.1403331100e-02  5.0801920890e-04 
1391.000  2.9315380600e-02  4.5097380880e-04 
1392.000  2.2163678400e-02  2.8547289970e-04 
1393.000  1.6942383100e-02  1.8623450400e-04 
1394.000  1.2979798700e-02  1.2163159250e-04 
1395.000  1.4631332700e-02  1.4681185780e-04 
1396.000  2.0077420500e-02  2.4102805550e-04 
1397.000  2.5909788700e-02  3.6430171130e-04 
1398.000  2.6682586600e-02  3.7957748770e-04 
1399.000  2.4913632100e-02  3.4345683460e-04 
1400.000  2.3296363100e-02  3.1143194440e-04 
1401.000  2.4765225700e-02  3.4687501190e-04 
1402.000  3.0702169300e-02  4.7969254850e-04 
1403.000  3.5348559300e-02  6.1605393890e-04 
1404.000  3.3248473800e-02  5.5183005330e-04 
1405.000  3.4827029800e-02  6.0516625640e-04 
1406.000  3.2294443500e-02  5.2760690450e-04 
1407.000  3.3492539000e-02  5.7148814200e-04 
1408.000  4.0143153300e-02  7.5853699450e-04 
1409.000  4.7056904100e-02  9.9309635160e-04 
1410.000  5.7714836200e-02  1.3760665660e-03 
1411.000  6.8649506500e-02  1.8698050980e-03 
1412.000  6.6323281800e-02  1.7973917720e-03 
1413.000  7.3148326800e-02  2.1316707130e-03 
1414.000  7.2119283400e-02  2.0425655840e-03 
1415.000  7.9726793000e-02  2.4625790120e-03 
1416.000  8.5660678100e-02  2.7650320530e-03 
1417.000  8.7866112800e-02  2.8979079720e-03 
1418.000  8.8649105000e-02  2.9146809580e-03 
1419.000  8.8464462000e-02  2.9446144100e-03 
1420.000  9.0565446100e-02  3.0424284930e-03 
1421.000  1.0185888020e-01  3.7009463310e-03 
1422.000  1.0428191150e-01  3.8941679000e-03 
1423.000  1.0544477410e-01  3.9987974170e-03 
1424.000  1.0508643360e-01  3.9563109870e-03 
1425.000  1.0389346660e-01  3.8362486360e-03 
1426.000  1.0016775090e-01  3.6950767040e-03 
1427.000  1.0609759120e-01  4.0265135770e-03 
1428.000  1.1205952420e-01  4.3346562390e-03 
1429.000  1.1366081650e-01  4.5087099080e-03 
1430.000  1.1089686230e-01  4.3914518360e-03 
1431.000  1.0331417880e-01  3.9317138200e-03 
1432.000  1.0101983860e-01  3.7474257950e-03 
1433.000  1.0073514170e-01  3.7256820200e-03 
1434.000  9.6083496500e-02  3.4793386460e-03 
1435.000  1.0315404270e-01  3.8848860260e-03 
1436.000  1.0572271970e-01  4.0451560020e-03 
1437.000  1.0740786600e-01  4.1422958370e-03 
1438.000  1.1387039330e-01  4.5672631260e-03 
1439.000  1.1597182860e-01  4.6652626990e-03 
1440.000  1.1119874150e-01  4.5249638560e-03 
1441.000  1.1810534380e-01  4.8381094930e-03 
1442.000  1.1329021500e-01  4.5826864240e-03 
1443.000  1.1532642150e-01  4.6753268240e-03 
1444.000  1.1792633320e-01  4.8344259260e-03 
1445.000  1.1816243140e-01  4.8608012200e-03 
1446.000  1.2367881990e-01  5.2043666840e-03 
1447.000  1.2705889100e-01  5.4558224680e-03 
1448.000  1.2850693700e-01  5.5394468310e-03 
1449.000  1.2598395590e-01  5.3635807040e-03 
1450.000  1.2047149130e-01  5.0259499550e-03 
1451.000  1.2182022950e-01  5.1427330970e-03 
1452.000  1.2715161300e-01  5.5859012600e-03 
1453.000  1.4168458400e-01  6.5811371800e-03 
1454.000  1.5417426300e-01  7.5593419080e-03 
1455.000  1.6014761700e-01  8.1127920150e-03 
1456.000  1.6725115700e-01  8.7427301410e-03 
1457.000  1.6994100200e-01  8.9307479860e-03 
1458.000  1.7326498400e-01  9.1689996720e-03 
1459.000  1.6839728600e-01  8.7389049530e-03 
1460.000  1.6072109100e-01  8.1994686130e-03 
1461.000  1.5763828500e-01  7.9878311160e-03 
1462.000  1.4915048000e-01  7.3698086740e-03 
1463.000  1.4816165800e-01  7.3500094410e-03 
1464.000  1.4624792800e-01  7.2183561330e-03 
1465.000  1.4300353600e-01  6.9296612740e-03 
1466.000  1.3327593900e-01  6.3018398280e-03 
1467.000  1.3230947200e-01  6.1501178740e-03 
1468.000  1.2416803410e-01  5.6580171590e-03 
1469.000  1.1778775540e-01  5.1746602060e-03 
1470.000  1.1437674500e-01  4.9696884160e-03 
1471.000  1.2137674270e-01  5.5698943140e-03 
1472.000  1.3365604700e-01  6.5273766520e-03 
1473.000  1.5020294000e-01  7.8926668170e-03 
1474.000  1.5743904600e-01  8.7277927400e-03 
1475.000  1.6023859400e-01  8.9357976910e-03 
1476.000  1.6049939900e-01  9.0054330830e-03 
1477.000  1.5705931500e-01  8.7432460780e-03 
1478.000  1.5091733500e-01  8.3379449840e-03 
1479.000  1.4792427600e-01  8.0617799760e-03 
1480.000  1.5100563100e-01  8.3920011520e-03 
1481.000  1.5382909500e-01  8.7840633390e-03 
1482.000  1.6077867100e-01  9.4555959700e-03 
1483.000  1.5899979800e-01  9.4668731690e-03 
1484.000  1.6003116300e-01  9.5999670030e-03 
1485.000  1.6233175000e-01  9.7683620450e-03 
1486.000  1.6370503700e-01  1.0112929340e-02 
1487.000  1.7372663700e-01  1.1236991880e-02 
1488.000  1.5224685400e-01  9.9460506440e-03 
1489.000  1.8683477800e-01  1.2923433300e-02 
1490.000  1.9766890800e-01  1.4347584720e-02 
1491.000  2.0473159600e-01  1.5281276700e-02 
1492.000  2.0101979200e-01  1.5170582770e-02 
1493.000  2.0845042400e-01  1.6037548070e-02 
1494.000  2.0814699000e-01  1.6160429000e-02 
1495.000  2.0987105000e-01  1.6613763810e-02 
1496.000  2.0950835000e-01  1.7015289310e-02 
1497.000  2.1461787500e-01  1.7584928510e-02 
1498.000  2.2169799300e-01  1.8578140260e-02 
1499.000  2.2268750600e-01  1.9066909790e-02 
1500.000  2.2955536100e-01  2.0003305440e-02 
1501.000  2.2825013900e-01  1.9938964840e-02 
1502.000  2.2457000400e-01  1.9627191540e-02 
1503.000  2.0061351500e-01  1.7569387440e-02 
1504.000  2.0994812900e-01  1.8555490490e-02 
1505.000  2.1257107300e-01  1.9093280790e-02 
1506.000  2.1550294600e-01  1.9478712080e-02 
1507.000  2.2832070800e-01  2.0945981980e-02 
1508.000  2.2631328300e-01  2.0984077450e-02 
1509.000  2.2883787400e-01  2.1452745440e-02 
1510.000  2.3293929500e-01  2.2003709790e-02 
1511.000  2.3508683100e-01  2.2389383320e-02 
1512.000  2.3140157300e-01  2.2188636780e-02 
1513.000  2.3131183300e-01  2.2308919910e-02 
1514.000  2.2814552800e-01  2.2104089740e-02 
1515.000  2.3345159500e-01  2.2779281620e-02 
1516.000  2.3154609400e-01  2.2710983280e-02 
1517.000  2.3092586500e-01  2.2801092150e-02 
1518.000  2.3664827000e-01  2.3578866960e-02 
1519.000  2.3486703400e-01  2.3632474900e-02 
1520.000  2.3846752800e-01  2.4273565290e-02 
1521.000  2.3507861900e-01  2.4099597930e-02 
1522.000  2.3371914000e-01  2.4041509630e-02 
1523.000  2.3974532300e-01  2.4773464200e-02 
1524.000  2.3766191200e-01  2.4611881260e-02 
1525.000  2.3192645000e-01  2.4065200810e-02 
1526.000  2.3856208000e-01  2.4838180540e-02 
1527.000  2.3645009200e-01  2.4734952930e-02 
1528.000  2.3855165600e-01  2.5090370180e-02 
1529.000  2.3780582300e-01  2.5086107250e-02 
1530.000  2.2295260000e-01  2.3640895840e-02 
1531.000  2.3859648200e-01  2.5424339290e-02 
1532.000  2.3746013300e-01  2.5432722090e-02 
1533.000  2.3649929100e-01  2.5438863750e-02 
1534.000  2.3302208300e-01  2.5168621060e-02 
1535.000  2.3401011000e-01  2.5381452560e-02 
1536.000  2.3714314500e-01  2.5814300540e-02 
1537.000  2.3808060200e-01  2.6035047530e-02 
1538.000  2.3175445100e-01  2.5464128490e-02 
1539.000  2.3677008500e-01  2.6134174350e-02 
1540.000  2.2822189600e-01  2.5292087550e-02 
1541.000  2.3303518100e-01  2.5909822460e-02 
1542.000  2.3442271900e-01  2.6140880580e-02 
1543.000  2.3378542200e-01  2.6158077240e-02 
1544.000  2.3678918600e-01  2.6591627120e-02 
1545.000  2.3769869800e-01  2.6807157520e-02 
1546.000  2.3791803100e-01  2.6943517680e-02 
1547.000  2.3560812900e-01  2.6786912920e-02 
1548.000  2.2864986100e-01  2.6090423580e-02 
1549.000  2.3451067900e-01  2.6842763900e-02 
1550.000  2.3319338400e-01  2.6770952220e-02 
1551.000  2.3196602300e-01  2.6689954760e-02 
1552.000  2.3592039800e-01  2.7206607820e-02 
1553.000  2.3468768300e-01  2.7134649280e-02 
1554.000  2.2608911700e-01  2.6199127200e-02 
1555.000  2.2986244900e-01  2.6710882190e-02 
1556.000  2.2547450700e-01  2.6275531770e-02 
1557.000  2.3285746800e-01  2.7216358180e-02 
1558.000  2.3101421700e-01  2.7067779540e-02 
1559.000  2.3103257100e-01  2.7134063720e-02 
1560.000  2.2704315500e-01  2.6738014220e-02 
1561.000  2.3234211300e-01  2.7414588930e-02 
1562.000  2.3223436400e-01  2.7440755840e-02 
1563.000  2.2876311800e-01  2.7077653880e-02 
1564.000  2.2410487900e-01  2.6563358310e-02 
1565.000  2.2735840300e-01  2.6978961940e-02 
1566.000  2.2305096100e-01  2.6526571270e-02 
1567.000  2.2269325800e-01  2.6507823940e-02 
1568.000  2.1753744300e-01  2.5899810790e-02 
1569.000  2.1771895000e-01  2.5920112610e-02 
1570.000  2.1166256600e-01  2.5214054110e-02 
1571.000  2.1733419100e-01  2.5936355590e-02 
1572.000  2.1716807000e-01  2.5950323100e-02 
1573.000  2.1386983400e-01  2.5617116930e-02 
1574.000  2.1471327300e-01  2.5791303630e-02 
1575.000  1.9948876900e-01  2.4019805910e-02 
1576.000  2.1431705800e-01  2.5847484590e-02 
1577.000  1.9359540100e-01  2.3387130740e-02 
1578.000  2.1194627800e-01  2.5646623610e-02 
1579.000  2.1326966100e-01  2.5858844760e-02 
1580.000  2.1781994900e-01  2.6478981020e-02 
1581.000  2.1637593700e-01  2.6355846410e-02 
1582.000  2.1222610900e-01  2.5942256930e-02 
1583.000  2.1503203200e-01  2.6374958040e-02 
1584.000  2.1330025400e-01  2.6253841400e-02 
1585.000  2.1974863600e-01  2.7131362920e-02 
1586.000  2.1698915500e-01  2.6852684020e-02 
1587.000  2.1472840000e-01  2.6653841020e-02 
1588.000  2.1157843700e-01  2.6339952470e-02 
1589.000  1.9357254600e-01  2.4151203160e-02 
1590.000  2.0854466200e-01  2.6070524220e-02 
1591.000  2.0387322500e-01  2.5523447040e-02 
1592.000  2.1454953000e-01  2.6882825850e-02 
1593.000  2.1916528800e-01  2.7477701190e-02 
1594.000  2.1729008400e-01  2.7260429380e-02 
1595.000  2.1826292400e-01  2.7402713780e-02 
1596.000  2.0445440800e-01  2.5706733700e-02 
1597.000  2.1204569700e-01  2.6672161100e-02 
1598.000  2.1496048900e-01  2.7039377210e-02 
1599.000  2.0652242700e-01  2.5969402310e-02 
1600.000  2.0897478500e-01  2.6278076170e-02 
1601.000  2.0017745600e-01  2.5206472400e-02 
1602.000  2.0504495300e-01  2.5856517790e-02 
1603.000  2.0381720200e-01  2.5763971330e-02 
1604.000  2.0686225200e-01  2.6218622210e-02 
1605.000  2.0380351200e-01  2.5871418000e-02 
1606.000  2.0316496400e-01  2.5838405610e-02 
1607.000  2.0385260300e-01  2.5940729140e-02 
1608.000  2.0604711500e-01  2.6235958100e-02 
1609.000  2.0525507300e-01  2.6162687300e-02 
1610.000  1.9259415800e-01  2.4578857420e-02 
1611.000  1.9874176000e-01  2.5419229510e-02 
1612.000  2.0121055100e-01  2.5794918060e-02 
1613.000  2.0623095300e-01  2.6497707370e-02 
1614.000  2.0420638500e-01  2.6261974330e-02 
1615.000  2.0797843600e-01  2.6799417500e-02 
1616.000  1.9525899700e-01  2.5201559070e-02 
1617.000  2.0136391900e-01  2.6055389400e-02 
1618.000  2.0763772900e-01  2.6903726580e-02 
1619.000  2.0735649000e-01  2.6934637070e-02 
1620.000  2.0246594700e-01  2.6363716130e-02 
1621.000  1.9973914900e-01  2.6057336810e-02 
1622.000  2.0476611200e-01  2.6737056730e-02 
1623.000  2.0904746000e-01  2.7332113270e-02 
1624.000  2.1057578700e-01  2.7561714170e-02 
1625.000  2.0556097800e-01  2.6960924150e-02 
1626.000  2.0786187000e-01  2.7260576250e-02 
1627.000  2.0762340200e-01  2.7260562900e-02 
1628.000  2.0920085500e-01  2.7484548570e-02 
1629.000  2.0906428200e-01  2.7480533600e-02 
1630.000  2.0320077800e-01  2.6712142940e-02 
1631.000  2.0637842700e-01  2.7145595550e-02 
1632.000  2.0620567300e-01  2.7100967410e-02 
1633.000  2.0348491900e-01  2.6745536800e-02 
1634.000  1.9852331200e-01  2.6085418700e-02 
1635.000  2.0384475400e-01  2.6790023800e-02 
1636.000  2.0307865200e-01  2.6686008450e-02 
1637.000  1.9376678600e-01  2.5457576750e-02 
1638.000  1.9235123200e-01  2.5277557370e-02 
1639.000  1.9006839200e-01  2.4960437770e-02 
1640.000  1.9101465500e-01  2.5083412170e-02 
1641.000  1.8965087900e-01  2.4908842090e-02 
1642.000  1.8941305600e-01  2.4914928440e-02 
1643.000  1.9421294500e-01  2.5574392320e-02 
1644.000  1.9114089100e-01  2.5193420410e-02 
1645.000  1.9143952000e-01  2.5250257490e-02 
1646.000  1.9373959800e-01  2.5589609150e-02 
1647.000  1.9554056200e-01  2.5849431990e-02 
1648.000  1.9465718600e-01  2.5741477970e-02 
1649.000  1.9018456000e-01  2.5168378830e-02 
1650.000  1.9500371000e-01  2.5830253600e-02 
1651.000  1.9064995800e-01  2.5262189870e-02 
1652.000  1.9444060000e-01  2.5762336730e-02 
1653.000  1.9243883100e-01  2.5517084120e-02 
1654.000  1.9459725100e-01  2.5816072460e-02 
1655.000  1.9091190400e-01  2.5352285390e-02 
1656.000  1.9473575900e-01  2.5880273820e-02 
1657.000  1.9332127300e-01  2.5704700470e-02 
1658.000  1.9454023600e-01  2.5892333980e-02 
1659.000  1.9100212400e-01  2.5434129710e-02 
1660.000  1.9320961100e-01  2.5727865220e-02 
1661.000  1.9396313700e-01  2.5826097490e-02 
1662.000  1.9250546600e-01  2.5614696500e-02 
1663.000  1.9123107800e-01  2.5442674640e-02 
1664.000  1.9033887000e-01  2.5320093150e-02 
1665.000  1.8839849900e-01  2.5052331920e-02 
1666.000  1.8762871200e-01  2.4967042920e-02 
1667.000  1.8954511600e-01  2.5264066700e-02 
1668.000  1.8633372600e-01  2.4845918660e-02 
1669.000  1.8685874000e-01  2.4936227800e-02 
1670.000  1.9105965000e-01  2.5517726900e-02 
1671.000  1.8966188600e-01  2.5337881090e-02 
1672.000  1.8067880700e-01  2.4147422790e-02 
1673.000  1.8584018400e-01  2.4828245160e-02 
1674.000  1.8658940100e-01  2.4926206590e-02 
1675.000  1.8485654700e-01  2.4704505920e-02 
1676.000  1.8186781200e-01  2.4302530290e-02 
1677.000  1.8279845800e-01  2.4430644990e-02 
1678.000  1.8381094400e-01  2.4579078670e-02 
1679.000  1.8136978400e-01  2.4250974660e-02 
1680.000  1.7515329500e-01  2.3431816100e-02 
1681.000  1.6908190400e-01  2.2624027250e-02 
1682.000  1.7396540400e-01  2.3274040220e-02 
1683.000  1.7825579700e-01  2.3838348390e-02 
1684.000  1.8155009200e-01  2.4270257950e-02 
1685.000  1.8206949600e-01  2.4311578750e-02 
1686.000  1.7987319100e-01  2.4012573240e-02 
1687.000  1.8056805600e-01  2.4059858320e-02 
1688.000  1.8066095300e-01  2.4034235000e-02 
1689.000  1.7848171000e-01  2.3737232210e-02 
1690.000  1.7833624000e-01  2.3674440380e-02 
1691.000  1.8064343400e-01  2.3970403670e-02 
1692.000  1.8096867800e-01  2.4008367540e-02 
1693.000  1.8032869200e-01  2.3924797060e-02 
1694.000  1.8005938700e-01  2.3884063720e-02 
1695.000  1.8010551200e-01  2.3863380430e-02 
1696.000  1.7905140900e-01  2.3708196640e-02 
1697.000  1.7792473700e-01  2.3528696060e-02 
1698.000  1.7897996700e-01  2.3644838330e-02 
1699.000  1.7782424800e-01  2.3475936890e-02 
1700.000  1.7557282500e-01  2.3163766860e-02 
