 lambda   Irr_dw            Rad_up 
 550.000  1.5542001000e+00  2.4973951720e-01 
 551.000  1.5438095000e+00  2.4805549620e-01 
 552.000  1.6095877000e+00  2.5865234380e-01 
 553.000  1.5458685000e+00  2.4838633730e-01 
 554.000  1.5957101000e+00  2.5641213990e-01 
 555.000  1.5995554000e+00  2.5699313350e-01 
 556.000  1.5548664000e+00  2.4977841190e-01 
 557.000  1.5081793000e+00  2.4229435730e-01 
 558.000  1.5649125000e+00  2.5137248230e-01 
 559.000  1.4786770000e+00  2.3750556950e-01 
 560.000  1.4846874000e+00  2.3847875980e-01 
 561.000  1.6312188000e+00  2.6196966550e-01 
 562.000  1.4968625000e+00  2.4035325620e-01 
 563.000  1.5655845000e+00  2.5133776860e-01 
 564.000  1.5430962000e+00  2.4764851380e-01 
 565.000  1.5610056000e+00  2.5048313900e-01 
 566.000  1.4388242000e+00  2.3083525090e-01 
 567.000  1.5428805000e+00  2.4731904600e-01 
 568.000  1.5380902000e+00  2.4582057190e-01 
 569.000  1.5058991000e+00  2.3910058590e-01 
 570.000  1.5135889000e+00  2.4056480410e-01 
 571.000  1.4604227000e+00  2.3322128300e-01 
 572.000  1.5424642000e+00  2.4525112920e-01 
 573.000  1.5586958000e+00  2.4815196230e-01 
 574.000  1.5499107000e+00  2.4683061220e-01 
 575.000  1.5116791000e+00  2.4064979550e-01 
 576.000  1.4839765000e+00  2.3620127870e-01 
 577.000  1.5455094000e+00  2.4626583860e-01 
 578.000  1.5005025000e+00  2.3952450560e-01 
 579.000  1.4890258000e+00  2.3791734310e-01 
 580.000  1.5402566000e+00  2.4629870610e-01 
 581.000  1.5124665000e+00  2.4214480590e-01 
 582.000  1.5350268000e+00  2.4584089660e-01 
 583.000  1.5455097000e+00  2.4755500790e-01 
 584.000  1.5403915000e+00  2.4669779970e-01 
 585.000  1.5300216000e+00  2.4498045350e-01 
 586.000  1.4640575000e+00  2.3440864560e-01 
 587.000  1.5208652000e+00  2.4288359070e-01 
 588.000  1.5041249000e+00  2.3800138850e-01 
 589.000  1.3324520000e+00  2.0800753780e-01 
 590.000  1.3910644000e+00  2.1697406010e-01 
 591.000  1.4784268000e+00  2.3264404300e-01 
 592.000  1.4497138000e+00  2.2699252320e-01 
 593.000  1.4653819000e+00  2.3178678890e-01 
 594.000  1.4784855000e+00  2.3331794740e-01 
 595.000  1.4497180000e+00  2.2711425780e-01 
 596.000  1.4860376000e+00  2.3522882080e-01 
 597.000  1.4902631000e+00  2.3535260010e-01 
 598.000  1.4598825000e+00  2.3158088680e-01 
 599.000  1.4602675000e+00  2.3208261110e-01 
 600.000  1.4607495000e+00  2.3311680600e-01 
 601.000  1.4526109000e+00  2.3249546810e-01 
 602.000  1.4367173000e+00  2.3017317200e-01 
 603.000  1.4453702000e+00  2.3180468750e-01 
 604.000  1.4911222000e+00  2.3935404970e-01 
 605.000  1.4872445000e+00  2.3877369690e-01 
 606.000  1.4699144000e+00  2.3604930110e-01 
 607.000  1.4615557000e+00  2.3471319580e-01 
 608.000  1.4560952000e+00  2.3382437130e-01 
 609.000  1.4410520000e+00  2.3142475890e-01 
 610.000  1.4178761000e+00  2.2768951420e-01 
 611.000  1.4407955000e+00  2.3138703920e-01 
 612.000  1.4219351000e+00  2.2837751770e-01 
 613.000  1.4010618000e+00  2.2501893620e-01 
 614.000  1.3498998000e+00  2.1682603450e-01 
 615.000  1.4150042000e+00  2.2726066590e-01 
 616.000  1.3452986000e+00  2.1609037780e-01 
 617.000  1.3528020000e+00  2.1730392460e-01 
 618.000  1.4165287000e+00  2.2750236510e-01 
 619.000  1.4034499000e+00  2.2542770390e-01 
 620.000  1.4240797000e+00  2.2869564820e-01 
 621.000  1.4484587000e+00  2.3259744260e-01 
 622.000  1.3719550000e+00  2.2027429200e-01 
 623.000  1.3825360000e+00  2.2188995360e-01 
 624.000  1.3839078000e+00  2.2211434940e-01 
 625.000  1.3463162000e+00  2.1605500790e-01 
 626.000  1.3530053000e+00  2.1695710750e-01 
 627.000  1.3753081000e+00  2.1975306700e-01 
 628.000  1.3560382000e+00  2.1519876100e-01 
 629.000  1.3904035000e+00  2.2119902040e-01 
 630.000  1.3443311000e+00  2.1454667660e-01 
 631.000  1.3937438000e+00  2.2268075560e-01 
 632.000  1.2980559000e+00  2.0678384400e-01 
 633.000  1.3935568000e+00  2.2279731750e-01 
 634.000  1.3517256000e+00  2.1635966490e-01 
 635.000  1.3763883000e+00  2.2029824830e-01 
 636.000  1.3278900000e+00  2.1268429570e-01 
 637.000  1.3716823000e+00  2.1979698180e-01 
 638.000  1.3930951000e+00  2.2360253910e-01 
 639.000  1.3815378000e+00  2.2171432500e-01 
 640.000  1.3381907000e+00  2.1500358580e-01 
 641.000  1.3574605000e+00  2.1808264160e-01 
 642.000  1.3411539000e+00  2.1559097290e-01 
 643.000  1.3644725000e+00  2.1906066890e-01 
 644.000  1.3487725000e+00  2.1650708010e-01 
 645.000  1.3603877000e+00  2.1799757390e-01 
 646.000  1.3081117000e+00  2.0801069640e-01 
 647.000  1.3255793000e+00  2.0968101500e-01 
 648.000  1.3229484000e+00  2.0812940980e-01 
 649.000  1.3493388000e+00  2.1324029540e-01 
 650.000  1.2507497000e+00  1.9953347780e-01 
 651.000  1.3472415000e+00  2.1491040040e-01 
 652.000  1.3208298000e+00  2.0894104000e-01 
 653.000  1.3478658000e+00  2.1524780270e-01 
 654.000  1.3301163000e+00  2.1213006590e-01 
 655.000  1.2948358000e+00  2.0576330570e-01 
 656.000  1.0993138300e+00  1.7488517760e-01 
 657.000  1.1733327000e+00  1.8701008610e-01 
 658.000  1.3070566000e+00  2.0903198240e-01 
 659.000  1.3102600000e+00  2.0992468260e-01 
 660.000  1.3205352000e+00  2.1174539180e-01 
 661.000  1.3264354000e+00  2.1324142460e-01 
 662.000  1.3455496000e+00  2.1655374150e-01 
 663.000  1.3305320000e+00  2.1406828310e-01 
 664.000  1.3093733000e+00  2.1074946590e-01 
 665.000  1.3150430000e+00  2.1172529600e-01 
 666.000  1.3308646000e+00  2.1439991760e-01 
 667.000  1.3044281000e+00  2.1017897030e-01 
 668.000  1.3118188000e+00  2.1149653630e-01 
 669.000  1.3304981000e+00  2.1456867980e-01 
 670.000  1.3148598000e+00  2.1202970890e-01 
 671.000  1.3006035500e+00  2.0977119450e-01 
 672.000  1.2964465800e+00  2.0910861210e-01 
 673.000  1.3056643000e+00  2.1059916690e-01 
 674.000  1.3081500900e+00  2.1101779170e-01 
 675.000  1.2881470400e+00  2.0778651430e-01 
 676.000  1.3124211600e+00  2.1171939090e-01 
 677.000  1.2862707800e+00  2.0752137760e-01 
 678.000  1.3075203200e+00  2.1095013430e-01 
 679.000  1.2890137800e+00  2.0794010930e-01 
 680.000  1.2790525300e+00  2.0627581790e-01 
 681.000  1.2803528300e+00  2.0641203310e-01 
 682.000  1.2776484000e+00  2.0593936160e-01 
 683.000  1.2859736400e+00  2.0721813960e-01 
 684.000  1.2626626700e+00  2.0334716800e-01 
 685.000  1.2769023200e+00  2.0572666930e-01 
 686.000  1.2205780100e+00  1.9637528990e-01 
 687.000  1.1277366900e+00  1.7614804080e-01 
 688.000  1.1578873700e+00  1.8262889100e-01 
 689.000  1.1522946200e+00  1.8119595340e-01 
 690.000  1.1730377500e+00  1.8540931700e-01 
 691.000  1.1969604500e+00  1.9012043760e-01 
 692.000  1.2001108500e+00  1.9068377690e-01 
 693.000  1.1989367400e+00  1.8826062010e-01 
 694.000  1.2008615300e+00  1.8653775020e-01 
 695.000  1.1879990500e+00  1.8554876710e-01 
 696.000  1.2065422100e+00  1.8909347530e-01 
 697.000  1.2298703700e+00  1.9621121220e-01 
 698.000  1.2025143800e+00  1.9106317140e-01 
 699.000  1.2055777800e+00  1.8848576350e-01 
 700.000  1.1944506000e+00  1.8720605470e-01 
 701.000  1.1634704800e+00  1.8167292790e-01 
 702.000  1.1606310300e+00  1.8168667600e-01 
 703.000  1.1924541600e+00  1.8914897160e-01 
 704.000  1.1964156700e+00  1.8988356020e-01 
 705.000  1.1989844600e+00  1.8922517400e-01 
 706.000  1.1874001900e+00  1.8759289550e-01 
 707.000  1.1716768900e+00  1.8547792050e-01 
 708.000  1.2080958400e+00  1.9164291380e-01 
 709.000  1.1700135300e+00  1.8640960690e-01 
 710.000  1.1913241700e+00  1.8888154600e-01 
 711.000  1.1847593800e+00  1.8873184200e-01 
 712.000  1.1727713900e+00  1.8760150150e-01 
 713.000  1.1639306200e+00  1.8554750060e-01 
 714.000  1.1822956800e+00  1.8822415160e-01 
 715.000  1.1348414400e+00  1.7964454650e-01 
 716.000  1.1580522100e+00  1.8225454710e-01 
 717.000  1.0850495000e+00  1.6499812320e-01 
 718.000  1.0522431500e+00  1.5664663700e-01 
 719.000  1.0303514000e+00  1.5216316220e-01 
 720.000  1.0233660300e+00  1.4944371030e-01 
 721.000  1.0850453900e+00  1.6650514220e-01 
 722.000  1.1228846600e+00  1.7533393860e-01 
 723.000  1.1074397000e+00  1.7119302370e-01 
 724.000  1.0770792900e+00  1.6187631230e-01 
 725.000  1.0705813500e+00  1.6154551700e-01 
 726.000  1.0667435300e+00  1.6076582340e-01 
 727.000  1.0875998000e+00  1.6455267330e-01 
 728.000  1.0631314000e+00  1.6018151860e-01 
 729.000  1.0340703400e+00  1.5747734070e-01 
 730.000  1.0696769500e+00  1.6262287900e-01 
 731.000  1.0489925500e+00  1.5917004390e-01 
 732.000  1.0917943400e+00  1.6866325380e-01 
 733.000  1.0966452100e+00  1.7243872070e-01 
 734.000  1.1298381300e+00  1.7918624880e-01 
 735.000  1.1168684600e+00  1.7658309940e-01 
 736.000  1.0892028800e+00  1.7125677490e-01 
 737.000  1.1085120100e+00  1.7501754760e-01 
 738.000  1.1123281700e+00  1.7665437320e-01 
 739.000  1.0791325100e+00  1.7183370970e-01 
 740.000  1.0956850100e+00  1.7546789550e-01 
 741.000  1.0905704900e+00  1.7526884460e-01 
 742.000  1.0740610700e+00  1.7287496950e-01 
 743.000  1.1089447200e+00  1.7906578060e-01 
 744.000  1.1208535700e+00  1.8126329040e-01 
 745.000  1.0927905100e+00  1.7694058230e-01 
 746.000  1.1088230700e+00  1.7968699650e-01 
 747.000  1.1255197800e+00  1.8241210940e-01 
 748.000  1.1060576700e+00  1.7937367250e-01 
 749.000  1.1065456700e+00  1.7951812740e-01 
 750.000  1.0899302400e+00  1.7676126100e-01 
 751.000  1.0871192100e+00  1.7631996150e-01 
 752.000  1.1042570600e+00  1.7921775820e-01 
 753.000  1.0939683400e+00  1.7758935550e-01 
 754.000  1.1111896100e+00  1.8041690060e-01 
 755.000  1.1048125300e+00  1.7939758300e-01 
 756.000  1.0831880800e+00  1.7590309140e-01 
 757.000  1.0911555300e+00  1.7721092220e-01 
 758.000  1.0888332500e+00  1.7677912900e-01 
 759.000  1.0058562300e+00  1.6074040220e-01 
 760.000  5.1273375000e-01  6.9588836670e-02 
 761.000  4.6309563000e-01  6.1404491420e-02 
 762.000  7.4029732000e-01  1.1025550840e-01 
 763.000  6.7138292000e-01  9.6860626220e-02 
 764.000  7.1779828000e-01  1.0520730590e-01 
 765.000  8.2017993000e-01  1.2452234650e-01 
 766.000  8.8744507000e-01  1.3922251890e-01 
 767.000  9.5134300000e-01  1.5144621280e-01 
 768.000  1.0225056500e+00  1.6434117130e-01 
 769.000  1.0402492100e+00  1.6825561520e-01 
 770.000  1.0453656100e+00  1.6958517460e-01 
 771.000  1.0510004100e+00  1.7079518130e-01 
 772.000  1.0480708300e+00  1.7040383910e-01 
 773.000  1.0441352900e+00  1.6981216430e-01 
 774.000  1.0556347900e+00  1.7172900390e-01 
 775.000  1.0161211000e+00  1.6534086610e-01 
 776.000  1.0580608600e+00  1.7221614070e-01 
 777.000  1.0507084700e+00  1.7103184510e-01 
 778.000  1.0450335700e+00  1.7010508730e-01 
 779.000  1.0483967800e+00  1.7064578250e-01 
 780.000  1.0353836800e+00  1.6854591370e-01 
 781.000  1.0337766600e+00  1.6833131410e-01 
 782.000  1.0461956800e+00  1.7033016970e-01 
 783.000  1.0217114400e+00  1.6637716670e-01 
 784.000  1.0272657000e+00  1.6723948670e-01 
 785.000  1.0290786600e+00  1.6730346680e-01 
 786.000  1.0099973400e+00  1.6388941960e-01 
 787.000  1.0218332700e+00  1.6506173710e-01 
 788.000  1.0048784500e+00  1.6196643070e-01 
 789.000  1.0048721200e+00  1.6067756650e-01 
 790.000  9.9418816000e-01  1.5885279850e-01 
 791.000  9.9015076000e-01  1.5846139530e-01 
 792.000  9.7544229000e-01  1.5632051090e-01 
 793.000  9.7677216000e-01  1.5705412290e-01 
 794.000  9.7165002000e-01  1.5734553530e-01 
 795.000  9.6334380000e-01  1.5530809020e-01 
 796.000  9.7158062000e-01  1.5494697570e-01 
 797.000  9.8000611000e-01  1.5680299380e-01 
 798.000  9.8567702000e-01  1.5883135990e-01 
 799.000  9.8367655000e-01  1.5825022890e-01 
 800.000  9.5429893000e-01  1.5274763490e-01 
 801.000  9.7253714000e-01  1.5577207950e-01 
 802.000  9.7018321000e-01  1.5531530760e-01 
 803.000  9.5687197000e-01  1.5331623840e-01 
 804.000  9.6725181000e-01  1.5538345340e-01 
 805.000  9.4405720000e-01  1.5238519290e-01 
 806.000  9.7160749000e-01  1.5727034000e-01 
 807.000  9.6567528000e-01  1.5635449220e-01 
 808.000  9.5880327000e-01  1.5499086000e-01 
 809.000  9.4109151000e-01  1.5183482360e-01 
 810.000  9.3523803000e-01  1.5056742860e-01 
 811.000  9.4680773000e-01  1.5180937190e-01 
 812.000  9.3895244000e-01  1.4965754700e-01 
 813.000  9.2905665000e-01  1.4702970890e-01 
 814.000  9.1990112000e-01  1.4428318790e-01 
 815.000  9.0006769000e-01  1.3960850520e-01 
 816.000  8.7896821000e-01  1.3444868470e-01 
 817.000  8.8501508000e-01  1.3546569820e-01 
 818.000  8.8069699000e-01  1.3493460080e-01 
 819.000  8.6115385000e-01  1.3258381650e-01 
 820.000  8.5871516000e-01  1.3427311710e-01 
 821.000  9.0402029000e-01  1.4389561460e-01 
 822.000  8.6604504000e-01  1.3596937560e-01 
 823.000  8.4187147000e-01  1.2740888980e-01 
 824.000  8.8528810000e-01  1.3820590210e-01 
 825.000  9.0314699000e-01  1.4397691350e-01 
 826.000  9.0546486000e-01  1.4383923340e-01 
 827.000  9.0005995000e-01  1.4260224910e-01 
 828.000  8.8562733000e-01  1.3843275450e-01 
 829.000  8.8968773000e-01  1.3973512270e-01 
 830.000  8.8048596000e-01  1.3905662540e-01 
 831.000  8.6611283000e-01  1.3697193910e-01 
 832.000  8.8426347000e-01  1.3993351750e-01 
 833.000  8.5943274000e-01  1.3647839360e-01 
 834.000  8.7524187000e-01  1.3952983090e-01 
 835.000  8.8264221000e-01  1.4174664310e-01 
 836.000  8.9106386000e-01  1.4280863950e-01 
 837.000  8.8344847000e-01  1.4155191040e-01 
 838.000  8.8927691000e-01  1.4302624510e-01 
 839.000  8.6299958000e-01  1.3911294560e-01 
 840.000  8.8661651000e-01  1.4302645870e-01 
 841.000  8.8738463000e-01  1.4280438230e-01 
 842.000  8.8313991000e-01  1.4243098450e-01 
 843.000  8.8011820000e-01  1.4272998050e-01 
 844.000  8.6682279000e-01  1.4092506410e-01 
 845.000  8.8055257000e-01  1.4332714840e-01 
 846.000  8.8897044000e-01  1.4489639280e-01 
 847.000  8.5893245000e-01  1.4021130370e-01 
 848.000  8.8316862000e-01  1.4384806820e-01 
 849.000  8.8489072000e-01  1.4420225520e-01 
 850.000  7.6463529000e-01  1.2445237730e-01 
 851.000  8.7541986000e-01  1.4229521180e-01 
 852.000  8.4224997000e-01  1.3694877620e-01 
 853.000  8.5279436000e-01  1.3893676760e-01 
 854.000  6.8555390000e-01  1.1169631200e-01 
 855.000  7.5498146000e-01  1.2316134640e-01 
 856.000  8.5733372000e-01  1.4014523320e-01 
 857.000  8.7125519000e-01  1.4259169010e-01 
 858.000  8.5739668000e-01  1.4039151000e-01 
 859.000  8.5748419000e-01  1.4056123350e-01 
 860.000  8.4991185000e-01  1.3941392520e-01 
 861.000  8.4979537000e-01  1.3941148380e-01 
 862.000  8.4701414000e-01  1.3898370360e-01 
 863.000  8.6319186000e-01  1.4168539430e-01 
 864.000  8.6146382000e-01  1.4139494320e-01 
 865.000  8.4541008000e-01  1.3883145140e-01 
 866.000  7.0911808000e-01  1.1647922520e-01 
 867.000  7.5511523000e-01  1.2398065190e-01 
 868.000  8.1894080000e-01  1.3450119020e-01 
 869.000  8.0743974000e-01  1.3262728880e-01 
 870.000  8.4072565000e-01  1.3813786320e-01 
 871.000  8.3952787000e-01  1.3793850710e-01 
 872.000  8.3614326000e-01  1.3734095760e-01 
 873.000  8.3947261000e-01  1.3792286680e-01 
 874.000  8.2105131000e-01  1.3487570190e-01 
 875.000  8.1348551000e-01  1.3368696590e-01 
 876.000  8.2021480000e-01  1.3475433350e-01 
 877.000  8.3654221000e-01  1.3739672850e-01 
 878.000  8.2209590000e-01  1.3497802730e-01 
 879.000  8.2399073000e-01  1.3531312560e-01 
 880.000  8.1914852000e-01  1.3440518190e-01 
 881.000  7.7653480000e-01  1.2740212250e-01 
 882.000  8.1937243000e-01  1.3434892270e-01 
 883.000  8.0068528000e-01  1.3138955690e-01 
 884.000  8.0748069000e-01  1.3259672550e-01 
 885.000  8.1567914000e-01  1.3367622380e-01 
 886.000  7.8882688000e-01  1.2911279300e-01 
 887.000  7.8080316000e-01  1.2794950870e-01 
 888.000  8.0416051000e-01  1.3172642520e-01 
 889.000  8.0960725000e-01  1.3275967410e-01 
 890.000  8.0693859000e-01  1.3219401550e-01 
 891.000  8.0210966000e-01  1.3111131290e-01 
 892.000  7.9775045000e-01  1.2985322570e-01 
 893.000  7.6159314000e-01  1.2235254670e-01 
 894.000  7.8374408000e-01  1.2513856510e-01 
 895.000  7.3370290000e-01  1.1504039000e-01 
 896.000  7.4773614000e-01  1.1526766200e-01 
 897.000  7.1505159000e-01  1.0837084960e-01 
 898.000  7.0897253000e-01  1.0655872340e-01 
 899.000  6.8749443000e-01  1.0104215240e-01 
 900.000  6.7328849000e-01  9.9231445310e-02 
 901.000  6.5366245000e-01  9.5804214480e-02 
 902.000  6.4247236000e-01  9.4300735470e-02 
 903.000  7.0806057000e-01  1.0788153080e-01 
 904.000  7.4235608000e-01  1.1571773530e-01 
 905.000  7.3955781000e-01  1.1529222870e-01 
 906.000  7.0715317000e-01  1.0868383790e-01 
 907.000  6.9598820000e-01  1.0430208590e-01 
 908.000  6.6406361000e-01  9.7870338440e-02 
 909.000  6.5156830000e-01  9.6081871030e-02 
 910.000  6.6150244000e-01  9.7789520260e-02 
 911.000  6.6958794000e-01  1.0012070470e-01 
 912.000  6.6621573000e-01  9.9030456540e-02 
 913.000  6.6041871000e-01  9.5948532100e-02 
 914.000  6.6662499000e-01  9.7959518430e-02 
 915.000  6.6382975000e-01  9.8502540590e-02 
 916.000  6.7327376000e-01  1.0013414760e-01 
 917.000  6.6703679000e-01  9.9702003480e-02 
 918.000  6.6920121000e-01  1.0067421720e-01 
 919.000  6.9714157000e-01  1.0727359010e-01 
 920.000  7.0469993000e-01  1.1017029570e-01 
 921.000  6.8616481000e-01  1.0688442230e-01 
 922.000  6.7973014000e-01  1.0587712100e-01 
 923.000  6.4752812000e-01  1.0029267120e-01 
 924.000  6.6563533000e-01  1.0204829410e-01 
 925.000  6.7372263000e-01  1.0313830570e-01 
 926.000  6.4954262000e-01  9.9284156800e-02 
 927.000  6.6283387000e-01  1.0001938630e-01 
 928.000  6.4992125000e-01  9.6008193970e-02 
 929.000  6.1641727000e-01  8.8285446170e-02 
 930.000  5.8330114000e-01  7.9957839970e-02 
 931.000  5.4694749000e-01  7.0622192380e-02 
 932.000  4.9394154000e-01  5.8477775570e-02 
 933.000  4.5808195000e-01  5.0949047090e-02 
 934.000  4.1480937000e-01  4.3180061340e-02 
 935.000  4.0459346000e-01  4.1759822850e-02 
 936.000  4.1727713000e-01  4.4187446590e-02 
 937.000  4.2240378000e-01  4.4488311770e-02 
 938.000  4.6062266000e-01  5.2230251310e-02 
 939.000  5.7080909000e-01  7.7159454350e-02 
 940.000  5.8278727000e-01  8.0440887450e-02 
 941.000  5.5675884000e-01  7.5563064580e-02 
 942.000  5.0499602000e-01  6.5132659910e-02 
 943.000  4.7695391000e-01  5.6002998350e-02 
 944.000  4.6010348000e-01  5.3643444060e-02 
 945.000  4.8439560000e-01  5.8346511840e-02 
 946.000  4.9196134000e-01  5.9398151400e-02 
 947.000  5.0630055000e-01  6.3060867310e-02 
 948.000  5.1947069000e-01  6.5886573790e-02 
 949.000  5.1965095000e-01  6.5789382930e-02 
 950.000  5.1875339000e-01  6.5987442020e-02 
 951.000  5.3792420000e-01  7.1143814090e-02 
 952.000  5.1382214000e-01  6.5250839230e-02 
 953.000  5.2900251000e-01  6.9221015930e-02 
 954.000  5.4127283000e-01  7.2994682310e-02 
 955.000  4.9215060000e-01  6.4864639280e-02 
 956.000  5.2157787000e-01  6.8439193730e-02 
 957.000  5.6487078000e-01  7.9403381350e-02 
 958.000  5.7466221000e-01  8.1439872740e-02 
 959.000  5.6954083000e-01  8.0018508910e-02 
 960.000  5.6197938000e-01  7.8776229860e-02 
 961.000  5.5230745000e-01  7.7073005680e-02 
 962.000  5.5823697000e-01  7.8298362730e-02 
 963.000  5.8028433000e-01  8.3928375240e-02 
 964.000  5.7685151000e-01  8.3812004090e-02 
 965.000  5.8162636000e-01  8.4321502690e-02 
 966.000  5.6596631000e-01  8.2222030640e-02 
 967.000  5.9905831000e-01  8.8832466130e-02 
 968.000  6.1895561000e-01  9.4924728390e-02 
 969.000  6.3460058000e-01  9.8834457400e-02 
 970.000  6.3693311000e-01  9.9302742000e-02 
 971.000  6.3098208000e-01  9.8357231140e-02 
 972.000  6.3213218000e-01  9.8123451230e-02 
 973.000  6.1841871000e-01  9.5063064580e-02 
 974.000  5.9956407000e-01  9.1084907530e-02 
 975.000  5.9647953000e-01  8.9939285280e-02 
 976.000  6.1121620000e-01  9.3041542050e-02 
 977.000  6.0770460000e-01  9.3965759280e-02 
 978.000  6.2168002000e-01  9.6035034180e-02 
 979.000  6.0663661000e-01  9.4119956970e-02 
 980.000  6.2746833000e-01  9.8943130490e-02 
 981.000  6.3446828000e-01  1.0042990110e-01 
 982.000  6.3032461000e-01  9.9442871090e-02 
 983.000  6.3486843000e-01  1.0101877590e-01 
 984.000  6.3703396000e-01  1.0226840210e-01 
 985.000  6.4036304000e-01  1.0333646390e-01 
 986.000  6.3981230000e-01  1.0394341280e-01 
 987.000  6.4921708000e-01  1.0578556820e-01 
 988.000  6.4155178000e-01  1.0462615200e-01 
 989.000  6.3366790000e-01  1.0339789580e-01 
 990.000  6.3953564000e-01  1.0444097900e-01 
 991.000  6.4647646000e-01  1.0585423280e-01 
 992.000  6.4096128000e-01  1.0504062650e-01 
 993.000  6.4109133000e-01  1.0510449220e-01 
 994.000  6.4582003000e-01  1.0613026430e-01 
 995.000  6.4210052000e-01  1.0570159150e-01 
 996.000  6.4195658000e-01  1.0569036870e-01 
 997.000  6.4196684000e-01  1.0559992220e-01 
 998.000  6.3884046000e-01  1.0498208620e-01 
 999.000  6.3696189000e-01  1.0464250950e-01 
1000.000  6.3209713000e-01  1.0389264680e-01 
1001.000  6.3409802000e-01  1.0399417880e-01 
1002.000  6.3073650000e-01  1.0307178500e-01 
1003.000  6.2391576000e-01  1.0206989290e-01 
1004.000  6.2002544000e-01  1.0167585750e-01 
1005.000  5.7983614000e-01  9.5198623660e-02 
1006.000  6.1029270000e-01  1.0025605010e-01 
1007.000  6.2096805000e-01  1.0195645140e-01 
1008.000  6.2171279000e-01  1.0178488160e-01 
1009.000  6.1540652000e-01  1.0036215210e-01 
1010.000  6.1880471000e-01  1.0112250520e-01 
1011.000  6.1810231000e-01  1.0146646120e-01 
1012.000  6.1928171000e-01  1.0184760280e-01 
1013.000  6.1556203000e-01  1.0138682560e-01 
1014.000  6.1981097000e-01  1.0217198180e-01 
1015.000  6.0841122000e-01  1.0033229830e-01 
1016.000  6.1263508000e-01  1.0111857600e-01 
1017.000  6.0670203000e-01  1.0019647980e-01 
1018.000  6.1425856000e-01  1.0140267940e-01 
1019.000  5.9943727000e-01  9.8830184940e-02 
1020.000  5.9843812000e-01  9.8724739070e-02 
1021.000  6.0493754000e-01  9.9903869630e-02 
1022.000  5.9492780000e-01  9.8063659670e-02 
1023.000  6.0556456000e-01  9.9658035280e-02 
1024.000  6.0201406000e-01  9.8978591920e-02 
1025.000  6.0316863000e-01  9.9447715760e-02 
1026.000  6.0445279000e-01  9.9800033570e-02 
1027.000  6.0054974000e-01  9.9135856630e-02 
1028.000  6.0216144000e-01  9.9480827330e-02 
1029.000  5.9350096000e-01  9.8206176760e-02 
1030.000  5.9998091000e-01  9.9429878230e-02 
1031.000  5.9833457000e-01  9.9257339480e-02 
1032.000  5.9641902000e-01  9.9019966130e-02 
1033.000  5.8547085000e-01  9.7229850770e-02 
1034.000  5.9118833000e-01  9.8221923830e-02 
1035.000  5.8346473000e-01  9.6958808900e-02 
1036.000  5.9310456000e-01  9.8587600710e-02 
1037.000  5.8061109000e-01  9.6534645080e-02 
1038.000  5.8634952000e-01  9.7510368350e-02 
1039.000  5.8873533000e-01  9.7906562810e-02 
1040.000  5.8175867000e-01  9.6749824520e-02 
1041.000  5.8478435000e-01  9.7254096980e-02 
1042.000  5.8651123000e-01  9.7549163820e-02 
1043.000  5.7638094000e-01  9.5874748230e-02 
1044.000  5.8210756000e-01  9.6831520080e-02 
1045.000  5.7955372000e-01  9.6413078310e-02 
1046.000  5.6268716000e-01  9.3626213070e-02 
1047.000  5.7300265000e-01  9.5359588620e-02 
1048.000  5.7867749000e-01  9.6327735900e-02 
1049.000  5.7495362000e-01  9.5740318300e-02 
1050.000  5.7253181000e-01  9.5338035580e-02 
1051.000  5.7149574000e-01  9.5139144900e-02 
1052.000  5.6877227000e-01  9.4673904420e-02 
1053.000  5.6738559000e-01  9.4433776860e-02 
1054.000  5.6313999000e-01  9.3685432430e-02 
1055.000  5.6723383000e-01  9.4339637760e-02 
1056.000  5.6569718000e-01  9.4060386660e-02 
1057.000  5.6462310000e-01  9.3806312560e-02 
1058.000  5.5854223000e-01  9.2649185180e-02 
1059.000  5.4098471000e-01  8.9773818970e-02 
1060.000  5.6055976000e-01  9.3139686580e-02 
1061.000  5.4089097000e-01  8.9873405460e-02 
1062.000  5.5579064000e-01  9.2269393920e-02 
1063.000  5.4637350000e-01  9.0694190980e-02 
1064.000  5.5310768000e-01  9.1735519410e-02 
1065.000  5.5226512000e-01  9.1477851870e-02 
1066.000  5.3534737000e-01  8.8683059690e-02 
1067.000  5.4798016000e-01  9.0723899840e-02 
1068.000  5.4522822000e-01  9.0046035770e-02 
1069.000  5.0388175000e-01  8.3090034480e-02 
1070.000  5.3384676000e-01  8.8057014470e-02 
1071.000  5.3431091000e-01  8.7998054500e-02 
1072.000  5.3569356000e-01  8.8094573970e-02 
1073.000  5.1798855000e-01  8.5161430360e-02 
1074.000  5.3620369000e-01  8.8180473330e-02 
1075.000  5.2014650000e-01  8.5735229490e-02 
1076.000  5.3117458000e-01  8.7427665710e-02 
1077.000  5.2948169000e-01  8.6985534670e-02 
1078.000  5.3024248000e-01  8.6920799260e-02 
1079.000  5.0973822000e-01  8.3534576420e-02 
1080.000  5.2317560000e-01  8.5241287230e-02 
1081.000  5.0383924000e-01  8.2061431880e-02 
1082.000  5.1099067000e-01  8.3424346920e-02 
1083.000  4.9632884000e-01  8.0766654970e-02 
1084.000  5.1425460000e-01  8.3389923100e-02 
1085.000  5.0501012000e-01  8.1237678530e-02 
1086.000  5.1220983000e-01  8.2532905580e-02 
1087.000  4.8344663000e-01  7.8566711430e-02 
1088.000  5.1283576000e-01  8.3388442990e-02 
1089.000  4.8997751000e-01  7.8850425720e-02 
1090.000  4.9997696000e-01  8.0315063480e-02 
1091.000  5.0389383000e-01  8.1117446900e-02 
1092.000  4.9051279000e-01  7.8565277100e-02 
1093.000  4.8060866000e-01  7.6112503050e-02 
1094.000  4.3576210700e-01  6.8661666870e-02 
1095.000  4.7195897000e-01  7.4410255430e-02 
1096.000  4.7328406000e-01  7.4681541440e-02 
1097.000  4.6321197000e-01  7.2876152040e-02 
1098.000  4.4585759200e-01  6.8238479610e-02 
1099.000  4.3552380200e-01  6.5104545590e-02 
1100.000  4.4381951800e-01  6.6446945190e-02 
1101.000  4.4447946000e-01  6.6751586910e-02 
1102.000  4.2530086900e-01  6.3754402160e-02 
1103.000  4.4326249300e-01  6.6573387150e-02 
1104.000  4.3805711900e-01  6.5519203190e-02 
1105.000  4.3229458900e-01  6.4000846860e-02 
1106.000  4.2346266900e-01  6.2062118530e-02 
1107.000  4.2429802100e-01  6.2309066770e-02 
1108.000  4.2396499300e-01  6.2326545720e-02 
1109.000  4.3046813300e-01  6.3758644100e-02 
1110.000  4.3222481900e-01  6.3859825130e-02 
1111.000  4.2424406200e-01  6.2332187650e-02 
1112.000  4.0786002500e-01  5.8569271090e-02 
1113.000  3.8912123100e-01  5.3870780940e-02 
1114.000  3.8890743100e-01  5.3127422330e-02 
1115.000  3.6326694500e-01  4.6920761110e-02 
1116.000  3.4508151000e-01  4.2972370150e-02 
1117.000  3.1605919000e-01  3.6304161070e-02 
1118.000  2.8208727400e-01  2.9946968080e-02 
1119.000  2.5822955500e-01  2.6106782910e-02 
1120.000  2.3805354900e-01  2.2586299900e-02 
1121.000  2.3496748900e-01  2.1935459140e-02 
1122.000  2.1119128600e-01  1.8280469890e-02 
1123.000  2.2504735800e-01  2.0245311740e-02 
1124.000  2.3400448500e-01  2.1558013920e-02 
1125.000  2.2484494000e-01  2.0436683650e-02 
1126.000  2.1879555700e-01  1.9788488390e-02 
1127.000  2.2796574900e-01  2.0772596360e-02 
1128.000  2.2718344400e-01  2.0991918560e-02 
1129.000  2.5000766300e-01  2.4622062680e-02 
1130.000  2.9883498700e-01  3.3213684080e-02 
1131.000  3.1578327900e-01  3.6276260380e-02 
1132.000  2.9780431200e-01  3.2646568300e-02 
1133.000  2.5556609100e-01  2.5723217010e-02 
1134.000  1.8689289000e-01  1.5196859360e-02 
1135.000  1.9454519200e-01  1.6168636320e-02 
1136.000  2.6172709400e-01  2.6764608380e-02 
1137.000  3.0000720800e-01  3.3405651090e-02 
1138.000  3.2053244200e-01  3.8739669800e-02 
1139.000  3.3657981400e-01  4.1838191990e-02 
1140.000  3.3155517400e-01  4.0575973510e-02 
1141.000  3.0998574100e-01  3.6828460690e-02 
1142.000  3.1412249700e-01  3.6894210820e-02 
1143.000  2.9520371200e-01  3.3501079560e-02 
1144.000  2.7791606700e-01  3.0361602780e-02 
1145.000  2.5703978800e-01  2.6491731640e-02 
1146.000  2.6505348400e-01  2.7698812480e-02 
1147.000  2.8416527500e-01  3.1045797350e-02 
1148.000  2.9678805500e-01  3.3677570340e-02 
1149.000  3.0371850500e-01  3.5004730220e-02 
1150.000  3.0246839700e-01  3.4964138030e-02 
1151.000  3.1033521400e-01  3.6772880550e-02 
1152.000  3.1397762300e-01  3.7650493620e-02 
1153.000  3.1967030200e-01  3.8993877410e-02 
1154.000  3.1991653400e-01  3.8890869140e-02 
1155.000  3.3275774600e-01  4.1809291840e-02 
1156.000  3.4122342900e-01  4.4406108860e-02 
1157.000  3.7066531000e-01  5.1399032590e-02 
1158.000  3.8104743000e-01  5.4056755070e-02 
1159.000  3.8427341500e-01  5.5532230380e-02 
1160.000  3.8286478200e-01  5.5751556400e-02 
1161.000  3.8339692400e-01  5.6803329470e-02 
1162.000  4.0372910700e-01  6.0620056150e-02 
1163.000  4.1330360900e-01  6.3032306670e-02 
1164.000  4.0673911800e-01  6.2241596220e-02 
1165.000  4.1509321800e-01  6.3649700160e-02 
1166.000  4.0588564500e-01  6.2469791410e-02 
1167.000  4.1343438100e-01  6.3777359010e-02 
1168.000  4.1664684200e-01  6.4227821350e-02 
1169.000  4.0330751600e-01  6.2317554470e-02 
1170.000  4.1516460500e-01  6.4283012390e-02 
1171.000  4.1984250400e-01  6.5349349980e-02 
1172.000  4.1688835800e-01  6.4699951170e-02 
1173.000  4.1238201300e-01  6.3821338650e-02 
1174.000  4.1268347200e-01  6.3884510040e-02 
1175.000  4.1213660600e-01  6.4317375180e-02 
1176.000  4.0602170200e-01  6.3838890080e-02 
1177.000  4.1669819300e-01  6.5290870670e-02 
1178.000  4.0590958800e-01  6.3149826050e-02 
1179.000  4.0409927400e-01  6.2873626710e-02 
1180.000  4.0841005300e-01  6.3385101320e-02 
1181.000  4.0278865400e-01  6.2101200100e-02 
1182.000  3.9977878200e-01  6.1237476350e-02 
1183.000  3.7697391200e-01  5.7792667390e-02 
1184.000  3.9595549400e-01  6.0932903290e-02 
1185.000  4.0611382900e-01  6.3080112460e-02 
1186.000  4.0224531400e-01  6.2310611720e-02 
1187.000  3.9737775400e-01  6.0986446380e-02 
1188.000  3.9418561000e-01  6.0371498110e-02 
1189.000  3.7405206700e-01  5.7623825070e-02 
1190.000  4.0019133400e-01  6.2573265080e-02 
1191.000  4.0875794000e-01  6.4200119020e-02 
1192.000  4.0983537800e-01  6.4787399290e-02 
1193.000  4.0927833800e-01  6.4607315060e-02 
1194.000  4.0799190800e-01  6.4351608280e-02 
1195.000  4.0018092700e-01  6.2730514530e-02 
1196.000  4.0037097400e-01  6.2824039460e-02 
1197.000  3.9869252200e-01  6.2377182010e-02 
1198.000  3.8495685800e-01  6.0194541930e-02 
1199.000  3.6880939300e-01  5.7456237790e-02 
1200.000  3.9316907400e-01  6.1392375950e-02 
1201.000  3.9642525300e-01  6.1973743440e-02 
1202.000  3.9733917100e-01  6.2223640440e-02 
1203.000  3.7689357400e-01  5.8957115170e-02 
1204.000  3.8375237000e-01  6.0155673980e-02 
1205.000  3.9795677900e-01  6.3046398160e-02 
1206.000  3.9800772200e-01  6.3358127590e-02 
1207.000  4.0169158600e-01  6.4069099430e-02 
1208.000  3.9511593800e-01  6.2918296810e-02 
1209.000  3.6929475500e-01  5.8653747560e-02 
1210.000  3.9313739500e-01  6.2162178040e-02 
1211.000  3.7971659700e-01  6.0005603790e-02 
1212.000  3.9216133300e-01  6.2045825960e-02 
1213.000  3.9576306300e-01  6.2885612490e-02 
1214.000  3.9369587900e-01  6.2524642940e-02 
1215.000  3.9577821800e-01  6.2963974000e-02 
1216.000  3.9755283900e-01  6.3679077150e-02 
1217.000  3.9917138100e-01  6.4321014400e-02 
1218.000  3.9875135300e-01  6.4446250920e-02 
1219.000  3.9551946100e-01  6.4045211790e-02 
1220.000  3.9825678800e-01  6.4498214720e-02 
1221.000  3.9778252200e-01  6.4456710820e-02 
1222.000  3.9576238900e-01  6.4141830440e-02 
1223.000  3.9409573700e-01  6.3920494080e-02 
1224.000  3.9863172800e-01  6.4884483340e-02 
1225.000  3.9675336800e-01  6.4637023930e-02 
1226.000  3.9855870100e-01  6.5012397770e-02 
1227.000  3.8571899900e-01  6.3040893550e-02 
1228.000  3.9859385500e-01  6.5304054260e-02 
1229.000  3.9874761600e-01  6.5454689030e-02 
1230.000  3.9805091300e-01  6.5482872010e-02 
1231.000  3.9842152400e-01  6.5631187440e-02 
1232.000  3.9406459300e-01  6.4956008910e-02 
1233.000  3.9725038900e-01  6.5513427730e-02 
1234.000  3.9692377500e-01  6.5639869690e-02 
1235.000  3.9447472900e-01  6.5306358340e-02 
1236.000  3.9697549200e-01  6.5775070190e-02 
1237.000  3.9722882200e-01  6.5885284420e-02 
1238.000  3.9707305300e-01  6.5894699100e-02 
1239.000  3.9259311400e-01  6.5177429200e-02 
1240.000  3.9081508500e-01  6.4909118650e-02 
1241.000  3.9422576600e-01  6.5489112850e-02 
1242.000  3.9182674100e-01  6.5098937990e-02 
1243.000  3.8736648900e-01  6.4368835450e-02 
1244.000  3.8372113100e-01  6.3755508420e-02 
1245.000  3.9020060500e-01  6.4834846500e-02 
1246.000  3.8703751100e-01  6.4290382390e-02 
1247.000  3.8495034800e-01  6.3920227050e-02 
1248.000  3.8776059000e-01  6.4368011470e-02 
1249.000  3.8625292900e-01  6.4112907410e-02 
1250.000  3.8457092200e-01  6.3815361020e-02 
1251.000  3.8173729100e-01  6.3328296660e-02 
1252.000  3.8029527600e-01  6.3050804140e-02 
1253.000  3.7683604600e-01  6.2433776860e-02 
1254.000  3.7718841700e-01  6.2395290370e-02 
1255.000  3.7609906400e-01  6.2157100680e-02 
1256.000  3.7489884300e-01  6.1917343140e-02 
1257.000  3.7004621800e-01  6.1047580720e-02 
1258.000  3.7011855500e-01  6.0905715940e-02 
1259.000  3.6487568900e-01  5.9924442290e-02 
1260.000  3.6400222800e-01  5.9641490940e-02 
1261.000  3.6177968800e-01  5.9130687710e-02 
1262.000  3.5073246700e-01  5.7065856930e-02 
1263.000  3.5370886900e-01  5.7477252960e-02 
1264.000  3.4736298000e-01  5.6409572600e-02 
1265.000  3.4768459100e-01  5.6448711400e-02 
1266.000  3.4854092300e-01  5.6487464900e-02 
1267.000  3.4045953400e-01  5.5079475400e-02 
1268.000  3.3536763700e-01  5.4167335510e-02 
1269.000  3.3772034400e-01  5.4509220120e-02 
1270.000  3.4590964200e-01  5.6068328860e-02 
1271.000  3.4983396100e-01  5.6793952940e-02 
1272.000  3.5042092800e-01  5.6990669250e-02 
1273.000  3.5158595800e-01  5.7308624270e-02 
1274.000  3.5128966200e-01  5.7423885350e-02 
1275.000  3.5423375400e-01  5.7957618710e-02 
1276.000  3.5532034100e-01  5.8142971040e-02 
1277.000  3.5536062000e-01  5.8118499760e-02 
1278.000  3.5467272100e-01  5.7958633420e-02 
1279.000  3.5264877000e-01  5.7629013060e-02 
1280.000  3.5155125500e-01  5.7563224790e-02 
1281.000  3.4247089300e-01  5.6178279880e-02 
1282.000  3.0488571300e-01  5.0103355410e-02 
1283.000  3.3512489500e-01  5.5105575560e-02 
1284.000  3.4901568500e-01  5.7378036500e-02 
1285.000  3.5186152900e-01  5.7859508510e-02 
1286.000  3.5131356200e-01  5.7680271150e-02 
1287.000  3.5258080700e-01  5.7738792420e-02 
1288.000  3.4708121200e-01  5.6350955960e-02 
1289.000  3.4813206000e-01  5.6360294340e-02 
1290.000  3.4000769100e-01  5.5010437010e-02 
1291.000  3.4524676100e-01  5.5899345400e-02 
1292.000  3.4812166600e-01  5.6518692020e-02 
1293.000  3.4856113900e-01  5.6572490690e-02 
1294.000  3.4161197300e-01  5.5205551150e-02 
1295.000  3.4295459100e-01  5.5074745180e-02 
1296.000  3.4075775200e-01  5.4365623470e-02 
1297.000  3.3665559500e-01  5.3430435180e-02 
1298.000  3.3346233200e-01  5.2873619080e-02 
1299.000  3.3668774900e-01  5.3336620330e-02 
1300.000  3.3499688100e-01  5.3012203220e-02 
1301.000  3.3401614500e-01  5.2757946010e-02 
1302.000  3.2832724300e-01  5.1642719270e-02 
1303.000  3.2234412600e-01  5.0146816250e-02 
1304.000  3.2097498400e-01  4.9692646030e-02 
1305.000  3.2222226000e-01  4.9772460940e-02 
1306.000  3.2200630400e-01  4.9625289920e-02 
1307.000  3.1998987500e-01  4.9170269010e-02 
1308.000  3.1701165000e-01  4.8362331390e-02 
1309.000  3.1307541200e-01  4.7312278750e-02 
1310.000  3.1134859000e-01  4.6990913390e-02 
1311.000  3.1049662200e-01  4.6844123840e-02 
1312.000  3.0506271800e-01  4.5539340970e-02 
1313.000  2.8894800000e-01  4.2601535800e-02 
1314.000  2.9346695200e-01  4.2796188350e-02 
1315.000  2.8568974800e-01  4.1854095460e-02 
1316.000  2.9567272400e-01  4.3620048520e-02 
1317.000  2.9867757200e-01  4.4030941010e-02 
1318.000  2.8927877400e-01  4.2084083560e-02 
1319.000  2.8562802600e-01  4.0783412930e-02 
1320.000  2.7490281000e-01  3.8329345700e-02 
1321.000  2.7036412100e-01  3.7295749660e-02 
1322.000  2.7544063100e-01  3.8571632390e-02 
1323.000  2.8233531900e-01  4.0114624020e-02 
1324.000  2.8560350600e-01  4.0865749360e-02 
1325.000  2.8321626700e-01  4.0296161650e-02 
1326.000  2.7612775000e-01  3.8694667820e-02 
1327.000  2.6158221300e-01  3.5275028230e-02 
1328.000  2.4843363200e-01  3.1868774410e-02 
1329.000  2.1432068900e-01  2.5057992940e-02 
1330.000  2.0826483500e-01  2.3522094730e-02 
1331.000  2.0277383500e-01  2.2380874630e-02 
1332.000  2.0057956800e-01  2.2260967250e-02 
1333.000  2.1159890900e-01  2.3923040390e-02 
1334.000  2.2002653200e-01  2.5501270290e-02 
1335.000  2.2597611600e-01  2.6666393280e-02 
1336.000  2.2587165300e-01  2.6815238950e-02 
1337.000  2.2842805300e-01  2.7181640620e-02 
1338.000  2.3218629600e-01  2.7998670580e-02 
1339.000  2.3270053600e-01  2.8199222560e-02 
1340.000  2.3432499900e-01  2.8724182130e-02 
1341.000  2.3828028800e-01  2.8945249560e-02 
1342.000  2.3818218400e-01  2.8933710100e-02 
1343.000  2.2913318500e-01  2.6483760830e-02 
1344.000  2.1526316700e-01  2.3457241060e-02 
1345.000  1.7808550500e-01  1.6786623000e-02 
1346.000  1.5189857300e-01  1.2567868230e-02 
1347.000  1.3472595300e-01  1.0227217670e-02 
1348.000  1.1168741500e-01  7.1228103640e-03 
1349.000  1.0158182660e-01  6.0290803910e-03 
1350.000  7.9124727700e-02  3.7217330930e-03 
1351.000  6.8307987000e-02  2.8748810290e-03 
1352.000  5.2246643000e-02  1.7081046100e-03 
1353.000  3.7031694400e-02  9.3935412170e-04 
1354.000  2.9610162400e-02  6.2908899780e-04 
1355.000  2.2989749900e-02  4.0443888310e-04 
1356.000  1.7384992800e-02  2.4696823950e-04 
1357.000  1.1883105950e-02  1.2505689260e-04 
1358.000  8.7943173100e-03  7.6603017750e-05 
1359.000  4.6371942200e-03  2.6182800530e-05 
1360.000  3.0667214100e-03  1.3811693530e-05 
1361.000  2.2822912700e-03  8.2458462570e-06 
1362.000  2.1000794900e-03  7.2577907700e-06 
1363.000  3.0298736700e-03  1.2638436630e-05 
1364.000  3.5132285800e-03  1.5811689200e-05 
1365.000  3.6785405500e-03  1.6683738680e-05 
1366.000  4.2481019700e-03  2.0819449800e-05 
1367.000  3.5684734300e-03  1.6328787430e-05 
1368.000  3.1641465400e-03  1.4121469110e-05 
1369.000  3.2446909900e-03  1.4853995290e-05 
1370.000  5.3662092400e-03  3.4308906640e-05 
1371.000  9.5567586100e-03  8.5521332920e-05 
1372.000  1.7696221600e-02  2.3497587440e-04 
1373.000  2.5103585000e-02  4.1336297990e-04 
1374.000  3.0483639100e-02  5.7076394560e-04 
1375.000  3.2500927400e-02  6.4031845330e-04 
1376.000  3.0145942600e-02  5.6825053690e-04 
1377.000  2.6837366000e-02  4.6489760280e-04 
1378.000  2.0455634800e-02  2.9725408550e-04 
1379.000  1.4046736370e-02  1.6109210250e-04 
1380.000  7.9669061400e-03  6.4696006480e-05 
1381.000  4.6085509000e-03  2.7116380630e-05 
1382.000  3.2226964700e-03  1.5353899450e-05 
1383.000  3.1180853200e-03  1.4352648520e-05 
1384.000  5.0718405000e-03  3.0837003140e-05 
1385.000  7.2001245100e-03  5.3883641960e-05 
1386.000  1.0997446370e-02  1.0584475100e-04 
1387.000  2.0206313900e-02  2.8932809830e-04 
1388.000  2.6781667900e-02  4.5307347180e-04 
1389.000  3.0764060600e-02  5.7642799620e-04 
1390.000  3.1403400100e-02  6.0228413340e-04 
1391.000  2.9315436000e-02  5.3610664610e-04 
1392.000  2.2163707300e-02  3.4006351230e-04 
1393.000  1.6942399900e-02  2.2231373190e-04 
1394.000  1.2979809390e-02  1.4549037810e-04 
1395.000  1.4631344500e-02  1.7613700030e-04 
1396.000  2.0077444400e-02  2.9024618860e-04 
1397.000  2.5909834000e-02  4.4039133190e-04 
1398.000  2.6682636700e-02  4.6020907160e-04 
1399.000  2.4913677400e-02  4.1748580340e-04 
1400.000  2.3296402500e-02  3.7952408190e-04 
1401.000  2.4765272200e-02  4.2516177890e-04 
1402.000  3.0702249500e-02  5.9182679650e-04 
1403.000  3.5348683300e-02  7.6527923350e-04 
1404.000  3.3248578600e-02  6.8879771230e-04 
1405.000  3.4827157900e-02  7.6000458000e-04 
1406.000  3.2294548600e-02  6.6555655000e-04 
1407.000  3.3492660600e-02  7.2530639170e-04 
1408.000  4.0143357900e-02  9.6977496150e-04 
1409.000  4.7057240700e-02  1.2796096800e-03 
1410.000  5.7715468200e-02  1.7887040380e-03 
1411.000  6.8650655800e-02  2.4481875900e-03 
1412.000  6.6324394900e-02  2.3612389560e-03 
1413.000  7.3149845200e-02  2.8163349630e-03 
1414.000  7.2120708600e-02  2.7053444390e-03 
1415.000  7.9728878900e-02  3.2827301030e-03 
1416.000  8.5663383800e-02  3.7058229450e-03 
1417.000  8.7869097800e-02  3.9001214500e-03 
1418.000  8.8652209700e-02  3.9363291260e-03 
1419.000  8.8467731200e-02  3.9922318460e-03 
1420.000  9.0569022200e-02  4.1414136890e-03 
1421.000  1.0186410850e-01  5.0635285380e-03 
1422.000  1.0428782990e-01  5.3435497280e-03 
1423.000  1.0545106400e-01  5.4999156000e-03 
1424.000  1.0509267750e-01  5.4490761760e-03 
1425.000  1.0389931940e-01  5.2877035140e-03 
1426.000  1.0017348060e-01  5.1016139980e-03 
1427.000  1.0610434700e-01  5.5757560730e-03 
1428.000  1.1206710360e-01  6.0176334380e-03 
1429.000  1.1366924130e-01  6.2763152120e-03 
1430.000  1.1090502490e-01  6.1223645210e-03 
1431.000  1.0332071720e-01  5.4727320670e-03 
1432.000  1.0102565300e-01  5.2112450600e-03 
1433.000  1.0074090010e-01  5.1821093560e-03 
1434.000  9.6088637600e-02  4.8364439010e-03 
1435.000  1.0316037060e-01  5.4125127790e-03 
1436.000  1.0572956290e-01  5.6419558530e-03 
1437.000  1.0741499070e-01  5.7815046310e-03 
1438.000  1.1387898890e-01  6.3878803250e-03 
1439.000  1.1598071970e-01  6.5282540320e-03 
1440.000  1.1120762670e-01  6.3373422620e-03 
1441.000  1.1811502540e-01  6.7776021960e-03 
1442.000  1.1329915160e-01  6.4164562230e-03 
1443.000  1.1533552380e-01  6.5464520450e-03 
1444.000  1.1793596260e-01  6.7720475200e-03 
1445.000  1.1817219850e-01  6.8097224240e-03 
1446.000  1.2368979340e-01  7.2969956400e-03 
1447.000  1.2707089700e-01  7.6547737120e-03 
1448.000  1.2851920800e-01  7.7731423380e-03 
1449.000  1.2599547300e-01  7.5228319170e-03 
1450.000  1.2048192100e-01  7.0442056660e-03 
1451.000  1.2183101910e-01  7.2088580130e-03 
1452.000  1.2716449700e-01  7.8392181400e-03 
1453.000  1.4170145200e-01  9.2487392430e-03 
1454.000  1.5419541900e-01  1.0637523650e-02 
1455.000  1.6017159000e-01  1.1423511510e-02 
1456.000  1.6727898200e-01  1.2319517140e-02 
1457.000  1.6996929300e-01  1.2582570080e-02 
1458.000  1.7329477100e-01  1.2917677880e-02 
1459.000  1.6842434100e-01  1.2299918170e-02 
1460.000  1.6074538500e-01  1.1531108860e-02 
1461.000  1.5766137600e-01  1.1216827390e-02 
1462.000  1.4917033700e-01  1.0327988620e-02 
1463.000  1.4818125600e-01  1.0288128850e-02 
1464.000  1.4626659600e-01  1.0088937760e-02 
1465.000  1.4302073900e-01  9.6676826480e-03 
1466.000  1.3329064300e-01  8.7744874950e-03 
1467.000  1.3232310400e-01  8.5474252700e-03 
1468.000  1.2417988340e-01  7.8483448030e-03 
1469.000  1.1779752730e-01  7.1592354770e-03 
1470.000  1.1438578950e-01  6.8635945320e-03 
1471.000  1.2138803600e-01  7.6919465070e-03 
1472.000  1.3367068200e-01  9.0126924510e-03 
1473.000  1.5022275100e-01  1.0896808620e-02 
1474.000  1.5746274200e-01  1.2042673110e-02 
1475.000  1.6026283200e-01  1.2306995390e-02 
1476.000  1.6052348900e-01  1.2379294400e-02 
1477.000  1.5708207600e-01  1.1991844180e-02 
1478.000  1.5093821100e-01  1.1410802840e-02 
1479.000  1.4794358500e-01  1.1006224630e-02 
1480.000  1.5102598200e-01  1.1440025330e-02 
1481.000  1.5385129600e-01  1.1957853320e-02 
1482.000  1.6080382000e-01  1.2856150630e-02 
1483.000  1.5902465900e-01  1.2848686220e-02 
1484.000  1.6005660300e-01  1.3005583760e-02 
1485.000  1.6235687900e-01  1.3206868170e-02 
1486.000  1.6373205300e-01  1.3654083250e-02 
1487.000  1.7375891500e-01  1.5159555440e-02 
1488.000  1.5227553300e-01  1.3392956730e-02 
1489.000  1.8687598100e-01  1.7401241300e-02 
1490.000  1.9771843000e-01  1.9315038680e-02 
1491.000  2.0478599800e-01  2.0541053770e-02 
1492.000  2.0107320100e-01  2.0346672060e-02 
1493.000  2.0850858800e-01  2.1467056270e-02 
1494.000  2.0820381900e-01  2.1580486300e-02 
1495.000  2.0993075400e-01  2.2140314100e-02 
1496.000  2.0957055300e-01  2.2628692630e-02 
1497.000  2.1468183200e-01  2.3330329900e-02 
1498.000  2.2176551600e-01  2.4593288420e-02 
1499.000  2.2275732100e-01  2.5182987210e-02 
1500.000  2.2962854600e-01  2.6358751300e-02 
1501.000  2.2832222000e-01  2.6225515370e-02 
1502.000  2.2464073700e-01  2.5767412190e-02 
1503.000  2.0067498600e-01  2.3022817610e-02 
1504.000  2.1001354100e-01  2.4272691730e-02 
1505.000  2.1263838400e-01  2.4934228900e-02 
1506.000  2.1557050000e-01  2.5390865330e-02 
1507.000  2.2839436100e-01  2.7257070540e-02 
1508.000  2.2638614700e-01  2.7257822040e-02 
1509.000  2.2891221100e-01  2.7817008970e-02 
1510.000  2.3301528700e-01  2.8478305820e-02 
1511.000  2.3516427900e-01  2.8937438960e-02 
1512.000  2.3147757200e-01  2.8637136460e-02 
1513.000  2.3138730500e-01  2.8750421520e-02 
1514.000  2.2821931900e-01  2.8444093700e-02 
1515.000  2.3352749300e-01  2.9271463390e-02 
1516.000  2.3162126200e-01  2.9141691210e-02 
1517.000  2.3100089900e-01  2.9215890880e-02 
1518.000  2.3672578000e-01  3.0171070100e-02 
1519.000  2.3494474700e-01  3.0198616030e-02 
1520.000  2.3854791900e-01  3.0976316450e-02 
1521.000  2.3515847300e-01  3.0726104740e-02 
1522.000  2.3379821200e-01  3.0621139530e-02 
1523.000  2.3982580400e-01  3.1522550580e-02 
1524.000  2.3774143600e-01  3.1284196850e-02 
1525.000  2.3200335800e-01  3.0557607650e-02 
1526.000  2.3864078000e-01  3.1508737560e-02 
1527.000  2.3652862400e-01  3.1348516460e-02 
1528.000  2.3863156900e-01  3.1769582750e-02 
1529.000  2.3788521100e-01  3.1733013150e-02 
1530.000  2.2302700500e-01  2.9876945500e-02 
1531.000  2.3867623800e-01  3.2096935270e-02 
1532.000  2.3753956700e-01  3.2073837280e-02 
1533.000  2.3657828100e-01  3.2047328950e-02 
1534.000  2.3309999900e-01  3.1672851560e-02 
1535.000  2.3408817000e-01  3.1906284330e-02 
1536.000  2.3722176100e-01  3.2412437440e-02 
1537.000  2.3815971600e-01  3.2652153020e-02 
1538.000  2.3183157300e-01  3.1899250030e-02 
1539.000  2.3684880000e-01  3.2700805660e-02 
1540.000  2.2829790600e-01  3.1609872820e-02 
1541.000  2.3311228100e-01  3.2349678040e-02 
1542.000  2.3450021000e-01  3.2605529790e-02 
1543.000  2.3386256400e-01  3.2594562530e-02 
1544.000  2.3686747000e-01  3.3102035520e-02 
1545.000  2.3777780800e-01  3.3337558750e-02 
1546.000  2.3799736700e-01  3.3473384860e-02 
1547.000  2.3568647000e-01  3.3244960780e-02 
1548.000  2.2872594900e-01  3.2347278590e-02 
1549.000  2.3458842300e-01  3.3245647430e-02 
1550.000  2.3327023400e-01  3.3122158050e-02 
1551.000  2.3204216000e-01  3.2995395660e-02 
1552.000  2.3599752000e-01  3.3607353210e-02 
1553.000  2.3476440900e-01  3.3492118840e-02 
1554.000  2.2616270000e-01  3.2311599730e-02 
1555.000  2.2993729900e-01  3.2916793820e-02 
1556.000  2.2554781200e-01  3.2353275300e-02 
1557.000  2.3293305100e-01  3.3482807160e-02 
1558.000  2.3108884900e-01  3.3270904540e-02 
1559.000  2.3110669500e-01  3.3323230740e-02 
1560.000  2.2711559000e-01  3.2808189390e-02 
1561.000  2.3241584000e-01  3.3613594060e-02 
1562.000  2.3230724900e-01  3.3621791840e-02 
1563.000  2.2883395000e-01  3.3153018950e-02 
1564.000  2.2417420400e-01  3.2500000000e-02 
1565.000  2.2742786500e-01  3.2984642030e-02 
1566.000  2.2311895100e-01  3.2407936100e-02 
1567.000  2.2275997300e-01  3.2359500890e-02 
1568.000  2.1760099200e-01  3.1592050550e-02 
1569.000  2.1778115900e-01  3.1591571810e-02 
1570.000  2.1172214500e-01  3.0706787110e-02 
1571.000  2.1739526500e-01  3.1568599700e-02 
1572.000  2.1722856600e-01  3.1567621230e-02 
1573.000  2.1392942700e-01  3.1145133970e-02 
1574.000  2.1477332700e-01  3.1339729310e-02 
1575.000  1.9954458700e-01  2.9170965190e-02 
1576.000  2.1437683700e-01  3.1373559950e-02 
1577.000  1.9364933300e-01  2.8373125080e-02 
1578.000  2.1200538500e-01  3.1098995210e-02 
1579.000  2.1332904300e-01  3.1340999600e-02 
1580.000  2.1788089800e-01  3.2077293400e-02 
1581.000  2.1643625300e-01  3.1905057910e-02 
1582.000  2.1228563500e-01  3.1380830760e-02 
1583.000  2.1509272600e-01  3.1880088810e-02 
1584.000  2.1336090400e-01  3.1709524150e-02 
1585.000  2.1981112200e-01  3.2744533540e-02 
1586.000  2.1705075500e-01  3.2383003230e-02 
1587.000  2.1478966200e-01  3.2118030550e-02 
1588.000  2.1163857900e-01  3.1715391160e-02 
1589.000  1.9362708300e-01  2.9057024000e-02 
1590.000  2.0860279100e-01  3.1341470720e-02 
1591.000  2.0393022600e-01  3.0669591900e-02 
1592.000  2.1460932500e-01  3.2287990570e-02 
1593.000  2.1922569900e-01  3.2986885070e-02 
1594.000  2.1734955300e-01  3.2710334780e-02 
1595.000  2.1832179900e-01  3.2865509030e-02 
1596.000  2.0450938300e-01  3.0816919330e-02 
1597.000  2.1210228100e-01  3.1958909990e-02 
1598.000  2.1501672800e-01  3.2383148190e-02 
1599.000  2.0657560400e-01  3.1086587910e-02 
1600.000  2.0902776000e-01  3.1440813060e-02 
1601.000  2.0022798300e-01  3.0146158220e-02 
1602.000  2.0509650100e-01  3.0909746170e-02 
1603.000  2.0386845600e-01  3.0785486220e-02 
1604.000  2.0691448000e-01  3.1315172200e-02 
1605.000  2.0385478500e-01  3.0886581420e-02 
1606.000  2.0321600300e-01  3.0833581920e-02 
1607.000  2.0390358500e-01  3.0944303510e-02 
1608.000  2.0609833100e-01  3.1285110470e-02 
1609.000  2.0530591700e-01  3.1186536790e-02 
1610.000  1.9264181300e-01  2.9287797930e-02 
1611.000  1.9879117000e-01  3.0279058460e-02 
1612.000  2.0126094600e-01  3.0716001510e-02 
1613.000  2.0628291300e-01  3.1542226790e-02 
1614.000  2.0425765100e-01  3.1250719070e-02 
1615.000  2.0803088800e-01  3.1879346850e-02 
1616.000  1.9530848700e-01  2.9968168260e-02 
1617.000  2.0141533500e-01  3.0970697400e-02 
1618.000  2.0769047300e-01  3.1965457920e-02 
1619.000  2.0740909900e-01  3.1988723750e-02 
1620.000  2.0251794600e-01  3.1297498700e-02 
1621.000  1.9979050300e-01  3.0925003050e-02 
1622.000  2.0481860200e-01  3.1723335270e-02 
1623.000  2.0910121200e-01  3.2420867920e-02 
1624.000  2.1063000000e-01  3.2684692380e-02 
1625.000  2.0561420800e-01  3.1963676450e-02 
1626.000  2.0791512200e-01  3.2310314180e-02 
1627.000  2.0767651400e-01  3.2301342010e-02 
1628.000  2.0925409400e-01  3.2557575230e-02 
1629.000  2.0911712300e-01  3.2543720250e-02 
1630.000  2.0325164800e-01  3.1624912260e-02 
1631.000  2.0642993500e-01  3.2133651730e-02 
1632.000  2.0625668200e-01  3.2078792570e-02 
1633.000  2.0353496900e-01  3.1655904770e-02 
1634.000  1.9857214300e-01  3.0872592930e-02 
1635.000  2.0389469300e-01  3.1704456330e-02 
1636.000  2.0312786300e-01  3.1578924180e-02 
1637.000  1.9381340800e-01  3.0123006820e-02 
1638.000  1.9239753900e-01  2.9907825470e-02 
1639.000  1.9011401800e-01  2.9530412670e-02 
1640.000  1.9106022900e-01  2.9673805240e-02 
1641.000  1.8969589000e-01  2.9460092540e-02 
1642.000  1.8945772900e-01  2.9456501010e-02 
1643.000  1.9425852200e-01  3.0225130080e-02 
1644.000  1.9118560700e-01  2.9764133450e-02 
1645.000  1.9148385200e-01  2.9820375440e-02 
1646.000  1.9378429500e-01  3.0210578920e-02 
1647.000  1.9558548300e-01  3.0509302140e-02 
1648.000  1.9470189400e-01  3.0373813630e-02 
1649.000  1.9022780400e-01  2.9689741130e-02 
1650.000  1.9504803300e-01  3.0462381360e-02 
1651.000  1.9069305600e-01  2.9788957600e-02 
1652.000  1.9448451600e-01  3.0374956130e-02 
1653.000  1.9248210800e-01  3.0082042690e-02 
1654.000  1.9464087100e-01  3.0430740360e-02 
1655.000  1.9095497500e-01  2.9880285260e-02 
1656.000  1.9478022900e-01  3.0499011990e-02 
1657.000  1.9336487900e-01  3.0288276670e-02 
1658.000  1.9458383900e-01  3.0505540850e-02 
1659.000  1.9104509700e-01  2.9962003710e-02 
1660.000  1.9325293400e-01  3.0304313660e-02 
1661.000  1.9400574700e-01  3.0421714780e-02 
1662.000  1.9254803300e-01  3.0176290510e-02 
1663.000  1.9127341600e-01  2.9977062230e-02 
1664.000  1.9038056500e-01  2.9836015700e-02 
1665.000  1.8844045200e-01  2.9524095540e-02 
1666.000  1.8767040300e-01  2.9425369260e-02 
1667.000  1.8958758200e-01  2.9774513240e-02 
1668.000  1.8637544400e-01  2.9280797960e-02 
1669.000  1.8690052300e-01  2.9386444090e-02 
1670.000  1.9110225600e-01  3.0068403240e-02 
1671.000  1.8970395100e-01  2.9859592440e-02 
1672.000  1.8071914700e-01  2.8456815720e-02 
1673.000  1.8588186000e-01  2.9259429930e-02 
1674.000  1.8663075600e-01  2.9374965670e-02 
1675.000  1.8489693300e-01  2.9113672260e-02 
1676.000  1.8190790800e-01  2.8641899110e-02 
1677.000  1.8283923100e-01  2.8795978550e-02 
1678.000  1.8385141200e-01  2.8974742890e-02 
1679.000  1.8141028700e-01  2.8590276720e-02 
1680.000  1.7519267400e-01  2.7627426150e-02 
1681.000  1.6911941700e-01  2.6677711490e-02 
1682.000  1.7400421400e-01  2.7447286610e-02 
1683.000  1.7829523600e-01  2.8115770340e-02 
1684.000  1.8159026700e-01  2.8628250120e-02 
1685.000  1.8210949300e-01  2.8680200580e-02 
1686.000  1.7991283500e-01  2.8330978390e-02 
1687.000  1.8060710700e-01  2.8390771870e-02 
1688.000  1.8069991100e-01  2.8364288330e-02 
1689.000  1.7852027200e-01  2.8017412190e-02 
1690.000  1.7837445500e-01  2.7947158810e-02 
1691.000  1.8068217500e-01  2.8301576610e-02 
1692.000  1.8100733000e-01  2.8351148610e-02 
1693.000  1.8036675200e-01  2.8257043840e-02 
1694.000  1.8009745700e-01  2.8213632580e-02 
1695.000  1.8014379600e-01  2.8194055560e-02 
1696.000  1.7908935600e-01  2.8017824170e-02 
1697.000  1.7796209400e-01  2.7812965390e-02 
1698.000  1.7901747200e-01  2.7957576750e-02 
1699.000  1.7786177800e-01  2.7765264510e-02 
1700.000  1.7560992300e-01  2.7403129580e-02 
