 lambda   Irr_dw            Rad_up 
 550.000  1.5522246000e+00  2.3968617250e-01 
 551.000  1.5418566000e+00  2.3805693050e-01 
 552.000  1.6075634000e+00  2.4821633910e-01 
 553.000  1.5439356000e+00  2.3835284420e-01 
 554.000  1.5937251000e+00  2.4604467770e-01 
 555.000  1.5975766000e+00  2.4658726500e-01 
 556.000  1.5529533000e+00  2.3965071110e-01 
 557.000  1.5063338000e+00  2.3246067810e-01 
 558.000  1.5630088000e+00  2.4115580750e-01 
 559.000  1.4768885000e+00  2.2784202580e-01 
 560.000  1.4829014000e+00  2.2876660160e-01 
 561.000  1.6292664000e+00  2.5128987120e-01 
 562.000  1.4950820000e+00  2.3055091860e-01 
 563.000  1.5637317000e+00  2.4107730100e-01 
 564.000  1.5412796000e+00  2.3752713010e-01 
 565.000  1.5591806000e+00  2.4024378970e-01 
 566.000  1.4371514000e+00  2.2139015200e-01 
 567.000  1.5411021000e+00  2.3718753050e-01 
 568.000  1.5363491000e+00  2.3573321530e-01 
 569.000  1.5042420000e+00  2.2925657650e-01 
 570.000  1.5119262000e+00  2.3065611270e-01 
 571.000  1.4588022000e+00  2.2362486270e-01 
 572.000  1.5407890000e+00  2.3513739010e-01 
 573.000  1.5570063000e+00  2.3791619870e-01 
 574.000  1.5482383000e+00  2.3664172360e-01 
 575.000  1.5100590000e+00  2.3070610050e-01 
 576.000  1.4823954000e+00  2.2643305970e-01 
 577.000  1.5438642000e+00  2.3607572940e-01 
 578.000  1.4989013000e+00  2.2961535640e-01 
 579.000  1.4874358000e+00  2.2806761170e-01 
 580.000  1.5386119000e+00  2.3610136410e-01 
 581.000  1.5108462000e+00  2.3211587520e-01 
 582.000  1.5333822000e+00  2.3564653020e-01 
 583.000  1.5438610000e+00  2.3728761290e-01 
 584.000  1.5387520000e+00  2.3645321660e-01 
 585.000  1.5284006000e+00  2.3479516600e-01 
 586.000  1.4625121000e+00  2.2465806580e-01 
 587.000  1.5192802000e+00  2.3275883480e-01 
 588.000  1.5026129000e+00  2.2804185490e-01 
 589.000  1.3311665000e+00  1.9926007080e-01 
 590.000  1.3897318000e+00  2.0784240720e-01 
 591.000  1.4769863000e+00  2.2286608890e-01 
 592.000  1.4483196000e+00  2.1742012020e-01 
 593.000  1.4639399000e+00  2.2202775570e-01 
 594.000  1.4770477000e+00  2.2347666930e-01 
 595.000  1.4483421000e+00  2.1749977110e-01 
 596.000  1.4845917000e+00  2.2529075620e-01 
 597.000  1.4888286000e+00  2.2538323970e-01 
 598.000  1.4584647000e+00  2.2177278140e-01 
 599.000  1.4588476000e+00  2.2224653630e-01 
 600.000  1.4593144000e+00  2.2323866270e-01 
 601.000  1.4511757000e+00  2.2265135190e-01 
 602.000  1.4352976000e+00  2.2042132570e-01 
 603.000  1.4439419000e+00  2.2198640440e-01 
 604.000  1.4896500000e+00  2.2921649170e-01 
 605.000  1.4857790000e+00  2.2865185550e-01 
 606.000  1.4684718000e+00  2.2604302980e-01 
 607.000  1.4601262000e+00  2.2475746150e-01 
 608.000  1.4546773000e+00  2.2389672850e-01 
 609.000  1.4396539000e+00  2.2159811400e-01 
 610.000  1.4165055000e+00  2.1801142880e-01 
 611.000  1.4394088000e+00  2.2154269410e-01 
 612.000  1.4205729000e+00  2.1865151980e-01 
 613.000  1.3997243000e+00  2.1542370610e-01 
 614.000  1.3486179000e+00  2.0757095340e-01 
 615.000  1.4136652000e+00  2.1754737850e-01 
 616.000  1.3440323000e+00  2.0684661870e-01 
 617.000  1.3515336000e+00  2.0799800110e-01 
 618.000  1.4152063000e+00  2.1774699400e-01 
 619.000  1.4021466000e+00  2.1575239560e-01 
 620.000  1.4227641000e+00  2.1886776730e-01 
 621.000  1.4471267000e+00  2.2258596800e-01 
 622.000  1.3707004000e+00  2.1077664180e-01 
 623.000  1.3812786000e+00  2.1230474850e-01 
 624.000  1.3826561000e+00  2.1250918580e-01 
 625.000  1.3451055000e+00  2.0669990540e-01 
 626.000  1.3517978000e+00  2.0754273990e-01 
 627.000  1.3741063000e+00  2.1019044490e-01 
 628.000  1.3549197000e+00  2.0580274960e-01 
 629.000  1.3892309000e+00  2.1152845760e-01 
 630.000  1.3431914000e+00  2.0516787720e-01 
 631.000  1.3925557000e+00  2.1293826290e-01 
 632.000  1.2969613000e+00  1.9772206120e-01 
 633.000  1.3923664000e+00  2.1303375240e-01 
 634.000  1.3505698000e+00  2.0687634280e-01 
 635.000  1.3752141000e+00  2.1063616940e-01 
 636.000  1.3267571000e+00  2.0335032650e-01 
 637.000  1.3705141000e+00  2.1014674380e-01 
 638.000  1.3919023000e+00  2.1378155520e-01 
 639.000  1.3803580000e+00  2.1196202090e-01 
 640.000  1.3370479000e+00  2.0554866030e-01 
 641.000  1.3563052000e+00  2.0848658750e-01 
 642.000  1.3400133000e+00  2.0610083010e-01 
 643.000  1.3633249000e+00  2.0940893550e-01 
 644.000  1.3476411000e+00  2.0695788570e-01 
 645.000  1.3592590000e+00  2.0837417600e-01 
 646.000  1.3070603000e+00  1.9879521180e-01 
 647.000  1.3245355000e+00  2.0036862180e-01 
 648.000  1.3219265000e+00  1.9887074280e-01 
 649.000  1.3482844000e+00  2.0375630190e-01 
 650.000  1.2497474000e+00  1.9068144230e-01 
 651.000  1.3461664000e+00  2.0537825010e-01 
 652.000  1.3198106000e+00  1.9965467830e-01 
 653.000  1.3467939000e+00  2.0570889280e-01 
 654.000  1.3290675000e+00  2.0272448730e-01 
 655.000  1.2938319000e+00  1.9663298030e-01 
 656.000  1.0984610900e+00  1.6712997440e-01 
 657.000  1.1724199500e+00  1.7872354130e-01 
 658.000  1.3060319000e+00  1.9978634640e-01 
 659.000  1.3092290000e+00  2.0064631650e-01 
 660.000  1.3194968000e+00  2.0239189150e-01 
 661.000  1.3253862000e+00  2.0382737730e-01 
 662.000  1.3444838000e+00  2.0699136350e-01 
 663.000  1.3294833000e+00  2.0460392760e-01 
 664.000  1.3083430000e+00  2.0142659000e-01 
 665.000  1.3140112000e+00  2.0235311890e-01 
 666.000  1.3298225000e+00  2.0490786740e-01 
 667.000  1.3034083000e+00  2.0086395260e-01 
 668.000  1.3107956000e+00  2.0212095640e-01 
 669.000  1.3294636000e+00  2.0505462650e-01 
 670.000  1.3138402000e+00  2.0261300660e-01 
 671.000  1.2995982600e+00  2.0045321660e-01 
 672.000  1.2954482900e+00  1.9981298830e-01 
 673.000  1.3046624300e+00  2.0122819520e-01 
 674.000  1.3071495600e+00  2.0162402340e-01 
 675.000  1.2871647600e+00  1.9852757260e-01 
 676.000  1.3114248900e+00  2.0228092960e-01 
 677.000  1.2852968400e+00  1.9826297000e-01 
 678.000  1.3065345700e+00  2.0153175350e-01 
 679.000  1.2880455900e+00  1.9864813230e-01 
 680.000  1.2780971900e+00  1.9705169680e-01 
 681.000  1.2794024700e+00  1.9717605590e-01 
 682.000  1.2767039400e+00  1.9671347050e-01 
 683.000  1.2850279400e+00  1.9792762760e-01 
 684.000  1.2617420500e+00  1.9422665410e-01 
 685.000  1.2759721000e+00  1.9649261470e-01 
 686.000  1.2197025700e+00  1.8754748540e-01 
 687.000  1.1270457000e+00  1.6817552190e-01 
 688.000  1.1571564100e+00  1.7437278750e-01 
 689.000  1.1515781800e+00  1.7300102230e-01 
 690.000  1.1722956300e+00  1.7702639770e-01 
 691.000  1.1961868400e+00  1.8152590940e-01 
 692.000  1.1993260100e+00  1.8205717470e-01 
 693.000  1.1981722000e+00  1.7970286560e-01 
 694.000  1.2001145200e+00  1.7803135680e-01 
 695.000  1.1872508400e+00  1.7708981320e-01 
 696.000  1.2057779100e+00  1.8047338870e-01 
 697.000  1.2290496200e+00  1.8730552670e-01 
 698.000  1.2017254500e+00  1.8237300110e-01 
 699.000  1.2048269400e+00  1.7987289430e-01 
 700.000  1.1937036300e+00  1.7864888000e-01 
 701.000  1.1627524000e+00  1.7335638430e-01 
 702.000  1.1599119000e+00  1.7337120060e-01 
 703.000  1.1916904100e+00  1.8051515200e-01 
 704.000  1.1956498700e+00  1.8121357730e-01 
 705.000  1.1982341400e+00  1.8056980900e-01 
 706.000  1.1866520100e+00  1.7901045230e-01 
 707.000  1.1709417100e+00  1.7699650570e-01 
 708.000  1.2073354500e+00  1.8287821960e-01 
 709.000  1.1692686700e+00  1.7788883970e-01 
 710.000  1.1905815700e+00  1.8023056030e-01 
 711.000  1.1840106800e+00  1.8009306340e-01 
 712.000  1.1720215700e+00  1.7902073670e-01 
 713.000  1.1631980000e+00  1.7704644780e-01 
 714.000  1.1815589000e+00  1.7958976750e-01 
 715.000  1.1341211500e+00  1.7138447570e-01 
 716.000  1.1573570700e+00  1.7385450740e-01 
 717.000  1.0844520700e+00  1.5732098390e-01 
 718.000  1.0516912500e+00  1.4930767820e-01 
 719.000  1.0298194000e+00  1.4500949100e-01 
 720.000  1.0228513000e+00  1.4239428710e-01 
 721.000  1.0844437000e+00  1.5875323490e-01 
 722.000  1.1222388000e+00  1.6719433590e-01 
 723.000  1.1068204100e+00  1.6321742250e-01 
 724.000  1.0765134500e+00  1.5426933290e-01 
 725.000  1.0700155600e+00  1.5395674130e-01 
 726.000  1.0661839700e+00  1.5320451350e-01 
 727.000  1.0870262100e+00  1.5680848690e-01 
 728.000  1.0625772700e+00  1.5263174440e-01 
 729.000  1.0335208200e+00  1.5007034300e-01 
 730.000  1.0691089700e+00  1.5496220400e-01 
 731.000  1.0484415200e+00  1.5166418460e-01 
 732.000  1.0912003800e+00  1.6073599240e-01 
 733.000  1.0960239400e+00  1.6436300660e-01 
 734.000  1.1291936100e+00  1.7080169680e-01 
 735.000  1.1162299100e+00  1.6830323790e-01 
 736.000  1.0885927700e+00  1.6320941160e-01 
 737.000  1.1078860700e+00  1.6679057310e-01 
 738.000  1.1116918400e+00  1.6835365300e-01 
 739.000  1.0785112200e+00  1.6375807190e-01 
 740.000  1.0950426300e+00  1.6722425840e-01 
 741.000  1.0899250900e+00  1.6704057310e-01 
 742.000  1.0734238200e+00  1.6475686650e-01 
 743.000  1.1082797800e+00  1.7065946960e-01 
 744.000  1.1201804100e+00  1.7275325010e-01 
 745.000  1.0921318900e+00  1.6863075260e-01 
 746.000  1.1081548400e+00  1.7124136350e-01 
 747.000  1.1248425200e+00  1.7382946780e-01 
 748.000  1.1053918400e+00  1.7092770390e-01 
 749.000  1.1058806400e+00  1.7105993650e-01 
 750.000  1.0892784000e+00  1.6842208860e-01 
 751.000  1.0864707700e+00  1.6799786380e-01 
 752.000  1.1035985700e+00  1.7075569150e-01 
 753.000  1.0933168500e+00  1.6920040890e-01 
 754.000  1.1105292300e+00  1.7188856510e-01 
 755.000  1.1041577500e+00  1.7091362000e-01 
 756.000  1.0825479900e+00  1.6758062740e-01 
 757.000  1.0905123800e+00  1.6882165530e-01 
 758.000  1.0881969100e+00  1.6840570070e-01 
 759.000  1.0053292900e+00  1.5309205630e-01 
 760.000  5.1260616000e-01  6.6175834660e-02 
 761.000  4.6299101000e-01  5.8379646300e-02 
 762.000  7.4001778000e-01  1.0491849520e-01 
 763.000  6.7117014000e-01  9.2147155760e-02 
 764.000  7.1755224000e-01  1.0009705350e-01 
 765.000  8.1983960000e-01  1.1850885010e-01 
 766.000  8.8702443000e-01  1.3255165100e-01 
 767.000  9.5086802000e-01  1.4420770260e-01 
 768.000  1.0219739600e+00  1.5649873350e-01 
 769.000  1.0396867900e+00  1.6023486330e-01 
 770.000  1.0447871900e+00  1.6150338750e-01 
 771.000  1.0504113700e+00  1.6265551760e-01 
 772.000  1.0474820300e+00  1.6228019710e-01 
 773.000  1.0435496600e+00  1.6171218870e-01 
 774.000  1.0550430200e+00  1.6353344730e-01 
 775.000  1.0155524000e+00  1.5744642640e-01 
 776.000  1.0574697100e+00  1.6399035640e-01 
 777.000  1.0501234600e+00  1.6285810850e-01 
 778.000  1.0444535500e+00  1.6196945190e-01 
 779.000  1.0478165700e+00  1.6247767640e-01 
 780.000  1.0348127500e+00  1.6047685240e-01 
 781.000  1.0332074800e+00  1.6026812740e-01 
 782.000  1.0456216100e+00  1.6216197200e-01 
 783.000  1.0211522300e+00  1.5839718630e-01 
 784.000  1.0267060200e+00  1.5921165470e-01 
 785.000  1.0285242100e+00  1.5926184080e-01 
 786.000  1.0094593400e+00  1.5600222780e-01 
 787.000  1.0213018200e+00  1.5709838870e-01 
 788.000  1.0043625200e+00  1.5414375310e-01 
 789.000  1.0043695500e+00  1.5289334110e-01 
 790.000  9.9369396000e-01  1.5114886470e-01 
 791.000  9.8966047000e-01  1.5077742000e-01 
 792.000  9.7495832000e-01  1.4873788450e-01 
 793.000  9.7628301000e-01  1.4944000240e-01 
 794.000  9.7115091000e-01  1.4973194890e-01 
 795.000  9.6285947000e-01  1.4777471920e-01 
 796.000  9.7111186000e-01  1.4740766910e-01 
 797.000  9.7952654000e-01  1.4917739870e-01 
 798.000  9.8518845000e-01  1.5112030030e-01 
 799.000  9.8319264000e-01  1.5055757140e-01 
 800.000  9.5383902000e-01  1.4530792240e-01 
 801.000  9.7207016000e-01  1.4818014530e-01 
 802.000  9.6972055000e-01  1.4773745730e-01 
 803.000  9.5641221000e-01  1.4583253480e-01 
 804.000  9.6678549000e-01  1.4780184940e-01 
 805.000  9.4359485000e-01  1.4495571900e-01 
 806.000  9.7112907000e-01  1.4960095210e-01 
 807.000  9.6520015000e-01  1.4872677610e-01 
 808.000  9.5833721000e-01  1.4741812130e-01 
 809.000  9.4063834000e-01  1.4440579220e-01 
 810.000  9.3479246000e-01  1.4318872070e-01 
 811.000  9.4636650000e-01  1.4436247250e-01 
 812.000  9.3852444000e-01  1.4230375670e-01 
 813.000  9.2864180000e-01  1.3978912350e-01 
 814.000  9.1950204000e-01  1.3716543580e-01 
 815.000  8.9968747000e-01  1.3270426940e-01 
 816.000  8.7860937000e-01  1.2777911380e-01 
 817.000  8.8465207000e-01  1.2874674990e-01 
 818.000  8.8033953000e-01  1.2824020390e-01 
 819.000  8.6079922000e-01  1.2601702120e-01 
 820.000  8.5835146000e-01  1.2764659880e-01 
 821.000  9.0361910000e-01  1.3681698610e-01 
 822.000  8.6567558000e-01  1.2925404360e-01 
 823.000  8.4154493000e-01  1.2106270600e-01 
 824.000  8.8491785000e-01  1.3136720280e-01 
 825.000  9.0274916000e-01  1.3688981630e-01 
 826.000  9.0507037000e-01  1.3674749760e-01 
 827.000  8.9967360000e-01  1.3556237790e-01 
 828.000  8.8525999000e-01  1.3157394410e-01 
 829.000  8.8931588000e-01  1.3281524660e-01 
 830.000  8.8011347000e-01  1.3217683410e-01 
 831.000  8.6574603000e-01  1.3018772890e-01 
 832.000  8.8388910000e-01  1.3299398800e-01 
 833.000  8.5906661000e-01  1.2971090700e-01 
 834.000  8.7486536000e-01  1.3260969540e-01 
 835.000  8.8226180000e-01  1.3471545410e-01 
 836.000  8.9067670000e-01  1.3571806340e-01 
 837.000  8.8306522000e-01  1.3451303100e-01 
 838.000  8.8889076000e-01  1.3591185000e-01 
 839.000  8.6261998000e-01  1.3218806460e-01 
 840.000  8.8622654000e-01  1.3589694210e-01 
 841.000  8.8699828000e-01  1.3567951970e-01 
 842.000  8.8275393000e-01  1.3532240300e-01 
 843.000  8.7972655000e-01  1.3561805730e-01 
 844.000  8.6643387000e-01  1.3390618900e-01 
 845.000  8.8015610000e-01  1.3618692020e-01 
 846.000  8.8856878000e-01  1.3767941280e-01 
 847.000  8.5854249000e-01  1.3323049930e-01 
 848.000  8.8277365000e-01  1.3667637630e-01 
 849.000  8.8449583000e-01  1.3701402280e-01 
 850.000  7.6429622000e-01  1.1824060060e-01 
 851.000  8.7503519000e-01  1.3518615720e-01 
 852.000  8.4188123000e-01  1.3010792540e-01 
 853.000  8.5241823000e-01  1.3199621580e-01 
 854.000  6.8525256000e-01  1.0611706540e-01 
 855.000  7.5464857000e-01  1.1701228330e-01 
 856.000  8.5695376000e-01  1.3314607240e-01 
 857.000  8.7086729000e-01  1.3547663880e-01 
 858.000  8.5701562000e-01  1.3338491820e-01 
 859.000  8.5710129000e-01  1.3354566960e-01 
 860.000  8.4953192000e-01  1.3245805360e-01 
 861.000  8.4941632000e-01  1.3245120240e-01 
 862.000  8.4663657000e-01  1.3203889470e-01 
 863.000  8.6280838000e-01  1.3460731510e-01 
 864.000  8.6108136000e-01  1.3432087710e-01 
 865.000  8.4503573000e-01  1.3188804630e-01 
 866.000  7.0880452000e-01  1.1065211490e-01 
 867.000  7.5478245000e-01  1.1776580810e-01 
 868.000  8.1858147000e-01  1.2776031490e-01 
 869.000  8.0708564000e-01  1.2597697450e-01 
 870.000  8.4035841000e-01  1.3121166990e-01 
 871.000  8.3916198000e-01  1.3101608280e-01 
 872.000  8.3577894000e-01  1.3043507390e-01 
 873.000  8.3910809000e-01  1.3099000550e-01 
 874.000  8.2069611000e-01  1.2808837890e-01 
 875.000  8.1313531000e-01  1.2696269230e-01 
 876.000  8.1986273000e-01  1.2796903990e-01 
 877.000  8.3618405000e-01  1.3046791080e-01 
 878.000  8.2174685000e-01  1.2817134090e-01 
 879.000  8.2364142000e-01  1.2848747250e-01 
 880.000  8.1880338000e-01  1.2761375430e-01 
 881.000  7.7620947000e-01  1.2096241760e-01 
 882.000  8.1903149000e-01  1.2754384610e-01 
 883.000  8.0035190000e-01  1.2473609920e-01 
 884.000  8.0714513000e-01  1.2588536830e-01 
 885.000  8.1534272000e-01  1.2688486480e-01 
 886.000  7.8850572000e-01  1.2255001830e-01 
 887.000  7.8048376000e-01  1.2143903350e-01 
 888.000  8.0383258000e-01  1.2500970460e-01 
 889.000  8.0927793000e-01  1.2599736020e-01 
 890.000  8.0661233000e-01  1.2545033260e-01 
 891.000  8.0178911000e-01  1.2441158290e-01 
 892.000  7.9743792000e-01  1.2320693970e-01 
 893.000  7.6131002000e-01  1.1605738830e-01 
 894.000  7.8345981000e-01  1.1868960570e-01 
 895.000  7.3345072000e-01  1.0909027100e-01 
 896.000  7.4748962000e-01  1.0927398680e-01 
 897.000  7.1482407000e-01  1.0271633150e-01 
 898.000  7.0875028000e-01  1.0098144530e-01 
 899.000  6.8728783000e-01  9.5718254090e-02 
 900.000  6.7308594000e-01  9.4000427250e-02 
 901.000  6.5346814000e-01  9.0745773320e-02 
 902.000  6.4228145000e-01  8.9321205140e-02 
 903.000  7.0783504000e-01  1.0223356630e-01 
 904.000  7.4211148000e-01  1.0968553920e-01 
 905.000  7.3931126000e-01  1.0929074100e-01 
 906.000  7.0692786000e-01  1.0300784300e-01 
 907.000  6.9577582000e-01  9.8816909790e-02 
 908.000  6.6386747000e-01  9.2696632390e-02 
 909.000  6.5137626000e-01  9.1001045230e-02 
 910.000  6.6130713000e-01  9.2619438170e-02 
 911.000  6.6938709000e-01  9.4846458440e-02 
 912.000  6.6601820000e-01  9.3793075560e-02 
 913.000  6.6023096000e-01  9.0843879700e-02 
 914.000  6.6643175000e-01  9.2757049560e-02 
 915.000  6.6363462000e-01  9.3288307190e-02 
 916.000  6.7307512000e-01  9.4830680850e-02 
 917.000  6.6683903000e-01  9.4424186710e-02 
 918.000  6.6900047000e-01  9.5350883480e-02 
 919.000  6.9692497000e-01  1.0164353940e-01 
 920.000  7.0447454000e-01  1.0439276120e-01 
 921.000  6.8594619000e-01  1.0126895140e-01 
 922.000  6.7950971000e-01  1.0031302640e-01 
 923.000  6.4732666000e-01  9.4996109010e-02 
 924.000  6.6543116000e-01  9.6652969360e-02 
 925.000  6.7351728000e-01  9.7674827580e-02 
 926.000  6.4934561000e-01  9.4011726380e-02 
 927.000  6.6263924000e-01  9.4696304320e-02 
 928.000  6.4973844000e-01  9.0860328670e-02 
 929.000  6.1625441000e-01  8.3508056640e-02 
 930.000  5.8316241000e-01  7.5590492250e-02 
 931.000  5.4683536000e-01  6.6733192440e-02 
 932.000  4.9386086000e-01  5.5222755430e-02 
 933.000  4.5801872000e-01  4.8091358180e-02 
 934.000  4.1476096000e-01  4.0740638730e-02 
 935.000  4.0454732000e-01  3.9395038600e-02 
 936.000  4.1722655000e-01  4.1685726170e-02 
 937.000  4.2235332000e-01  4.1964267730e-02 
 938.000  4.6055642000e-01  4.9281326290e-02 
 939.000  5.7068216000e-01  7.2866127010e-02 
 940.000  5.8265175000e-01  7.5969825740e-02 
 941.000  5.5663392000e-01  7.1349220280e-02 
 942.000  5.0489560000e-01  6.1477901460e-02 
 943.000  4.7687916000e-01  5.2829151150e-02 
 944.000  4.6003274000e-01  5.0597389220e-02 
 945.000  4.8431488000e-01  5.5038921360e-02 
 946.000  4.9187914000e-01  5.6027450560e-02 
 947.000  5.0620874000e-01  5.9488391880e-02 
 948.000  5.1937253000e-01  6.2155681610e-02 
 949.000  5.1955318000e-01  6.2059154510e-02 
 950.000  5.1865474000e-01  6.2242679600e-02 
 951.000  5.3781192000e-01  6.7118682860e-02 
 952.000  5.1372527000e-01  6.1543941500e-02 
 953.000  5.2889516000e-01  6.5297668460e-02 
 954.000  5.4115473000e-01  6.8867362980e-02 
 955.000  4.9204911000e-01  6.1187538150e-02 
 956.000  5.2147118000e-01  6.4557044980e-02 
 957.000  5.6473524000e-01  7.4931793210e-02 
 958.000  5.7452173000e-01  7.6857299800e-02 
 959.000  5.6940434000e-01  7.5507720950e-02 
 960.000  5.6184557000e-01  7.4331726070e-02 
 961.000  5.5217730000e-01  7.2719696040e-02 
 962.000  5.5810429000e-01  7.3876792910e-02 
 963.000  5.8013728000e-01  7.9211769100e-02 
 964.000  5.7670393000e-01  7.9103576660e-02 
 965.000  5.8147840000e-01  7.9579551700e-02 
 966.000  5.6582225000e-01  7.7597579960e-02 
 967.000  5.9890001000e-01  8.3857673650e-02 
 968.000  6.1878192000e-01  8.9645355220e-02 
 969.000  6.3441676000e-01  9.3350028990e-02 
 970.000  6.3674611000e-01  9.3790214540e-02 
 971.000  6.3079804000e-01  9.2893920900e-02 
 972.000  6.3195282000e-01  9.2666015620e-02 
 973.000  6.1824625000e-01  8.9763061520e-02 
 974.000  5.9940110000e-01  8.5992240910e-02 
 975.000  5.9631970000e-01  8.4899703980e-02 
 976.000  6.1104960000e-01  8.7835670470e-02 
 977.000  6.0753496000e-01  8.8721099850e-02 
 978.000  6.2150743000e-01  9.0670761110e-02 
 979.000  6.0646686000e-01  8.8864135740e-02 
 980.000  6.2728527000e-01  9.3430946350e-02 
 981.000  6.3428212000e-01  9.4837875370e-02 
 982.000  6.3014294000e-01  9.3901184080e-02 
 983.000  6.3468172000e-01  9.5397392270e-02 
 984.000  6.3684132000e-01  9.6586326600e-02 
 985.000  6.4016630000e-01  9.7600761410e-02 
 986.000  6.3961136000e-01  9.8182319640e-02 
 987.000  6.4895269000e-01  9.9924530030e-02 
 988.000  6.4134447000e-01  9.8830940250e-02 
 989.000  6.3346738000e-01  9.7669929500e-02 
 990.000  6.3933408000e-01  9.8655227660e-02 
 991.000  6.4627011000e-01  9.9993766780e-02 
 992.000  6.4075688000e-01  9.9226074220e-02 
 993.000  6.4088623000e-01  9.9286247250e-02 
 994.000  6.4561077000e-01  1.0025875850e-01 
 995.000  6.4189323000e-01  9.9856285100e-02 
 996.000  6.4174982000e-01  9.9845130920e-02 
 997.000  6.4176046000e-01  9.9756713870e-02 
 998.000  6.3863795000e-01  9.9171081540e-02 
 999.000  6.3676157000e-01  9.8849121090e-02 
1000.000  6.3189848000e-01  9.8140678410e-02 
1001.000  6.3390185000e-01  9.8230529790e-02 
1002.000  6.3054566000e-01  9.7351440430e-02 
1003.000  6.2372735000e-01  9.6404212950e-02 
1004.000  6.1983513000e-01  9.6034660340e-02 
1005.000  5.7965849000e-01  8.9916397090e-02 
1006.000  6.1010628000e-01  9.4692474370e-02 
1007.000  6.2077886000e-01  9.6295547490e-02 
1008.000  6.2153663000e-01  9.6126617430e-02 
1009.000  6.1522642000e-01  9.4775314330e-02 
1010.000  6.1862211000e-01  9.5494125370e-02 
1011.000  6.1791755000e-01  9.5825408940e-02 
1012.000  6.1909511000e-01  9.6186828610e-02 
1013.000  6.1537652000e-01  9.5753799440e-02 
1014.000  6.1962343000e-01  9.6497177120e-02 
1015.000  6.0822809000e-01  9.4761054990e-02 
1016.000  6.1245069000e-01  9.5505767820e-02 
1017.000  6.0652403000e-01  9.4638244630e-02 
1018.000  6.1407550000e-01  9.5775871280e-02 
1019.000  5.9926046000e-01  9.3345146180e-02 
1020.000  5.9826154000e-01  9.3244041440e-02 
1021.000  6.0475881000e-01  9.4356063840e-02 
1022.000  5.9475417000e-01  9.2611068730e-02 
1023.000  6.0538958000e-01  9.4110961910e-02 
1024.000  6.0183592000e-01  9.3464744570e-02 
1025.000  6.0299380000e-01  9.3908142090e-02 
1026.000  6.0427626000e-01  9.4242088320e-02 
1027.000  6.0037511000e-01  9.3616432190e-02 
1028.000  6.0198570000e-01  9.3945045470e-02 
1029.000  5.9332865000e-01  9.2744781490e-02 
1030.000  5.9980562000e-01  9.3905395510e-02 
1031.000  5.9816216000e-01  9.3745338440e-02 
1032.000  5.9624613000e-01  9.3522483830e-02 
1033.000  5.8530047000e-01  9.1829551700e-02 
1034.000  5.9101726000e-01  9.2764778140e-02 
1035.000  5.8329536000e-01  9.1566169740e-02 
1036.000  5.9293384000e-01  9.3105255130e-02 
1037.000  5.8044420000e-01  9.1164100650e-02 
1038.000  5.8618074000e-01  9.2082855220e-02 
1039.000  5.8856686000e-01  9.2454521180e-02 
1040.000  5.8159328000e-01  9.1360099790e-02 
1041.000  5.8461895000e-01  9.1835044860e-02 
1042.000  5.8634563000e-01  9.2111946110e-02 
1043.000  5.7621875000e-01  9.0530426030e-02 
1044.000  5.8194447000e-01  9.1432075500e-02 
1045.000  5.7939098000e-01  9.1039657590e-02 
1046.000  5.6253067000e-01  8.8409461980e-02 
1047.000  5.7284561000e-01  9.0049156190e-02 
1048.000  5.7851870000e-01  9.0966537480e-02 
1049.000  5.7479542000e-01  9.0413627620e-02 
1050.000  5.7237509000e-01  9.0036666870e-02 
1051.000  5.7134321000e-01  8.9844367980e-02 
1052.000  5.6866659000e-01  8.9401626590e-02 
1053.000  5.6722385000e-01  8.9170516970e-02 
1054.000  5.6299202000e-01  8.8465728760e-02 
1055.000  5.6708367000e-01  8.9073768620e-02 
1056.000  5.6554715000e-01  8.8805931090e-02 
1057.000  5.6447541000e-01  8.8563209530e-02 
1058.000  5.5839817000e-01  8.7466133120e-02 
1059.000  5.4084651000e-01  8.4750976560e-02 
1060.000  5.6041572000e-01  8.7928573610e-02 
1061.000  5.4075254000e-01  8.4844009400e-02 
1062.000  5.5564915000e-01  8.7101905820e-02 
1063.000  5.4623487000e-01  8.5612190250e-02 
1064.000  5.5296838000e-01  8.6588958740e-02 
1065.000  5.5212729000e-01  8.6339752200e-02 
1066.000  5.3521416000e-01  8.3697868350e-02 
1067.000  5.4784339000e-01  8.5618789670e-02 
1068.000  5.4509378000e-01  8.4970382690e-02 
1069.000  5.0375869000e-01  7.8402122500e-02 
1070.000  5.3371572000e-01  8.3088584900e-02 
1071.000  5.3418249000e-01  8.3029487610e-02 
1072.000  5.3556510000e-01  8.3116874690e-02 
1073.000  5.1786519000e-01  8.0347801210e-02 
1074.000  5.3607510000e-01  8.3194892880e-02 
1075.000  5.2002095000e-01  8.0889144900e-02 
1076.000  5.3104918000e-01  8.2481666560e-02 
1077.000  5.2935649000e-01  8.2059494020e-02 
1078.000  5.3011918000e-01  8.1993476870e-02 
1079.000  5.0962001000e-01  7.8796043400e-02 
1080.000  5.2305631000e-01  8.0397079470e-02 
1081.000  5.0372285000e-01  7.7394882200e-02 
1082.000  5.1087323000e-01  7.8678764340e-02 
1083.000  4.9621658000e-01  7.6164993290e-02 
1084.000  5.1413870000e-01  7.8631195070e-02 
1085.000  5.0489891000e-01  7.6590660100e-02 
1086.000  5.1209680000e-01  7.7809486390e-02 
1087.000  4.8333819000e-01  7.4074234010e-02 
1088.000  5.1272046000e-01  7.8620651250e-02 
1089.000  4.8987166000e-01  7.4333694460e-02 
1090.000  4.9986866000e-01  7.5712196350e-02 
1091.000  5.0378391000e-01  7.6469802860e-02 
1092.000  4.9040772000e-01  7.4058418270e-02 
1093.000  4.8051018000e-01  7.1736213680e-02 
1094.000  4.3567299700e-01  6.4705825810e-02 
1095.000  4.7186203000e-01  7.0118682860e-02 
1096.000  4.7318717000e-01  7.0372070310e-02 
1097.000  4.6311746000e-01  6.8661880490e-02 
1098.000  4.4577107400e-01  6.4265640260e-02 
1099.000  4.3544310100e-01  6.1289657590e-02 
1100.000  4.4373777900e-01  6.2552139280e-02 
1101.000  4.4439734300e-01  6.2840324400e-02 
1102.000  4.2522339800e-01  6.0015609740e-02 
1103.000  4.4318136500e-01  6.2669200900e-02 
1104.000  4.3797745200e-01  6.1671379090e-02 
1105.000  4.3221782100e-01  6.0232048030e-02 
1106.000  4.2338872700e-01  5.8398529050e-02 
1107.000  4.2422399700e-01  5.8630500790e-02 
1108.000  4.2389101500e-01  5.8646034240e-02 
1109.000  4.3039209600e-01  5.9997341160e-02 
1110.000  4.3214928100e-01  6.0088417050e-02 
1111.000  4.2417121500e-01  5.8643413540e-02 
1112.000  4.0779326500e-01  5.5085826870e-02 
1113.000  3.8906337800e-01  5.0647464750e-02 
1114.000  3.8885188900e-01  4.9939525600e-02 
1115.000  3.6322194700e-01  4.4085330960e-02 
1116.000  3.4504266500e-01  4.0363521580e-02 
1117.000  3.1603043300e-01  3.4080661770e-02 
1118.000  2.8206633300e-01  2.8098300930e-02 
1119.000  2.5821276700e-01  2.4487836840e-02 
1120.000  2.3804030000e-01  2.1178956990e-02 
1121.000  2.3495508000e-01  2.0565666200e-02 
1122.000  2.1118202200e-01  1.7132905960e-02 
1123.000  2.2503647300e-01  1.8975378040e-02 
1124.000  2.3399249200e-01  2.0205846790e-02 
1125.000  2.2483379600e-01  1.9152431490e-02 
1126.000  2.1878484500e-01  1.8543336870e-02 
1127.000  2.2795438500e-01  1.9464490890e-02 
1128.000  2.2717168900e-01  1.9669731140e-02 
1129.000  2.4999256500e-01  2.3075094220e-02 
1130.000  2.9881076000e-01  3.1142654420e-02 
1131.000  3.1575532000e-01  3.4017337800e-02 
1132.000  2.9778092400e-01  3.0602975850e-02 
1133.000  2.5554985500e-01  2.4100942610e-02 
1134.000  1.8688596000e-01  1.4225828170e-02 
1135.000  1.9453752600e-01  1.5135553360e-02 
1136.000  2.6170974900e-01  2.5071804050e-02 
1137.000  2.9998251900e-01  3.1303533550e-02 
1138.000  3.2049993800e-01  3.6315769200e-02 
1139.000  3.3654268500e-01  3.9224372860e-02 
1140.000  3.3152000800e-01  3.8034061430e-02 
1141.000  3.0995518200e-01  3.4511211400e-02 
1142.000  3.1409248300e-01  3.4565826420e-02 
1143.000  2.9517798000e-01  3.1376375200e-02 
1144.000  2.7789402500e-01  2.8426095960e-02 
1145.000  2.5702214800e-01  2.4791908260e-02 
1146.000  2.6503460600e-01  2.5920288090e-02 
1147.000  2.8414273100e-01  2.9055240630e-02 
1148.000  2.9676203100e-01  3.1520921710e-02 
1149.000  3.0369060000e-01  3.2761505130e-02 
1150.000  3.0244027300e-01  3.2720508580e-02 
1151.000  3.1030437400e-01  3.4415512080e-02 
1152.000  3.1394529100e-01  3.5236400600e-02 
1153.000  3.1963565200e-01  3.6494304660e-02 
1154.000  3.1988230900e-01  3.6395626070e-02 
1155.000  3.3271873600e-01  3.9130813600e-02 
1156.000  3.4117951600e-01  4.1566600800e-02 
1157.000  3.7060956900e-01  4.8127857210e-02 
1158.000  3.8098657000e-01  5.0622715000e-02 
1159.000  3.8420960200e-01  5.2011241910e-02 
1160.000  3.8279965600e-01  5.2217395780e-02 
1161.000  3.8332943300e-01  5.3214267730e-02 
1162.000  4.0365564000e-01  5.6799728390e-02 
1163.000  4.1322648700e-01  5.9071289060e-02 
1164.000  4.0666254500e-01  5.8330886840e-02 
1165.000  4.1501470100e-01  5.9651763920e-02 
1166.000  4.0580840800e-01  5.8547794340e-02 
1167.000  4.1335509900e-01  5.9773777010e-02 
1168.000  4.1656692400e-01  6.0193828580e-02 
1169.000  4.0322995200e-01  5.8404041290e-02 
1170.000  4.1508458600e-01  6.0246059420e-02 
1171.000  4.1976049100e-01  6.1247207640e-02 
1172.000  4.1680812800e-01  6.0634502410e-02 
1173.000  4.1230284900e-01  5.9807304380e-02 
1174.000  4.1260456100e-01  5.9864643100e-02 
1175.000  4.1205618800e-01  6.0273288730e-02 
1176.000  4.0594112100e-01  5.9827415470e-02 
1177.000  4.1661679400e-01  6.1183818820e-02 
1178.000  4.0583176400e-01  5.9170978550e-02 
1179.000  4.0402145200e-01  5.8910182950e-02 
1180.000  4.0833225700e-01  5.9385734560e-02 
1181.000  4.0271310900e-01  5.8176967620e-02 
1182.000  3.9970482700e-01  5.7361446380e-02 
1183.000  3.7690427700e-01  5.4133510590e-02 
1184.000  3.9588164200e-01  5.7075851440e-02 
1185.000  4.0603670500e-01  5.9091220860e-02 
1186.000  4.0216997100e-01  5.8366783140e-02 
1187.000  3.9730424800e-01  5.7118736270e-02 
1188.000  3.9411324400e-01  5.6538799290e-02 
1189.000  3.7398257600e-01  5.3966667180e-02 
1190.000  4.0011497400e-01  5.8608272550e-02 
1191.000  4.0867899500e-01  6.0132541660e-02 
1192.000  4.0975489700e-01  6.0684494020e-02 
1193.000  4.0919799400e-01  6.0512744900e-02 
1194.000  4.0791272400e-01  6.0271984100e-02 
1195.000  4.0010444200e-01  5.8749519350e-02 
1196.000  4.0029448300e-01  5.8837490080e-02 
1197.000  3.9861681100e-01  5.8416419980e-02 
1198.000  3.8488405600e-01  5.6371799470e-02 
1199.000  3.6874055000e-01  5.3804950710e-02 
1200.000  3.9309543300e-01  5.7491580960e-02 
1201.000  3.9635134800e-01  5.8035247800e-02 
1202.000  3.9726484500e-01  5.8268638610e-02 
1203.000  3.7682316600e-01  5.5207622530e-02 
1204.000  3.8368056200e-01  5.6329738620e-02 
1205.000  3.9788032400e-01  5.9041767120e-02 
1206.000  3.9793054200e-01  5.9334960940e-02 
1207.000  4.0161338900e-01  6.0000701900e-02 
1208.000  3.9503951000e-01  5.8919837950e-02 
1209.000  3.6922372900e-01  5.4923538210e-02 
1210.000  3.9306296300e-01  5.8204410550e-02 
1211.000  3.7964502500e-01  5.6184379580e-02 
1212.000  3.9208756200e-01  5.8095626830e-02 
1213.000  3.9568796500e-01  5.8884170530e-02 
1214.000  3.9362145300e-01  5.8545951840e-02 
1215.000  3.9570344700e-01  5.8958164220e-02 
1216.000  3.9747626600e-01  5.9632759090e-02 
1217.000  3.9909352300e-01  6.0237590790e-02 
1218.000  3.9867308000e-01  6.0356464390e-02 
1219.000  3.9544152700e-01  5.9981647490e-02 
1220.000  3.9817847200e-01  6.0404617310e-02 
1221.000  3.9770423000e-01  6.0366146090e-02 
1222.000  3.9568490700e-01  6.0071857450e-02 
1223.000  3.9401812200e-01  5.9866283420e-02 
1224.000  3.9855312700e-01  6.0773216250e-02 
1225.000  3.9667502800e-01  6.0543285370e-02 
1226.000  3.9847970300e-01  6.0897296910e-02 
1227.000  3.8564257500e-01  5.9053173070e-02 
1228.000  3.9851421000e-01  6.1176635740e-02 
1229.000  3.9866700400e-01  6.1320327760e-02 
1230.000  3.9797086800e-01  6.1349231720e-02 
1231.000  3.9834052600e-01  6.1488677980e-02 
1232.000  3.9398487200e-01  6.0855613710e-02 
1233.000  3.9716935800e-01  6.1377449040e-02 
1234.000  3.9684232200e-01  6.1497669220e-02 
1235.000  3.9439371000e-01  6.1185165410e-02 
1236.000  3.9689384000e-01  6.1623474120e-02 
1237.000  3.9714667000e-01  6.1726516720e-02 
1238.000  3.9699084800e-01  6.1734386440e-02 
1239.000  3.9251201000e-01  6.1061641690e-02 
1240.000  3.9073447600e-01  6.0811428070e-02 
1241.000  3.9414457700e-01  6.1357501980e-02 
1242.000  3.9174651200e-01  6.0994155880e-02 
1243.000  3.8728766400e-01  6.0312454220e-02 
1244.000  3.8364324000e-01  5.9739894870e-02 
1245.000  3.9012226600e-01  6.0752902980e-02 
1246.000  3.8696033400e-01  6.0241710660e-02 
1247.000  3.8487400800e-01  5.9893730160e-02 
1248.000  3.8768424300e-01  6.0311790470e-02 
1249.000  3.8617720200e-01  6.0072490690e-02 
1250.000  3.8449603800e-01  5.9792297360e-02 
1251.000  3.8166342500e-01  5.9334770200e-02 
1252.000  3.8022221800e-01  5.9072959900e-02 
1253.000  3.7676438600e-01  5.8493602750e-02 
1254.000  3.7711769100e-01  5.8455211640e-02 
1255.000  3.7602936000e-01  5.8230781560e-02 
1256.000  3.7482997600e-01  5.8004776000e-02 
1257.000  3.6997872800e-01  5.7186172490e-02 
1258.000  3.7005236600e-01  5.7048618320e-02 
1259.000  3.6481154000e-01  5.6125396730e-02 
1260.000  3.6393941800e-01  5.5856086730e-02 
1261.000  3.6171819300e-01  5.5371974950e-02 
1262.000  3.5067452700e-01  5.3432365420e-02 
1263.000  3.5365110500e-01  5.3816616060e-02 
1264.000  3.4730659800e-01  5.2816223140e-02 
1265.000  3.4762841400e-01  5.2852684020e-02 
1266.000  3.4848526500e-01  5.2887836460e-02 
1267.000  3.4040569400e-01  5.1568099980e-02 
1268.000  3.3531516400e-01  5.0712478640e-02 
1269.000  3.3766784700e-01  5.1031284330e-02 
1270.000  3.4585478800e-01  5.2492095950e-02 
1271.000  3.4977785400e-01  5.3170684810e-02 
1272.000  3.5036429500e-01  5.3354518890e-02 
1273.000  3.5152849700e-01  5.3651870730e-02 
1274.000  3.5123132000e-01  5.3760055540e-02 
1275.000  3.5417453500e-01  5.4258426670e-02 
1276.000  3.5526050500e-01  5.4429691310e-02 
1277.000  3.5530086300e-01  5.4403934480e-02 
1278.000  3.5461296000e-01  5.4251209260e-02 
1279.000  3.5258910200e-01  5.3941291810e-02 
1280.000  3.5149140100e-01  5.3881111150e-02 
1281.000  3.4241203200e-01  5.2587886810e-02 
1282.000  3.0483281800e-01  4.6903808590e-02 
1283.000  3.3506645800e-01  5.1588581090e-02 
1284.000  3.4895493300e-01  5.3717350010e-02 
1285.000  3.5179982600e-01  5.4168590550e-02 
1286.000  3.5125258900e-01  5.3998874660e-02 
1287.000  3.5252027600e-01  5.4051200870e-02 
1288.000  3.4702336500e-01  5.2745113370e-02 
1289.000  3.4807432700e-01  5.2751995090e-02 
1290.000  3.3995152600e-01  5.1487480160e-02 
1291.000  3.4518928300e-01  5.2312286380e-02 
1292.000  3.4806310100e-01  5.2885715480e-02 
1293.000  3.4850250900e-01  5.2928043370e-02 
1294.000  3.4155511500e-01  5.1638759610e-02 
1295.000  3.4289851600e-01  5.1505130770e-02 
1296.000  3.4070295700e-01  5.0832622530e-02 
1297.000  3.3660207300e-01  4.9950115200e-02 
1298.000  3.3340960100e-01  4.9424263000e-02 
1299.000  3.3663463700e-01  4.9851497650e-02 
1300.000  3.3494394600e-01  4.9542736050e-02 
1301.000  3.3396322900e-01  4.9298927310e-02 
1302.000  3.2827622300e-01  4.8248489380e-02 
1303.000  3.2229538900e-01  4.6839687350e-02 
1304.000  3.2092636700e-01  4.6406673430e-02 
1305.000  3.2217408400e-01  4.6474491120e-02 
1306.000  3.2195780900e-01  4.6329452510e-02 
1307.000  3.1994213600e-01  4.5898681640e-02 
1308.000  3.1696522300e-01  4.5135978700e-02 
1309.000  3.1303008700e-01  4.4146671300e-02 
1310.000  3.1130399600e-01  4.3842567440e-02 
1311.000  3.1045176500e-01  4.3701580050e-02 
1312.000  3.0501946000e-01  4.2474983220e-02 
1313.000  2.8890802800e-01  3.9726970670e-02 
1314.000  2.9342716900e-01  3.9897232060e-02 
1315.000  2.8565072400e-01  3.9018253330e-02 
1316.000  2.9563184400e-01  4.0664775850e-02 
1317.000  2.9863644700e-01  4.1044540410e-02 
1318.000  2.8923986100e-01  3.9219367980e-02 
1319.000  2.8559117400e-01  3.7996063230e-02 
1320.000  2.7486923200e-01  3.5699428560e-02 
1321.000  2.7033192600e-01  3.4729110720e-02 
1322.000  2.7540661900e-01  3.5916099550e-02 
1323.000  2.8229932600e-01  3.7351879120e-02 
1324.000  2.8556606100e-01  3.8049068450e-02 
1325.000  2.8317992900e-01  3.7510868070e-02 
1326.000  2.7609375200e-01  3.6010311130e-02 
1327.000  2.6155249500e-01  3.2814292910e-02 
1328.000  2.4840916100e-01  2.9632787700e-02 
1329.000  2.1430381000e-01  2.3282510760e-02 
1330.000  2.0825035100e-01  2.1847591400e-02 
1331.000  2.0276044400e-01  2.0780326840e-02 
1332.000  2.0056595500e-01  2.0665164950e-02 
1333.000  2.1158363700e-01  2.2205896380e-02 
1334.000  2.2000943900e-01  2.3669349670e-02 
1335.000  2.2595786000e-01  2.4748184200e-02 
1336.000  2.2585292100e-01  2.4881841660e-02 
1337.000  2.2840908300e-01  2.5216297150e-02 
1338.000  2.3216617600e-01  2.5970664980e-02 
1339.000  2.3268028800e-01  2.6150974270e-02 
1340.000  2.3430393400e-01  2.6633708950e-02 
1341.000  2.3825944800e-01  2.6825969700e-02 
1342.000  2.3816135100e-01  2.6805105210e-02 
1343.000  2.2911570200e-01  2.4519403460e-02 
1344.000  2.1524899900e-01  2.1703353880e-02 
1345.000  1.7807756700e-01  1.5516881940e-02 
1346.000  1.5189366500e-01  1.1608324050e-02 
1347.000  1.3472240900e-01  9.4411916730e-03 
1348.000  1.1168548400e-01  6.5695638660e-03 
1349.000  1.0158036880e-01  5.5573983190e-03 
1350.000  7.9124085100e-02  3.4258365630e-03 
1351.000  6.8307584400e-02  2.6444299220e-03 
1352.000  5.2246478000e-02  1.5689338450e-03 
1353.000  3.7031627700e-02  8.6154609920e-04 
1354.000  2.9610126600e-02  5.7637751100e-04 
1355.000  2.2989729600e-02  3.7014502290e-04 
1356.000  1.7384982700e-02  2.2574841980e-04 
1357.000  1.1883102210e-02  1.1412207780e-04 
1358.000  8.7943154100e-03  6.9831214850e-05 
1359.000  4.6371935900e-03  2.3815551770e-05 
1360.000  3.0667211000e-03  1.2548765170e-05 
1361.000  2.2822911100e-03  7.4829468500e-06 
1362.000  2.1000794900e-03  6.5836161380e-06 
1363.000  3.0298733600e-03  1.1471216570e-05 
1364.000  3.5132282700e-03  1.4353086240e-05 
1365.000  3.6785402400e-03  1.5141758140e-05 
1366.000  4.2481013400e-03  1.8897525970e-05 
1367.000  3.5684731100e-03  1.4813624320e-05 
1368.000  3.1641462300e-03  1.2806817890e-05 
1369.000  3.2446906800e-03  1.3469632710e-05 
1370.000  5.3662080100e-03  3.1150877480e-05 
1371.000  9.5567561500e-03  7.7743820850e-05 
1372.000  1.7696212900e-02  2.1393106880e-04 
1373.000  2.5103565200e-02  3.7658801670e-04 
1374.000  3.0483606800e-02  5.2010029550e-04 
1375.000  3.2500888400e-02  5.8338886500e-04 
1376.000  3.0145908900e-02  5.1740819220e-04 
1377.000  2.6837339100e-02  4.2296382780e-04 
1378.000  2.0455621400e-02  2.7011725310e-04 
1379.000  1.4046730200e-02  1.4617407320e-04 
1380.000  7.9669043100e-03  5.8594308790e-05 
1381.000  4.6085502900e-03  2.4512905630e-05 
1382.000  3.2226961600e-03  1.3861040580e-05 
1383.000  3.1180850100e-03  1.2948889290e-05 
1384.000  5.0718398900e-03  2.7836939320e-05 
1385.000  7.2001233000e-03  4.8656519500e-05 
1386.000  1.0997442720e-02  9.5622740690e-05 
1387.000  2.0206301900e-02  2.6165655260e-04 
1388.000  2.6781641300e-02  4.0977495910e-04 
1389.000  3.0764024200e-02  5.2124267820e-04 
1390.000  3.1403359600e-02  5.4435455800e-04 
1391.000  2.9315402300e-02  4.8402339220e-04 
1392.000  2.2163690400e-02  3.0656877160e-04 
1393.000  1.6942390300e-02  2.0013998450e-04 
1394.000  1.2979803450e-02  1.3080115620e-04 
1395.000  1.4631337400e-02  1.5825933220e-04 
1396.000  2.0077430100e-02  2.6071444150e-04 
1397.000  2.5909807800e-02  3.9542436600e-04 
1398.000  2.6682610500e-02  4.1287541390e-04 
1399.000  2.4913651200e-02  3.7419414520e-04 
1400.000  2.3296379300e-02  3.3985435960e-04 
1401.000  2.4765246700e-02  3.8014060260e-04 
1402.000  3.0702207100e-02  5.2839452030e-04 
1403.000  3.5348617800e-02  6.8222147230e-04 
1404.000  3.3248522700e-02  6.1297941210e-04 
1405.000  3.4827090400e-02  6.7524248360e-04 
1406.000  3.2294494900e-02  5.9032487870e-04 
1407.000  3.3492599800e-02  6.4226073030e-04 
1408.000  4.0143255600e-02  8.5728943350e-04 
1409.000  4.7057072400e-02  1.1291686300e-03 
1410.000  5.7715156800e-02  1.5753630400e-03 
1411.000  6.8650097200e-02  2.1531722550e-03 
1412.000  6.6323858700e-02  2.0745022300e-03 
1413.000  7.3149117600e-02  2.4710822110e-03 
1414.000  7.2120025800e-02  2.3713958260e-03 
1415.000  7.9727891000e-02  2.8733417990e-03 
1416.000  8.5662113200e-02  3.2392737870e-03 
1417.000  8.7867706100e-02  3.4050831790e-03 
1418.000  8.8650762800e-02  3.4329283240e-03 
1419.000  8.8466205500e-02  3.4776732920e-03 
1420.000  9.0567356200e-02  3.6033802030e-03 
1421.000  1.0186170530e-01  4.4009442330e-03 
1422.000  1.0428511540e-01  4.6408987050e-03 
1423.000  1.0544818960e-01  4.7736520770e-03 
1424.000  1.0508982650e-01  4.7272591590e-03 
1425.000  1.0389663790e-01  4.5856156350e-03 
1426.000  1.0017086470e-01  4.4219069480e-03 
1427.000  1.0610127370e-01  4.8292460440e-03 
1428.000  1.1206366130e-01  5.2084202770e-03 
1429.000  1.1366542210e-01  5.4284262660e-03 
1430.000  1.1090132630e-01  5.2926435470e-03 
1431.000  1.0331774360e-01  4.7321929930e-03 
1432.000  1.0102299480e-01  4.5066251750e-03 
1433.000  1.0073826950e-01  4.4810056690e-03 
1434.000  9.6086288300e-02  4.1823287010e-03 
1435.000  1.0315749200e-01  4.6783113480e-03 
1436.000  1.0572645400e-01  4.8754224780e-03 
1437.000  1.0741175850e-01  4.9951205250e-03 
1438.000  1.1387510560e-01  5.5166344640e-03 
1439.000  1.1597669970e-01  5.6370110510e-03 
1440.000  1.1120361510e-01  5.4710121150e-03 
1441.000  1.1811065980e-01  5.8508329390e-03 
1442.000  1.1329511490e-01  5.5395956040e-03 
1443.000  1.1533141150e-01  5.6518063550e-03 
1444.000  1.1793161800e-01  5.8461575510e-03 
1445.000  1.1816779570e-01  5.8785910610e-03 
1446.000  1.2368485390e-01  6.2983160020e-03 
1447.000  1.2706549800e-01  6.6063656810e-03 
1448.000  1.2851369000e-01  6.7084093090e-03 
1449.000  1.2599029500e-01  6.4929404260e-03 
1450.000  1.2047722540e-01  6.0806093220e-03 
1451.000  1.2182616670e-01  6.2229571340e-03 
1452.000  1.2715871100e-01  6.7660861020e-03 
1453.000  1.4169391100e-01  7.9813923840e-03 
1454.000  1.5418599200e-01  9.1788272860e-03 
1455.000  1.6016092600e-01  9.8569421770e-03 
1456.000  1.6726661800e-01  1.0629883770e-02 
1457.000  1.6995672200e-01  1.0857804300e-02 
1458.000  1.7328153700e-01  1.1147855760e-02 
1459.000  1.6841231000e-01  1.0616681100e-02 
1460.000  1.6073457000e-01  9.9547824860e-03 
1461.000  1.5765109500e-01  9.6875410080e-03 
1462.000  1.4916147200e-01  8.9242286680e-03 
1463.000  1.4817251000e-01  8.8932323460e-03 
1464.000  1.4625825900e-01  8.7247476580e-03 
1465.000  1.4301303500e-01  8.3644046780e-03 
1466.000  1.3328405200e-01  7.5953736310e-03 
1467.000  1.3231697600e-01  7.4024195670e-03 
1468.000  1.2417454090e-01  6.8004136090e-03 
1469.000  1.1779310540e-01  6.2072019580e-03 
1470.000  1.1438168750e-01  5.9537329670e-03 
1471.000  1.2138293260e-01  6.6742711070e-03 
1472.000  1.3366409800e-01  7.8229904170e-03 
1473.000  1.5021387100e-01  9.4621000290e-03 
1474.000  1.5745213900e-01  1.0462108610e-02 
1475.000  1.6025198200e-01  1.0698199270e-02 
1476.000  1.6051270300e-01  1.0767713550e-02 
1477.000  1.5707186000e-01  1.0437482830e-02 
1478.000  1.5092883200e-01  9.9380941390e-03 
1479.000  1.4793490200e-01  9.5921373370e-03 
1480.000  1.5101682900e-01  9.9759244920e-03 
1481.000  1.5384131200e-01  1.0433442120e-02 
1482.000  1.6079252000e-01  1.1223387720e-02 
1483.000  1.5901348600e-01  1.1223677640e-02 
1484.000  1.6004516500e-01  1.1367611890e-02 
1485.000  1.6234557000e-01  1.1550789830e-02 
1486.000  1.6371990400e-01  1.1948952670e-02 
1487.000  1.7374442900e-01  1.3273555760e-02 
1488.000  1.5226264500e-01  1.1734184270e-02 
1489.000  1.8685751300e-01  1.5252487180e-02 
1490.000  1.9769630500e-01  1.6937393190e-02 
1491.000  2.0476172000e-01  1.8024480820e-02 
1492.000  2.0104933400e-01  1.7867074970e-02 
1493.000  2.0848261400e-01  1.8864995960e-02 
1494.000  2.0817844200e-01  1.8979043960e-02 
1495.000  2.0990405800e-01  1.9486145020e-02 
1496.000  2.0954276500e-01  1.9931838990e-02 
1497.000  2.1465323200e-01  2.0565332410e-02 
1498.000  2.2173533900e-01  2.1696693420e-02 
1499.000  2.2272609500e-01  2.2235540390e-02 
1500.000  2.2959581000e-01  2.3292823790e-02 
1501.000  2.2828992500e-01  2.3187349320e-02 
1502.000  2.2460900700e-01  2.2794326780e-02 
1503.000  2.0064734000e-01  2.0377258300e-02 
1504.000  2.0998414200e-01  2.1495658870e-02 
1505.000  2.1260811700e-01  2.2095586780e-02 
1506.000  2.1554005700e-01  2.2513563160e-02 
1507.000  2.2836116200e-01  2.4183660510e-02 
1508.000  2.2635327300e-01  2.4199047090e-02 
1509.000  2.2887865700e-01  2.4710819240e-02 
1510.000  2.3298093500e-01  2.5313610080e-02 
1511.000  2.3512923700e-01  2.5733877180e-02 
1512.000  2.3144316300e-01  2.5478919980e-02 
1513.000  2.3135309200e-01  2.5592046740e-02 
1514.000  2.2818584900e-01  2.5331354140e-02 
1515.000  2.3349303400e-01  2.6079839710e-02 
1516.000  2.3158710200e-01  2.5975078580e-02 
1517.000  2.3096672800e-01  2.6052192690e-02 
1518.000  2.3669046700e-01  2.6915632250e-02 
1519.000  2.3490926300e-01  2.6951795580e-02 
1520.000  2.3851119900e-01  2.7658967970e-02 
1521.000  2.3512199100e-01  2.7446287160e-02 
1522.000  2.3376205600e-01  2.7363035200e-02 
1523.000  2.3978898700e-01  2.8179338460e-02 
1524.000  2.3770500200e-01  2.7976945880e-02 
1525.000  2.3196809500e-01  2.7337121960e-02 
1526.000  2.3860467600e-01  2.8196891780e-02 
1527.000  2.3649254900e-01  2.8062519070e-02 
1528.000  2.3859483600e-01  2.8448720930e-02 
1529.000  2.3784868000e-01  2.8424890520e-02 
1530.000  2.2299271400e-01  2.6771039960e-02 
1531.000  2.3863946800e-01  2.8768854140e-02 
1532.000  2.3750290300e-01  2.8756790160e-02 
1533.000  2.3654179200e-01  2.8741401670e-02 
1534.000  2.3306396300e-01  2.8413812640e-02 
1535.000  2.3405201600e-01  2.8631690980e-02 
1536.000  2.3718527500e-01  2.9096721650e-02 
1537.000  2.3812291400e-01  2.9322902680e-02 
1538.000  2.3179568400e-01  2.8657836910e-02 
1539.000  2.3681216000e-01  2.9389059070e-02 
1540.000  2.2826245600e-01  2.8419401170e-02 
1541.000  2.3307632300e-01  2.9093271260e-02 
1542.000  2.3446397400e-01  2.9331933980e-02 
1543.000  2.3382653900e-01  2.9330780030e-02 
1544.000  2.3683073100e-01  2.9796411510e-02 
1545.000  2.3774070200e-01  3.0017446520e-02 
1546.000  2.3796014400e-01  3.0149530410e-02 
1547.000  2.3564961600e-01  2.9953294750e-02 
1548.000  2.2869014300e-01  2.9154130940e-02 
1549.000  2.3455183000e-01  2.9973302840e-02 
1550.000  2.3323396100e-01  2.9871644970e-02 
1551.000  2.3200620900e-01  2.9763769150e-02 
1552.000  2.3596105500e-01  3.0322368620e-02 
1553.000  2.3472807300e-01  3.0224683760e-02 
1554.000  2.2612783000e-01  2.9165409090e-02 
1555.000  2.2990181000e-01  2.9718130110e-02 
1556.000  2.2551297200e-01  2.9216934200e-02 
1557.000  2.3289706600e-01  3.0245746610e-02 
1558.000  2.3105340600e-01  3.0062999730e-02 
1559.000  2.3107137900e-01  3.0118856430e-02 
1560.000  2.2708105700e-01  2.9661817550e-02 
1561.000  2.3238064400e-01  3.0396499630e-02 
1562.000  2.3227238700e-01  3.0409158710e-02 
1563.000  2.2880004000e-01  2.9990709300e-02 
1564.000  2.2414096600e-01  2.9405155180e-02 
1565.000  2.2739448400e-01  2.9848989490e-02 
1566.000  2.2308632300e-01  2.9333061220e-02 
1567.000  2.2272776200e-01  2.9296024320e-02 
1568.000  2.1757035500e-01  2.8607782360e-02 
1569.000  2.1775115600e-01  2.8613878250e-02 
1570.000  2.1169334200e-01  2.7818742750e-02 
1571.000  2.1736574100e-01  2.8604719160e-02 
1572.000  2.1719930500e-01  2.8608863830e-02 
1573.000  2.1390053000e-01  2.8231035230e-02 
1574.000  2.1474420400e-01  2.8412631990e-02 
1575.000  1.9951751500e-01  2.6451162340e-02 
1576.000  2.1434781100e-01  2.8452642440e-02 
1577.000  1.9362312000e-01  2.5734279630e-02 
1578.000  2.1197659300e-01  2.8209550860e-02 
1579.000  2.1330012100e-01  2.8432113650e-02 
1580.000  2.1785114800e-01  2.9103099820e-02 
1581.000  2.1640679300e-01  2.8951816560e-02 
1582.000  2.1225646900e-01  2.8482381820e-02 
1583.000  2.1506299000e-01  2.8942066190e-02 
1584.000  2.1333121400e-01  2.8793903350e-02 
1585.000  2.1978042700e-01  2.9740348820e-02 
1586.000  2.1702046500e-01  2.9418540950e-02 
1587.000  2.1475945400e-01  2.9184648510e-02 
1588.000  2.1160892900e-01  2.8825267790e-02 
1589.000  1.9360012400e-01  2.6415248870e-02 
1590.000  2.0857397600e-01  2.8498298650e-02 
1591.000  2.0390200700e-01  2.7891193390e-02 
1592.000  2.1457973800e-01  2.9366922380e-02 
1593.000  2.1919578700e-01  3.0006654740e-02 
1594.000  2.1732005100e-01  2.9759246830e-02 
1595.000  2.1829256500e-01  2.9904489520e-02 
1596.000  2.0448200900e-01  2.8044481280e-02 
1597.000  2.1207408200e-01  2.9087753300e-02 
1598.000  2.1498864700e-01  2.9477874760e-02 
1599.000  2.0654902000e-01  2.8301383970e-02 
1600.000  2.0900125900e-01  2.8627651210e-02 
1601.000  2.0020267500e-01  2.7452331540e-02 
1602.000  2.0507067800e-01  2.8152231220e-02 
1603.000  2.0384279400e-01  2.8043556210e-02 
1604.000  2.0688832000e-01  2.8530897140e-02 
1605.000  2.0382907500e-01  2.8144716260e-02 
1606.000  2.0319038400e-01  2.8100753780e-02 
1607.000  2.0387796600e-01  2.8203763960e-02 
1608.000  2.0607253700e-01  2.8516315460e-02 
1609.000  2.0528032200e-01  2.8428272250e-02 
1610.000  1.9261779300e-01  2.6699634550e-02 
1611.000  1.9876623500e-01  2.7604951860e-02 
1612.000  2.0123549400e-01  2.8005397800e-02 
1613.000  2.0625665900e-01  2.8760530470e-02 
1614.000  2.0423170700e-01  2.8496446610e-02 
1615.000  2.0800429300e-01  2.9071462630e-02 
1616.000  1.9528339100e-01  2.7330348970e-02 
1617.000  2.0138923000e-01  2.8248529430e-02 
1618.000  2.0766368100e-01  2.9159666060e-02 
1619.000  2.0738235600e-01  2.9185112000e-02 
1620.000  2.0249151100e-01  2.8558521270e-02 
1621.000  1.9976436100e-01  2.8221668240e-02 
1622.000  2.0479183100e-01  2.8952510830e-02 
1623.000  2.0907382900e-01  2.9591384890e-02 
1624.000  2.1060237500e-01  2.9834728240e-02 
1625.000  2.0558703900e-01  2.9179315570e-02 
1626.000  2.0788793500e-01  2.9497772220e-02 
1627.000  2.0764941900e-01  2.9492465970e-02 
1628.000  2.0922686500e-01  2.9729057310e-02 
1629.000  2.0909008600e-01  2.9719257350e-02 
1630.000  2.0322558500e-01  2.8882289890e-02 
1631.000  2.0640356500e-01  2.9347724910e-02 
1632.000  2.0623054700e-01  2.9296136860e-02 
1633.000  2.0350925100e-01  2.8908838270e-02 
1634.000  1.9854706900e-01  2.8192596440e-02 
1635.000  2.0386905600e-01  2.8951055530e-02 
1636.000  2.0310254400e-01  2.8835369110e-02 
1637.000  1.9378942100e-01  2.7505214690e-02 
1638.000  1.9237367800e-01  2.7307929990e-02 
1639.000  1.9009050000e-01  2.6962402340e-02 
1640.000  1.9103671600e-01  2.7092420580e-02 
1641.000  1.8967267300e-01  2.6897777560e-02 
1642.000  1.8943464100e-01  2.6898292540e-02 
1643.000  1.9423497100e-01  2.7604068760e-02 
1644.000  1.9116247800e-01  2.7186481480e-02 
1645.000  1.9146090000e-01  2.7241424560e-02 
1646.000  1.9376118400e-01  2.7601369860e-02 
1647.000  1.9556223600e-01  2.7875505450e-02 
1648.000  1.9467870300e-01  2.7752561570e-02 
1649.000  1.9020536900e-01  2.7128974910e-02 
1650.000  1.9502506000e-01  2.7836269380e-02 
1651.000  1.9067067300e-01  2.7221021650e-02 
1652.000  1.9446169700e-01  2.7756906510e-02 
1653.000  1.9245957000e-01  2.7489690780e-02 
1654.000  1.9461816200e-01  2.7808794020e-02 
1655.000  1.9093256000e-01  2.7306535720e-02 
1656.000  1.9475704100e-01  2.7872556690e-02 
1657.000  1.9334213800e-01  2.7680233000e-02 
1658.000  1.9456111700e-01  2.7879186630e-02 
1659.000  1.9102267500e-01  2.7383010860e-02 
1660.000  1.9323031600e-01  2.7696338650e-02 
1661.000  1.9398350500e-01  2.7802053450e-02 
1662.000  1.9252580300e-01  2.7574722290e-02 
1663.000  1.9125127300e-01  2.7389921190e-02 
1664.000  1.9035877400e-01  2.7258728030e-02 
1665.000  1.8841850400e-01  2.6970703120e-02 
1666.000  1.8764858800e-01  2.6878816600e-02 
1667.000  1.8956537200e-01  2.7198986050e-02 
1668.000  1.8635361200e-01  2.6749105450e-02 
1669.000  1.8687869600e-01  2.6847064970e-02 
1670.000  1.9107997600e-01  2.7471799850e-02 
1671.000  1.8968197500e-01  2.7280242920e-02 
1672.000  1.8069813000e-01  2.6002994540e-02 
1673.000  1.8586017300e-01  2.6738220210e-02 
1674.000  1.8660895600e-01  2.6830718990e-02 
1675.000  1.8487579000e-01  2.6603464130e-02 
1676.000  1.8188697500e-01  2.6172599790e-02 
1677.000  1.8281796400e-01  2.6312765120e-02 
1678.000  1.8383032400e-01  2.6474575040e-02 
1679.000  1.8138913800e-01  2.6121561050e-02 
1680.000  1.7517214500e-01  2.5242670060e-02 
1681.000  1.6909986800e-01  2.4373247150e-02 
1682.000  1.7398397900e-01  2.5075263980e-02 
1683.000  1.7827465400e-01  2.5684684750e-02 
1684.000  1.8156930900e-01  2.6150774000e-02 
1685.000  1.8208861500e-01  2.6196693420e-02 
1686.000  1.7989214600e-01  2.5875352860e-02 
1687.000  1.8058670400e-01  2.5926956180e-02 
1688.000  1.8067955800e-01  2.5900794980e-02 
1689.000  1.7850012600e-01  2.5581872940e-02 
1690.000  1.7835448900e-01  2.5514806750e-02 
1691.000  1.8066193900e-01  2.5837121960e-02 
1692.000  1.8098714900e-01  2.5882106780e-02 
1693.000  1.8034687400e-01  2.5795684810e-02 
1694.000  1.8007757800e-01  2.5755277630e-02 
1695.000  1.8012381000e-01  2.5736772540e-02 
1696.000  1.7906956100e-01  2.5573251720e-02 
1697.000  1.7794258900e-01  2.5383125310e-02 
1698.000  1.7899791600e-01  2.5512218480e-02 
1699.000  1.7784217900e-01  2.5333803180e-02 
1700.000  1.7559055900e-01  2.5000804900e-02 
