 lambda   Irr_dw            Rad_up 
 550.000  1.5363766000e+00  1.5278538510e-01 
 551.000  1.5262031000e+00  1.5170838930e-01 
 552.000  1.5913385000e+00  1.5818852230e-01 
 553.000  1.5284395000e+00  1.5185650630e-01 
 554.000  1.5778231000e+00  1.5675267030e-01 
 555.000  1.5817226000e+00  1.5703790280e-01 
 556.000  1.5376276000e+00  1.5256301880e-01 
 557.000  1.4915572000e+00  1.4798643490e-01 
 558.000  1.5477607000e+00  1.5346429440e-01 
 559.000  1.4625639000e+00  1.4496249390e-01 
 560.000  1.4686069000e+00  1.4555070500e-01 
 561.000  1.6136513000e+00  1.5981794740e-01 
 562.000  1.4808546000e+00  1.4662118530e-01 
 563.000  1.5489406000e+00  1.5325961300e-01 
 564.000  1.5267909000e+00  1.5092503360e-01 
 565.000  1.5446317000e+00  1.5265031430e-01 
 566.000  1.4238245000e+00  1.4062144470e-01 
 567.000  1.5269441000e+00  1.5057641600e-01 
 568.000  1.5225017000e+00  1.4952449040e-01 
 569.000  1.4910570000e+00  1.4513983150e-01 
 570.000  1.4987138000e+00  1.4602435300e-01 
 571.000  1.4459290000e+00  1.4170574950e-01 
 572.000  1.5274904000e+00  1.4883937070e-01 
 573.000  1.5435962000e+00  1.5062249760e-01 
 574.000  1.5349679000e+00  1.4978883360e-01 
 575.000  1.4972098000e+00  1.4598425290e-01 
 576.000  1.4698596000e+00  1.4324797060e-01 
 577.000  1.5308309000e+00  1.4933938600e-01 
 578.000  1.4862222000e+00  1.4531768800e-01 
 579.000  1.4748423000e+00  1.4431079100e-01 
 580.000  1.5255968000e+00  1.4944586180e-01 
 581.000  1.4980305000e+00  1.4693605040e-01 
 582.000  1.5203809000e+00  1.4910922240e-01 
 583.000  1.5308186000e+00  1.5016429140e-01 
 584.000  1.5257995000e+00  1.4956542970e-01 
 585.000  1.5155924000e+00  1.4846907040e-01 
 586.000  1.4503137000e+00  1.4204713440e-01 
 587.000  1.5067687000e+00  1.4701756290e-01 
 588.000  1.4906701000e+00  1.4373043820e-01 
 589.000  1.3210065000e+00  1.2522647860e-01 
 590.000  1.3792007000e+00  1.3060342410e-01 
 591.000  1.4655937000e+00  1.4025862120e-01 
 592.000  1.4373423000e+00  1.3664556880e-01 
 593.000  1.4525817000e+00  1.3978532410e-01 
 594.000  1.4657265000e+00  1.4062777710e-01 
 595.000  1.4375079000e+00  1.3664692690e-01 
 596.000  1.4732253000e+00  1.4181756590e-01 
 597.000  1.4775585000e+00  1.4175015260e-01 
 598.000  1.4473363000e+00  1.3959539790e-01 
 599.000  1.4477068000e+00  1.3992745970e-01 
 600.000  1.4480684000e+00  1.4065672300e-01 
 601.000  1.4399416000e+00  1.4037510680e-01 
 602.000  1.4241903000e+00  1.3895930480e-01 
 603.000  1.4327760000e+00  1.3997843930e-01 
 604.000  1.4781484000e+00  1.4458525090e-01 
 605.000  1.4743388000e+00  1.4417333980e-01 
 606.000  1.4572170000e+00  1.4255049130e-01 
 607.000  1.4489836000e+00  1.4170774840e-01 
 608.000  1.4436237000e+00  1.4112351990e-01 
 609.000  1.4287668000e+00  1.3966932680e-01 
 610.000  1.4058419000e+00  1.3736979680e-01 
 611.000  1.4286236000e+00  1.3958613590e-01 
 612.000  1.4099798000e+00  1.3775964360e-01 
 613.000  1.3893359000e+00  1.3569525150e-01 
 614.000  1.3386574000e+00  1.3075231930e-01 
 615.000  1.4032732000e+00  1.3699076840e-01 
 616.000  1.3342015000e+00  1.3026054380e-01 
 617.000  1.3416981000e+00  1.3097854610e-01 
 618.000  1.4049573000e+00  1.3706150820e-01 
 619.000  1.3920498000e+00  1.3582801820e-01 
 620.000  1.4125713000e+00  1.3773431400e-01 
 621.000  1.4368188000e+00  1.4007681270e-01 
 622.000  1.3609936000e+00  1.3262579350e-01 
 623.000  1.3715542000e+00  1.3352851870e-01 
 624.000  1.3729846000e+00  1.3369432070e-01 
 625.000  1.3357571000e+00  1.3004577640e-01 
 626.000  1.3424777000e+00  1.3051268010e-01 
 627.000  1.3648345000e+00  1.3206605530e-01 
 628.000  1.3462865000e+00  1.2912843320e-01 
 629.000  1.3801897000e+00  1.3274711610e-01 
 630.000  1.3344149000e+00  1.2887445070e-01 
 631.000  1.3834041000e+00  1.3373620610e-01 
 632.000  1.2885356000e+00  1.2410697170e-01 
 633.000  1.3832069000e+00  1.3378128050e-01 
 634.000  1.3416745000e+00  1.2994618230e-01 
 635.000  1.3661920000e+00  1.3231141660e-01 
 636.000  1.3180582000e+00  1.2774826810e-01 
 637.000  1.3615454000e+00  1.3202841190e-01 
 638.000  1.3827536000e+00  1.3433531190e-01 
 639.000  1.3713151000e+00  1.3312982180e-01 
 640.000  1.3282918000e+00  1.2917866520e-01 
 641.000  1.3474601000e+00  1.3100708010e-01 
 642.000  1.3312843000e+00  1.2950604250e-01 
 643.000  1.3545357000e+00  1.3154167180e-01 
 644.000  1.3389885000e+00  1.2995509340e-01 
 645.000  1.3506315000e+00  1.3081546020e-01 
 646.000  1.2990195200e+00  1.2455662540e-01 
 647.000  1.3165473700e+00  1.2537603000e-01 
 648.000  1.3141160700e+00  1.2433901210e-01 
 649.000  1.3402451000e+00  1.2744332120e-01 
 650.000  1.2421026300e+00  1.1948478700e-01 
 651.000  1.3379713000e+00  1.2868818660e-01 
 652.000  1.3120244400e+00  1.2490184780e-01 
 653.000  1.3386350100e+00  1.2891224670e-01 
 654.000  1.3210807100e+00  1.2696015170e-01 
 655.000  1.2861838600e+00  1.2305156710e-01 
 656.000  1.0919723600e+00  1.0459795380e-01 
 657.000  1.1654815400e+00  1.1189389040e-01 
 658.000  1.2982476200e+00  1.2519005580e-01 
 659.000  1.3014024800e+00  1.2575553130e-01 
 660.000  1.3116194400e+00  1.2687535860e-01 
 661.000  1.3174317900e+00  1.2786001590e-01 
 662.000  1.3364081700e+00  1.2987300110e-01 
 663.000  1.3215438100e+00  1.2834431460e-01 
 664.000  1.3005493000e+00  1.2635543820e-01 
 665.000  1.3062069000e+00  1.2693329620e-01 
 666.000  1.3219447500e+00  1.2858465580e-01 
 667.000  1.2957068900e+00  1.2601438900e-01 
 668.000  1.3030718600e+00  1.2684738160e-01 
 669.000  1.3216591300e+00  1.2871080020e-01 
 670.000  1.3061543300e+00  1.2712622070e-01 
 671.000  1.2920254700e+00  1.2578221890e-01 
 672.000  1.2879290700e+00  1.2536917110e-01 
 673.000  1.2971208500e+00  1.2624207310e-01 
 674.000  1.2996245700e+00  1.2649082180e-01 
 675.000  1.2797846500e+00  1.2452528380e-01 
 676.000  1.3039364500e+00  1.2688187410e-01 
 677.000  1.2779889500e+00  1.2436611180e-01 
 678.000  1.2991353800e+00  1.2639756770e-01 
 679.000  1.2807827900e+00  1.2455807500e-01 
 680.000  1.2709347500e+00  1.2355436710e-01 
 681.000  1.2722797800e+00  1.2360736080e-01 
 682.000  1.2696298100e+00  1.2327683260e-01 
 683.000  1.2779464300e+00  1.2399881740e-01 
 684.000  1.2548470600e+00  1.2168183900e-01 
 685.000  1.2690091000e+00  1.2307447810e-01 
 686.000  1.2131475900e+00  1.1736796570e-01 
 687.000  1.1218619600e+00  1.0480860140e-01 
 688.000  1.1516773400e+00  1.0877614590e-01 
 689.000  1.1462102500e+00  1.0792245480e-01 
 690.000  1.1667530700e+00  1.1048998260e-01 
 691.000  1.1904041000e+00  1.1335353090e-01 
 692.000  1.1934635700e+00  1.1367722320e-01 
 693.000  1.1924549200e+00  1.1192514040e-01 
 694.000  1.1945340100e+00  1.1071551510e-01 
 695.000  1.1816679500e+00  1.1019060520e-01 
 696.000  1.2000743400e+00  1.1234223180e-01 
 697.000  1.2229361600e+00  1.1696627810e-01 
 698.000  1.1958515600e+00  1.1377733610e-01 
 699.000  1.1992293900e+00  1.1193632510e-01 
 700.000  1.1881441500e+00  1.1120552830e-01 
 701.000  1.1574076700e+00  1.0783211520e-01 
 702.000  1.1545682100e+00  1.0788755040e-01 
 703.000  1.1860082000e+00  1.1254734800e-01 
 704.000  1.1899630100e+00  1.1300528720e-01 
 705.000  1.1926559300e+00  1.1250134280e-01 
 706.000  1.1811320000e+00  1.1155168150e-01 
 707.000  1.1654826000e+00  1.1033587650e-01 
 708.000  1.2016951100e+00  1.1404647830e-01 
 709.000  1.1637481300e+00  1.1100899510e-01 
 710.000  1.1850705600e+00  1.1235871890e-01 
 711.000  1.1784644200e+00  1.1235062410e-01 
 712.000  1.1664730700e+00  1.1177145390e-01 
 713.000  1.1577793400e+00  1.1045958710e-01 
 714.000  1.1760982400e+00  1.1199044040e-01 
 715.000  1.1289812500e+00  1.0675209050e-01 
 716.000  1.1522314600e+00  1.0816378780e-01 
 717.000  1.0800243300e+00  9.7336776730e-02 
 718.000  1.0475791200e+00  9.2008964540e-02 
 719.000  1.0258708400e+00  8.9192985530e-02 
 720.000  1.0190301500e+00  8.7424804690e-02 
 721.000  1.0800087000e+00  9.8343185420e-02 
 722.000  1.1174784400e+00  1.0381069180e-01 
 723.000  1.1022510500e+00  1.0118539430e-01 
 724.000  1.0723223500e+00  9.5191413880e-02 
 725.000  1.0658392500e+00  9.5072074890e-02 
 726.000  1.0620463600e+00  9.4594032290e-02 
 727.000  1.0827918000e+00  9.6869087220e-02 
 728.000  1.0584832300e+00  9.4242301940e-02 
 729.000  1.0294753300e+00  9.2824790950e-02 
 730.000  1.0649531400e+00  9.5829139710e-02 
 731.000  1.0443939500e+00  9.3787940980e-02 
 732.000  1.0868485000e+00  9.9665046690e-02 
 733.000  1.0914825000e+00  1.0220873260e-01 
 734.000  1.1244159300e+00  1.0633390810e-01 
 735.000  1.1115644900e+00  1.0471884160e-01 
 736.000  1.0841293300e+00  1.0147343440e-01 
 737.000  1.1033059600e+00  1.0374726870e-01 
 738.000  1.1070291100e+00  1.0481160740e-01 
 739.000  1.0739714400e+00  1.0200688930e-01 
 740.000  1.0903563500e+00  1.0426035310e-01 
 741.000  1.0852194500e+00  1.0424060060e-01 
 742.000  1.0687804600e+00  1.0285285950e-01 
 743.000  1.1034380900e+00  1.0661375430e-01 
 744.000  1.1152795700e+00  1.0796755220e-01 
 745.000  1.0873442800e+00  1.0543074800e-01 
 746.000  1.1032918700e+00  1.0707035060e-01 
 747.000  1.1199204300e+00  1.0867707060e-01 
 748.000  1.1005537100e+00  1.0686058810e-01 
 749.000  1.1010502400e+00  1.0695091250e-01 
 750.000  1.0845455000e+00  1.0527763370e-01 
 751.000  1.0817656000e+00  1.0500830840e-01 
 752.000  1.0988201100e+00  1.0674291230e-01 
 753.000  1.0885953500e+00  1.0577100370e-01 
 754.000  1.1057470100e+00  1.0744976810e-01 
 755.000  1.0994188600e+00  1.0683623500e-01 
 756.000  1.0779167000e+00  1.0474843600e-01 
 757.000  1.0858629900e+00  1.0552146150e-01 
 758.000  1.0835961500e+00  1.0524885560e-01 
 759.000  1.0015390000e+00  9.5433525090e-02 
 760.000  5.1167212000e-01  4.0517021180e-02 
 761.000  4.6222541000e-01  3.5657772060e-02 
 762.000  7.3798389000e-01  6.4765243530e-02 
 763.000  6.6961931000e-01  5.6717216490e-02 
 764.000  7.1576170000e-01  6.1691593170e-02 
 765.000  8.1736915000e-01  7.3315925600e-02 
 766.000  8.8398000000e-01  8.2417518620e-02 
 767.000  9.4744283000e-01  8.9812393190e-02 
 768.000  1.0181368500e+00  9.7589805600e-02 
 769.000  1.0356336500e+00  1.0001399990e-01 
 770.000  1.0406234200e+00  1.0085218810e-01 
 771.000  1.0461719900e+00  1.0160033420e-01 
 772.000  1.0432495200e+00  1.0137149050e-01 
 773.000  1.0393398200e+00  1.0101987460e-01 
 774.000  1.0507910900e+00  1.0215927120e-01 
 775.000  1.0114678700e+00  9.8357986450e-02 
 776.000  1.0532280100e+00  1.0246486660e-01 
 777.000  1.0459241900e+00  1.0175129700e-01 
 778.000  1.0402936500e+00  1.0118331150e-01 
 779.000  1.0436566600e+00  1.0148268130e-01 
 780.000  1.0307203000e+00  1.0024330900e-01 
 781.000  1.0291287900e+00  1.0010115810e-01 
 782.000  1.0415090200e+00  1.0124920650e-01 
 783.000  1.0171523700e+00  9.8927131650e-02 
 784.000  1.0227041800e+00  9.9414810180e-02 
 785.000  1.0245586800e+00  9.9381217960e-02 
 786.000  1.0056132400e+00  9.7311035160e-02 
 787.000  1.0175025500e+00  9.7864532470e-02 
 788.000  1.0006753800e+00  9.5981872560e-02 
 789.000  1.0008000200e+00  9.5049316410e-02 
 790.000  9.9018438000e-01  9.3931678770e-02 
 791.000  9.8615786000e-01  9.3735877990e-02 
 792.000  9.7149966000e-01  9.2472679140e-02 
 793.000  9.7279166000e-01  9.2964187620e-02 
 794.000  9.6759308000e-01  9.3288414000e-02 
 795.000  9.5940601000e-01  9.1947097780e-02 
 796.000  9.6777492000e-01  9.1575790410e-02 
 797.000  9.7614523000e-01  9.2737167360e-02 
 798.000  9.8170417000e-01  9.4059028630e-02 
 799.000  9.7974834000e-01  9.3663841250e-02 
 800.000  9.5056779000e-01  9.0308799740e-02 
 801.000  9.6874135000e-01  9.2105270390e-02 
 802.000  9.6641436000e-01  9.1805610660e-02 
 803.000  9.5315792000e-01  9.0643203740e-02 
 804.000  9.6347447000e-01  9.1927970890e-02 
 805.000  9.4031357000e-01  9.0247039790e-02 
 806.000  9.6773173000e-01  9.3173408510e-02 
 807.000  9.6182980000e-01  9.2645423890e-02 
 808.000  9.5502675000e-01  9.1785644530e-02 
 809.000  9.3742028000e-01  8.9867279050e-02 
 810.000  9.3163540000e-01  8.9060623170e-02 
 811.000  9.4323658000e-01  8.9716339110e-02 
 812.000  9.3548074000e-01  8.8360084530e-02 
 813.000  9.2569640000e-01  8.6672485350e-02 
 814.000  9.1666665000e-01  8.4951370240e-02 
 815.000  8.9699190000e-01  8.2064094540e-02 
 816.000  8.7606079000e-01  7.8864952090e-02 
 817.000  8.8209237000e-01  7.9461074830e-02 
 818.000  8.7779016000e-01  7.9129272460e-02 
 819.000  8.5829269000e-01  7.7832237240e-02 
 820.000  8.5577929000e-01  7.9002471920e-02 
 821.000  9.0078754000e-01  8.4848014830e-02 
 822.000  8.6306795000e-01  7.9972480770e-02 
 823.000  8.3919883000e-01  7.4534294130e-02 
 824.000  8.8230336000e-01  8.1211708070e-02 
 825.000  8.9994670000e-01  8.4907531740e-02 
 826.000  9.0229387000e-01  8.4742149350e-02 
 827.000  8.9694540000e-01  8.3953506470e-02 
 828.000  8.8267286000e-01  8.1311340330e-02 
 829.000  8.8669586000e-01  8.2109306340e-02 
 830.000  8.7749443000e-01  8.1767501830e-02 
 831.000  8.6316616000e-01  8.0554870610e-02 
 832.000  8.8125556000e-01  8.2294296260e-02 
 833.000  8.5649473000e-01  8.0342933650e-02 
 834.000  8.7222280000e-01  8.2194389340e-02 
 835.000  8.7953787000e-01  8.3553932190e-02 
 836.000  8.8795908000e-01  8.4206596370e-02 
 837.000  8.8038440000e-01  8.3448623660e-02 
 838.000  8.8616131000e-01  8.4382080080e-02 
 839.000  8.5996529000e-01  8.2094184880e-02 
 840.000  8.8349615000e-01  8.4393234250e-02 
 841.000  8.8429868000e-01  8.4217521670e-02 
 842.000  8.8005242000e-01  8.4011749270e-02 
 843.000  8.7699017000e-01  8.4306213380e-02 
 844.000  8.6372004000e-01  8.3280715940e-02 
 845.000  8.7739120000e-01  8.4714454650e-02 
 846.000  8.8577181000e-01  8.5683738710e-02 
 847.000  8.5582866000e-01  8.2957824710e-02 
 848.000  8.8002438000e-01  8.5050827030e-02 
 849.000  8.8174925000e-01  8.5295989990e-02 
 850.000  7.6193860000e-01  7.3562561040e-02 
 851.000  8.7236168000e-01  8.4066574100e-02 
 852.000  8.3931666000e-01  8.0934364320e-02 
 853.000  8.4980600000e-01  8.2109718320e-02 
 854.000  6.8316053000e-01  6.6024330140e-02 
 855.000  7.5233696000e-01  7.2834854130e-02 
 856.000  8.5431440000e-01  8.2878982540e-02 
 857.000  8.6818008000e-01  8.4377403260e-02 
 858.000  8.5437089000e-01  8.3070350650e-02 
 859.000  8.5444764000e-01  8.3182838440e-02 
 860.000  8.4690213000e-01  8.2533905030e-02 
 861.000  8.4679341000e-01  8.2525894170e-02 
 862.000  8.4402505000e-01  8.2247749330e-02 
 863.000  8.6015573000e-01  8.3887939450e-02 
 864.000  8.5843713000e-01  8.3658676150e-02 
 865.000  8.4244821000e-01  8.2194084170e-02 
 866.000  7.0663859000e-01  6.8978347780e-02 
 867.000  7.5248344000e-01  7.3341476440e-02 
 868.000  8.1609824000e-01  7.9601448060e-02 
 869.000  8.0464372000e-01  7.8489654540e-02 
 870.000  8.3782499000e-01  8.1797485350e-02 
 871.000  8.3663904000e-01  8.1651420590e-02 
 872.000  8.3326808000e-01  8.1207717900e-02 
 873.000  8.3659968000e-01  8.1601997380e-02 
 874.000  8.1825043000e-01  7.9767059330e-02 
 875.000  8.1072172000e-01  7.9120483400e-02 
 876.000  8.1744028000e-01  7.9721252440e-02 
 877.000  8.3372040000e-01  8.1225555420e-02 
 878.000  8.1934522000e-01  7.9829063420e-02 
 879.000  8.2124228000e-01  8.0048477170e-02 
 880.000  8.1643368000e-01  7.9442184450e-02 
 881.000  7.7397495000e-01  7.5320381160e-02 
 882.000  8.1668431000e-01  7.9350929260e-02 
 883.000  7.9806256000e-01  7.7670417790e-02 
 884.000  8.0484394000e-01  7.8462913510e-02 
 885.000  8.1303877000e-01  7.8927124020e-02 
 886.000  7.8630277000e-01  7.6252815250e-02 
 887.000  7.7829921000e-01  7.5550582890e-02 
 888.000  8.0158786000e-01  7.7706634520e-02 
 889.000  8.0702129000e-01  7.8421318050e-02 
 890.000  8.0437878000e-01  7.8052833560e-02 
 891.000  7.9959622000e-01  7.7338905330e-02 
 892.000  7.9529919000e-01  7.6535491940e-02 
 893.000  7.5937210000e-01  7.1877426150e-02 
 894.000  7.8151109000e-01  7.3454635620e-02 
 895.000  7.3171749000e-01  6.7396133420e-02 
 896.000  7.4579217000e-01  6.7297012330e-02 
 897.000  7.1325937000e-01  6.3156345370e-02 
 898.000  7.0722489000e-01  6.1983692170e-02 
 899.000  6.8586881000e-01  5.8516326900e-02 
 900.000  6.7169495000e-01  5.7460174560e-02 
 901.000  6.5213233000e-01  5.5424682620e-02 
 902.000  6.4096875000e-01  5.4565876010e-02 
 903.000  7.0629478000e-01  6.2802097320e-02 
 904.000  7.4042708000e-01  6.7559951780e-02 
 905.000  7.3764424000e-01  6.7411369320e-02 
 906.000  7.0538171000e-01  6.3426307680e-02 
 907.000  6.9432402000e-01  6.0599075320e-02 
 908.000  6.6252572000e-01  5.6664825440e-02 
 909.000  6.5006369000e-01  5.5626728060e-02 
 910.000  6.5997049000e-01  5.6635753630e-02 
 911.000  6.6801443000e-01  5.8163993840e-02 
 912.000  6.6466918000e-01  5.7386466980e-02 
 913.000  6.5894813000e-01  5.5391109470e-02 
 914.000  6.6511216000e-01  5.6644363400e-02 
 915.000  6.6230431000e-01  5.7125789640e-02 
 916.000  6.7172546000e-01  5.8069992070e-02 
 917.000  6.6549650000e-01  5.7861705780e-02 
 918.000  6.6764034000e-01  5.8492607120e-02 
 919.000  6.9546087000e-01  6.2688945770e-02 
 920.000  7.0294538000e-01  6.4423027040e-02 
 921.000  6.8446918000e-01  6.2461418150e-02 
 922.000  6.7805693000e-01  6.1907379150e-02 
 923.000  6.4595863000e-01  5.8464763640e-02 
 924.000  6.6405808000e-01  5.9502830510e-02 
 925.000  6.7213471000e-01  6.0096870420e-02 
 926.000  6.4802132000e-01  5.7783607480e-02 
 927.000  6.6132919000e-01  5.8178844450e-02 
 928.000  6.4850855000e-01  5.5587776180e-02 
 929.000  6.1515784000e-01  5.0807857510e-02 
 930.000  5.8222756000e-01  4.5732959750e-02 
 931.000  5.4607932000e-01  4.0242431640e-02 
 932.000  4.9331686000e-01  3.3162357330e-02 
 933.000  4.5759231000e-01  2.8797109600e-02 
 934.000  4.1443424000e-01  2.4329160690e-02 
 935.000  4.0423619000e-01  2.3519676210e-02 
 936.000  4.1688603000e-01  2.4911674500e-02 
 937.000  4.2201391000e-01  2.5074113850e-02 
 938.000  4.6011219000e-01  2.9542726520e-02 
 939.000  5.6983445000e-01  4.3998283390e-02 
 940.000  5.8174873000e-01  4.5953876500e-02 
 941.000  5.5580200000e-01  4.3106788640e-02 
 942.000  5.0422718000e-01  3.7059425350e-02 
 943.000  4.7638130000e-01  3.1735763550e-02 
 944.000  4.5956214000e-01  3.0386060710e-02 
 945.000  4.8377925000e-01  3.3099140170e-02 
 946.000  4.9133451000e-01  3.3701641080e-02 
 947.000  5.0560121000e-01  3.5832340240e-02 
 948.000  5.1872421000e-01  3.7468303680e-02 
 949.000  5.1890839000e-01  3.7414852140e-02 
 950.000  5.1800493000e-01  3.7536487580e-02 
 951.000  5.3707277000e-01  4.0540985110e-02 
 952.000  5.1308816000e-01  3.7125667570e-02 
 953.000  5.2818964000e-01  3.9440773010e-02 
 954.000  5.4038054000e-01  4.1662826540e-02 
 955.000  4.9138403000e-01  3.6985839840e-02 
 956.000  5.2077256000e-01  3.9028705600e-02 
 957.000  5.6385056000e-01  4.5505195620e-02 
 958.000  5.7360626000e-01  4.6723793030e-02 
 959.000  5.6851541000e-01  4.5867069240e-02 
 960.000  5.6097416000e-01  4.5148567200e-02 
 961.000  5.5133049000e-01  4.4153835300e-02 
 962.000  5.5724209000e-01  4.4878898620e-02 
 963.000  5.7918371000e-01  4.8299404140e-02 
 964.000  5.7574743000e-01  4.8266731260e-02 
 965.000  5.8052022000e-01  4.8541370390e-02 
 966.000  5.6489034000e-01  4.7348110200e-02 
 967.000  5.9787780000e-01  5.1339191440e-02 
 968.000  6.1766259000e-01  5.5150211330e-02 
 969.000  6.3323573000e-01  5.7527072910e-02 
 970.000  6.3556014000e-01  5.7805877690e-02 
 971.000  6.2962978000e-01  5.7251419070e-02 
 972.000  6.3079603000e-01  5.7082630160e-02 
 973.000  6.1713991000e-01  5.5233413700e-02 
 974.000  5.9835511000e-01  5.2835224150e-02 
 975.000  5.9529374000e-01  5.2105995180e-02 
 976.000  6.0998296000e-01  5.3977443700e-02 
 977.000  6.0644763000e-01  5.4619155880e-02 
 978.000  6.2040333000e-01  5.5814865110e-02 
 979.000  6.0538106000e-01  5.4729011540e-02 
 980.000  6.2612066000e-01  5.7638488770e-02 
 981.000  6.3309717000e-01  5.8527923580e-02 
 982.000  6.2897887000e-01  5.7926582340e-02 
 983.000  6.3348583000e-01  5.8903530120e-02 
 984.000  6.3561112000e-01  5.9700439450e-02 
 985.000  6.3891186000e-01  6.0366817470e-02 
 986.000  6.3833096000e-01  6.0785388950e-02 
 987.000  6.4766935000e-01  6.1890663150e-02 
 988.000  6.4005227000e-01  6.1216365810e-02 
 989.000  6.3219175000e-01  6.0497383120e-02 
 990.000  6.3804505000e-01  6.1110366820e-02 
 991.000  6.4495595000e-01  6.1965568540e-02 
 992.000  6.3945319000e-01  6.1494964600e-02 
 993.000  6.3958119000e-01  6.1531734470e-02 
 994.000  6.4429407000e-01  6.2156047820e-02 
 995.000  6.4057039000e-01  6.1925006870e-02 
 996.000  6.4043137000e-01  6.1914611820e-02 
 997.000  6.4045583000e-01  6.1842319490e-02 
 998.000  6.3734592000e-01  6.1463249210e-02 
 999.000  6.3548198000e-01  6.1255367280e-02 
1000.000  6.3063038000e-01  6.0816951750e-02 
1001.000  6.3264728000e-01  6.0835933690e-02 
1002.000  6.2933293000e-01  6.0241100310e-02 
1003.000  6.2251619000e-01  5.9656368260e-02 
1004.000  6.1861910000e-01  5.9442390440e-02 
1005.000  5.7852354000e-01  5.5658557890e-02 
1006.000  6.0891321000e-01  5.8610435490e-02 
1007.000  6.1957185000e-01  5.9586048130e-02 
1008.000  6.2033865000e-01  5.9439865110e-02 
1009.000  6.1407232000e-01  5.8556484220e-02 
1010.000  6.1745464000e-01  5.9010093690e-02 
1011.000  6.1673962000e-01  5.9255985260e-02 
1012.000  6.1790022000e-01  5.9492836000e-02 
1013.000  6.1419003000e-01  5.9236751560e-02 
1014.000  6.1842400000e-01  5.9712657930e-02 
1015.000  6.0705478000e-01  5.8651092530e-02 
1016.000  6.1127055000e-01  5.9131088260e-02 
1017.000  6.0535505000e-01  5.8606964110e-02 
1018.000  6.1290261000e-01  5.9316242220e-02 
1019.000  5.9812787000e-01  5.7803939820e-02 
1020.000  5.9713062000e-01  5.7730690000e-02 
1021.000  6.0361478000e-01  5.8401588440e-02 
1022.000  5.9364140000e-01  5.7270584110e-02 
1023.000  6.0426470000e-01  5.8150768280e-02 
1024.000  6.0073546000e-01  5.7712837220e-02 
1025.000  6.0187111000e-01  5.7986515050e-02 
1026.000  6.0314462000e-01  5.8197345730e-02 
1027.000  5.9925584000e-01  5.7821269990e-02 
1028.000  6.0086006000e-01  5.8045551300e-02 
1029.000  5.9222136000e-01  5.7332763670e-02 
1030.000  5.9868590000e-01  5.8082988740e-02 
1031.000  5.9704516000e-01  5.8007648470e-02 
1032.000  5.9513193000e-01  5.7884441380e-02 
1033.000  5.8420906000e-01  5.6825286870e-02 
1034.000  5.8991678000e-01  5.7397109990e-02 
1035.000  5.8221148000e-01  5.6632152560e-02 
1036.000  5.9183438000e-01  5.7581455230e-02 
1037.000  5.7937109000e-01  5.6369033810e-02 
1038.000  5.8510043000e-01  5.6924770360e-02 
1039.000  5.8748583000e-01  5.7140209200e-02 
1040.000  5.8052825000e-01  5.6450508120e-02 
1041.000  5.8355219000e-01  5.6729694370e-02 
1042.000  5.8527928000e-01  5.6887596130e-02 
1043.000  5.7517358000e-01  5.5898212430e-02 
1044.000  5.8089235000e-01  5.6441268920e-02 
1045.000  5.7835078000e-01  5.6210941310e-02 
1046.000  5.6152418000e-01  5.4602603910e-02 
1047.000  5.7182608000e-01  5.5630672450e-02 
1048.000  5.7749315000e-01  5.6214015960e-02 
1049.000  5.7378064000e-01  5.5889976500e-02 
1050.000  5.7137089000e-01  5.5674808500e-02 
1051.000  5.7034668000e-01  5.5542270660e-02 
1052.000  5.6767531000e-01  5.5253135680e-02 
1053.000  5.6625601000e-01  5.5096202850e-02 
1054.000  5.6202502000e-01  5.4645523070e-02 
1055.000  5.6611674000e-01  5.5003513340e-02 
1056.000  5.6458789000e-01  5.4822998050e-02 
1057.000  5.6352558000e-01  5.4660350800e-02 
1058.000  5.5747352000e-01  5.3967945100e-02 
1059.000  5.3995254000e-01  5.2299530030e-02 
1060.000  5.5948614000e-01  5.4277320860e-02 
1061.000  5.3985845000e-01  5.2377140050e-02 
1062.000  5.5473965000e-01  5.3765045170e-02 
1063.000  5.4534398000e-01  5.2837059020e-02 
1064.000  5.5207356000e-01  5.3411369320e-02 
1065.000  5.5124235000e-01  5.3225925450e-02 
1066.000  5.3435759000e-01  5.1580345150e-02 
1067.000  5.4696789000e-01  5.2742504120e-02 
1068.000  5.4423167000e-01  5.2301746370e-02 
1069.000  5.0296959000e-01  4.8240837100e-02 
1070.000  5.3287770000e-01  5.1138187410e-02 
1071.000  5.3335613000e-01  5.1103958130e-02 
1072.000  5.3474318000e-01  5.1160156250e-02 
1073.000  5.1707202000e-01  4.9467319490e-02 
1074.000  5.3525130000e-01  5.1236446380e-02 
1075.000  5.1921508000e-01  4.9845420840e-02 
1076.000  5.3024550000e-01  5.0823139190e-02 
1077.000  5.2855907000e-01  5.0554416660e-02 
1078.000  5.2932383000e-01  5.0502700810e-02 
1079.000  5.0885858000e-01  4.8537830350e-02 
1080.000  5.2229081000e-01  4.9490821840e-02 
1081.000  5.0298197000e-01  4.7640724180e-02 
1082.000  5.1011788000e-01  4.8431789400e-02 
1083.000  4.9549402000e-01  4.6850799560e-02 
1084.000  5.1339477000e-01  4.8333045960e-02 
1085.000  5.0418848000e-01  4.7024414060e-02 
1086.000  5.1137395000e-01  4.7767215730e-02 
1087.000  4.8264540000e-01  4.5510112760e-02 
1088.000  5.1198306000e-01  4.8327156070e-02 
1089.000  4.8919282000e-01  4.5659164430e-02 
1090.000  4.9917816000e-01  4.6515522000e-02 
1091.000  5.0308293000e-01  4.7008911130e-02 
1092.000  4.8973888000e-01  4.5519744870e-02 
1093.000  4.7988039000e-01  4.4055946350e-02 
1094.000  4.3510323100e-01  3.9705322270e-02 
1095.000  4.7124258800e-01  4.3014667510e-02 
1096.000  4.7256862000e-01  4.3161315920e-02 
1097.000  4.6251517700e-01  4.2081226350e-02 
1098.000  4.4521916400e-01  3.9247768400e-02 
1099.000  4.3492807900e-01  3.7287254330e-02 
1100.000  4.4321647600e-01  3.8064327240e-02 
1101.000  4.4387386000e-01  3.8260261540e-02 
1102.000  4.2472960700e-01  3.6531856540e-02 
1103.000  4.4266471500e-01  3.8160095210e-02 
1104.000  4.3747033000e-01  3.7530242920e-02 
1105.000  4.3172839200e-01  3.6600719450e-02 
1106.000  4.2291705300e-01  3.5441036220e-02 
1107.000  4.2375195600e-01  3.5591529850e-02 
1108.000  4.2341992900e-01  3.5605617520e-02 
1109.000  4.2990826900e-01  3.6462795260e-02 
1110.000  4.3166828200e-01  3.6503528590e-02 
1111.000  4.2370753700e-01  3.5598640440e-02 
1112.000  4.0736824900e-01  3.3347877500e-02 
1113.000  3.8869437800e-01  3.0569307330e-02 
1114.000  3.8849794100e-01  3.0108003620e-02 
1115.000  3.6293503300e-01  2.6512603760e-02 
1116.000  3.4479513300e-01  2.4242860790e-02 
1117.000  3.1584693200e-01  2.0410116200e-02 
1118.000  2.8193276500e-01  1.6778627400e-02 
1119.000  2.5810557400e-01  1.4604061130e-02 
1120.000  2.3795580500e-01  1.2617614750e-02 
1121.000  2.3487609900e-01  1.2250522610e-02 
1122.000  2.1112327900e-01  1.0202156070e-02 
1123.000  2.2496751400e-01  1.1300949100e-02 
1124.000  2.3391657600e-01  1.2036354060e-02 
1125.000  2.2476331600e-01  1.1408146860e-02 
1126.000  2.1871723300e-01  1.1045442580e-02 
1127.000  2.2788279900e-01  1.1595320700e-02 
1128.000  2.2709771400e-01  1.1719447140e-02 
1129.000  2.4989756800e-01  1.3761376380e-02 
1130.000  2.9865888400e-01  1.8631364820e-02 
1131.000  3.1558063200e-01  2.0371227260e-02 
1132.000  2.9763471700e-01  1.8306427000e-02 
1133.000  2.5544849400e-01  1.4386265750e-02 
1134.000  1.8684289300e-01  8.4785604480e-03 
1135.000  1.9448995400e-01  9.0215511320e-03 
1136.000  2.6160201100e-01  1.4977633480e-02 
1137.000  2.9982990800e-01  1.8750614170e-02 
1138.000  3.2029980100e-01  2.1807992940e-02 
1139.000  3.3631475500e-01  2.3585226060e-02 
1140.000  3.3130473100e-01  2.2864660260e-02 
1141.000  3.0976832600e-01  2.0738853450e-02 
1142.000  3.1390942900e-01  2.0768695830e-02 
1143.000  2.9502147500e-01  1.8833801270e-02 
1144.000  2.7776007400e-01  1.7043069840e-02 
1145.000  2.5691505600e-01  1.4837466240e-02 
1146.000  2.6492042700e-01  1.5523927690e-02 
1147.000  2.8400702200e-01  1.7432811740e-02 
1148.000  2.9660613400e-01  1.8943893430e-02 
1149.000  3.0352408000e-01  1.9705444340e-02 
1150.000  3.0227289600e-01  1.9692291260e-02 
1151.000  3.1012142400e-01  2.0739120480e-02 
1152.000  3.1375395200e-01  2.1248756410e-02 
1153.000  3.1943129400e-01  2.2027063370e-02 
1154.000  3.1968080600e-01  2.1977075580e-02 
1155.000  3.3248977900e-01  2.3665611270e-02 
1156.000  3.4092270800e-01  2.5178716660e-02 
1157.000  3.7028554700e-01  2.9253156660e-02 
1158.000  3.8063427200e-01  3.0847301480e-02 
1159.000  3.8384203100e-01  3.1777091980e-02 
1160.000  3.8242542100e-01  3.1946418760e-02 
1161.000  3.8294298900e-01  3.2646152500e-02 
1162.000  4.0323645300e-01  3.4924980160e-02 
1163.000  4.1278717800e-01  3.6408187870e-02 
1164.000  4.0622667600e-01  3.5968578340e-02 
1165.000  4.1456867200e-01  3.6803977970e-02 
1166.000  4.0537036900e-01  3.6148033140e-02 
1167.000  4.1290566400e-01  3.6921936040e-02 
1168.000  4.1611553100e-01  3.7181705470e-02 
1169.000  4.0279191300e-01  3.6091457370e-02 
1170.000  4.1463157600e-01  3.7243064880e-02 
1171.000  4.1929839600e-01  3.7885047910e-02 
1172.000  4.1635475800e-01  3.7495697020e-02 
1173.000  4.1185687800e-01  3.6974746700e-02 
1174.000  4.1215903100e-01  3.7012275700e-02 
1175.000  4.1160421200e-01  3.7297031400e-02 
1176.000  4.0548875900e-01  3.7049591060e-02 
1177.000  4.1615908500e-01  3.7876914980e-02 
1178.000  4.0539403900e-01  3.6604740140e-02 
1179.000  4.0358473400e-01  3.6444389340e-02 
1180.000  4.0789447700e-01  3.6729339600e-02 
1181.000  4.0228842800e-01  3.5956466670e-02 
1182.000  3.9928879300e-01  3.5424613950e-02 
1183.000  3.7651273900e-01  3.3433021550e-02 
1184.000  3.9546731700e-01  3.5264678960e-02 
1185.000  4.0560447400e-01  3.6546138760e-02 
1186.000  4.0174690900e-01  3.6086299900e-02 
1187.000  3.9689184300e-01  3.5275630950e-02 
1188.000  3.9370736200e-01  3.4902877810e-02 
1189.000  3.7359285400e-01  3.3329185490e-02 
1190.000  3.9968729600e-01  3.6241619110e-02 
1191.000  4.0823636800e-01  3.7188259120e-02 
1192.000  4.0930543400e-01  3.7541198730e-02 
1193.000  4.0875008300e-01  3.7416328430e-02 
1194.000  4.0747084000e-01  3.7262996670e-02 
1195.000  3.9967767400e-01  3.6301906590e-02 
1196.000  3.9986802600e-01  3.6361377720e-02 
1197.000  3.9819369200e-01  3.6092296600e-02 
1198.000  3.8447880900e-01  3.4828411100e-02 
1199.000  3.6835502800e-01  3.3231597900e-02 
1200.000  3.9268430000e-01  3.5517158510e-02 
1201.000  3.9593889500e-01  3.5858379360e-02 
1202.000  3.9684864700e-01  3.6011287690e-02 
1203.000  3.7642994500e-01  3.4116893770e-02 
1204.000  3.8327955400e-01  3.4819957730e-02 
1205.000  3.9745490500e-01  3.6538745880e-02 
1206.000  3.9750088000e-01  3.6739517210e-02 
1207.000  4.0117840900e-01  3.7160091400e-02 
1208.000  3.9461473100e-01  3.6485500340e-02 
1209.000  3.6883082900e-01  3.4001491550e-02 
1210.000  3.9264926000e-01  3.6016670230e-02 
1211.000  3.7924711200e-01  3.4765655520e-02 
1212.000  3.9167764200e-01  3.5956069950e-02 
1213.000  3.9527002300e-01  3.6463649750e-02 
1214.000  3.9320810700e-01  3.6256664280e-02 
1215.000  3.9528615200e-01  3.6522491460e-02 
1216.000  3.9705152500e-01  3.6973304750e-02 
1217.000  3.9866024000e-01  3.7374546050e-02 
1218.000  3.9823757900e-01  3.7459323880e-02 
1219.000  3.9500819800e-01  3.7232425690e-02 
1220.000  3.9774301000e-01  3.7490039830e-02 
1221.000  3.9726929400e-01  3.7465560910e-02 
1222.000  3.9525337100e-01  3.7280364990e-02 
1223.000  3.9358902800e-01  3.7162261960e-02 
1224.000  3.9811458700e-01  3.7748889920e-02 
1225.000  3.9623904000e-01  3.7616493230e-02 
1226.000  3.9804015700e-01  3.7849224090e-02 
1227.000  3.8521574900e-01  3.6719367980e-02 
1228.000  3.9807133300e-01  3.8058826450e-02 
1229.000  3.9821955600e-01  3.8161075590e-02 
1230.000  3.9752250300e-01  3.8194442750e-02 
1231.000  3.9789220500e-01  3.8289463040e-02 
1232.000  3.9354122800e-01  3.7899269100e-02 
1233.000  3.9672228200e-01  3.8226787570e-02 
1234.000  3.9638974600e-01  3.8319179530e-02 
1235.000  3.9394564900e-01  3.8129333500e-02 
1236.000  3.9644144800e-01  3.8403842930e-02 
1237.000  3.9669259700e-01  3.8472885130e-02 
1238.000  3.9653634100e-01  3.8478862760e-02 
1239.000  3.9206285000e-01  3.8059394840e-02 
1240.000  3.9028804300e-01  3.7917800900e-02 
1241.000  3.9369632100e-01  3.8269687650e-02 
1242.000  3.9130352900e-01  3.8054058070e-02 
1243.000  3.8685185500e-01  3.7639534000e-02 
1244.000  3.8321435900e-01  3.7290821080e-02 
1245.000  3.8968805200e-01  3.7928619380e-02 
1246.000  3.8653172200e-01  3.7592491150e-02 
1247.000  3.8445018000e-01  3.7359199520e-02 
1248.000  3.8725960800e-01  3.7602233890e-02 
1249.000  3.8575591300e-01  3.7438320160e-02 
1250.000  3.8407883100e-01  3.7247230530e-02 
1251.000  3.8125162500e-01  3.6953590390e-02 
1252.000  3.7981522300e-01  3.6781696320e-02 
1253.000  3.7636442600e-01  3.6411510470e-02 
1254.000  3.7672321500e-01  3.6371696470e-02 
1255.000  3.7564010100e-01  3.6221435550e-02 
1256.000  3.7444560000e-01  3.6072395320e-02 
1257.000  3.6960153600e-01  3.5539344790e-02 
1258.000  3.6968234400e-01  3.5419345860e-02 
1259.000  3.6445267200e-01  3.4815773010e-02 
1260.000  3.6358787500e-01  3.4617156980e-02 
1261.000  3.6137352100e-01  3.4285320280e-02 
1262.000  3.5034993900e-01  3.3052764890e-02 
1263.000  3.5332707200e-01  3.3294410710e-02 
1264.000  3.4699052300e-01  3.2681972500e-02 
1265.000  3.4731357500e-01  3.2712097170e-02 
1266.000  3.4817331300e-01  3.2735149380e-02 
1267.000  3.4010384000e-01  3.1920202260e-02 
1268.000  3.3502134000e-01  3.1389966960e-02 
1269.000  3.3737357500e-01  3.1586887360e-02 
1270.000  3.4554759400e-01  3.2504924770e-02 
1271.000  3.4946419400e-01  3.2933879850e-02 
1272.000  3.5004829500e-01  3.3059268950e-02 
1273.000  3.5120803000e-01  3.3258621220e-02 
1274.000  3.5090665500e-01  3.3338764190e-02 
1275.000  3.5384475300e-01  3.3651363370e-02 
1276.000  3.5492802900e-01  3.3756732940e-02 
1277.000  3.5496892600e-01  3.3736667630e-02 
1278.000  3.5428125700e-01  3.3635940550e-02 
1279.000  3.5225859100e-01  3.3449661250e-02 
1280.000  3.5115970400e-01  3.3439250950e-02 
1281.000  3.4208669700e-01  3.2661384580e-02 
1282.000  3.0454068400e-01  2.9153759000e-02 
1283.000  3.3474392500e-01  3.2083797450e-02 
1284.000  3.4862043500e-01  3.3422203060e-02 
1285.000  3.5145996100e-01  3.3708232880e-02 
1286.000  3.5091705200e-01  3.3594963070e-02 
1287.000  3.5218779400e-01  3.3614940640e-02 
1288.000  3.4670511400e-01  3.2763256070e-02 
1289.000  3.4775722100e-01  3.2756412510e-02 
1290.000  3.3964287200e-01  3.1966743470e-02 
1291.000  3.4487377400e-01  3.2470790860e-02 
1292.000  3.4774294000e-01  3.2826972960e-02 
1293.000  3.4818207400e-01  3.2842044830e-02 
1294.000  3.4124479700e-01  3.2013168330e-02 
1295.000  3.4259273600e-01  3.1897771840e-02 
1296.000  3.4040456100e-01  3.1461553570e-02 
1297.000  3.3631104600e-01  3.0908527370e-02 
1298.000  3.3312371500e-01  3.0589014050e-02 
1299.000  3.3634668800e-01  3.0857936860e-02 
1300.000  3.3465744700e-01  3.0673324580e-02 
1301.000  3.3367753400e-01  3.0523536680e-02 
1302.000  3.2800172100e-01  2.9856750490e-02 
1303.000  3.2203336500e-01  2.8950614930e-02 
1304.000  3.2066544900e-01  2.8663242340e-02 
1305.000  3.2191635300e-01  2.8696264270e-02 
1306.000  3.2169864900e-01  2.8594001770e-02 
1307.000  3.1968744600e-01  2.8325708390e-02 
1308.000  3.1671848000e-01  2.7840137480e-02 
1309.000  3.1278927900e-01  2.7205383300e-02 
1310.000  3.1106765400e-01  2.7023735050e-02 
1311.000  3.1021431300e-01  2.6940702440e-02 
1312.000  3.0479041100e-01  2.6151725770e-02 
1313.000  2.8869624600e-01  2.4422811510e-02 
1314.000  2.9321655000e-01  2.4487144470e-02 
1315.000  2.8544475200e-01  2.3968145370e-02 
1316.000  2.9541668300e-01  2.5010234830e-02 
1317.000  2.9842016600e-01  2.5246732710e-02 
1318.000  2.8903525800e-01  2.4080383300e-02 
1319.000  2.8539721200e-01  2.3277414320e-02 
1320.000  2.7469210600e-01  2.1823589320e-02 
1321.000  2.7016245200e-01  2.1219308850e-02 
1322.000  2.7522848000e-01  2.1973463060e-02 
1323.000  2.8211172500e-01  2.2887788770e-02 
1324.000  2.8537165100e-01  2.3341226580e-02 
1325.000  2.8299164300e-01  2.2999410630e-02 
1326.000  2.7591753100e-01  2.2050334930e-02 
1327.000  2.6139842700e-01  2.0040220260e-02 
1328.000  2.4828212000e-01  1.8059761050e-02 
1329.000  2.1421578200e-01  1.4131029130e-02 
1330.000  2.0817482400e-01  1.3238292690e-02 
1331.000  2.0269070600e-01  1.2582280160e-02 
1332.000  2.0049545800e-01  1.2520910260e-02 
1333.000  2.1150498400e-01  1.3473031040e-02 
1334.000  2.1992199100e-01  1.4383922580e-02 
1335.000  2.2586502800e-01  1.5058101650e-02 
1336.000  2.2575817900e-01  1.5148470880e-02 
1337.000  2.2831358000e-01  1.5356047630e-02 
1338.000  2.3206547000e-01  1.5830688480e-02 
1339.000  2.3257931800e-01  1.5941355710e-02 
1340.000  2.3419949900e-01  1.6248952870e-02 
1341.000  2.3815656900e-01  1.6356048580e-02 
1342.000  2.3805941100e-01  1.6354200360e-02 
1343.000  2.2903021300e-01  1.4929920200e-02 
1344.000  2.1517992200e-01  1.3197010990e-02 
1345.000  1.7803868800e-01  9.4034032820e-03 
1346.000  1.5186956500e-01  7.0232629780e-03 
1347.000  1.3470504100e-01  5.7106523510e-03 
1348.000  1.1167599900e-01  3.9708211420e-03 
1349.000  1.0157325910e-01  3.3589789870e-03 
1350.000  7.9120954800e-02  2.0673499110e-03 
1351.000  6.8305616800e-02  1.5941586490e-03 
1352.000  5.2245673400e-02  9.4331496950e-04 
1353.000  3.7031314500e-02  5.1650476460e-04 
1354.000  2.9609957900e-02  3.4483385090e-04 
1355.000  2.2989641000e-02  2.2094674410e-04 
1356.000  1.7384936100e-02  1.3439588250e-04 
1357.000  1.1883082260e-02  6.7682012920e-05 
1358.000  8.7943046300e-03  4.1316412390e-05 
1359.000  4.6371910600e-03  1.4015431520e-05 
1360.000  3.0667198600e-03  7.3656197640e-06 
1361.000  2.2822904700e-03  4.3819709680e-06 
1362.000  2.1000788600e-03  3.8539131640e-06 
1363.000  3.0298724300e-03  6.7296554330e-06 
1364.000  3.5132267000e-03  8.4287030620e-06 
1365.000  3.6785386700e-03  8.8937515390e-06 
1366.000  4.2480994700e-03  1.1111434550e-05 
1367.000  3.5684715700e-03  8.7040485810e-06 
1368.000  3.1641446600e-03  7.5235553090e-06 
1369.000  3.2446891500e-03  7.9163312910e-06 
1370.000  5.3662043300e-03  1.8387559800e-05 
1371.000  9.5567444900e-03  4.6114794910e-05 
1372.000  1.7696170700e-02  1.2765836720e-04 
1373.000  2.5103473400e-02  2.2552917900e-04 
1374.000  3.0483460200e-02  3.1222233180e-04 
1375.000  3.2500710200e-02  3.5066249970e-04 
1376.000  3.0145759300e-02  3.1093591450e-04 
1377.000  2.6837231300e-02  2.5396054980e-04 
1378.000  2.0455564100e-02  1.6181346770e-04 
1379.000  1.4046704310e-02  8.7280027570e-05 
1380.000  7.9668963800e-03  3.4816078840e-05 
1381.000  4.6085475400e-03  1.4502780510e-05 
1382.000  3.2226946600e-03  8.1794746220e-06 
1383.000  3.1180834900e-03  7.6401727270e-06 
1384.000  5.0718365500e-03  1.6495622690e-05 
1385.000  7.2001166700e-03  2.8935380280e-05 
1386.000  1.0997428120e-02  5.7119976730e-05 
1387.000  2.0206246700e-02  1.5743339060e-04 
1388.000  2.6781539700e-02  2.4742446840e-04 
1389.000  3.0763878700e-02  3.1550434230e-04 
1390.000  3.1403200300e-02  3.2983922960e-04 
1391.000  2.9315274400e-02  2.9331615570e-04 
1392.000  2.2163623100e-02  1.8534086640e-04 
1393.000  1.6942353100e-02  1.2075135860e-04 
1394.000  1.2979782080e-02  7.8751176600e-05 
1395.000  1.4631310100e-02  9.5494583250e-05 
1396.000  2.0077377500e-02  1.5803064410e-04 
1397.000  2.5909712200e-02  2.4072040620e-04 
1398.000  2.6682507900e-02  2.5166705250e-04 
1399.000  2.4913563100e-02  2.2816486660e-04 
1400.000  2.3296302900e-02  2.0729428530e-04 
1401.000  2.4765156000e-02  2.3258714380e-04 
1402.000  3.0702060900e-02  3.2482951880e-04 
1403.000  3.5348402600e-02  4.2147153620e-04 
1404.000  3.3248341100e-02  3.7902614470e-04 
1405.000  3.4826876000e-02  4.1893175240e-04 
1406.000  3.2294322100e-02  3.6639684440e-04 
1407.000  3.3492405700e-02  3.9995265010e-04 
1408.000  4.0142944000e-02  5.3667980430e-04 
1409.000  4.7056586300e-02  7.1097767350e-04 
1410.000  5.7714292300e-02  9.9879086020e-04 
1411.000  6.8648603700e-02  1.3742960690e-03 
1412.000  6.6322432500e-02  1.3259346490e-03 
1413.000  7.3147239700e-02  1.5864012240e-03 
1414.000  7.2118268600e-02  1.5228987930e-03 
1415.000  7.9725428100e-02  1.8550637960e-03 
1416.000  8.5659021400e-02  2.0993947980e-03 
1417.000  8.7864361400e-02  2.2122952940e-03 
1418.000  8.8647344400e-02  2.2338795660e-03 
1419.000  8.8462662300e-02  2.2677917480e-03 
1420.000  9.0563570500e-02  2.3549642560e-03 
1421.000  1.0185638030e-01  2.8898530010e-03 
1422.000  1.0427921530e-01  3.0540256500e-03 
1423.000  1.0544200490e-01  3.1461715700e-03 
1424.000  1.0508370730e-01  3.1167647840e-03 
1425.000  1.0389089610e-01  3.0224020480e-03 
1426.000  1.0016526930e-01  2.9165222640e-03 
1427.000  1.0609482010e-01  3.1924293040e-03 
1428.000  1.1205653900e-01  3.4491140840e-03 
1429.000  1.1365766240e-01  3.6021261220e-03 
1430.000  1.1089385630e-01  3.5139977930e-03 
1431.000  1.0331161330e-01  3.1350879670e-03 
1432.000  1.0101747570e-01  2.9814829830e-03 
1433.000  1.0073281540e-01  2.9645092490e-03 
1434.000  9.6081374800e-02  2.7640831470e-03 
1435.000  1.0315156930e-01  3.0995209220e-03 
1436.000  1.0572011000e-01  3.2335476880e-03 
1437.000  1.0740519050e-01  3.3149116040e-03 
1438.000  1.1386735070e-01  3.6695220470e-03 
1439.000  1.1596871930e-01  3.7509486680e-03 
1440.000  1.1119569460e-01  3.6434073450e-03 
1441.000  1.1810205430e-01  3.8979840280e-03 
1442.000  1.1328713640e-01  3.6883566380e-03 
1443.000  1.1532327460e-01  3.7636365890e-03 
1444.000  1.1792306560e-01  3.8955478670e-03 
1445.000  1.1815913510e-01  3.9180538650e-03 
1446.000  1.2367522240e-01  4.2029962540e-03 
1447.000  1.2705507000e-01  4.4134273530e-03 
1448.000  1.2850306300e-01  4.4828863140e-03 
1449.000  1.2598025370e-01  4.3362150190e-03 
1450.000  1.2046803060e-01  4.0570039750e-03 
1451.000  1.2181669990e-01  4.1537227630e-03 
1452.000  1.2714760900e-01  4.5254321100e-03 
1453.000  1.4167972500e-01  5.3537235260e-03 
1454.000  1.5416859600e-01  6.1776337620e-03 
1455.000  1.6014140200e-01  6.6478977200e-03 
1456.000  1.6724417100e-01  7.1858301160e-03 
1457.000  1.6993392100e-01  7.3411998750e-03 
1458.000  1.7325757700e-01  7.5407457350e-03 
1459.000  1.6839037700e-01  7.1682996750e-03 
1460.000  1.6071471600e-01  6.7109866140e-03 
1461.000  1.5763206300e-01  6.5221347810e-03 
1462.000  1.4914484000e-01  5.9922518730e-03 
1463.000  1.4815602800e-01  5.9683036800e-03 
1464.000  1.4624242300e-01  5.8482751850e-03 
1465.000  1.4299822200e-01  5.5955252650e-03 
1466.000  1.3327116200e-01  5.0698990820e-03 
1467.000  1.3230484900e-01  4.9324145320e-03 
1468.000  1.2416383230e-01  4.5231113430e-03 
1469.000  1.1778404500e-01  4.1175560950e-03 
1470.000  1.1437320360e-01  3.9441933630e-03 
1471.000  1.2137251990e-01  4.4292969700e-03 
1472.000  1.3365085800e-01  5.2030935290e-03 
1473.000  1.5019631600e-01  6.3139939310e-03 
1474.000  1.5743132100e-01  6.9988799100e-03 
1475.000  1.6023054200e-01  7.1515955920e-03 
1476.000  1.6049123000e-01  7.1918578150e-03 
1477.000  1.5705135500e-01  6.9589228630e-03 
1478.000  1.5090981100e-01  6.6145315170e-03 
1479.000  1.4791703600e-01  6.3699350360e-03 
1480.000  1.5099798500e-01  6.6262593270e-03 
1481.000  1.5382075400e-01  6.9347000120e-03 
1482.000  1.6076926100e-01  7.4678635600e-03 
1483.000  1.5899038500e-01  7.4651083950e-03 
1484.000  1.6002137500e-01  7.5563807490e-03 
1485.000  1.6232186500e-01  7.6692008970e-03 
1486.000  1.6369442900e-01  7.9415397640e-03 
1487.000  1.7371416100e-01  8.8444309230e-03 
1488.000  1.5223557400e-01  7.8154301640e-03 
1489.000  1.8681910400e-01  1.0198576930e-02 
1490.000  1.9765061700e-01  1.1361445430e-02 
1491.000  2.0471179300e-01  1.2110164640e-02 
1492.000  2.0099993900e-01  1.1996103290e-02 
1493.000  2.0842866100e-01  1.2675168040e-02 
1494.000  2.0812527400e-01  1.2738894460e-02 
1495.000  2.0984807800e-01  1.3084541320e-02 
1496.000  2.0948440500e-01  1.3400381090e-02 
1497.000  2.1459257500e-01  1.3808205600e-02 
1498.000  2.2167116800e-01  1.4582674980e-02 
1499.000  2.2265942900e-01  1.4956023220e-02 
1500.000  2.2952548000e-01  1.5670687680e-02 
1501.000  2.2821993600e-01  1.5572389600e-02 
1502.000  2.2453950500e-01  1.5278585430e-02 
1503.000  2.0058640300e-01  1.3632985120e-02 
1504.000  2.0991873600e-01  1.4373072620e-02 
1505.000  2.1254056000e-01  1.4788430210e-02 
1506.000  2.1547178500e-01  1.5061343190e-02 
1507.000  2.2828626900e-01  1.6190555570e-02 
1508.000  2.2627876700e-01  1.6201543810e-02 
1509.000  2.2880211300e-01  1.6547073360e-02 
1510.000  2.3290202900e-01  1.6943384170e-02 
1511.000  2.3504834300e-01  1.7226997380e-02 
1512.000  2.3136332200e-01  1.7053291320e-02 
1513.000  2.3127340800e-01  1.7125839230e-02 
1514.000  2.2810740800e-01  1.6943380360e-02 
1515.000  2.3341181500e-01  1.7433452610e-02 
1516.000  2.3150598700e-01  1.7340152740e-02 
1517.000  2.3088506200e-01  1.7370632170e-02 
1518.000  2.3660551700e-01  1.7931472780e-02 
1519.000  2.3482346800e-01  1.7941276550e-02 
1520.000  2.3842192700e-01  1.8412765500e-02 
1521.000  2.3503312000e-01  1.8284656520e-02 
1522.000  2.3367370100e-01  1.8232122420e-02 
1523.000  2.3969879900e-01  1.8782772060e-02 
1524.000  2.3761546300e-01  1.8646595000e-02 
1525.000  2.3188105700e-01  1.8214242940e-02 
1526.000  2.3851507900e-01  1.8769044880e-02 
1527.000  2.3640259500e-01  1.8666286470e-02 
1528.000  2.3850281200e-01  1.8911390300e-02 
1529.000  2.3775666400e-01  1.8875766750e-02 
1530.000  2.2290609800e-01  1.7765233990e-02 
1531.000  2.3854604400e-01  1.9070037840e-02 
1532.000  2.3740925700e-01  1.9042041780e-02 
1533.000  2.3644799500e-01  1.9008363720e-02 
1534.000  2.3297071900e-01  1.8767726900e-02 
1535.000  2.3395800600e-01  1.8887058260e-02 
1536.000  2.3709008800e-01  1.9192068100e-02 
1537.000  2.3802653500e-01  1.9342824940e-02 
1538.000  2.3170135100e-01  1.8906417850e-02 
1539.000  2.3671540900e-01  1.9390733720e-02 
1540.000  2.2816856300e-01  1.8750665660e-02 
1541.000  2.3298040700e-01  1.9184217450e-02 
1542.000  2.3436706300e-01  1.9327631000e-02 
1543.000  2.3372946000e-01  1.9314195630e-02 
1544.000  2.3673182900e-01  1.9608989720e-02 
1545.000  2.3763997800e-01  1.9744785310e-02 
1546.000  2.3785863400e-01  1.9827045440e-02 
1547.000  2.3554887800e-01  1.9693233490e-02 
1548.000  2.2859172300e-01  1.9162975310e-02 
1549.000  2.3445075900e-01  1.9694250110e-02 
1550.000  2.3313341500e-01  1.9619066240e-02 
1551.000  2.3190603400e-01  1.9535356520e-02 
1552.000  2.3585897800e-01  1.9884872440e-02 
1553.000  2.3462607100e-01  1.9805051800e-02 
1554.000  2.2602944800e-01  1.9094570160e-02 
1555.000  2.2980123900e-01  1.9441972730e-02 
1556.000  2.2541399700e-01  1.9111896510e-02 
1557.000  2.3279464400e-01  1.9792016980e-02 
1558.000  2.3095192700e-01  1.9677310940e-02 
1559.000  2.3097017000e-01  1.9718128200e-02 
1560.000  2.2698167600e-01  1.9424724580e-02 
1561.000  2.3227911800e-01  1.9899835590e-02 
1562.000  2.3217128400e-01  1.9889921190e-02 
1563.000  2.2870133600e-01  1.9600788120e-02 
1564.000  2.2404395400e-01  1.9200973510e-02 
1565.000  2.2729655400e-01  1.9472875600e-02 
1566.000  2.2299001100e-01  1.9128190990e-02 
1567.000  2.2263298900e-01  1.9101211550e-02 
1568.000  2.1747944100e-01  1.8647899630e-02 
1569.000  2.1766157100e-01  1.8646581650e-02 
1570.000  2.1160725900e-01  1.8125091550e-02 
1571.000  2.1727718300e-01  1.8639335630e-02 
1572.000  2.1711132600e-01  1.8640682220e-02 
1573.000  2.1381358900e-01  1.8395799640e-02 
1574.000  2.1465634700e-01  1.8516590120e-02 
1575.000  1.9943558000e-01  1.7239501950e-02 
1576.000  2.1425979600e-01  1.8537830350e-02 
1577.000  1.9354331900e-01  1.6748487470e-02 
1578.000  2.1188879200e-01  1.8339366910e-02 
1579.000  2.1321143000e-01  1.8464767460e-02 
1580.000  2.1775975200e-01  1.8882282260e-02 
1581.000  2.1631578700e-01  1.8764032360e-02 
1582.000  2.1216627200e-01  1.8456760410e-02 
1583.000  2.1497062400e-01  1.8751127240e-02 
1584.000  2.1323859300e-01  1.8652120590e-02 
1585.000  2.1968442100e-01  1.9260993960e-02 
1586.000  2.1692537700e-01  1.9046401980e-02 
1587.000  2.1466440400e-01  1.8892076490e-02 
1588.000  2.1151524400e-01  1.8656129840e-02 
1589.000  1.9351463300e-01  1.7090091710e-02 
1590.000  2.0848253400e-01  1.8432069780e-02 
1591.000  2.0381207300e-01  1.8038059230e-02 
1592.000  2.1448465200e-01  1.8989362720e-02 
1593.000  2.1909962600e-01  1.9399253850e-02 
1594.000  2.1722508800e-01  1.9236055370e-02 
1595.000  2.1819833100e-01  1.9327583310e-02 
1596.000  2.0439371100e-01  1.8124958040e-02 
1597.000  2.1198297100e-01  1.8796298980e-02 
1598.000  2.1489777000e-01  1.9044622420e-02 
1599.000  2.0646268000e-01  1.8280036930e-02 
1600.000  2.0891498600e-01  1.8486948010e-02 
1601.000  2.0012015300e-01  1.7727869030e-02 
1602.000  2.0498639000e-01  1.8187538150e-02 
1603.000  2.0375878300e-01  1.8127536770e-02 
1604.000  2.0680252800e-01  1.8453285220e-02 
1605.000  2.0374472300e-01  1.8211185460e-02 
1606.000  2.0310618400e-01  1.8189884190e-02 
1607.000  2.0379359500e-01  1.8240484240e-02 
1608.000  2.0598746300e-01  1.8426616670e-02 
1609.000  2.0519546100e-01  1.8355281830e-02 
1610.000  1.9253806900e-01  1.7225706100e-02 
1611.000  1.9868326000e-01  1.7800128940e-02 
1612.000  2.0115068600e-01  1.8047939300e-02 
1613.000  2.0616886600e-01  1.8523954390e-02 
1614.000  2.0414486300e-01  1.8339597700e-02 
1615.000  2.0791510500e-01  1.8698028560e-02 
1616.000  1.9519906300e-01  1.7567060470e-02 
1617.000  2.0130153400e-01  1.8164989470e-02 
1618.000  2.0757337000e-01  1.8755130770e-02 
1619.000  2.0729219900e-01  1.8779682160e-02 
1620.000  2.0240226100e-01  1.8384365080e-02 
1621.000  1.9967609000e-01  1.8174564360e-02 
1622.000  2.0470142300e-01  1.8643405910e-02 
1623.000  2.0898111100e-01  1.9054721830e-02 
1624.000  2.1050880400e-01  1.9210123060e-02 
1625.000  2.0549501700e-01  1.8791542050e-02 
1626.000  2.0779554300e-01  1.8990552900e-02 
1627.000  2.0755713000e-01  1.8989665990e-02 
1628.000  2.0913426300e-01  1.9142124180e-02 
1629.000  2.0899798800e-01  1.9135194780e-02 
1630.000  2.0313670600e-01  1.8594102860e-02 
1631.000  2.0631339700e-01  1.8895912170e-02 
1632.000  2.0614112400e-01  1.8843933110e-02 
1633.000  2.0342120300e-01  1.8580322270e-02 
1634.000  1.9846099400e-01  1.8105072020e-02 
1635.000  2.0378097200e-01  1.8578159330e-02 
1636.000  2.0301561200e-01  1.8489448550e-02 
1637.000  1.9370695700e-01  1.7623487470e-02 
1638.000  1.9229152500e-01  1.7485246660e-02 
1639.000  1.9000947400e-01  1.7249679570e-02 
1640.000  1.9095547800e-01  1.7320552830e-02 
1641.000  1.8959224500e-01  1.7185262680e-02 
1642.000  1.8935473200e-01  1.7203819270e-02 
1643.000  1.9415333300e-01  1.7672262190e-02 
1644.000  1.9108225200e-01  1.7421144490e-02 
1645.000  1.9138122900e-01  1.7471715930e-02 
1646.000  1.9368079100e-01  1.7716695790e-02 
1647.000  1.9548130900e-01  1.7887662890e-02 
1648.000  1.9459781400e-01  1.7802017210e-02 
1649.000  1.9012693600e-01  1.7396482470e-02 
1650.000  1.9494444500e-01  1.7845275880e-02 
1651.000  1.9059225400e-01  1.7447647090e-02 
1652.000  1.9438160300e-01  1.7787153240e-02 
1653.000  1.9238062600e-01  1.7615102770e-02 
1654.000  1.9453851100e-01  1.7818151470e-02 
1655.000  1.9085383000e-01  1.7496063230e-02 
1656.000  1.9467558800e-01  1.7857463840e-02 
1657.000  1.9326229900e-01  1.7732479100e-02 
1658.000  1.9448128400e-01  1.7859554290e-02 
1659.000  1.9094390000e-01  1.7539340970e-02 
1660.000  1.9315070200e-01  1.7736181260e-02 
1661.000  1.9390538000e-01  1.7797815320e-02 
1662.000  1.9244751400e-01  1.7632669450e-02 
1663.000  1.9117329700e-01  1.7497289660e-02 
1664.000  1.9028204200e-01  1.7395835880e-02 
1665.000  1.8834108500e-01  1.7193632130e-02 
1666.000  1.8757173100e-01  1.7131727220e-02 
1667.000  1.8948723600e-01  1.7351940160e-02 
1668.000  1.8627682100e-01  1.7077131270e-02 
1669.000  1.8680188500e-01  1.7152748110e-02 
1670.000  1.9100182800e-01  1.7569250110e-02 
1671.000  1.8960497800e-01  1.7459295270e-02 
1672.000  1.8062435200e-01  1.6658014300e-02 
1673.000  1.8578397500e-01  1.7144500730e-02 
1674.000  1.8653370900e-01  1.7230197910e-02 
1675.000  1.8480244700e-01  1.7096500400e-02 
1676.000  1.8181413500e-01  1.6825197220e-02 
1677.000  1.8274386200e-01  1.6913368230e-02 
1678.000  1.8375687500e-01  1.7016670230e-02 
1679.000  1.8131557800e-01  1.6788545610e-02 
1680.000  1.7510063600e-01  1.6222236630e-02 
1681.000  1.6903187800e-01  1.5663953780e-02 
1682.000  1.7391363000e-01  1.6114219670e-02 
1683.000  1.7820323400e-01  1.6504220960e-02 
1684.000  1.8149662800e-01  1.6802516940e-02 
1685.000  1.8201625300e-01  1.6827571870e-02 
1686.000  1.7982040900e-01  1.6617368700e-02 
1687.000  1.8051602600e-01  1.6639608380e-02 
1688.000  1.8060901800e-01  1.6612668990e-02 
1689.000  1.7843031600e-01  1.6402656560e-02 
1690.000  1.7828527700e-01  1.6349607470e-02 
1691.000  1.8059180000e-01  1.6560514450e-02 
1692.000  1.8091734000e-01  1.6595920560e-02 
1693.000  1.8027832800e-01  1.6548147200e-02 
1694.000  1.8000908000e-01  1.6529150010e-02 
1695.000  1.8005496000e-01  1.6520530700e-02 
1696.000  1.7900137100e-01  1.6405031200e-02 
1697.000  1.7787550600e-01  1.6269266130e-02 
1698.000  1.7893053600e-01  1.6338710780e-02 
1699.000  1.7777477200e-01  1.6212394710e-02 
1700.000  1.7552393300e-01  1.5987831120e-02 
