 lambda   Irr_dw            Rad_up 
 550.000  1.5366949000e+00  1.5259092710e-01 
 551.000  1.5265191000e+00  1.5152738950e-01 
 552.000  1.5916673000e+00  1.5801098630e-01 
 553.000  1.5287540000e+00  1.5169593810e-01 
 554.000  1.5781484000e+00  1.5659950260e-01 
 555.000  1.5820483000e+00  1.5689703370e-01 
 556.000  1.5379430000e+00  1.5243566890e-01 
 557.000  1.4918626000e+00  1.4787469480e-01 
 558.000  1.5480775000e+00  1.5336083980e-01 
 559.000  1.4628629000e+00  1.4487480160e-01 
 560.000  1.4689059000e+00  1.4547286990e-01 
 561.000  1.6139814000e+00  1.5974276730e-01 
 562.000  1.4811578000e+00  1.4655856320e-01 
 563.000  1.5492587000e+00  1.5320281980e-01 
 564.000  1.5271051000e+00  1.5087718200e-01 
 565.000  1.5449505000e+00  1.5260992430e-01 
 566.000  1.4241183000e+00  1.4059236150e-01 
 567.000  1.5272581000e+00  1.5055345150e-01 
 568.000  1.5228108000e+00  1.4950894170e-01 
 569.000  1.4913534000e+00  1.4513423160e-01 
 570.000  1.4990129000e+00  1.4602667240e-01 
 571.000  1.4462229000e+00  1.4171507260e-01 
 572.000  1.5277940000e+00  1.4885697940e-01 
 573.000  1.5439039000e+00  1.5064837650e-01 
 574.000  1.5352739000e+00  1.4982212830e-01 
 575.000  1.4975077000e+00  1.4602410890e-01 
 576.000  1.4701517000e+00  1.4329504390e-01 
 577.000  1.5311361000e+00  1.4939636230e-01 
 578.000  1.4865215000e+00  1.4538084410e-01 
 579.000  1.4751406000e+00  1.4438189700e-01 
 580.000  1.5259075000e+00  1.4952664180e-01 
 581.000  1.4983374000e+00  1.4702062990e-01 
 582.000  1.5206933000e+00  1.4920280460e-01 
 583.000  1.5311341000e+00  1.5026393130e-01 
 584.000  1.5261131000e+00  1.4967160030e-01 
 585.000  1.5159043000e+00  1.4858132930e-01 
 586.000  1.4506119000e+00  1.4216023250e-01 
 587.000  1.5070747000e+00  1.4714067080e-01 
 588.000  1.4909616000e+00  1.4385926820e-01 
 589.000  1.3212549000e+00  1.2534618380e-01 
 590.000  1.3794582000e+00  1.3073374940e-01 
 591.000  1.4658754000e+00  1.4040922550e-01 
 592.000  1.4376132000e+00  1.3680697630e-01 
 593.000  1.4528670000e+00  1.3996188350e-01 
 594.000  1.4660126000e+00  1.4081822200e-01 
 595.000  1.4377820000e+00  1.3684628300e-01 
 596.000  1.4735177000e+00  1.4203562930e-01 
 597.000  1.4778507000e+00  1.4198242190e-01 
 598.000  1.4476260000e+00  1.3983531190e-01 
 599.000  1.4479993000e+00  1.4018031310e-01 
 600.000  1.4483660000e+00  1.4092344670e-01 
 601.000  1.4402412000e+00  1.4064970400e-01 
 602.000  1.4244883000e+00  1.3923905940e-01 
 603.000  1.4330779000e+00  1.4026792910e-01 
 604.000  1.4784609000e+00  1.4489123540e-01 
 605.000  1.4746521000e+00  1.4448945620e-01 
 606.000  1.4575273000e+00  1.4287115480e-01 
 607.000  1.4492923000e+00  1.4203436280e-01 
 608.000  1.4439322000e+00  1.4145822140e-01 
 609.000  1.4290723000e+00  1.4000810240e-01 
 610.000  1.4061427000e+00  1.3771176150e-01 
 611.000  1.4289295000e+00  1.3994491580e-01 
 612.000  1.4102808000e+00  1.3812408450e-01 
 613.000  1.3896323000e+00  1.3606668090e-01 
 614.000  1.3389434000e+00  1.3112007140e-01 
 615.000  1.4035719000e+00  1.3738832090e-01 
 616.000  1.3344856000e+00  1.3064796450e-01 
 617.000  1.3419837000e+00  1.3137942500e-01 
 618.000  1.4052555000e+00  1.3749270630e-01 
 619.000  1.3923454000e+00  1.3626539610e-01 
 620.000  1.4128702000e+00  1.3818962100e-01 
 621.000  1.4371231000e+00  1.4054791260e-01 
 622.000  1.3612812000e+00  1.3307962040e-01 
 623.000  1.3718439000e+00  1.3399353030e-01 
 624.000  1.3732748000e+00  1.3416604610e-01 
 625.000  1.3360377000e+00  1.3051118470e-01 
 626.000  1.3427591000e+00  1.3098899840e-01 
 627.000  1.3651152000e+00  1.3255599980e-01 
 628.000  1.3465482000e+00  1.2961497500e-01 
 629.000  1.3804655000e+00  1.3325587460e-01 
 630.000  1.3346844000e+00  1.2937374880e-01 
 631.000  1.3836867000e+00  1.3426570130e-01 
 632.000  1.2887965000e+00  1.2460994720e-01 
 633.000  1.3834921000e+00  1.3433340450e-01 
 634.000  1.3419522000e+00  1.3049345400e-01 
 635.000  1.3664762000e+00  1.3287913510e-01 
 636.000  1.3183332000e+00  1.2830683900e-01 
 637.000  1.3618304000e+00  1.3261529540e-01 
 638.000  1.3830448000e+00  1.3494310000e-01 
 639.000  1.3716046000e+00  1.3374496460e-01 
 640.000  1.3285730000e+00  1.2978395080e-01 
 641.000  1.3477454000e+00  1.3162757870e-01 
 642.000  1.3315673000e+00  1.3012684630e-01 
 643.000  1.3548211000e+00  1.3217767330e-01 
 644.000  1.3392717000e+00  1.3059147640e-01 
 645.000  1.3509139000e+00  1.3146208190e-01 
 646.000  1.2992825600e+00  1.2518361660e-01 
 647.000  1.3168090500e+00  1.2601645660e-01 
 648.000  1.3143733600e+00  1.2498159030e-01 
 649.000  1.3405111000e+00  1.2810845950e-01 
 650.000  1.2423578200e+00  1.2010863490e-01 
 651.000  1.3382454000e+00  1.2935871890e-01 
 652.000  1.3122830100e+00  1.2555561070e-01 
 653.000  1.3389103900e+00  1.2958126830e-01 
 654.000  1.3213509500e+00  1.2761937710e-01 
 655.000  1.2864435500e+00  1.2369181820e-01 
 656.000  1.0921931600e+00  1.0514054870e-01 
 657.000  1.1657187200e+00  1.1247274020e-01 
 658.000  1.2985158200e+00  1.2583442690e-01 
 659.000  1.3016729400e+00  1.2640068050e-01 
 660.000  1.3118929700e+00  1.2752443700e-01 
 661.000  1.3177095700e+00  1.2851626590e-01 
 662.000  1.3366918000e+00  1.3054324340e-01 
 663.000  1.3218236200e+00  1.2901167300e-01 
 664.000  1.3008255500e+00  1.2701506040e-01 
 665.000  1.3064846300e+00  1.2760059360e-01 
 666.000  1.3222263300e+00  1.2926243590e-01 
 667.000  1.2959841700e+00  1.2668313600e-01 
 668.000  1.3033507500e+00  1.2752528380e-01 
 669.000  1.3219425200e+00  1.2940188600e-01 
 670.000  1.3064340100e+00  1.2781323240e-01 
 671.000  1.2923021400e+00  1.2646822360e-01 
 672.000  1.2882047100e+00  1.2606026460e-01 
 673.000  1.2973977900e+00  1.2694210820e-01 
 674.000  1.2999023800e+00  1.2720045470e-01 
 675.000  1.2800574700e+00  1.2523006440e-01 
 676.000  1.3042143800e+00  1.2760536190e-01 
 677.000  1.2782611700e+00  1.2508153530e-01 
 678.000  1.2994119900e+00  1.2713211060e-01 
 679.000  1.2810548700e+00  1.2528990940e-01 
 680.000  1.2712041300e+00  1.2428433990e-01 
 681.000  1.2725484300e+00  1.2434577940e-01 
 682.000  1.2698977400e+00  1.2402189640e-01 
 683.000  1.2782150600e+00  1.2475672150e-01 
 684.000  1.2551095700e+00  1.2243268590e-01 
 685.000  1.2692753200e+00  1.2384291080e-01 
 686.000  1.2133980500e+00  1.1810958860e-01 
 687.000  1.1220580500e+00  1.0548316190e-01 
 688.000  1.1518862700e+00  1.0948194120e-01 
 689.000  1.1464153000e+00  1.0862872310e-01 
 690.000  1.1669648200e+00  1.1121916200e-01 
 691.000  1.1906270500e+00  1.1410918430e-01 
 692.000  1.1936901500e+00  1.1444419100e-01 
 693.000  1.1926767600e+00  1.1269583890e-01 
 694.000  1.1947503900e+00  1.1148937990e-01 
 695.000  1.1818857600e+00  1.1096798710e-01 
 696.000  1.2002984200e+00  1.1314200590e-01 
 697.000  1.2231781600e+00  1.1779782870e-01 
 698.000  1.1960839800e+00  1.1459751890e-01 
 699.000  1.1994502300e+00  1.1275833890e-01 
 700.000  1.1883654700e+00  1.1202923580e-01 
 701.000  1.1576195700e+00  1.0863793180e-01 
 702.000  1.1547816000e+00  1.0869803620e-01 
 703.000  1.1862369200e+00  1.1339323430e-01 
 704.000  1.1901922200e+00  1.1385948940e-01 
 705.000  1.1928784800e+00  1.1335943600e-01 
 706.000  1.1813572600e+00  1.1240755460e-01 
 707.000  1.1657043000e+00  1.1118602750e-01 
 708.000  1.2019247300e+00  1.1493052670e-01 
 709.000  1.1639738900e+00  1.1187253570e-01 
 710.000  1.1852966600e+00  1.1324057010e-01 
 711.000  1.1786917300e+00  1.1323929600e-01 
 712.000  1.1667018300e+00  1.1266206360e-01 
 713.000  1.1580040400e+00  1.1134948730e-01 
 714.000  1.1763240600e+00  1.1290334320e-01 
 715.000  1.1291872100e+00  1.0763343810e-01 
 716.000  1.1524442300e+00  1.0906834410e-01 
 717.000  1.0802072100e+00  9.8173652650e-02 
 718.000  1.0477479900e+00  9.2818382260e-02 
 719.000  1.0260337500e+00  8.9990104680e-02 
 720.000  1.0191869300e+00  8.8218338010e-02 
 721.000  1.0801940200e+00  9.9213737490e-02 
 722.000  1.1176793500e+00  1.0472969820e-01 
 723.000  1.1024438900e+00  1.0209228520e-01 
 724.000  1.0724978500e+00  9.6064529420e-02 
 725.000  1.0660173600e+00  9.5947967530e-02 
 726.000  1.0622227700e+00  9.5471878050e-02 
 727.000  1.0829719900e+00  9.7774116520e-02 
 728.000  1.0586589400e+00  9.5129142760e-02 
 729.000  1.0296477600e+00  9.3698226930e-02 
 730.000  1.0651302300e+00  9.6738029480e-02 
 731.000  1.0445680800e+00  9.4683723450e-02 
 732.000  1.0870376400e+00  1.0061543270e-01 
 733.000  1.0916815500e+00  1.0318129730e-01 
 734.000  1.1246227500e+00  1.0735009770e-01 
 735.000  1.1117708500e+00  1.0572806550e-01 
 736.000  1.0843259500e+00  1.0246101380e-01 
 737.000  1.1035093000e+00  1.0476213840e-01 
 738.000  1.1072428400e+00  1.0584167480e-01 
 739.000  1.0741735000e+00  1.0301493840e-01 
 740.000  1.0905669100e+00  1.0529464720e-01 
 741.000  1.0854318900e+00  1.0527744290e-01 
 742.000  1.0689905300e+00  1.0388036350e-01 
 743.000  1.1036582400e+00  1.0768196870e-01 
 744.000  1.1155030200e+00  1.0905387880e-01 
 745.000  1.0875630900e+00  1.0649578860e-01 
 746.000  1.1035148400e+00  1.0815710450e-01 
 747.000  1.1201469400e+00  1.0978784180e-01 
 748.000  1.1007767500e+00  1.0795793910e-01 
 749.000  1.1012734500e+00  1.0805496980e-01 
 750.000  1.0847647600e+00  1.0637114720e-01 
 751.000  1.0819842800e+00  1.0610557560e-01 
 752.000  1.0990425400e+00  1.0786538700e-01 
 753.000  1.0888158000e+00  1.0688975520e-01 
 754.000  1.1059715700e+00  1.0859385680e-01 
 755.000  1.0996418000e+00  1.0798246770e-01 
 756.000  1.0781354100e+00  1.0587911990e-01 
 757.000  1.0860829800e+00  1.0666594700e-01 
 758.000  1.0838140700e+00  1.0639800260e-01 
 759.000  1.0017175800e+00  9.6488288880e-02 
 760.000  5.1171314000e-01  4.0987979890e-02 
 761.000  4.6225887000e-01  3.6077808380e-02 
 762.000  7.3807669000e-01  6.5515136720e-02 
 763.000  6.6968938000e-01  5.7382179260e-02 
 764.000  7.1584334000e-01  6.2418071750e-02 
 765.000  8.1748346000e-01  7.4177558900e-02 
 766.000  8.8412452000e-01  8.3377822880e-02 
 767.000  9.4760655000e-01  9.0861640930e-02 
 768.000  1.0183216000e+00  9.8733573910e-02 
 769.000  1.0358300400e+00  1.0119065090e-01 
 770.000  1.0408262000e+00  1.0204495240e-01 
 771.000  1.0463793200e+00  1.0280654140e-01 
 772.000  1.0434575400e+00  1.0258133700e-01 
 773.000  1.0395468100e+00  1.0223052980e-01 
 774.000  1.0510006300e+00  1.0339009090e-01 
 775.000  1.0116699100e+00  9.9547653200e-02 
 776.000  1.0534377500e+00  1.0370786290e-01 
 777.000  1.0461326900e+00  1.0299253850e-01 
 778.000  1.0405005400e+00  1.0242277530e-01 
 779.000  1.0438636600e+00  1.0273184200e-01 
 780.000  1.0309244700e+00  1.0148263550e-01 
 781.000  1.0293330100e+00  1.0135096740e-01 
 782.000  1.0417155000e+00  1.0252608490e-01 
 783.000  1.0173540400e+00  1.0018374630e-01 
 784.000  1.0229061600e+00  1.0068839260e-01 
 785.000  1.0247589300e+00  1.0066778560e-01 
 786.000  1.0058081300e+00  9.8583465580e-02 
 787.000  1.0176947600e+00  9.9159912110e-02 
 788.000  1.0008623700e+00  9.7265190120e-02 
 789.000  1.0009814600e+00  9.6336822510e-02 
 790.000  9.9036110000e-01  9.5214775090e-02 
 791.000  9.8633696000e-01  9.5020317080e-02 
 792.000  9.7167712000e-01  9.3744003300e-02 
 793.000  9.7297003000e-01  9.4244079590e-02 
 794.000  9.6777632000e-01  9.4571319580e-02 
 795.000  9.5958349000e-01  9.3221069340e-02 
 796.000  9.6794570000e-01  9.2855583190e-02 
 797.000  9.7631558000e-01  9.4034767150e-02 
 798.000  9.8188448000e-01  9.5374427800e-02 
 799.000  9.7992598000e-01  9.4980178830e-02 
 800.000  9.5073636000e-01  9.1585998540e-02 
 801.000  9.6891339000e-01  9.3415054320e-02 
 802.000  9.6658601000e-01  9.3119583130e-02 
 803.000  9.5332836000e-01  9.1946952820e-02 
 804.000  9.6364633000e-01  9.3254539490e-02 
 805.000  9.4048541000e-01  9.1552429200e-02 
 806.000  9.6791058000e-01  9.4526985170e-02 
 807.000  9.6200769000e-01  9.3997825620e-02 
 808.000  9.5520196000e-01  9.3135581970e-02 
 809.000  9.3759086000e-01  9.1198112490e-02 
 810.000  9.3180205000e-01  9.0389282230e-02 
 811.000  9.4339191000e-01  9.1058837890e-02 
 812.000  9.3564178000e-01  8.9694557190e-02 
 813.000  9.2585267000e-01  8.7992202760e-02 
 814.000  9.1681757000e-01  8.6253562930e-02 
 815.000  8.9713440000e-01  8.3332237240e-02 
 816.000  8.7619255000e-01  8.0093933110e-02 
 817.000  8.8222837000e-01  8.0704727170e-02 
 818.000  8.7792750000e-01  8.0374114990e-02 
 819.000  8.5842637000e-01  7.9056098940e-02 
 820.000  8.5591756000e-01  8.0240798950e-02 
 821.000  9.0094070000e-01  8.6184181210e-02 
 822.000  8.6320909000e-01  8.1254959110e-02 
 823.000  8.3932246000e-01  7.5761299130e-02 
 824.000  8.8244560000e-01  8.2545135500e-02 
 825.000  9.0009962000e-01  8.6300842290e-02 
 826.000  9.0244576000e-01  8.6151336670e-02 
 827.000  8.9709528000e-01  8.5366958620e-02 
 828.000  8.8281444000e-01  8.2703193660e-02 
 829.000  8.8684002000e-01  8.3527519230e-02 
 830.000  8.7763875000e-01  8.3190795900e-02 
 831.000  8.6330903000e-01  8.1958106990e-02 
 832.000  8.8140147000e-01  8.3729942320e-02 
 833.000  8.5663787000e-01  8.1741844180e-02 
 834.000  8.7237000000e-01  8.3624588010e-02 
 835.000  8.7969059000e-01  8.5007301330e-02 
 836.000  8.8811099000e-01  8.5671752930e-02 
 837.000  8.8053467000e-01  8.4903755190e-02 
 838.000  8.8630995000e-01  8.5852432250e-02 
 839.000  8.6011503000e-01  8.3525146480e-02 
 840.000  8.8365149000e-01  8.5866455080e-02 
 841.000  8.8445172000e-01  8.5697013850e-02 
 842.000  8.8020595000e-01  8.5494049070e-02 
 843.000  8.7714663000e-01  8.5794387820e-02 
 844.000  8.6387599000e-01  8.4755744930e-02 
 845.000  8.7755025000e-01  8.6221542360e-02 
 846.000  8.8593335000e-01  8.7212974550e-02 
 847.000  8.5598582000e-01  8.4442535400e-02 
 848.000  8.8018370000e-01  8.6583312990e-02 
 849.000  8.8190893000e-01  8.6837905880e-02 
 850.000  7.6207585000e-01  7.4901023860e-02 
 851.000  8.7251775000e-01  8.5602767940e-02 
 852.000  8.3946691000e-01  8.2415367130e-02 
 853.000  8.4995899000e-01  8.3616394040e-02 
 854.000  6.8328281000e-01  6.7237846370e-02 
 855.000  7.5247260000e-01  7.4175582890e-02 
 856.000  8.5446932000e-01  8.4408164980e-02 
 857.000  8.6833844000e-01  8.5935218810e-02 
 858.000  8.5452760000e-01  8.4608871460e-02 
 859.000  8.5460489000e-01  8.4726768490e-02 
 860.000  8.4705843000e-01  8.4068008420e-02 
 861.000  8.4694963000e-01  8.4062301640e-02 
 862.000  8.4418064000e-01  8.3783798220e-02 
 863.000  8.6031454000e-01  8.5454826350e-02 
 864.000  8.5859547000e-01  8.5227722170e-02 
 865.000  8.4260375000e-01  8.3735076900e-02 
 866.000  7.0676886000e-01  7.0272377010e-02 
 867.000  7.5262207000e-01  7.4724960330e-02 
 868.000  8.1624819000e-01  8.1103530880e-02 
 869.000  8.0479162000e-01  7.9972846980e-02 
 870.000  8.3797853000e-01  8.3344169620e-02 
 871.000  8.3679224000e-01  8.3202613830e-02 
 872.000  8.3342089000e-01  8.2761062620e-02 
 873.000  8.3675278000e-01  8.3165954590e-02 
 874.000  8.1839967000e-01  8.1303207400e-02 
 875.000  8.1086915000e-01  8.0646926880e-02 
 876.000  8.1758835000e-01  8.1265823360e-02 
 877.000  8.3387173000e-01  8.2808769230e-02 
 878.000  8.1949213000e-01  8.1388427730e-02 
 879.000  8.2138995000e-01  8.1616203310e-02 
 880.000  8.1657963000e-01  8.1007377620e-02 
 881.000  7.7411287000e-01  7.6811355590e-02 
 882.000  8.1682861000e-01  8.0934822080e-02 
 883.000  7.9820385000e-01  7.9224250790e-02 
 884.000  8.0498691000e-01  8.0035751340e-02 
 885.000  8.1318177000e-01  8.0528343200e-02 
 886.000  7.8643973000e-01  7.7806159970e-02 
 887.000  7.7843503000e-01  7.7098533630e-02 
 888.000  8.0172732000e-01  7.9311294560e-02 
 889.000  8.0716252000e-01  8.0042129520e-02 
 890.000  8.0451880000e-01  7.9676383970e-02 
 891.000  7.9973332000e-01  7.8957931520e-02 
 892.000  7.9543255000e-01  7.8146728520e-02 
 893.000  7.5949266000e-01  7.3410385130e-02 
 894.000  7.8163269000e-01  7.5030181880e-02 
 895.000  7.3182542000e-01  6.8854354860e-02 
 896.000  7.4589919000e-01  6.8772842410e-02 
 897.000  7.1335560000e-01  6.4552986150e-02 
 898.000  7.0731938000e-01  6.3366458890e-02 
 899.000  6.8595622000e-01  5.9842712400e-02 
 900.000  6.7178107000e-01  5.8767524720e-02 
 901.000  6.5221511000e-01  5.6693355560e-02 
 902.000  6.4105010000e-01  5.5818347930e-02 
 903.000  7.0639219000e-01  6.4222686770e-02 
 904.000  7.4053228000e-01  6.9083015440e-02 
 905.000  7.3775028000e-01  6.8929214480e-02 
 906.000  7.0548025000e-01  6.4866950990e-02 
 907.000  6.9441587000e-01  6.1997627260e-02 
 908.000  6.6261014000e-01  5.7990688320e-02 
 909.000  6.5014659000e-01  5.6932357790e-02 
 910.000  6.6005525000e-01  5.7968269350e-02 
 911.000  6.6810202000e-01  5.9526363370e-02 
 912.000  6.6475536000e-01  5.8746166230e-02 
 913.000  6.5902938000e-01  5.6723068240e-02 
 914.000  6.6519620000e-01  5.8006080630e-02 
 915.000  6.6238974000e-01  5.8493965150e-02 
 916.000  6.7181236000e-01  5.9466346740e-02 
 917.000  6.6558283000e-01  5.9256134030e-02 
 918.000  6.6772794000e-01  5.9903636930e-02 
 919.000  6.9555716000e-01  6.4182754520e-02 
 920.000  7.0304629000e-01  6.5961997990e-02 
 921.000  6.8456753000e-01  6.3967430110e-02 
 922.000  6.7815407000e-01  6.3408439640e-02 
 923.000  6.4604463000e-01  5.9904758450e-02 
 924.000  6.6414914000e-01  6.0977638240e-02 
 925.000  6.7222637000e-01  6.1599823000e-02 
 926.000  6.4810955000e-01  5.9243461610e-02 
 927.000  6.6141639000e-01  5.9660919190e-02 
 928.000  6.4859033000e-01  5.7031642910e-02 
 929.000  6.1523021000e-01  5.2158454900e-02 
 930.000  5.8228878000e-01  4.6977302550e-02 
 931.000  5.4612829000e-01  4.1356353760e-02 
 932.000  4.9335164000e-01  3.4098007200e-02 
 933.000  4.5761934000e-01  2.9622026440e-02 
 934.000  4.1445479000e-01  2.5036294940e-02 
 935.000  4.0425580000e-01  2.4208755490e-02 
 936.000  4.1690769000e-01  2.5644767760e-02 
 937.000  4.2203554000e-01  2.5817646030e-02 
 938.000  4.6014099000e-01  3.0417181020e-02 
 939.000  5.6989158000e-01  4.5282604220e-02 
 940.000  5.8181021000e-01  4.7297611240e-02 
 941.000  5.5585853000e-01  4.4376415250e-02 
 942.000  5.0427230000e-01  3.8162567140e-02 
 943.000  4.7641447000e-01  3.2693367000e-02 
 944.000  4.5959352000e-01  3.1307022090e-02 
 945.000  4.8381530000e-01  3.4102409360e-02 
 946.000  4.9137133000e-01  3.4726234440e-02 
 947.000  5.0564254000e-01  3.6921623230e-02 
 948.000  5.1876869000e-01  3.8608966830e-02 
 949.000  5.1895274000e-01  3.8557708740e-02 
 950.000  5.1804979000e-01  3.8686477660e-02 
 951.000  5.3712445000e-01  4.1780975340e-02 
 952.000  5.1313249000e-01  3.8268733980e-02 
 953.000  5.2823915000e-01  4.0654254910e-02 
 954.000  5.4043539000e-01  4.2942726140e-02 
 955.000  4.9143102000e-01  3.8128273010e-02 
 956.000  5.2082207000e-01  4.0237026210e-02 
 957.000  5.6391454000e-01  4.6900779720e-02 
 958.000  5.7367295000e-01  4.8156887050e-02 
 959.000  5.6858010000e-01  4.7280834200e-02 
 960.000  5.6103779000e-01  4.6544536590e-02 
 961.000  5.5139231000e-01  4.5523677830e-02 
 962.000  5.5730514000e-01  4.6272792820e-02 
 963.000  5.7925428000e-01  4.9788150790e-02 
 964.000  5.7581847000e-01  4.9755203250e-02 
 965.000  5.8059143000e-01  5.0043170930e-02 
 966.000  5.6495973000e-01  4.8815303800e-02 
 967.000  5.9795456000e-01  5.2919807430e-02 
 968.000  6.1774781000e-01  5.6830101010e-02 
 969.000  6.3332519000e-01  5.9275295260e-02 
 970.000  6.3564967000e-01  5.9566185000e-02 
 971.000  6.2971729000e-01  5.8998680110e-02 
 972.000  6.3088555000e-01  5.8830890660e-02 
 973.000  6.1722475000e-01  5.6933734890e-02 
 974.000  5.9843530000e-01  5.4471534730e-02 
 975.000  5.9537234000e-01  5.3727962490e-02 
 976.000  6.1006434000e-01  5.5655303960e-02 
 977.000  6.0653208000e-01  5.6312328340e-02 
 978.000  6.2048922000e-01  5.7549274440e-02 
 979.000  6.0546562000e-01  5.6430915830e-02 
 980.000  6.2621106000e-01  5.9426387790e-02 
 981.000  6.3318987000e-01  6.0345157620e-02 
 982.000  6.2907031000e-01  5.9730892180e-02 
 983.000  6.3357864000e-01  6.0737651820e-02 
 984.000  6.3570747000e-01  6.1557807920e-02 
 985.000  6.3901058000e-01  6.2245380400e-02 
 986.000  6.3843113000e-01  6.2675792690e-02 
 987.000  6.4774387000e-01  6.3817710880e-02 
 988.000  6.4015319000e-01  6.3124820710e-02 
 989.000  6.3229223000e-01  6.2387702940e-02 
 990.000  6.3814715000e-01  6.3023853300e-02 
 991.000  6.4506043000e-01  6.3904846190e-02 
 992.000  6.3955702000e-01  6.3420513150e-02 
 993.000  6.3968436000e-01  6.3459903720e-02 
 994.000  6.4439635000e-01  6.4103553770e-02 
 995.000  6.4067683000e-01  6.3865226750e-02 
 996.000  6.4053655000e-01  6.3855812070e-02 
 997.000  6.4055918000e-01  6.3784217830e-02 
 998.000  6.3744890000e-01  6.3395744320e-02 
 999.000  6.3558395000e-01  6.3183666230e-02 
1000.000  6.3073159000e-01  6.2732677460e-02 
1001.000  6.3274692000e-01  6.2761138920e-02 
1002.000  6.2941994000e-01  6.2158313750e-02 
1003.000  6.2261162000e-01  6.1560466770e-02 
1004.000  6.1871604000e-01  6.1344100950e-02 
1005.000  5.7861412000e-01  5.7444698330e-02 
1006.000  6.0900834000e-01  6.0497070310e-02 
1007.000  6.1966817000e-01  6.1511394500e-02 
1008.000  6.2043330000e-01  6.1370197300e-02 
1009.000  6.1416457000e-01  6.0468452450e-02 
1010.000  6.1754740000e-01  6.0941482540e-02 
1011.000  6.1683349000e-01  6.1193042760e-02 
1012.000  6.1799558000e-01  6.1438171390e-02 
1013.000  6.1428500000e-01  6.1173763280e-02 
1014.000  6.1851961000e-01  6.1665245060e-02 
1015.000  6.0714887000e-01  6.0569179530e-02 
1016.000  6.1136503000e-01  6.1064666750e-02 
1017.000  6.0544888000e-01  6.0522308350e-02 
1018.000  6.1299648000e-01  6.1256923680e-02 
1019.000  5.9821866000e-01  5.9697017670e-02 
1020.000  5.9722114000e-01  5.9623851780e-02 
1021.000  6.0370618000e-01  6.0319568630e-02 
1022.000  5.9372925000e-01  5.9157180790e-02 
1023.000  6.0435388000e-01  6.0072097780e-02 
1024.000  6.0081633000e-01  5.9623909000e-02 
1025.000  6.0196083000e-01  5.9908000950e-02 
1026.000  6.0323469000e-01  6.0126510620e-02 
1027.000  5.9934483000e-01  5.9738185880e-02 
1028.000  6.0094971000e-01  5.9968879700e-02 
1029.000  5.9232806000e-01  5.9231334690e-02 
1030.000  5.9877525000e-01  6.0003803250e-02 
1031.000  5.9713403000e-01  5.9927894590e-02 
1032.000  5.9522151000e-01  5.9803302760e-02 
1033.000  5.8429747000e-01  5.8714157100e-02 
1034.000  5.9000513000e-01  5.9308849330e-02 
1035.000  5.8229832000e-01  5.8527317050e-02 
1036.000  5.9192273000e-01  5.9510223390e-02 
1037.000  5.7945731000e-01  5.8262561800e-02 
1038.000  5.8518676000e-01  5.8841918950e-02 
1039.000  5.8757233000e-01  5.9070003510e-02 
1040.000  5.8061370000e-01  5.8362243650e-02 
1041.000  5.8363838000e-01  5.8655097960e-02 
1042.000  5.8536586000e-01  5.8822589870e-02 
1043.000  5.7525779000e-01  5.7803512570e-02 
1044.000  5.8097760000e-01  5.8369628910e-02 
1045.000  5.7843418000e-01  5.8133266450e-02 
1046.000  5.6160579000e-01  5.6470943450e-02 
1047.000  5.7190708000e-01  5.7535728450e-02 
1048.000  5.7757586000e-01  5.8140083310e-02 
1049.000  5.7386366000e-01  5.7806339260e-02 
1050.000  5.7145139000e-01  5.7585041050e-02 
1051.000  5.7043079000e-01  5.7452049260e-02 
1052.000  5.6775326000e-01  5.7158283230e-02 
1053.000  5.6632681000e-01  5.7001071930e-02 
1054.000  5.6210104000e-01  5.6541671750e-02 
1055.000  5.6619343000e-01  5.6914760590e-02 
1056.000  5.6466595000e-01  5.6732898710e-02 
1057.000  5.6360347000e-01  5.6569194790e-02 
1058.000  5.5754814000e-01  5.5857013700e-02 
1059.000  5.4002455000e-01  5.4132984160e-02 
1060.000  5.5956170000e-01  5.6181667330e-02 
1061.000  5.3993077000e-01  5.4218570710e-02 
1062.000  5.5481314000e-01  5.5660846710e-02 
1063.000  5.4541653000e-01  5.4705707550e-02 
1064.000  5.5214663000e-01  5.5307697300e-02 
1065.000  5.5131386000e-01  5.5123630520e-02 
1066.000  5.3442671000e-01  5.3425636290e-02 
1067.000  5.4703891000e-01  5.4636138920e-02 
1068.000  5.4430161000e-01  5.4188556670e-02 
1069.000  5.0303378000e-01  4.9987182620e-02 
1070.000  5.3294624000e-01  5.2992561340e-02 
1071.000  5.3342332000e-01  5.2959732060e-02 
1072.000  5.3480940000e-01  5.3020313260e-02 
1073.000  5.1713652000e-01  5.1267608640e-02 
1074.000  5.3531816000e-01  5.3102096560e-02 
1075.000  5.1928127000e-01  5.1660011290e-02 
1076.000  5.3031171000e-01  5.2676483150e-02 
1077.000  5.2862367000e-01  5.2401462550e-02 
1078.000  5.2938985000e-01  5.2352016450e-02 
1079.000  5.0892109000e-01  5.0317340850e-02 
1080.000  5.2235322000e-01  5.1311573030e-02 
1081.000  5.0304308000e-01  4.9396797180e-02 
1082.000  5.1018032000e-01  5.0220207210e-02 
1083.000  4.9555335000e-01  4.8587646480e-02 
1084.000  5.1345597000e-01  5.0132057190e-02 
1085.000  5.0424704000e-01  4.8784252170e-02 
1086.000  5.1143375000e-01  4.9558437350e-02 
1087.000  4.8270288000e-01  4.7215309140e-02 
1088.000  5.1204424000e-01  5.0138813020e-02 
1089.000  4.8924920000e-01  4.7377979280e-02 
1090.000  4.9923556000e-01  4.8268825530e-02 
1091.000  5.0314120000e-01  4.8783138280e-02 
1092.000  4.8979450000e-01  4.7244499210e-02 
1093.000  4.7993285000e-01  4.5734687810e-02 
1094.000  4.3515070400e-01  4.1226791380e-02 
1095.000  4.7129411800e-01  4.4669151310e-02 
1096.000  4.7262054000e-01  4.4826396940e-02 
1097.000  4.6256559300e-01  4.3713855740e-02 
1098.000  4.4526511700e-01  4.0791522980e-02 
1099.000  4.3497073300e-01  3.8774463650e-02 
1100.000  4.4325986400e-01  3.9586105350e-02 
1101.000  4.4391766600e-01  3.9789897920e-02 
1102.000  4.2477091800e-01  3.7995800020e-02 
1103.000  4.4270791300e-01  3.9689804080e-02 
1104.000  4.3751272600e-01  3.9039722440e-02 
1105.000  4.3176923300e-01  3.8081268310e-02 
1106.000  4.2295639900e-01  3.6882156370e-02 
1107.000  4.2379133100e-01  3.7039844510e-02 
1108.000  4.2345922900e-01  3.7056186680e-02 
1109.000  4.2994880700e-01  3.7946258540e-02 
1110.000  4.3170857800e-01  3.7992492680e-02 
1111.000  4.2374641600e-01  3.7058731080e-02 
1112.000  4.0740378000e-01  3.4730995180e-02 
1113.000  3.8872494000e-01  3.1853345870e-02 
1114.000  3.8852721800e-01  3.1381290440e-02 
1115.000  3.6295848500e-01  2.7648126600e-02 
1116.000  3.4481530700e-01  2.5289838790e-02 
1117.000  3.1586172800e-01  2.1303813930e-02 
1118.000  2.8194340700e-01  1.7522964480e-02 
1119.000  2.5811406500e-01  1.5257157330e-02 
1120.000  2.3796243900e-01  1.3186241150e-02 
1121.000  2.3488230700e-01  1.2805560110e-02 
1122.000  2.1112786000e-01  1.0668082240e-02 
1123.000  2.2497293200e-01  1.1818322180e-02 
1124.000  2.3392259200e-01  1.2588953970e-02 
1125.000  2.2476890200e-01  1.1934454920e-02 
1126.000  2.1872261800e-01  1.1557207110e-02 
1127.000  2.2788851100e-01  1.2134511950e-02 
1128.000  2.2710366600e-01  1.2266156200e-02 
1129.000  2.4990531100e-01  1.4403168680e-02 
1130.000  2.9867154700e-01  1.9494197850e-02 
1131.000  3.1559533500e-01  2.1314996720e-02 
1132.000  2.9764698600e-01  1.9161811830e-02 
1133.000  2.5545691400e-01  1.5066268920e-02 
1134.000  1.8684636900e-01  8.8854246140e-03 
1135.000  1.9449381500e-01  9.4556159970e-03 
1136.000  2.6161111100e-01  1.5692463870e-02 
1137.000  2.9984304700e-01  1.9641365050e-02 
1138.000  3.2031735500e-01  2.2839067460e-02 
1139.000  3.3633495700e-01  2.4700145720e-02 
1140.000  3.3132385300e-01  2.3951238630e-02 
1141.000  3.0978497100e-01  2.1731935500e-02 
1142.000  3.1392580200e-01  2.1769603730e-02 
1143.000  2.9503549200e-01  1.9749549870e-02 
1144.000  2.7777204400e-01  1.7879350660e-02 
1145.000  2.5692455700e-01  1.5574041370e-02 
1146.000  2.6493064800e-01  1.6296701430e-02 
1147.000  2.8401936300e-01  1.8300960540e-02 
1148.000  2.9662051100e-01  1.9888080600e-02 
1149.000  3.0353958600e-01  2.0691001890e-02 
1150.000  3.0228859300e-01  2.0680854800e-02 
1151.000  3.1013876700e-01  2.1780801770e-02 
1152.000  3.1377219100e-01  2.2318330760e-02 
1153.000  3.1945093200e-01  2.3137559890e-02 
1154.000  3.1970030700e-01  2.3087362290e-02 
1155.000  3.3251215600e-01  2.4862016680e-02 
1156.000  3.4094813300e-01  2.6451057430e-02 
1157.000  3.7031836300e-01  3.0723852160e-02 
1158.000  3.8067039500e-01  3.2394977570e-02 
1159.000  3.8388020500e-01  3.3367996220e-02 
1160.000  3.8246458900e-01  3.3547195430e-02 
1161.000  3.8298370600e-01  3.4274200440e-02 
1162.000  4.0328093100e-01  3.6660240170e-02 
1163.000  4.1283417200e-01  3.8210132600e-02 
1164.000  4.0627338400e-01  3.7749736790e-02 
1165.000  4.1461667600e-01  3.8627094270e-02 
1166.000  4.0541761000e-01  3.7938762660e-02 
1167.000  4.1295432100e-01  3.8752037050e-02 
1168.000  4.1616442000e-01  3.9027713780e-02 
1169.000  4.0283943500e-01  3.7884513850e-02 
1170.000  4.1468082500e-01  3.9094692230e-02 
1171.000  4.1934890300e-01  3.9769546510e-02 
1172.000  4.1640432200e-01  3.9365570070e-02 
1173.000  4.1190547600e-01  3.8823169710e-02 
1174.000  4.1220779000e-01  3.8865821840e-02 
1175.000  4.1165375200e-01  3.9164562230e-02 
1176.000  4.0553858500e-01  3.8904762270e-02 
1177.000  4.1620951600e-01  3.9778526310e-02 
1178.000  4.0544241200e-01  3.8449146270e-02 
1179.000  4.0363305800e-01  3.8284015660e-02 
1180.000  4.0794282400e-01  3.8587532040e-02 
1181.000  4.0233534200e-01  3.7781436920e-02 
1182.000  3.9933466500e-01  3.7228477480e-02 
1183.000  3.7655600200e-01  3.5137588500e-02 
1184.000  3.9551314300e-01  3.7063358310e-02 
1185.000  4.0565244400e-01  3.8408409120e-02 
1186.000  4.0179399400e-01  3.7929077150e-02 
1187.000  3.9693752000e-01  3.7084182740e-02 
1188.000  3.9375238400e-01  3.6696510310e-02 
1189.000  3.7363619700e-01  3.5042762760e-02 
1190.000  3.9973519600e-01  3.8101894380e-02 
1191.000  4.0828586200e-01  3.9099063870e-02 
1192.000  4.0935618400e-01  3.9471340180e-02 
1193.000  4.0880055400e-01  3.9344886780e-02 
1194.000  4.0752030200e-01  3.9186836240e-02 
1195.000  3.9972556300e-01  3.8181056980e-02 
1196.000  3.9991567800e-01  3.8245498660e-02 
1197.000  3.9824100800e-01  3.7966136930e-02 
1198.000  3.8452426000e-01  3.6639133450e-02 
1199.000  3.6839833600e-01  3.4963054660e-02 
1200.000  3.9273023900e-01  3.7369110110e-02 
1201.000  3.9598538800e-01  3.7729259490e-02 
1202.000  3.9689564500e-01  3.7890777590e-02 
1203.000  3.7647438100e-01  3.5899478910e-02 
1204.000  3.8332481400e-01  3.6639785770e-02 
1205.000  3.9750285400e-01  3.8444942470e-02 
1206.000  3.9754978500e-01  3.8655460360e-02 
1207.000  4.0122789500e-01  3.9098838810e-02 
1208.000  3.9466317800e-01  3.8391376500e-02 
1209.000  3.6887571100e-01  3.5780487060e-02 
1210.000  3.9269639500e-01  3.7904781340e-02 
1211.000  3.7929246900e-01  3.6592601780e-02 
1212.000  3.9172431500e-01  3.7848785400e-02 
1213.000  3.9531743000e-01  3.8385013580e-02 
1214.000  3.9325533000e-01  3.8171203610e-02 
1215.000  3.9533369400e-01  3.8454132080e-02 
1216.000  3.9710027400e-01  3.8928905490e-02 
1217.000  3.9870961800e-01  3.9352306370e-02 
1218.000  3.9828720500e-01  3.9444561000e-02 
1219.000  3.9505781500e-01  3.9209289550e-02 
1220.000  3.9779262800e-01  3.9485565190e-02 
1221.000  3.9731899400e-01  3.9458179470e-02 
1222.000  3.9530298600e-01  3.9261756900e-02 
1223.000  3.9363789400e-01  3.9134616850e-02 
1224.000  3.9816481700e-01  3.9747722630e-02 
1225.000  3.9628903400e-01  3.9605262760e-02 
1226.000  3.9809051000e-01  3.9847026820e-02 
1227.000  3.8526466800e-01  3.8654022220e-02 
1228.000  3.9812249100e-01  4.0059913640e-02 
1229.000  3.9827169800e-01  4.0164470670e-02 
1230.000  3.9757476700e-01  4.0195911410e-02 
1231.000  3.9794424900e-01  4.0297054290e-02 
1232.000  3.9359255300e-01  3.9888015750e-02 
1233.000  3.9677403600e-01  4.0234569550e-02 
1234.000  3.9644223500e-01  4.0331859590e-02 
1235.000  3.9399772600e-01  4.0133666990e-02 
1236.000  3.9649398400e-01  4.0424434660e-02 
1237.000  3.9674511700e-01  4.0498878480e-02 
1238.000  3.9658918300e-01  4.0507202150e-02 
1239.000  3.9211530900e-01  4.0067890170e-02 
1240.000  3.9034043100e-01  3.9919086460e-02 
1241.000  3.9374881000e-01  4.0290435790e-02 
1242.000  3.9135524200e-01  4.0064136510e-02 
1243.000  3.8690268700e-01  3.9628707890e-02 
1244.000  3.8326446600e-01  3.9262714390e-02 
1245.000  3.8973858000e-01  3.9935741420e-02 
1246.000  3.8658150600e-01  3.9586215970e-02 
1247.000  3.8449933200e-01  3.9344814300e-02 
1248.000  3.8730888600e-01  3.9605239870e-02 
1249.000  3.8580468300e-01  3.9436515810e-02 
1250.000  3.8412706400e-01  3.9239559170e-02 
1251.000  3.8129921600e-01  3.8931598660e-02 
1252.000  3.7986241200e-01  3.8752273560e-02 
1253.000  3.7641062500e-01  3.8363613130e-02 
1254.000  3.7676866900e-01  3.8324352260e-02 
1255.000  3.7568478500e-01  3.8167858120e-02 
1256.000  3.7448976300e-01  3.8011974330e-02 
1257.000  3.6964477000e-01  3.7453994750e-02 
1258.000  3.6972478200e-01  3.7332443240e-02 
1259.000  3.6449367500e-01  3.6700626370e-02 
1260.000  3.6362795300e-01  3.6495727540e-02 
1261.000  3.6141274100e-01  3.6153644560e-02 
1262.000  3.5038692200e-01  3.4861354830e-02 
1263.000  3.5336398500e-01  3.5119152070e-02 
1264.000  3.4702656300e-01  3.4475593570e-02 
1265.000  3.4734948200e-01  3.4509727480e-02 
1266.000  3.4820889600e-01  3.4537292480e-02 
1267.000  3.4013829200e-01  3.3680557250e-02 
1268.000  3.3505486000e-01  3.3124359130e-02 
1269.000  3.3740722100e-01  3.3335601810e-02 
1270.000  3.4558280600e-01  3.4305591580e-02 
1271.000  3.4950022400e-01  3.4759185790e-02 
1272.000  3.5008468500e-01  3.4892215730e-02 
1273.000  3.5124500200e-01  3.5102657320e-02 
1274.000  3.5094428800e-01  3.5187561040e-02 
1275.000  3.5388303200e-01  3.5519115450e-02 
1276.000  3.5496666500e-01  3.5632705690e-02 
1277.000  3.5500757400e-01  3.5614326480e-02 
1278.000  3.5431990800e-01  3.5510913850e-02 
1279.000  3.5229722500e-01  3.5315582280e-02 
1280.000  3.5119859500e-01  3.5303112030e-02 
1281.000  3.4212495900e-01  3.4482032780e-02 
1282.000  3.0457513400e-01  3.0778659820e-02 
1283.000  3.3478205800e-01  3.3872787480e-02 
1284.000  3.4866005400e-01  3.5287364960e-02 
1285.000  3.5150027100e-01  3.5591880800e-02 
1286.000  3.5095691600e-01  3.5476799010e-02 
1287.000  3.5222733500e-01  3.5502880100e-02 
1288.000  3.4674292800e-01  3.4612140660e-02 
1289.000  3.4779492000e-01  3.4609867100e-02 
1290.000  3.3967962400e-01  3.3779407500e-02 
1291.000  3.4491148300e-01  3.4319118500e-02 
1292.000  3.4778140900e-01  3.4701629640e-02 
1293.000  3.4822075300e-01  3.4725189210e-02 
1294.000  3.4128227300e-01  3.3858825680e-02 
1295.000  3.4262978500e-01  3.3747394560e-02 
1296.000  3.4044083600e-01  3.3294761660e-02 
1297.000  3.3634648300e-01  3.2716388700e-02 
1298.000  3.3315865000e-01  3.2383171080e-02 
1299.000  3.3638206300e-01  3.2673080440e-02 
1300.000  3.3469267800e-01  3.2482601170e-02 
1301.000  3.3371279300e-01  3.2330333710e-02 
1302.000  3.2803577300e-01  3.1632884980e-02 
1303.000  3.2206596200e-01  3.0684101100e-02 
1304.000  3.2069794700e-01  3.0388198850e-02 
1305.000  3.2194861600e-01  3.0430566790e-02 
1306.000  3.2173111200e-01  3.0330011370e-02 
1307.000  3.1971948700e-01  3.0051548000e-02 
1308.000  3.1674965000e-01  2.9544736860e-02 
1309.000  3.1281966000e-01  2.8880451200e-02 
1310.000  3.1109761900e-01  2.8692598340e-02 
1311.000  3.1024449900e-01  2.8609476090e-02 
1312.000  3.0481955800e-01  2.7781925200e-02 
1313.000  2.8872314100e-01  2.5953580860e-02 
1314.000  2.9324336600e-01  2.6034793850e-02 
1315.000  2.8547106700e-01  2.5485376360e-02 
1316.000  2.9544436600e-01  2.6594577790e-02 
1317.000  2.9844806600e-01  2.6851278310e-02 
1318.000  2.8906162200e-01  2.5622001650e-02 
1319.000  2.8542211300e-01  2.4779838560e-02 
1320.000  2.7471472500e-01  2.3243761060e-02 
1321.000  2.7018413000e-01  2.2607639310e-02 
1322.000  2.7525149800e-01  2.3412948610e-02 
1323.000  2.8213620700e-01  2.4388608930e-02 
1324.000  2.8539720300e-01  2.4874502180e-02 
1325.000  2.8301643900e-01  2.4518207550e-02 
1326.000  2.7594077300e-01  2.3516920090e-02 
1327.000  2.6141852700e-01  2.1386213300e-02 
1328.000  2.4829857500e-01  1.9283538820e-02 
1329.000  2.1422696300e-01  1.5101439480e-02 
1330.000  2.0818440900e-01  1.4154294970e-02 
1331.000  2.0269956400e-01  1.3459946630e-02 
1332.000  2.0050448700e-01  1.3398674010e-02 
1333.000  2.1151516400e-01  1.4420761110e-02 
1334.000  2.1993347900e-01  1.5398744580e-02 
1335.000  2.2587738100e-01  1.6124570850e-02 
1336.000  2.2577088900e-01  1.6226783750e-02 
1337.000  2.2832648300e-01  1.6455446240e-02 
1338.000  2.3207923300e-01  1.6969053270e-02 
1339.000  2.3259320200e-01  1.7094724660e-02 
1340.000  2.3421401700e-01  1.7430084230e-02 
1341.000  2.3817096300e-01  1.7558612820e-02 
1342.000  2.3807388200e-01  1.7567672730e-02 
1343.000  2.2904228700e-01  1.6052347180e-02 
1344.000  2.1518964700e-01  1.4200993540e-02 
1345.000  1.7804405300e-01  1.0129386900e-02 
1346.000  1.5187281400e-01  7.5714421270e-03 
1347.000  1.3470735400e-01  6.1601867680e-03 
1348.000  1.1167722300e-01  4.2857847210e-03 
1349.000  1.0157416800e-01  3.6273515220e-03 
1350.000  7.9121342200e-02  2.2338402270e-03 
1351.000  6.8305856400e-02  1.7229987380e-03 
1352.000  5.2245771400e-02  1.0199975970e-03 
1353.000  3.7031353000e-02  5.5878132580e-04 
1354.000  2.9609975800e-02  3.7322720890e-04 
1355.000  2.2989651100e-02  2.3925538360e-04 
1356.000  1.7384941100e-02  1.4561329780e-04 
1357.000  1.1883084750e-02  7.3385655880e-05 
1358.000  8.7943059000e-03  4.4822525230e-05 
1359.000  4.6371913700e-03  1.5220362690e-05 
1360.000  3.0667198600e-03  8.0037601290e-06 
1361.000  2.2822904700e-03  4.7653741200e-06 
1362.000  2.1000788600e-03  4.1930112060e-06 
1363.000  3.0298724300e-03  7.3221279310e-06 
1364.000  3.5132270200e-03  9.1730132700e-06 
1365.000  3.6785386700e-03  9.6827065570e-06 
1366.000  4.2480994700e-03  1.2100173160e-05 
1367.000  3.5684715700e-03  9.4833029430e-06 
1368.000  3.1641449800e-03  8.2006603480e-06 
1369.000  3.2446894600e-03  8.6317397650e-06 
1370.000  5.3662049400e-03  2.0046427850e-05 
1371.000  9.5567457200e-03  5.0280131400e-05 
1372.000  1.7696175600e-02  1.3920772080e-04 
1373.000  2.5103483300e-02  2.4604126810e-04 
1374.000  3.0483477600e-02  3.4081849460e-04 
1375.000  3.2500732100e-02  3.8303059340e-04 
1376.000  3.0145778700e-02  3.3987516160e-04 
1377.000  2.6837246000e-02  2.7779471870e-04 
1378.000  2.0455571400e-02  1.7713198070e-04 
1379.000  1.4046708020e-02  9.5618307590e-05 
1380.000  7.9668969900e-03  3.8175847380e-05 
1381.000  4.6085478400e-03  1.5920834620e-05 
1382.000  3.2226949600e-03  8.9887119830e-06 
1383.000  3.1180837900e-03  8.4034604950e-06 
1384.000  5.0718371500e-03  1.8155805770e-05 
1385.000  7.2001178800e-03  3.1872253870e-05 
1386.000  1.0997430550e-02  6.2969490890e-05 
1387.000  2.0206253900e-02  1.7372527720e-04 
1388.000  2.6781554200e-02  2.7332109210e-04 
1389.000  3.0763903000e-02  3.4890267250e-04 
1390.000  3.1403224100e-02  3.6512613300e-04 
1391.000  2.9315293700e-02  3.2516601680e-04 
1392.000  2.2163632700e-02  2.0572213830e-04 
1393.000  1.6942359100e-02  1.3419783120e-04 
1394.000  1.2979784460e-02  8.7628774340e-05 
1395.000  1.4631314900e-02  1.0641966760e-04 
1396.000  2.0077387100e-02  1.7641870680e-04 
1397.000  2.5909729000e-02  2.6922565700e-04 
1398.000  2.6682524600e-02  2.8190240260e-04 
1399.000  2.4913579800e-02  2.5593420860e-04 
1400.000  2.3296316800e-02  2.3284745220e-04 
1401.000  2.4765174600e-02  2.6204502580e-04 
1402.000  3.0702089200e-02  3.6719831820e-04 
1403.000  3.5348447000e-02  4.7811785340e-04 
1404.000  3.3248380700e-02  4.3112143870e-04 
1405.000  3.4826925000e-02  4.7806257010e-04 
1406.000  3.2294361800e-02  4.1918048260e-04 
1407.000  3.3492452400e-02  4.5907145740e-04 
1408.000  4.0143023100e-02  6.1838471890e-04 
1409.000  4.7056717200e-02  8.2260358330e-04 
1410.000  5.7714547800e-02  1.1609524490e-03 
1411.000  6.8649073500e-02  1.6034400460e-03 
1412.000  6.6322888600e-02  1.5499809980e-03 
1413.000  7.3147867300e-02  1.8601369860e-03 
1414.000  7.2118863400e-02  1.7883933780e-03 
1415.000  7.9726309900e-02  2.1860268120e-03 
1416.000  8.5660182300e-02  2.4813396930e-03 
1417.000  8.7865650900e-02  2.6210083960e-03 
1418.000  8.8648689100e-02  2.6519982810e-03 
1419.000  8.8464088100e-02  2.6983335020e-03 
1420.000  9.0565136100e-02  2.8086225990e-03 
1421.000  1.0185871840e-01  3.4563901420e-03 
1422.000  1.0428188340e-01  3.6591584680e-03 
1423.000  1.0544485980e-01  3.7749474050e-03 
1424.000  1.0508653890e-01  3.7432310580e-03 
1425.000  1.0389354120e-01  3.6321270470e-03 
1426.000  1.0016786610e-01  3.5087563990e-03 
1427.000  1.0609790770e-01  3.8475348950e-03 
1428.000  1.1206003370e-01  4.1633539200e-03 
1429.000  1.1366157370e-01  4.3552322390e-03 
1430.000  1.1089764590e-01  4.2530417440e-03 
1431.000  1.0331462930e-01  3.7914969920e-03 
1432.000  1.0102014130e-01  3.6041440960e-03 
1433.000  1.0073544430e-01  3.5842659470e-03 
1434.000  9.6083714400e-02  3.3410704140e-03 
1435.000  1.0315448180e-01  3.7512876990e-03 
1436.000  1.0572327240e-01  3.9160056110e-03 
1437.000  1.0740849080e-01  4.0163078310e-03 
1438.000  1.1387137120e-01  4.4511199000e-03 
1439.000  1.1597287620e-01  4.5513734820e-03 
1440.000  1.1119986750e-01  4.4231872560e-03 
1441.000  1.1810661660e-01  4.7326283450e-03 
1442.000  1.1329132890e-01  4.4766778950e-03 
1443.000  1.1532755400e-01  4.5679078100e-03 
1444.000  1.1792760380e-01  4.7288007740e-03 
1445.000  1.1816373740e-01  4.7561392780e-03 
1446.000  1.2368043290e-01  5.1039252280e-03 
1447.000  1.2706078500e-01  5.3610601430e-03 
1448.000  1.2850890200e-01  5.4455180170e-03 
1449.000  1.2598572640e-01  5.2658309940e-03 
1450.000  1.2047296030e-01  4.9246535300e-03 
1451.000  1.2182181880e-01  5.0423026080e-03 
1452.000  1.2715377000e-01  5.4966301920e-03 
1453.000  1.4168786900e-01  6.5068230630e-03 
1454.000  1.5417891200e-01  7.5122213360e-03 
1455.000  1.6015314600e-01  8.0857238770e-03 
1456.000  1.6725785700e-01  8.7422313690e-03 
1457.000  1.6994783700e-01  8.9301910400e-03 
1458.000  1.7327225000e-01  9.1723165510e-03 
1459.000  1.6840365000e-01  8.7153816220e-03 
1460.000  1.6072661500e-01  8.1561765670e-03 
1461.000  1.5764332400e-01  7.9202303890e-03 
1462.000  1.4915446400e-01  7.2691731450e-03 
1463.000  1.4816552900e-01  7.2351098060e-03 
1464.000  1.4625144300e-01  7.0838088990e-03 
1465.000  1.4300648500e-01  6.7711167340e-03 
1466.000  1.3327818500e-01  6.1287074090e-03 
1467.000  1.3231132600e-01  5.9565525050e-03 
1468.000  1.2416942500e-01  5.4565854070e-03 
1469.000  1.1778862070e-01  4.9604520800e-03 
1470.000  1.1437741010e-01  4.7469997410e-03 
1471.000  1.2137781170e-01  5.3298025130e-03 
1472.000  1.3365779400e-01  6.2590141300e-03 
1473.000  1.5020578500e-01  7.5925669670e-03 
1474.000  1.5744269800e-01  8.4109869000e-03 
1475.000  1.6024216600e-01  8.5852203370e-03 
1476.000  1.6050276600e-01  8.6240015030e-03 
1477.000  1.5706221100e-01  8.3343839650e-03 
1478.000  1.5091974300e-01  7.9124302860e-03 
1479.000  1.4792616100e-01  7.6100678440e-03 
1480.000  1.5100762800e-01  7.9088449480e-03 
1481.000  1.5383127000e-01  8.2693367000e-03 
1482.000  1.6078119300e-01  8.8973922730e-03 
1483.000  1.5900217600e-01  8.8847169880e-03 
1484.000  1.6003341400e-01  8.9837369920e-03 
1485.000  1.6233374500e-01  9.1076078410e-03 
1486.000  1.6370721700e-01  9.4221963880e-03 
1487.000  1.7372948500e-01  1.0485541340e-02 
1488.000  1.5224918200e-01  9.2555837630e-03 
1489.000  1.8683875100e-01  1.2072396280e-02 
1490.000  1.9767435300e-01  1.3443323140e-02 
1491.000  2.0473802600e-01  1.4311020850e-02 
1492.000  2.0102555400e-01  1.4160058020e-02 
1493.000  2.0845656900e-01  1.4943017960e-02 
1494.000  2.0815251100e-01  1.4998007770e-02 
1495.000  2.0987670000e-01  1.5385357860e-02 
1496.000  2.0951427600e-01  1.5735771180e-02 
1497.000  2.1462320300e-01  1.6193353650e-02 
1498.000  2.2170354700e-01  1.7077255250e-02 
1499.000  2.2269286800e-01  1.7489952090e-02 
1500.000  2.2956054900e-01  1.8300203320e-02 
1501.000  2.2825436600e-01  1.8168455120e-02 
1502.000  2.2457319500e-01  1.7809091570e-02 
1503.000  2.0061564500e-01  1.5876227380e-02 
1504.000  2.0994979100e-01  1.6721876140e-02 
1505.000  2.1257252800e-01  1.7186771390e-02 
1506.000  2.1550383800e-01  1.7485797880e-02 
1507.000  2.2832120100e-01  1.8776805880e-02 
1508.000  2.2631326500e-01  1.8769840240e-02 
1509.000  2.2883728900e-01  1.9149911880e-02 
1510.000  2.3293790000e-01  1.9587976460e-02 
1511.000  2.3508491700e-01  1.9901020050e-02 
1512.000  2.3139919400e-01  1.9685665130e-02 
1513.000  2.3130900800e-01  1.9754331590e-02 
1514.000  2.2814214900e-01  1.9529205320e-02 
1515.000  2.3344753000e-01  2.0079858780e-02 
1516.000  2.3154128500e-01  1.9959636690e-02 
1517.000  2.3092024700e-01  1.9981880190e-02 
1518.000  2.3664185400e-01  2.0613817210e-02 
1519.000  2.3485988500e-01  2.0611682890e-02 
1520.000  2.3845956900e-01  2.1138158800e-02 
1521.000  2.3507052500e-01  2.0978769300e-02 
1522.000  2.3371074500e-01  2.0906354900e-02 
1523.000  2.3973650400e-01  2.1525190350e-02 
1524.000  2.3765264200e-01  2.1356653210e-02 
1525.000  2.3191703100e-01  2.0850175860e-02 
1526.000  2.3855183400e-01  2.1475608830e-02 
1527.000  2.3643928600e-01  2.1348308560e-02 
1528.000  2.3854009400e-01  2.1618978500e-02 
1529.000  2.3779366600e-01  2.1568555830e-02 
1530.000  2.2294080100e-01  2.0290390010e-02 
1531.000  2.3858317500e-01  2.1770477290e-02 
1532.000  2.3744621000e-01  2.1728233340e-02 
1533.000  2.3648471800e-01  2.1679788590e-02 
1534.000  2.3300699500e-01  2.1395420070e-02 
1535.000  2.3399426700e-01  2.1521572110e-02 
1536.000  2.3712656200e-01  2.1855363850e-02 
1537.000  2.3806335300e-01  2.2012969970e-02 
1538.000  2.3173716500e-01  2.1502483370e-02 
1539.000  2.3675191600e-01  2.2039220810e-02 
1540.000  2.2820376700e-01  2.1298097610e-02 
1541.000  2.3301610900e-01  2.1779859540e-02 
1542.000  2.3440293300e-01  2.1932161330e-02 
1543.000  2.3376520300e-01  2.1906364440e-02 
1544.000  2.3676804900e-01  2.2229917530e-02 
1545.000  2.3767661400e-01  2.2373006820e-02 
1546.000  2.3789536200e-01  2.2454294200e-02 
1547.000  2.3558509400e-01  2.2290884020e-02 
1548.000  2.2862686300e-01  2.1678977970e-02 
1549.000  2.3448662000e-01  2.2268058780e-02 
1550.000  2.3316889500e-01  2.2171405790e-02 
1551.000  2.3194119600e-01  2.2069141390e-02 
1552.000  2.3589465800e-01  2.2456893920e-02 
1553.000  2.3466146100e-01  2.2359809880e-02 
1554.000  2.2606337600e-01  2.1550605770e-02 
1555.000  2.2983577200e-01  2.1935478210e-02 
1556.000  2.2544783700e-01  2.1554117200e-02 
1557.000  2.3282958000e-01  2.2310487750e-02 
1558.000  2.3098628200e-01  2.2170722960e-02 
1559.000  2.3100433300e-01  2.2206233980e-02 
1560.000  2.2701504400e-01  2.1865446090e-02 
1561.000  2.3231310500e-01  2.2392179490e-02 
1562.000  2.3220485600e-01  2.2374835970e-02 
1563.000  2.2873397400e-01  2.2043096540e-02 
1564.000  2.2407582000e-01  2.1587404250e-02 
1565.000  2.2732854200e-01  2.1886955260e-02 
1566.000  2.2302123100e-01  2.1492261890e-02 
1567.000  2.2266359500e-01  2.1453470230e-02 
1568.000  2.1750863100e-01  2.0936183930e-02 
1569.000  2.1769016400e-01  2.0926626210e-02 
1570.000  2.1163455700e-01  2.0333438870e-02 
1571.000  2.1730518200e-01  2.0904253010e-02 
1572.000  2.1713905000e-01  2.0900102620e-02 
1573.000  2.1384093200e-01  2.0619852070e-02 
1574.000  2.1468390000e-01  2.0749416350e-02 
1575.000  1.9946122600e-01  1.9312911990e-02 
1576.000  2.1428718800e-01  2.0762557980e-02 
1577.000  1.9356805900e-01  1.8756298070e-02 
1578.000  2.1191589500e-01  2.0535373690e-02 
1579.000  2.1323871900e-01  2.0673263550e-02 
1580.000  2.1778774800e-01  2.1138040540e-02 
1581.000  2.1634347200e-01  2.1000425340e-02 
1582.000  2.1219360500e-01  2.0649061200e-02 
1583.000  2.1499847200e-01  2.0970783230e-02 
1584.000  2.1326647400e-01  2.0852401730e-02 
1585.000  2.1971311400e-01  2.1525283810e-02 
1586.000  2.1695372700e-01  2.1277801510e-02 
1587.000  2.1469265100e-01  2.1097436900e-02 
1588.000  2.1154292600e-01  2.0826280590e-02 
1589.000  1.9353970800e-01  1.9071203230e-02 
1590.000  2.0850930800e-01  2.0561193470e-02 
1591.000  2.0383833600e-01  2.0117481230e-02 
1592.000  2.1451226900e-01  2.1174137120e-02 
1593.000  2.1912737100e-01  2.1626703260e-02 
1594.000  2.1725248200e-01  2.1440336230e-02 
1595.000  2.1822541900e-01  2.1537828450e-02 
1596.000  2.0441904000e-01  2.0193189620e-02 
1597.000  2.1200896700e-01  2.0936708450e-02 
1598.000  2.1492359200e-01  2.1208908080e-02 
1599.000  2.0648714000e-01  2.0353275300e-02 
1600.000  2.0893929500e-01  2.0579412460e-02 
1601.000  2.0014337900e-01  1.9730585100e-02 
1602.000  2.0501006100e-01  2.0236894610e-02 
1603.000  2.0378232600e-01  2.0164604190e-02 
1604.000  2.0682656900e-01  2.0521419530e-02 
1605.000  2.0376832300e-01  2.0246912000e-02 
1606.000  2.0312969800e-01  2.0218126300e-02 
1607.000  2.0381706000e-01  2.0272857670e-02 
1608.000  2.0601103800e-01  2.0478216170e-02 
1609.000  2.0521886700e-01  2.0397314070e-02 
1610.000  1.9255997500e-01  1.9140455250e-02 
1611.000  1.9870601600e-01  1.9777126310e-02 
1612.000  2.0117389300e-01  2.0050899510e-02 
1613.000  2.0619280800e-01  2.0578145980e-02 
1614.000  2.0416850700e-01  2.0372114180e-02 
1615.000  2.0793930800e-01  2.0768798830e-02 
1616.000  1.9522191200e-01  1.9511142730e-02 
1617.000  2.0132525300e-01  2.0170562740e-02 
1618.000  2.0759774300e-01  2.0821493150e-02 
1619.000  2.0731657700e-01  2.0843885420e-02 
1620.000  2.0242630400e-01  2.0400362010e-02 
1621.000  1.9969987400e-01  2.0164114000e-02 
1622.000  2.0472572000e-01  2.0682302470e-02 
1623.000  2.0900601600e-01  2.1136266710e-02 
1624.000  2.1053389000e-01  2.1306427000e-02 
1625.000  2.0551974000e-01  2.0839443210e-02 
1626.000  2.0782026800e-01  2.1058458330e-02 
1627.000  2.0758178000e-01  2.1054601670e-02 
1628.000  2.0915896900e-01  2.1221210480e-02 
1629.000  2.0902248800e-01  2.1210981370e-02 
1630.000  2.0316025900e-01  2.0608949660e-02 
1631.000  2.0633728900e-01  2.0942577360e-02 
1632.000  2.0616473700e-01  2.0887235640e-02 
1633.000  2.0344443200e-01  2.0596996310e-02 
1634.000  1.9848370100e-01  2.0072031020e-02 
1635.000  2.0380414200e-01  2.0598379140e-02 
1636.000  2.0303848200e-01  2.0501831050e-02 
1637.000  1.9372860200e-01  1.9543224330e-02 
1638.000  1.9231304300e-01  1.9391391750e-02 
1639.000  1.9003067100e-01  1.9131937030e-02 
1640.000  1.9097666600e-01  1.9212099080e-02 
1641.000  1.8961312000e-01  1.9062349320e-02 
1642.000  1.8937548200e-01  1.9078237530e-02 
1643.000  1.9417454500e-01  1.9593175890e-02 
1644.000  1.9110305400e-01  1.9310279850e-02 
1645.000  1.9140187700e-01  1.9361976620e-02 
1646.000  1.9370158800e-01  1.9629449840e-02 
1647.000  1.9550221100e-01  1.9818103790e-02 
1648.000  1.9461865100e-01  1.9722734450e-02 
1649.000  1.9014708000e-01  1.9272832870e-02 
1650.000  1.9496507300e-01  1.9769237520e-02 
1651.000  1.9061232900e-01  1.9328811650e-02 
1652.000  1.9440208900e-01  1.9705060960e-02 
1653.000  1.9240080400e-01  1.9514085770e-02 
1654.000  1.9455889900e-01  1.9738733290e-02 
1655.000  1.9087393600e-01  1.9381490710e-02 
1656.000  1.9469634600e-01  1.9781547550e-02 
1657.000  1.9328264100e-01  1.9642862320e-02 
1658.000  1.9450165500e-01  1.9783319470e-02 
1659.000  1.9096395800e-01  1.9428480150e-02 
1660.000  1.9317097000e-01  1.9646579740e-02 
1661.000  1.9392534500e-01  1.9716821670e-02 
1662.000  1.9246745800e-01  1.9538393020e-02 
1663.000  1.9119312700e-01  1.9392488480e-02 
1664.000  1.9030156000e-01  1.9284109120e-02 
1665.000  1.8836072400e-01  1.9064186100e-02 
1666.000  1.8759126800e-01  1.8997247700e-02 
1667.000  1.8950712100e-01  1.9239614490e-02 
1668.000  1.8629638300e-01  1.8933603290e-02 
1669.000  1.8682146800e-01  1.9015861510e-02 
1670.000  1.9102182700e-01  1.9474559780e-02 
1671.000  1.8962476000e-01  1.9353031160e-02 
1672.000  1.8064329400e-01  1.8463134770e-02 
1673.000  1.8580351200e-01  1.9000909810e-02 
1674.000  1.8655314200e-01  1.9094244000e-02 
1675.000  1.8482146100e-01  1.8944276810e-02 
1676.000  1.8183296900e-01  1.8644071580e-02 
1677.000  1.8276298800e-01  1.8743686680e-02 
1678.000  1.8377591000e-01  1.8860410690e-02 
1679.000  1.8133460900e-01  1.8608940120e-02 
1680.000  1.7511913800e-01  1.7982938770e-02 
1681.000  1.6904952600e-01  1.7365762710e-02 
1682.000  1.7393189000e-01  1.7866809840e-02 
1683.000  1.7822181600e-01  1.8301269530e-02 
1684.000  1.8151554600e-01  1.8634117130e-02 
1685.000  1.8203507400e-01  1.8664350510e-02 
1686.000  1.7983906600e-01  1.8433744430e-02 
1687.000  1.8053442200e-01  1.8462049480e-02 
1688.000  1.8062735600e-01  1.8435636520e-02 
1689.000  1.7844847100e-01  1.8205432890e-02 
1690.000  1.7830324800e-01  1.8150011060e-02 
1691.000  1.8061004100e-01  1.8385274890e-02 
1692.000  1.8093557100e-01  1.8425291060e-02 
1693.000  1.8029630400e-01  1.8372804640e-02 
1694.000  1.8002708900e-01  1.8352314000e-02 
1695.000  1.8007303200e-01  1.8343982700e-02 
1696.000  1.7901925600e-01  1.8219552990e-02 
1697.000  1.7789315900e-01  1.8073221210e-02 
1698.000  1.7894827200e-01  1.8154666900e-02 
1699.000  1.7779252300e-01  1.8018482210e-02 
1700.000  1.7554147400e-01  1.7772880550e-02 
