 lambda   Irr_dw            Rad_up 
 550.000  1.5510637000e+00  2.3378756710e-01 
 551.000  1.5407088000e+00  2.3219746400e-01 
 552.000  1.6063721000e+00  2.4211091610e-01 
 553.000  1.5427966000e+00  2.3248861690e-01 
 554.000  1.5925545000e+00  2.3999302670e-01 
 555.000  1.5964086000e+00  2.4052088930e-01 
 556.000  1.5518229000e+00  2.3375234990e-01 
 557.000  1.5052430000e+00  2.2674304200e-01 
 558.000  1.5618817000e+00  2.3522242740e-01 
 559.000  1.4758287000e+00  2.2223683170e-01 
 560.000  1.4818423000e+00  2.2314089970e-01 
 561.000  1.6281080000e+00  2.4509605410e-01 
 562.000  1.4940255000e+00  2.2485719300e-01 
 563.000  1.5626317000e+00  2.3511149600e-01 
 564.000  1.5402006000e+00  2.3163433840e-01 
 565.000  1.5580955000e+00  2.3427153020e-01 
 566.000  1.4361554000e+00  2.1587467960e-01 
 567.000  1.5400431000e+00  2.3126307680e-01 
 568.000  1.5353120000e+00  2.2982641600e-01 
 569.000  1.5032550000e+00  2.2348347470e-01 
 570.000  1.5109346000e+00  2.2483792110e-01 
 571.000  1.4578356000e+00  2.1798802190e-01 
 572.000  1.5397897000e+00  2.2919325260e-01 
 573.000  1.5559968000e+00  2.3189868160e-01 
 574.000  1.5472380000e+00  2.3064891050e-01 
 575.000  1.5090892000e+00  2.2485528560e-01 
 576.000  1.4814489000e+00  2.2068345640e-01 
 577.000  1.5428778000e+00  2.3007507320e-01 
 578.000  1.4979420000e+00  2.2377842710e-01 
 579.000  1.4864805000e+00  2.2226104740e-01 
 580.000  1.5376232000e+00  2.3008966060e-01 
 581.000  1.5098718000e+00  2.2620260620e-01 
 582.000  1.5323926000e+00  2.2963647460e-01 
 583.000  1.5428662000e+00  2.3123188780e-01 
 584.000  1.5377646000e+00  2.3040985110e-01 
 585.000  1.5274228000e+00  2.2878912350e-01 
 586.000  1.4615816000e+00  2.1890713500e-01 
 587.000  1.5183246000e+00  2.2678555300e-01 
 588.000  1.5017014000e+00  2.2216358950e-01 
 589.000  1.3303910000e+00  1.9409320070e-01 
 590.000  1.3889273000e+00  2.0244889830e-01 
 591.000  1.4761125000e+00  2.1709475710e-01 
 592.000  1.4474795000e+00  2.1177175900e-01 
 593.000  1.4630669000e+00  2.1627412410e-01 
 594.000  1.4761774000e+00  2.1767549130e-01 
 595.000  1.4475078000e+00  2.1183209230e-01 
 596.000  1.4837141000e+00  2.1943716430e-01 
 597.000  1.4879573000e+00  2.1951368710e-01 
 598.000  1.4576023000e+00  2.1600248720e-01 
 599.000  1.4579826000e+00  2.1646159360e-01 
 600.000  1.4584396000e+00  2.1743173220e-01 
 601.000  1.4503000000e+00  2.1685546880e-01 
 602.000  1.4344299000e+00  2.1467314150e-01 
 603.000  1.4430686000e+00  2.1618862920e-01 
 604.000  1.4887480000e+00  2.2322215270e-01 
 605.000  1.4848800000e+00  2.2265798950e-01 
 606.000  1.4675862000e+00  2.2010771180e-01 
 607.000  1.4592486000e+00  2.1884393310e-01 
 608.000  1.4538045000e+00  2.1799169920e-01 
 609.000  1.4387929000e+00  2.1574217220e-01 
 610.000  1.4156613000e+00  2.1223736570e-01 
 611.000  1.4385543000e+00  2.1567071530e-01 
 612.000  1.4197331000e+00  2.1285284420e-01 
 613.000  1.3989004000e+00  2.0970703120e-01 
 614.000  1.3478261000e+00  2.0205920410e-01 
 615.000  1.4128391000e+00  2.1176202390e-01 
 616.000  1.3432499000e+00  2.0134260560e-01 
 617.000  1.3507506000e+00  2.0246168520e-01 
 618.000  1.4143900000e+00  2.1194200130e-01 
 619.000  1.4013421000e+00  2.0999923710e-01 
 620.000  1.4219499000e+00  2.1302287290e-01 
 621.000  1.4463029000e+00  2.1664364620e-01 
 622.000  1.3699242000e+00  2.0515095520e-01 
 623.000  1.3805008000e+00  2.0663433840e-01 
 624.000  1.3818809000e+00  2.0683818050e-01 
 625.000  1.3443549000e+00  2.0118559270e-01 
 626.000  1.3510484000e+00  2.0200137330e-01 
 627.000  1.3733608000e+00  2.0457336430e-01 
 628.000  1.3542268000e+00  2.0029225160e-01 
 629.000  1.3885026000e+00  2.0586761470e-01 
 630.000  1.3424838000e+00  1.9968768310e-01 
 631.000  1.3918159000e+00  2.0724353030e-01 
 632.000  1.2962797000e+00  1.9242308040e-01 
 633.000  1.3916244000e+00  2.0732553100e-01 
 634.000  1.3498477000e+00  2.0133120730e-01 
 635.000  1.3744822000e+00  2.0498518370e-01 
 636.000  1.3260501000e+00  1.9789146420e-01 
 637.000  1.3697838000e+00  2.0450071720e-01 
 638.000  1.3911569000e+00  2.0803659060e-01 
 639.000  1.3796188000e+00  2.0625556950e-01 
 640.000  1.3363326000e+00  2.0001644900e-01 
 641.000  1.3555822000e+00  2.0287310790e-01 
 642.000  1.3392982000e+00  2.0054983520e-01 
 643.000  1.3626041000e+00  2.0376460270e-01 
 644.000  1.3469313000e+00  2.0137608340e-01 
 645.000  1.3585504000e+00  2.0275074770e-01 
 646.000  1.3064002000e+00  1.9341104130e-01 
 647.000  1.3238790000e+00  1.9492892460e-01 
 648.000  1.3212848000e+00  1.9346257020e-01 
 649.000  1.3476226000e+00  1.9821734620e-01 
 650.000  1.2491169000e+00  1.8551513670e-01 
 651.000  1.3454895000e+00  1.9980690000e-01 
 652.000  1.3191668000e+00  1.9421583560e-01 
 653.000  1.3461190000e+00  2.0011659240e-01 
 654.000  1.3284058000e+00  1.9719999690e-01 
 655.000  1.2931976000e+00  1.9126078800e-01 
 656.000  1.0979222900e+00  1.6255834960e-01 
 657.000  1.1718434800e+00  1.7383273320e-01 
 658.000  1.3053839000e+00  1.9432048030e-01 
 659.000  1.3085764000e+00  1.9515290830e-01 
 660.000  1.3188392000e+00  1.9684614560e-01 
 661.000  1.3247204000e+00  1.9824018860e-01 
 662.000  1.3438069000e+00  2.0131098940e-01 
 663.000  1.3288168000e+00  1.9897843930e-01 
 664.000  1.3076880000e+00  1.9587831120e-01 
 665.000  1.3133543000e+00  1.9677201840e-01 
 666.000  1.3291584000e+00  1.9925169370e-01 
 667.000  1.3027579600e+00  1.9530819700e-01 
 668.000  1.3101425000e+00  1.9652641300e-01 
 669.000  1.3288024000e+00  1.9937121580e-01 
 670.000  1.3131886600e+00  1.9698521420e-01 
 671.000  1.2989562700e+00  1.9488407900e-01 
 672.000  1.2948096900e+00  1.9425817870e-01 
 673.000  1.3040220100e+00  1.9563122560e-01 
 674.000  1.3065101100e+00  1.9601376340e-01 
 675.000  1.2865376100e+00  1.9300047300e-01 
 676.000  1.3107877300e+00  1.9664552310e-01 
 677.000  1.2846748400e+00  1.9273861690e-01 
 678.000  1.3059046200e+00  1.9591166690e-01 
 679.000  1.2874268900e+00  1.9310427860e-01 
 680.000  1.2774866300e+00  1.9154893490e-01 
 681.000  1.2787948000e+00  1.9166033940e-01 
 682.000  1.2760994800e+00  1.9120162960e-01 
 683.000  1.2844218900e+00  1.9237152100e-01 
 684.000  1.2611511500e+00  1.8876728820e-01 
 685.000  1.2753741500e+00  1.9096058650e-01 
 686.000  1.2191391500e+00  1.8225079350e-01 
 687.000  1.1266018000e+00  1.6338668820e-01 
 688.000  1.1566855000e+00  1.6941023250e-01 
 689.000  1.1511165900e+00  1.6806997680e-01 
 690.000  1.1718181800e+00  1.7197909550e-01 
 691.000  1.1956882000e+00  1.7634851070e-01 
 692.000  1.1988193300e+00  1.7685777280e-01 
 693.000  1.1976777400e+00  1.7454173280e-01 
 694.000  1.1996327000e+00  1.7289822390e-01 
 695.000  1.1867680500e+00  1.7198416140e-01 
 696.000  1.2052837400e+00  1.7526834110e-01 
 697.000  1.2285185700e+00  1.8192912290e-01 
 698.000  1.2012146600e+00  1.7712290950e-01 
 699.000  1.2043401600e+00  1.7466642760e-01 
 700.000  1.1932203100e+00  1.7347494510e-01 
 701.000  1.1622873800e+00  1.6832800290e-01 
 702.000  1.1594481000e+00  1.6834652710e-01 
 703.000  1.1911949000e+00  1.7530084230e-01 
 704.000  1.1951535900e+00  1.7598118590e-01 
 705.000  1.1977472400e+00  1.7534658810e-01 
 706.000  1.1861739900e+00  1.7383390810e-01 
 707.000  1.1704564800e+00  1.7187451170e-01 
 708.000  1.2068410500e+00  1.7759457400e-01 
 709.000  1.1687850300e+00  1.7275656130e-01 
 710.000  1.1901004200e+00  1.7502130130e-01 
 711.000  1.1835233900e+00  1.7488742070e-01 
 712.000  1.1715331800e+00  1.7384719850e-01 
 713.000  1.1627212500e+00  1.7191764830e-01 
 714.000  1.1810775100e+00  1.7437521360e-01 
 715.000  1.1337681000e+00  1.6639251710e-01 
 716.000  1.1569052300e+00  1.6877319340e-01 
 717.000  1.0840617600e+00  1.5267172240e-01 
 718.000  1.0513285100e+00  1.4485772710e-01 
 719.000  1.0294711400e+00  1.4066868590e-01 
 720.000  1.0225152700e+00  1.3811294560e-01 
 721.000  1.0840516100e+00  1.5405191040e-01 
 722.000  1.1218167100e+00  1.6226229860e-01 
 723.000  1.1064144500e+00  1.5838720700e-01 
 724.000  1.0761415500e+00  1.4966227720e-01 
 725.000  1.0696460000e+00  1.4936163330e-01 
 726.000  1.0658137400e+00  1.4862933350e-01 
 727.000  1.0866485500e+00  1.5212928770e-01 
 728.000  1.0622121900e+00  1.4806941220e-01 
 729.000  1.0331607500e+00  1.4559616090e-01 
 730.000  1.0687387200e+00  1.5033834840e-01 
 731.000  1.0480804200e+00  1.4713743590e-01 
 732.000  1.0908099200e+00  1.5596128850e-01 
 733.000  1.0956156600e+00  1.5950506590e-01 
 734.000  1.1287635400e+00  1.6576226810e-01 
 735.000  1.1158104000e+00  1.6333340450e-01 
 736.000  1.0881891300e+00  1.5838177490e-01 
 737.000  1.1074727000e+00  1.6186077880e-01 
 738.000  1.1112583900e+00  1.6338398740e-01 
 739.000  1.0780989200e+00  1.5892878720e-01 
 740.000  1.0946166500e+00  1.6230014040e-01 
 741.000  1.0894972700e+00  1.6213372800e-01 
 742.000  1.0730012700e+00  1.5992462160e-01 
 743.000  1.1078381200e+00  1.6566596980e-01 
 744.000  1.1197322700e+00  1.6770625310e-01 
 745.000  1.0916945100e+00  1.6371316530e-01 
 746.000  1.1077089700e+00  1.6625405880e-01 
 747.000  1.1243911500e+00  1.6877035520e-01 
 748.000  1.1049476000e+00  1.6595910640e-01 
 749.000  1.1054369000e+00  1.6609233090e-01 
 750.000  1.0888428200e+00  1.6353446960e-01 
 751.000  1.0860375500e+00  1.6311869810e-01 
 752.000  1.1031580700e+00  1.6579426570e-01 
 753.000  1.0928814100e+00  1.6428242490e-01 
 754.000  1.1100881700e+00  1.6689016720e-01 
 755.000  1.1037202600e+00  1.6593977360e-01 
 756.000  1.0821201500e+00  1.6269996640e-01 
 757.000  1.0900824300e+00  1.6390266420e-01 
 758.000  1.0877713200e+00  1.6349441530e-01 
 759.000  1.0049712400e+00  1.4860722350e-01 
 760.000  5.1252185000e-01  6.4175949100e-02 
 761.000  4.6292213000e-01  5.6606067660e-02 
 762.000  7.3983197000e-01  1.0178504180e-01 
 763.000  6.7102892000e-01  8.9379249570e-02 
 764.000  7.1738875000e-01  9.7093582150e-02 
 765.000  8.1961239000e-01  1.1497171780e-01 
 766.000  8.8674217000e-01  1.2862550350e-01 
 767.000  9.5055043000e-01  1.3994354250e-01 
 768.000  1.0216171400e+00  1.5187652590e-01 
 769.000  1.0393085400e+00  1.5550492860e-01 
 770.000  1.0443978800e+00  1.5673452760e-01 
 771.000  1.0500143800e+00  1.5785101320e-01 
 772.000  1.0470853800e+00  1.5748388670e-01 
 773.000  1.0431550100e+00  1.5692999270e-01 
 774.000  1.0546436700e+00  1.5869346620e-01 
 775.000  1.0151682200e+00  1.5278350830e-01 
 776.000  1.0570708000e+00  1.5913185120e-01 
 777.000  1.0497282000e+00  1.5803012080e-01 
 778.000  1.0440621100e+00  1.5716339110e-01 
 779.000  1.0474242600e+00  1.5765213010e-01 
 780.000  1.0344264900e+00  1.5570756530e-01 
 781.000  1.0328220600e+00  1.5549778750e-01 
 782.000  1.0452331100e+00  1.5732685850e-01 
 783.000  1.0207741200e+00  1.5366949460e-01 
 784.000  1.0263272000e+00  1.5445185850e-01 
 785.000  1.0281488200e+00  1.5448820500e-01 
 786.000  1.0090951700e+00  1.5131729130e-01 
 787.000  1.0209424300e+00  1.5236312870e-01 
 788.000  1.0040134400e+00  1.4948724370e-01 
 789.000  1.0040336300e+00  1.4825616460e-01 
 790.000  9.9336592000e-01  1.4655453490e-01 
 791.000  9.8932822000e-01  1.4619670100e-01 
 792.000  9.7462981000e-01  1.4421743770e-01 
 793.000  9.7595127000e-01  1.4490092470e-01 
 794.000  9.7081241000e-01  1.4519514470e-01 
 795.000  9.6253064000e-01  1.4328433230e-01 
 796.000  9.7079479000e-01  1.4291528320e-01 
 797.000  9.7920554000e-01  1.4463458250e-01 
 798.000  9.8485636000e-01  1.4652577210e-01 
 799.000  9.8286406000e-01  1.4597489930e-01 
 800.000  9.5352587000e-01  1.4087521360e-01 
 801.000  9.7175164000e-01  1.4365788270e-01 
 802.000  9.6940340000e-01  1.4322109990e-01 
 803.000  9.5610128000e-01  1.4137460330e-01 
 804.000  9.6646874000e-01  1.4328392030e-01 
 805.000  9.4328038000e-01  1.4052865600e-01 
 806.000  9.7080251000e-01  1.4503150940e-01 
 807.000  9.6487636000e-01  1.4418153380e-01 
 808.000  9.5801842000e-01  1.4290533450e-01 
 809.000  9.4032819000e-01  1.3997721860e-01 
 810.000  9.3448854000e-01  1.3879002380e-01 
 811.000  9.4605803000e-01  1.3991027830e-01 
 812.000  9.3823024000e-01  1.3790872190e-01 
 813.000  9.2835753000e-01  1.3545610050e-01 
 814.000  9.1922831000e-01  1.3290005490e-01 
 815.000  8.9942803000e-01  1.2856166080e-01 
 816.000  8.7836330000e-01  1.2377148440e-01 
 817.000  8.8440601000e-01  1.2470375820e-01 
 818.000  8.8009315000e-01  1.2420613860e-01 
 819.000  8.6055710000e-01  1.2205496980e-01 
 820.000  8.5810186000e-01  1.2364361570e-01 
 821.000  9.0334377000e-01  1.3253553770e-01 
 822.000  8.6542239000e-01  1.2518753810e-01 
 823.000  8.4132157000e-01  1.1721454620e-01 
 824.000  8.8466309000e-01  1.2721691130e-01 
 825.000  9.0247632000e-01  1.3258395390e-01 
 826.000  9.0479938000e-01  1.3243360900e-01 
 827.000  8.9940687000e-01  1.3127597050e-01 
 828.000  8.8500742000e-01  1.2739225770e-01 
 829.000  8.8905933000e-01  1.2859152220e-01 
 830.000  8.7985674000e-01  1.2797222900e-01 
 831.000  8.6549281000e-01  1.2605371860e-01 
 832.000  8.8363034000e-01  1.2877549740e-01 
 833.000  8.5881360000e-01  1.2560894780e-01 
 834.000  8.7460562000e-01  1.2842553710e-01 
 835.000  8.8199344000e-01  1.3047485350e-01 
 836.000  8.9040841000e-01  1.3145410160e-01 
 837.000  8.8279989000e-01  1.3029066470e-01 
 838.000  8.8861858000e-01  1.3165591430e-01 
 839.000  8.6235753000e-01  1.2805656430e-01 
 840.000  8.8595564000e-01  1.3165466310e-01 
 841.000  8.8673129000e-01  1.3143414310e-01 
 842.000  8.8248514000e-01  1.3108595280e-01 
 843.000  8.7945409000e-01  1.3137715150e-01 
 844.000  8.6616351000e-01  1.2971649170e-01 
 845.000  8.7988056000e-01  1.3192231750e-01 
 846.000  8.8829002000e-01  1.3336723330e-01 
 847.000  8.5827130000e-01  1.2905627440e-01 
 848.000  8.8249870000e-01  1.3238424680e-01 
 849.000  8.8422082000e-01  1.3270941160e-01 
 850.000  7.6406013000e-01  1.1451729580e-01 
 851.000  8.7476741000e-01  1.3092184450e-01 
 852.000  8.4162384000e-01  1.2600233460e-01 
 853.000  8.5215606000e-01  1.2782794190e-01 
 854.000  6.8504216000e-01  1.0276327510e-01 
 855.000  7.5441602000e-01  1.1331333160e-01 
 856.000  8.5668780000e-01  1.2893486020e-01 
 857.000  8.7059615000e-01  1.3119104000e-01 
 858.000  8.5674840000e-01  1.2916021730e-01 
 859.000  8.5683281000e-01  1.2931379700e-01 
 860.000  8.4926538000e-01  1.2825897220e-01 
 861.000  8.4915054000e-01  1.2824758910e-01 
 862.000  8.4637173000e-01  1.2784260560e-01 
 863.000  8.6253914000e-01  1.3032852170e-01 
 864.000  8.6081253000e-01  1.3004299930e-01 
 865.000  8.4477247000e-01  1.2768826290e-01 
 866.000  7.0858386000e-01  1.0712654110e-01 
 867.000  7.5454823000e-01  1.1400428010e-01 
 868.000  8.1832808000e-01  1.2367824550e-01 
 869.000  8.0683653000e-01  1.2194811250e-01 
 870.000  8.4009965000e-01  1.2701529690e-01 
 871.000  8.3890393000e-01  1.2682129670e-01 
 872.000  8.3552207000e-01  1.2624896240e-01 
 873.000  8.3885167000e-01  1.2678751370e-01 
 874.000  8.2044573000e-01  1.2397381590e-01 
 875.000  8.1288756000e-01  1.2288583370e-01 
 876.000  8.1961410000e-01  1.2385477450e-01 
 877.000  8.3593135000e-01  1.2626582340e-01 
 878.000  8.2150006000e-01  1.2404338070e-01 
 879.000  8.2339473000e-01  1.2434815980e-01 
 880.000  8.1856004000e-01  1.2349448390e-01 
 881.000  7.7597955000e-01  1.1705564880e-01 
 882.000  8.1878919000e-01  1.2341558070e-01 
 883.000  8.0011536000e-01  1.2070121000e-01 
 884.000  8.0690779000e-01  1.2181721500e-01 
 885.000  8.1510488000e-01  1.2276708980e-01 
 886.000  7.8827824000e-01  1.1857163240e-01 
 887.000  7.8025807000e-01  1.1749320980e-01 
 888.000  8.0359989000e-01  1.2093915560e-01 
 889.000  8.0904438000e-01  1.2189960480e-01 
 890.000  8.0638075000e-01  1.2136451720e-01 
 891.000  8.0156181000e-01  1.2035041810e-01 
 892.000  7.9721600000e-01  1.1917675020e-01 
 893.000  7.6110962000e-01  1.1223909000e-01 
 894.000  7.8325806000e-01  1.1477585600e-01 
 895.000  7.3327032000e-01  1.0547927860e-01 
 896.000  7.4731735000e-01  1.0563426970e-01 
 897.000  7.1466196000e-01  9.9282104490e-02 
 898.000  7.0859247000e-01  9.7592689510e-02 
 899.000  6.8714183000e-01  9.2481758120e-02 
 900.000  6.7294265000e-01  9.0819198610e-02 
 901.000  6.5333042000e-01  8.7666320800e-02 
 902.000  6.4214586000e-01  8.6287879940e-02 
 903.000  7.0767489000e-01  9.8791511540e-02 
 904.000  7.4193500000e-01  1.0600286870e-01 
 905.000  7.3914032000e-01  1.0562544250e-01 
 906.000  7.0676695000e-01  9.9538024900e-02 
 907.000  6.9562476000e-01  9.5461471560e-02 
 908.000  6.6372771000e-01  8.9527503970e-02 
 909.000  6.5123978000e-01  8.7886802670e-02 
 910.000  6.6116770000e-01  8.9447357180e-02 
 911.000  6.6924360000e-01  9.1608581540e-02 
 912.000  6.6587688000e-01  9.0575698850e-02 
 913.000  6.6009685000e-01  8.7705871580e-02 
 914.000  6.6629352000e-01  8.9556259160e-02 
 915.000  6.6349464000e-01  9.0078880310e-02 
 916.000  6.7293282000e-01  9.1564483640e-02 
 917.000  6.6669780000e-01  9.1171424870e-02 
 918.000  6.6885649000e-01  9.2067550660e-02 
 919.000  6.9677005000e-01  9.8169395450e-02 
 920.000  7.0431394000e-01  1.0082475280e-01 
 921.000  6.8578610000e-01  9.7795463560e-02 
 922.000  6.7935894000e-01  9.6866203310e-02 
 923.000  6.4717703000e-01  9.1708969120e-02 
 924.000  6.6528418000e-01  9.3300430300e-02 
 925.000  6.7336737000e-01  9.4274917600e-02 
 926.000  6.4920296000e-01  9.0725677490e-02 
 927.000  6.6249762000e-01  9.1374198910e-02 
 928.000  6.4960571000e-01  8.7643547060e-02 
 929.000  6.1613620000e-01  8.0518760680e-02 
 930.000  5.8306194000e-01  7.2855422970e-02 
 931.000  5.4675413000e-01  6.4300399780e-02 
 932.000  4.9380261000e-01  5.3190814970e-02 
 933.000  4.5797309000e-01  4.6309688570e-02 
 934.000  4.1472607000e-01  3.9221534730e-02 
 935.000  4.0451397000e-01  3.7922393800e-02 
 936.000  4.1718993000e-01  4.0126434330e-02 
 937.000  4.2231671000e-01  4.0390659330e-02 
 938.000  4.6050815000e-01  4.7438125610e-02 
 939.000  5.7058875000e-01  7.0164398190e-02 
 940.000  5.8255167000e-01  7.3153228760e-02 
 941.000  5.5654158000e-01  6.8694030760e-02 
 942.000  5.0482158000e-01  5.9178577420e-02 
 943.000  4.7682417000e-01  5.0839065550e-02 
 944.000  4.5998069000e-01  4.8686721800e-02 
 945.000  4.8425534000e-01  5.2960910800e-02 
 946.000  4.9181845000e-01  5.3908519740e-02 
 947.000  5.0614069000e-01  5.7238670350e-02 
 948.000  5.1929960000e-01  5.9802650450e-02 
 949.000  5.1948048000e-01  5.9705490110e-02 
 950.000  5.1858132000e-01  5.9878696440e-02 
 951.000  5.3772793000e-01  6.4569282530e-02 
 952.000  5.1365290000e-01  5.9198043820e-02 
 953.000  5.2881468000e-01  6.2807827000e-02 
 954.000  5.4106610000e-01  6.6241333010e-02 
 955.000  4.9197287000e-01  5.8847717290e-02 
 956.000  5.2139102000e-01  6.2083747860e-02 
 957.000  5.6463278000e-01  7.2070884700e-02 
 958.000  5.7441535000e-01  7.3921035770e-02 
 959.000  5.6930098000e-01  7.2614646910e-02 
 960.000  5.6174406000e-01  7.1478065490e-02 
 961.000  5.5207855000e-01  6.9923896790e-02 
 962.000  5.5800371000e-01  7.1034843440e-02 
 963.000  5.8002522000e-01  7.6175582890e-02 
 964.000  5.7659131000e-01  7.6071472170e-02 
 965.000  5.8136547000e-01  7.6524436950e-02 
 966.000  5.6571230000e-01  7.4616600040e-02 
 967.000  5.9877866000e-01  8.0647163390e-02 
 968.000  6.1864874000e-01  8.6233062740e-02 
 969.000  6.3427624000e-01  8.9801216130e-02 
 970.000  6.3660501000e-01  9.0221328740e-02 
 971.000  6.3065883000e-01  8.9356643680e-02 
 972.000  6.3181385000e-01  8.9132461550e-02 
 973.000  6.1811417000e-01  8.6333038330e-02 
 974.000  5.9927637000e-01  8.2696929930e-02 
 975.000  5.9619727000e-01  8.1638442990e-02 
 976.000  6.1092190000e-01  8.4466148380e-02 
 977.000  6.0740503000e-01  8.5323837280e-02 
 978.000  6.2137496000e-01  8.7196426390e-02 
 979.000  6.0633732000e-01  8.5458969120e-02 
 980.000  6.2714739000e-01  8.9856506350e-02 
 981.000  6.3414045000e-01  9.1206054690e-02 
 982.000  6.3000307000e-01  9.0298377990e-02 
 983.000  6.3453820000e-01  9.1736984250e-02 
 984.000  6.3669337000e-01  9.2880393980e-02 
 985.000  6.4001544000e-01  9.3853866580e-02 
 986.000  6.3945614000e-01  9.4412826540e-02 
 987.000  6.4879765000e-01  9.6085571290e-02 
 988.000  6.4119136000e-01  9.5028472900e-02 
 989.000  6.3331422000e-01  9.3907264710e-02 
 990.000  6.3917807000e-01  9.4850021360e-02 
 991.000  6.4611125000e-01  9.6141105650e-02 
 992.000  6.4059939000e-01  9.5405456540e-02 
 993.000  6.4072880000e-01  9.5465118410e-02 
 994.000  6.4544946000e-01  9.6403526310e-02 
 995.000  6.4173321000e-01  9.6020622250e-02 
 996.000  6.4159028000e-01  9.6012016300e-02 
 997.000  6.4160393000e-01  9.5927490230e-02 
 998.000  6.3848224000e-01  9.5364311220e-02 
 999.000  6.3660750000e-01  9.5056427000e-02 
1000.000  6.3174569000e-01  9.4376747130e-02 
1001.000  6.3375067000e-01  9.4459678650e-02 
1002.000  6.3040456000e-01  9.3608856200e-02 
1003.000  6.2358023000e-01  9.2698768620e-02 
1004.000  6.1968900000e-01  9.2343704220e-02 
1005.000  5.7952216000e-01  8.6460449220e-02 
1006.000  6.0996273000e-01  9.1052154540e-02 
1007.000  6.2063406000e-01  9.2591384890e-02 
1008.000  6.2139195000e-01  9.2425323490e-02 
1009.000  6.1508852000e-01  9.1120864870e-02 
1010.000  6.1848259000e-01  9.1812446590e-02 
1011.000  6.1777650000e-01  9.2135360720e-02 
1012.000  6.1895223000e-01  9.2485221860e-02 
1013.000  6.1523406000e-01  9.2070365910e-02 
1014.000  6.1947964000e-01  9.2787399290e-02 
1015.000  6.0808711000e-01  9.1119720460e-02 
1016.000  6.1230900000e-01  9.1838371280e-02 
1017.000  6.0636860000e-01  9.1004920960e-02 
1018.000  6.1393501000e-01  9.2101188660e-02 
1019.000  5.9912470000e-01  8.9763679500e-02 
1020.000  5.9812643000e-01  8.9666259770e-02 
1021.000  6.0462193000e-01  9.0736480710e-02 
1022.000  5.9462103000e-01  8.9056274410e-02 
1023.000  6.0525383000e-01  9.0496383670e-02 
1024.000  6.0170192000e-01  8.9873802190e-02 
1025.000  6.0285996000e-01  9.0303535460e-02 
1026.000  6.0414175000e-01  9.0627037050e-02 
1027.000  6.0024222000e-01  9.0029083250e-02 
1028.000  6.0185240000e-01  9.0349288940e-02 
1029.000  5.9318483000e-01  8.9199081420e-02 
1030.000  5.9967279000e-01  9.0322143550e-02 
1031.000  5.9802842000e-01  9.0170417790e-02 
1032.000  5.9611371000e-01  8.9957855220e-02 
1033.000  5.8517165000e-01  8.8328605650e-02 
1034.000  5.9088674000e-01  8.9228836060e-02 
1035.000  5.8316696000e-01  8.8072525020e-02 
1036.000  5.9280375000e-01  8.9553688050e-02 
1037.000  5.8031708000e-01  8.7685585020e-02 
1038.000  5.8605286000e-01  8.8568420410e-02 
1039.000  5.8843945000e-01  8.8924499510e-02 
1040.000  5.8146757000e-01  8.7871444700e-02 
1041.000  5.8449255000e-01  8.8326576230e-02 
1042.000  5.8622002000e-01  8.8591445920e-02 
1043.000  5.7609571000e-01  8.7068901060e-02 
1044.000  5.8181995000e-01  8.7934684750e-02 
1045.000  5.7926924000e-01  8.7558357240e-02 
1046.000  5.6241248000e-01  8.5030181880e-02 
1047.000  5.7272545000e-01  8.6608001710e-02 
1048.000  5.7839744000e-01  8.7491416930e-02 
1049.000  5.7467581000e-01  8.6961647030e-02 
1050.000  5.7225690000e-01  8.6599967960e-02 
1051.000  5.7122685000e-01  8.6413589480e-02 
1052.000  5.6856632000e-01  8.5984535220e-02 
1053.000  5.6710829000e-01  8.5760238650e-02 
1054.000  5.6287942000e-01  8.5071815490e-02 
1055.000  5.6697054000e-01  8.5661262510e-02 
1056.000  5.6543560000e-01  8.5401939390e-02 
1057.000  5.6436353000e-01  8.5165962220e-02 
1058.000  5.5828967000e-01  8.4107788090e-02 
1059.000  5.4074123000e-01  8.1496292110e-02 
1060.000  5.6030585000e-01  8.4552543640e-02 
1061.000  5.4064649000e-01  8.1585144040e-02 
1062.000  5.5554204000e-01  8.3754264830e-02 
1063.000  5.4613000000e-01  8.2318763730e-02 
1064.000  5.5286304000e-01  8.3253677370e-02 
1065.000  5.5202333000e-01  8.3009292600e-02 
1066.000  5.3511336000e-01  8.0466079710e-02 
1067.000  5.4774078000e-01  8.2308898930e-02 
1068.000  5.4499292000e-01  8.1680160520e-02 
1069.000  5.0366595000e-01  7.5362922670e-02 
1070.000  5.3361759000e-01  7.9867164610e-02 
1071.000  5.3408480000e-01  7.9808746340e-02 
1072.000  5.3546860000e-01  7.9890632630e-02 
1073.000  5.1777203000e-01  7.7228019710e-02 
1074.000  5.3597760000e-01  7.9964096070e-02 
1075.000  5.1992603000e-01  7.7748474120e-02 
1076.000  5.3095385000e-01  7.9277122500e-02 
1077.000  5.2926243000e-01  7.8868598940e-02 
1078.000  5.3002495000e-01  7.8801277160e-02 
1079.000  5.0952965000e-01  7.5726966860e-02 
1080.000  5.2296547000e-01  7.7260032650e-02 
1081.000  5.0363593000e-01  7.4373245240e-02 
1082.000  5.1078362000e-01  7.5605346680e-02 
1083.000  4.9613085000e-01  7.3184623720e-02 
1084.000  5.1405029000e-01  7.5548919680e-02 
1085.000  5.0481473000e-01  7.3580482480e-02 
1086.000  5.1201087000e-01  7.4749267580e-02 
1087.000  4.8325617000e-01  7.1163291930e-02 
1088.000  5.1263224000e-01  7.5531471250e-02 
1089.000  4.8979043000e-01  7.1407211300e-02 
1090.000  4.9978600000e-01  7.2730751040e-02 
1091.000  5.0369994000e-01  7.3455673220e-02 
1092.000  4.9032788000e-01  7.1132904050e-02 
1093.000  4.8043455000e-01  6.8893028260e-02 
1094.000  4.3560455800e-01  6.2133121490e-02 
1095.000  4.7178769000e-01  6.7324615480e-02 
1096.000  4.7311314000e-01  6.7561119080e-02 
1097.000  4.6304514000e-01  6.5911743160e-02 
1098.000  4.4570488800e-01  6.1671546940e-02 
1099.000  4.3538153600e-01  5.8796241760e-02 
1100.000  4.4367535600e-01  6.0003646850e-02 
1101.000  4.4433457500e-01  6.0279106140e-02 
1102.000  4.2516408100e-01  5.7565792080e-02 
1103.000  4.4311921100e-01  6.0109375000e-02 
1104.000  4.3791638400e-01  5.9146930690e-02 
1105.000  4.3215890200e-01  5.7758052830e-02 
1106.000  4.2333198700e-01  5.5992343900e-02 
1107.000  4.2416713400e-01  5.6212902070e-02 
1108.000  4.2383416100e-01  5.6225322720e-02 
1109.000  4.3033362300e-01  5.7521789550e-02 
1110.000  4.3209112100e-01  5.7604618070e-02 
1111.000  4.2411505400e-01  5.6211929320e-02 
1112.000  4.0774189500e-01  5.2788013460e-02 
1113.000  3.8901884700e-01  4.8521137240e-02 
1114.000  3.8880918900e-01  4.7835086820e-02 
1115.000  3.6318743900e-01  4.2215522770e-02 
1116.000  3.4501289300e-01  3.8643630980e-02 
1117.000  3.1600843600e-01  3.2617397310e-02 
1118.000  2.8205039200e-01  2.6883249280e-02 
1119.000  2.5819997200e-01  2.3424425130e-02 
1120.000  2.3803022900e-01  2.0255428310e-02 
1121.000  2.3494563100e-01  1.9666309360e-02 
1122.000  2.1117499000e-01  1.6380521770e-02 
1123.000  2.2502820200e-01  1.8140800480e-02 
1124.000  2.3398335400e-01  1.9315624240e-02 
1125.000  2.2482527900e-01  1.8306425090e-02 
1126.000  2.1877666400e-01  1.7722269060e-02 
1127.000  2.2794570700e-01  1.8600942610e-02 
1128.000  2.2716268200e-01  1.8795291900e-02 
1129.000  2.4998092900e-01  2.2049013140e-02 
1130.000  2.9879199300e-01  2.9762357710e-02 
1131.000  3.1573360200e-01  3.2504364010e-02 
1132.000  2.9776268700e-01  2.9231645580e-02 
1133.000  2.5553722200e-01  2.3011096950e-02 
1134.000  1.8688060500e-01  1.3576334950e-02 
1135.000  1.9453159500e-01  1.4441365240e-02 
1136.000  2.6169610800e-01  2.3921714780e-02 
1137.000  2.9996300600e-01  2.9866411210e-02 
1138.000  3.2047405800e-01  3.4646995540e-02 
1139.000  3.3651302300e-01  3.7415889740e-02 
1140.000  3.3149188500e-01  3.6270572660e-02 
1141.000  3.0993065700e-01  3.2901359560e-02 
1142.000  3.1406830300e-01  3.2944938660e-02 
1143.000  2.9515723600e-01  2.9895557400e-02 
1144.000  2.7787622100e-01  2.7075786590e-02 
1145.000  2.5700791700e-01  2.3605472560e-02 
1146.000  2.6501931900e-01  2.4675500870e-02 
1147.000  2.8412436000e-01  2.7656251910e-02 
1148.000  2.9674070300e-01  2.9999050140e-02 
1149.000  3.0366763600e-01  3.1173339840e-02 
1150.000  3.0241703200e-01  3.1127952580e-02 
1151.000  3.1027880200e-01  3.2736507420e-02 
1152.000  3.1391843100e-01  3.3512027740e-02 
1153.000  3.1960680900e-01  3.4703281400e-02 
1154.000  3.1985375100e-01  3.4604251860e-02 
1155.000  3.3268598600e-01  3.7199672700e-02 
1156.000  3.4114255600e-01  3.9510643010e-02 
1157.000  3.7056230800e-01  4.5744445800e-02 
1158.000  3.8093471700e-01  4.8112251280e-02 
1159.000  3.8415500500e-01  4.9428894040e-02 
1160.000  3.8274376500e-01  4.9618888850e-02 
1161.000  3.8327136400e-01  5.0570316310e-02 
1162.000  4.0359241200e-01  5.3981227870e-02 
1163.000  4.1315978400e-01  5.6143959050e-02 
1164.000  4.0659627600e-01  5.5437751770e-02 
1165.000  4.1494673300e-01  5.6691032410e-02 
1166.000  4.0574140500e-01  5.5640213010e-02 
1167.000  4.1328615400e-01  5.6802928920e-02 
1168.000  4.1649776200e-01  5.7198318480e-02 
1169.000  4.0316261100e-01  5.5494972230e-02 
1170.000  4.1501469600e-01  5.7242431640e-02 
1171.000  4.1968934500e-01  5.8193103790e-02 
1172.000  4.1673811000e-01  5.7607646940e-02 
1173.000  4.1223399100e-01  5.6818462370e-02 
1174.000  4.1253565400e-01  5.6870594020e-02 
1175.000  4.1198627800e-01  5.7259090420e-02 
1176.000  4.0587104000e-01  5.6835247040e-02 
1177.000  4.1654579300e-01  5.8120426180e-02 
1178.000  4.0576380000e-01  5.6203773500e-02 
1179.000  4.0395373600e-01  5.5953662870e-02 
1180.000  4.0826419100e-01  5.6402172090e-02 
1181.000  4.0264722200e-01  5.5250621800e-02 
1182.000  3.9964029200e-01  5.4472885130e-02 
1183.000  3.7684348600e-01  5.1406604770e-02 
1184.000  3.9581723600e-01  5.4200904850e-02 
1185.000  4.0596944600e-01  5.6117145540e-02 
1186.000  4.0210399800e-01  5.5427059170e-02 
1187.000  3.9724020400e-01  5.4237461090e-02 
1188.000  3.9405023200e-01  5.3684463500e-02 
1189.000  3.7392198900e-01  5.1242538450e-02 
1190.000  4.0004827500e-01  5.5652751920e-02 
1191.000  4.0860973100e-01  5.7097415920e-02 
1192.000  4.0968457300e-01  5.7618816380e-02 
1193.000  4.0912794200e-01  5.7450931550e-02 
1194.000  4.0784360100e-01  5.7218875890e-02 
1195.000  4.0003773900e-01  5.5768898010e-02 
1196.000  4.0022773800e-01  5.5849720000e-02 
1197.000  3.9855049000e-01  5.5446468350e-02 
1198.000  3.8482045300e-01  5.3502655030e-02 
1199.000  3.6867993300e-01  5.1062541960e-02 
1200.000  3.9303080100e-01  5.4559043880e-02 
1201.000  3.9628650500e-01  5.5075447080e-02 
1202.000  3.9719941900e-01  5.5297908780e-02 
1203.000  3.7676134100e-01  5.2392520900e-02 
1204.000  3.8361746100e-01  5.3458354950e-02 
1205.000  3.9781325700e-01  5.6035717010e-02 
1206.000  3.9786247200e-01  5.6315662380e-02 
1207.000  4.0154446300e-01  5.6948085780e-02 
1208.000  3.9497248600e-01  5.5921924590e-02 
1209.000  3.6916192700e-01  5.2128131870e-02 
1210.000  3.9299762300e-01  5.5240848540e-02 
1211.000  3.7958232700e-01  5.3322895050e-02 
1212.000  3.9202284900e-01  5.5136371610e-02 
1213.000  3.9562200200e-01  5.5885822300e-02 
1214.000  3.9355634300e-01  5.5564151760e-02 
1215.000  3.9563738900e-01  5.5955341340e-02 
1216.000  3.9740939600e-01  5.6597461700e-02 
1217.000  3.9902511000e-01  5.7172622680e-02 
1218.000  3.9860435800e-01  5.7285545350e-02 
1219.000  3.9537291800e-01  5.6929447170e-02 
1220.000  3.9810973300e-01  5.7329601290e-02 
1221.000  3.9763601100e-01  5.7294296260e-02 
1222.000  3.9561686800e-01  5.7015655520e-02 
1223.000  3.9395078200e-01  5.6822742460e-02 
1224.000  3.9848388000e-01  5.7686809540e-02 
1225.000  3.9660622100e-01  5.7470863340e-02 
1226.000  3.9841029000e-01  5.7809188840e-02 
1227.000  3.8557476000e-01  5.6061344150e-02 
1228.000  3.9844478300e-01  5.8080120090e-02 
1229.000  3.9859645800e-01  5.8218811040e-02 
1230.000  3.9789968700e-01  5.8249088290e-02 
1231.000  3.9826969600e-01  5.8382228850e-02 
1232.000  3.9391452600e-01  5.7781707760e-02 
1233.000  3.9709896200e-01  5.8277614590e-02 
1234.000  3.9677089900e-01  5.8393474580e-02 
1235.000  3.9432274900e-01  5.8097305300e-02 
1236.000  3.9682225200e-01  5.8513813020e-02 
1237.000  3.9707521600e-01  5.8612224580e-02 
1238.000  3.9691900100e-01  5.8620208740e-02 
1239.000  3.9244084500e-01  5.7981647490e-02 
1240.000  3.9066368200e-01  5.7745563510e-02 
1241.000  3.9407362200e-01  5.8263900760e-02 
1242.000  3.9167657000e-01  5.7919761660e-02 
1243.000  3.8721893500e-01  5.7272720340e-02 
1244.000  3.8357565400e-01  5.6729290010e-02 
1245.000  3.9005378800e-01  5.7691261290e-02 
1246.000  3.8689272900e-01  5.7203464510e-02 
1247.000  3.8480708900e-01  5.6870807650e-02 
1248.000  3.8761718100e-01  5.7265670780e-02 
1249.000  3.8611075800e-01  5.7036235810e-02 
1250.000  3.8443035200e-01  5.6768257140e-02 
1251.000  3.8159864800e-01  5.6334568020e-02 
1252.000  3.8015836200e-01  5.6087249760e-02 
1253.000  3.7670156700e-01  5.5538036350e-02 
1254.000  3.7705589500e-01  5.5501571660e-02 
1255.000  3.7596847600e-01  5.5289466860e-02 
1256.000  3.7477002600e-01  5.5075645450e-02 
1257.000  3.6991982600e-01  5.4297882080e-02 
1258.000  3.6999476300e-01  5.4165679930e-02 
1259.000  3.6475576000e-01  5.3288063050e-02 
1260.000  3.6388485700e-01  5.3030944820e-02 
1261.000  3.6166474000e-01  5.2565361020e-02 
1262.000  3.5062428100e-01  5.0718494420e-02 
1263.000  3.5360092200e-01  5.1080642700e-02 
1264.000  3.4725765000e-01  5.0128971100e-02 
1265.000  3.4757960400e-01  5.0161357880e-02 
1266.000  3.4843686700e-01  5.0192050930e-02 
1267.000  3.4035890500e-01  4.8937061310e-02 
1268.000  3.3526958200e-01  4.8122356410e-02 
1269.000  3.3762216100e-01  4.8421920780e-02 
1270.000  3.4580703600e-01  4.9806396480e-02 
1271.000  3.4972901900e-01  5.0446979520e-02 
1272.000  3.5031504300e-01  5.0618358610e-02 
1273.000  3.5147834900e-01  5.0897815700e-02 
1274.000  3.5118044100e-01  5.0997638700e-02 
1275.000  3.5412278600e-01  5.1466339110e-02 
1276.000  3.5520827700e-01  5.1624286650e-02 
1277.000  3.5524859700e-01  5.1595455170e-02 
1278.000  3.5456069800e-01  5.1445766450e-02 
1279.000  3.5253691700e-01  5.1148395540e-02 
1280.000  3.5143891500e-01  5.1089809420e-02 
1281.000  3.4236042500e-01  4.9861968990e-02 
1282.000  3.0478640700e-01  4.4471523280e-02 
1283.000  3.3501514800e-01  4.8911384580e-02 
1284.000  3.4890165300e-01  5.0927391050e-02 
1285.000  3.5174565700e-01  5.1351985930e-02 
1286.000  3.5119904200e-01  5.1186775210e-02 
1287.000  3.5246726400e-01  5.1231346130e-02 
1288.000  3.4697256900e-01  4.9986335750e-02 
1289.000  3.4802374900e-01  4.9987976070e-02 
1290.000  3.3990225000e-01  4.8785839080e-02 
1291.000  3.4513870100e-01  4.9558101650e-02 
1292.000  3.4801156700e-01  5.0092899320e-02 
1293.000  3.4845069400e-01  5.0123317720e-02 
1294.000  3.4150479300e-01  4.8891384120e-02 
1295.000  3.4284882800e-01  4.8753700260e-02 
1296.000  3.4065427700e-01  4.8107139590e-02 
1297.000  3.3655447800e-01  4.7263439180e-02 
1298.000  3.3336271300e-01  4.6758636470e-02 
1299.000  3.3658719400e-01  4.7155319210e-02 
1300.000  3.3489654700e-01  4.6856040950e-02 
1301.000  3.3391580500e-01  4.6615421300e-02 
1302.000  3.2823047800e-01  4.5610656740e-02 
1303.000  3.2225156700e-01  4.4266139980e-02 
1304.000  3.2088267400e-01  4.3845664980e-02 
1305.000  3.2213071300e-01  4.3899490360e-02 
1306.000  3.2191410800e-01  4.3751880650e-02 
1307.000  3.1989895400e-01  4.3335758210e-02 
1308.000  3.1692327400e-01  4.2605133060e-02 
1309.000  3.1298909900e-01  4.1660068510e-02 
1310.000  3.1126354000e-01  4.1364704130e-02 
1311.000  3.1041102600e-01  4.1223945620e-02 
1312.000  3.0498012900e-01  4.0056270600e-02 
1313.000  2.8887163400e-01  3.7455162050e-02 
1314.000  2.9339097700e-01  3.7603939060e-02 
1315.000  2.8561513500e-01  3.6770187380e-02 
1316.000  2.9559448900e-01  3.8317321780e-02 
1317.000  2.9859874800e-01  3.8667884830e-02 
1318.000  2.8920421900e-01  3.6937580110e-02 
1319.000  2.8555742200e-01  3.5774509430e-02 
1320.000  2.7483849500e-01  3.3602882390e-02 
1321.000  2.7030244900e-01  3.2680847170e-02 
1322.000  2.7537534800e-01  3.3790447240e-02 
1323.000  2.8226612600e-01  3.5134635930e-02 
1324.000  2.8553143900e-01  3.5783084870e-02 
1325.000  2.8314629700e-01  3.5267063140e-02 
1326.000  2.7606218200e-01  3.3845718380e-02 
1327.000  2.6152507800e-01  3.0831796650e-02 
1328.000  2.4838662300e-01  2.7835126880e-02 
1329.000  2.1428837900e-01  2.1861995700e-02 
1330.000  2.0823710100e-01  2.0508323670e-02 
1331.000  2.0274814600e-01  1.9497116090e-02 
1332.000  2.0055342800e-01  1.9380996700e-02 
1333.000  2.1156950000e-01  2.0817695620e-02 
1334.000  2.1999354500e-01  2.2181093220e-02 
1335.000  2.2594079600e-01  2.3182571410e-02 
1336.000  2.2583536800e-01  2.3297716140e-02 
1337.000  2.2839125900e-01  2.3600473400e-02 
1338.000  2.3214720200e-01  2.4296030040e-02 
1339.000  2.3266112000e-01  2.4453489300e-02 
1340.000  2.3428393500e-01  2.4893720630e-02 
1341.000  2.3823956400e-01  2.5052659990e-02 
1342.000  2.3814137200e-01  2.5013481140e-02 
1343.000  2.2909893000e-01  2.2863414760e-02 
1344.000  2.1523541500e-01  2.0223564150e-02 
1345.000  1.7806998800e-01  1.4449697490e-02 
1346.000  1.5188901500e-01  1.0804503440e-02 
1347.000  1.3471906600e-01  8.7828073500e-03 
1348.000  1.1168367800e-01  6.1099944110e-03 
1349.000  1.0157901510e-01  5.1661920550e-03 
1350.000  7.9123493900e-02  3.1840496060e-03 
1351.000  6.8307217400e-02  2.4577307700e-03 
1352.000  5.2246328400e-02  1.4581767320e-03 
1353.000  3.7031571200e-02  8.0063724520e-04 
1354.000  2.9610096000e-02  5.3553152080e-04 
1355.000  2.2989714400e-02  3.4384173150e-04 
1356.000  1.7384973900e-02  2.0965552330e-04 
1357.000  1.1883098460e-02  1.0595487800e-04 
1358.000  8.7943135000e-03  6.4817130570e-05 
1359.000  4.6371932800e-03  2.2097118200e-05 
1360.000  3.0667207900e-03  1.1640266520e-05 
1361.000  2.2822911100e-03  6.9378945050e-06 
1362.000  2.1000793400e-03  6.1016674150e-06 
1363.000  3.0298733600e-03  1.0627830400e-05 
1364.000  3.5132279600e-03  1.3292836960e-05 
1365.000  3.6785399200e-03  1.4017759820e-05 
1366.000  4.2481010300e-03  1.7487986010e-05 
1367.000  3.5684728100e-03  1.3703110630e-05 
1368.000  3.1641459100e-03  1.1842075740e-05 
1369.000  3.2446903800e-03  1.2450029140e-05 
1370.000  5.3662074000e-03  2.8780540450e-05 
1371.000  9.5567537000e-03  7.1776628490e-05 
1372.000  1.7696204200e-02  1.9733829800e-04 
1373.000  2.5103545300e-02  3.4706631300e-04 
1374.000  3.0483577000e-02  4.7889697550e-04 
1375.000  3.2500851800e-02  5.3672248130e-04 
1376.000  3.0145877500e-02  4.7568944100e-04 
1377.000  2.6837317000e-02  3.8862082360e-04 
1378.000  2.0455609200e-02  2.4806697670e-04 
1379.000  1.4046725270e-02  1.3418850300e-04 
1380.000  7.9669024800e-03  5.3775221110e-05 
1381.000  4.6085496800e-03  2.2484619170e-05 
1382.000  3.2226958600e-03  1.2706059960e-05 
1383.000  3.1180847100e-03  1.1860352010e-05 
1384.000  5.0718392800e-03  2.5465574120e-05 
1385.000  7.2001220900e-03  4.4457416980e-05 
1386.000  1.0997440280e-02  8.7248630820e-05 
1387.000  2.0206289900e-02  2.3828220370e-04 
1388.000  2.6781617100e-02  3.7260100250e-04 
1389.000  3.0763990300e-02  4.7329723830e-04 
1390.000  3.1403321600e-02  4.9372696880e-04 
1391.000  2.9315370900e-02  4.3834638600e-04 
1392.000  2.2163673600e-02  2.7737626430e-04 
1393.000  1.6942380700e-02  1.8090167640e-04 
1394.000  1.2979797520e-02  1.1811523140e-04 
1395.000  1.4631330300e-02  1.4264668520e-04 
1396.000  2.0077415700e-02  2.3442670700e-04 
1397.000  2.5909781500e-02  3.5467311740e-04 
1398.000  2.6682581800e-02  3.6968532200e-04 
1399.000  2.4913627400e-02  3.3456441760e-04 
1400.000  2.3296358500e-02  3.0342298750e-04 
1401.000  2.4765221100e-02  3.3823415640e-04 
1402.000  3.0702162300e-02  4.6828407050e-04 
1403.000  3.5348550000e-02  6.0212504860e-04 
1404.000  3.3248464500e-02  5.3954350950e-04 
1405.000  3.4827018200e-02  5.9220772980e-04 
1406.000  3.2294436500e-02  5.1643878220e-04 
1407.000  3.3492529600e-02  5.5986225610e-04 
1408.000  4.0143139300e-02  7.4403321740e-04 
1409.000  4.7056885400e-02  9.7542297840e-04 
1410.000  5.7714808300e-02  1.3537245990e-03 
1411.000  6.8649460000e-02  1.8421784640e-03 
1412.000  6.6323241700e-02  1.7714722160e-03 
1413.000  7.3148272200e-02  2.1030201910e-03 
1414.000  7.2119232800e-02  2.0153658390e-03 
1415.000  7.9726733300e-02  2.4326491360e-03 
1416.000  8.5660613400e-02  2.7337913510e-03 
1417.000  8.7866048500e-02  2.8667747970e-03 
1418.000  8.8649040600e-02  2.8844535350e-03 
1419.000  8.8464388500e-02  2.9154863360e-03 
1420.000  9.0565381900e-02  3.0138573650e-03 
1421.000  1.0185880610e-01  3.6698997020e-03 
1422.000  1.0428183840e-01  3.8633754250e-03 
1423.000  1.0544471030e-01  3.9685451980e-03 
1424.000  1.0508636970e-01  3.9268665310e-03 
1425.000  1.0389340130e-01  3.8076164720e-03 
1426.000  1.0016769010e-01  3.6681766510e-03 
1427.000  1.0609753830e-01  3.9991686340e-03 
1428.000  1.1205946840e-01  4.3068757060e-03 
1429.000  1.1366076910e-01  4.4817252160e-03 
1430.000  1.1089682400e-01  4.3658480640e-03 
1431.000  1.0331413300e-01  3.9072155950e-03 
1432.000  1.0101978420e-01  3.7231059070e-03 
1433.000  1.0073509560e-01  3.7015018460e-03 
1434.000  9.6083452200e-02  3.4561018940e-03 
1435.000  1.0315399810e-01  3.8607828620e-03 
1436.000  1.0572267340e-01  4.0208806990e-03 
1437.000  1.0740782840e-01  4.1179318430e-03 
1438.000  1.1387035620e-01  4.5423440930e-03 
1439.000  1.1597179990e-01  4.6401438710e-03 
1440.000  1.1119871320e-01  4.5012607570e-03 
1441.000  1.1810531590e-01  4.8130054470e-03 
1442.000  1.1329018610e-01  4.5583453180e-03 
1443.000  1.1532639210e-01  4.6505041120e-03 
1444.000  1.1792631240e-01  4.8092041020e-03 
1445.000  1.1816241080e-01  4.8355355260e-03 
1446.000  1.2367879750e-01  5.1782727240e-03 
1447.000  1.2705887600e-01  5.4293227200e-03 
1448.000  1.2850693000e-01  5.5127005580e-03 
1449.000  1.2598394050e-01  5.3370475770e-03 
1450.000  1.2047147070e-01  5.0002169610e-03 
1451.000  1.2182021760e-01  5.1168546680e-03 
1452.000  1.2715160700e-01  5.5596618650e-03 
1453.000  1.4168461300e-01  6.5529246330e-03 
1454.000  1.5417432900e-01  7.5302042960e-03 
1455.000  1.6014770600e-01  8.0835628510e-03 
1456.000  1.6725127600e-01  8.7136983870e-03 
1457.000  1.6994111500e-01  8.9013357160e-03 
1458.000  1.7326511500e-01  9.1393566130e-03 
1459.000  1.6839739800e-01  8.7088174820e-03 
1460.000  1.6072117500e-01  8.1698560710e-03 
1461.000  1.5763835500e-01  7.9573221210e-03 
1462.000  1.4915052000e-01  7.3390173910e-03 
1463.000  1.4816170000e-01  7.3184647560e-03 
1464.000  1.4624795400e-01  7.1859636310e-03 
1465.000  1.4300353700e-01  6.8965120320e-03 
1466.000  1.3327592900e-01  6.2696008680e-03 
1467.000  1.3230944500e-01  6.1169114110e-03 
1468.000  1.2416799760e-01  5.6257228850e-03 
1469.000  1.1778770150e-01  5.1427693370e-03 
1470.000  1.1437669140e-01  4.9378089900e-03 
1471.000  1.2137669010e-01  5.5355081560e-03 
1472.000  1.3365601000e-01  6.4887375830e-03 
1473.000  1.5020291500e-01  7.8485083580e-03 
1474.000  1.5743903300e-01  8.6808137890e-03 
1475.000  1.6023857300e-01  8.8861207960e-03 
1476.000  1.6049936900e-01  8.9536561970e-03 
1477.000  1.5705926100e-01  8.6903886800e-03 
1478.000  1.5091727100e-01  8.2851409910e-03 
1479.000  1.4792419800e-01  8.0078954700e-03 
1480.000  1.5100555300e-01  8.3354015350e-03 
1481.000  1.5382901200e-01  8.7246427540e-03 
1482.000  1.6077857900e-01  9.3918180470e-03 
1483.000  1.5899970000e-01  9.4016723630e-03 
1484.000  1.6003105600e-01  9.5322771070e-03 
1485.000  1.6233162400e-01  9.6972064970e-03 
1486.000  1.6370490700e-01  1.0039299010e-02 
1487.000  1.7372649300e-01  1.1157305720e-02 
1488.000  1.5224671400e-01  9.8739299770e-03 
1489.000  1.8683462100e-01  1.2834784510e-02 
1490.000  1.9766877000e-01  1.4253880500e-02 
1491.000  2.0473146200e-01  1.5182027820e-02 
1492.000  2.0101963100e-01  1.5068880080e-02 
1493.000  2.0845025200e-01  1.5928634640e-02 
1494.000  2.0814679700e-01  1.6046850200e-02 
1495.000  2.0987084000e-01  1.6495096210e-02 
1496.000  2.0950813200e-01  1.6892503740e-02 
1497.000  2.1461760100e-01  1.7453556060e-02 
1498.000  2.2169769800e-01  1.8437337880e-02 
1499.000  2.2268716400e-01  1.8920154570e-02 
1500.000  2.2955498100e-01  1.9846233370e-02 
1501.000  2.2824972100e-01  1.9777387620e-02 
1502.000  2.2456952200e-01  1.9462854390e-02 
1503.000  2.0061307200e-01  1.7417669300e-02 
1504.000  2.0994761800e-01  1.8392160420e-02 
1505.000  2.1257051800e-01  1.8923852920e-02 
1506.000  2.1550230900e-01  1.9302381520e-02 
1507.000  2.2832003000e-01  2.0754562380e-02 
1508.000  2.2631255900e-01  2.0789255140e-02 
1509.000  2.2883710200e-01  2.1250858310e-02 
1510.000  2.3293845000e-01  2.1792655940e-02 
1511.000  2.3508592900e-01  2.2172302250e-02 
1512.000  2.3140066400e-01  2.1970705030e-02 
1513.000  2.3131090700e-01  2.2086950300e-02 
1514.000  2.2814455600e-01  2.1880733490e-02 
1515.000  2.3345056900e-01  2.2545837400e-02 
1516.000  2.3154504000e-01  2.2473953250e-02 
1517.000  2.3092474100e-01  2.2559019090e-02 
1518.000  2.3664708200e-01  2.3325134280e-02 
1519.000  2.3486578800e-01  2.3374801640e-02 
1520.000  2.3846618000e-01  2.4006641390e-02 
1521.000  2.3507724800e-01  2.3833827970e-02 
1522.000  2.3371779900e-01  2.3774370190e-02 
1523.000  2.3974391600e-01  2.4496650700e-02 
1524.000  2.3766048500e-01  2.4334342960e-02 
1525.000  2.3192501800e-01  2.3791099550e-02 
1526.000  2.3856062000e-01  2.4551984790e-02 
1527.000  2.3644854100e-01  2.4447177890e-02 
1528.000  2.3855003600e-01  2.4795782090e-02 
1529.000  2.3780418000e-01  2.4787937160e-02 
1530.000  2.2295106500e-01  2.3357278820e-02 
1531.000  2.3859478900e-01  2.5115535740e-02 
1532.000  2.3745838700e-01  2.5120199200e-02 
1533.000  2.3649745900e-01  2.5122270580e-02 
1534.000  2.3302026900e-01  2.4851232530e-02 
1535.000  2.3400825500e-01  2.5057252880e-02 
1536.000  2.3714115400e-01  2.5481624600e-02 
1537.000  2.3807865000e-01  2.5696926120e-02 
1538.000  2.3175242900e-01  2.5130996700e-02 
1539.000  2.3676796400e-01  2.5789632800e-02 
1540.000  2.2821988500e-01  2.4955894470e-02 
1541.000  2.3303300000e-01  2.5562259670e-02 
1542.000  2.3442065300e-01  2.5786808010e-02 
1543.000  2.3378321100e-01  2.5800449370e-02 
1544.000  2.3678694800e-01  2.6224815370e-02 
1545.000  2.3769635600e-01  2.6434360500e-02 
1546.000  2.3791568400e-01  2.6565994260e-02 
1547.000  2.3560565700e-01  2.6408693310e-02 
1548.000  2.2864741700e-01  2.5719160080e-02 
1549.000  2.3450817200e-01  2.6457736970e-02 
1550.000  2.3319081000e-01  2.6383705140e-02 
1551.000  2.3196343100e-01  2.6300909040e-02 
1552.000  2.3591769600e-01  2.6806827550e-02 
1553.000  2.3468499500e-01  2.6732805250e-02 
1554.000  2.2608646600e-01  2.5808092120e-02 
1555.000  2.2985970800e-01  2.6309247970e-02 
1556.000  2.2547180400e-01  2.5878314970e-02 
1557.000  2.3285459700e-01  2.6803224560e-02 
1558.000  2.3101144700e-01  2.6655059810e-02 
1559.000  2.3102972000e-01  2.6718374250e-02 
1560.000  2.2704035400e-01  2.6326650620e-02 
1561.000  2.3233930800e-01  2.6990205760e-02 
1562.000  2.3223144600e-01  2.7012668610e-02 
1563.000  2.2876023100e-01  2.6652025220e-02 
1564.000  2.2410206300e-01  2.6142375950e-02 
1565.000  2.2735554700e-01  2.6548074720e-02 
1566.000  2.2304816300e-01  2.6100263600e-02 
1567.000  2.2269036000e-01  2.6079296110e-02 
1568.000  2.1753466100e-01  2.5478513720e-02 
1569.000  2.1771615200e-01  2.5495771410e-02 
1570.000  2.1165988100e-01  2.4798709870e-02 
1571.000  2.1733143200e-01  2.5507991790e-02 
1572.000  2.1716534100e-01  2.5520174030e-02 
1573.000  2.1386707400e-01  2.5191333770e-02 
1574.000  2.1471046600e-01  2.5361572270e-02 
1575.000  1.9948613900e-01  2.3618461610e-02 
1576.000  2.1431424200e-01  2.5413772580e-02 
1577.000  1.9359281100e-01  2.2992218020e-02 
1578.000  2.1194340000e-01  2.5210901260e-02 
1579.000  2.1326672900e-01  2.5416938780e-02 
1580.000  2.1781689500e-01  2.6023954390e-02 
1581.000  2.1637287300e-01  2.5899532320e-02 
1582.000  2.1222298500e-01  2.5490808490e-02 
1583.000  2.1502887200e-01  2.5913728710e-02 
1584.000  2.1329710800e-01  2.5792518620e-02 
1585.000  2.1974525300e-01  2.6652362820e-02 
1586.000  2.1698586300e-01  2.6375789640e-02 
1587.000  2.1472509100e-01  2.6178182600e-02 
1588.000  2.1157512900e-01  2.5867557530e-02 
1589.000  1.9356947900e-01  2.3715532300e-02 
1590.000  2.0854128700e-01  2.5597692490e-02 
1591.000  2.0386998400e-01  2.5059251790e-02 
1592.000  2.1454600200e-01  2.6392320630e-02 
1593.000  2.1916179600e-01  2.6974714280e-02 
1594.000  2.1728661900e-01  2.6759641650e-02 
1595.000  2.1825949200e-01  2.6897813800e-02 
1596.000  2.0445115100e-01  2.5231824870e-02 
1597.000  2.1204228900e-01  2.6177833560e-02 
1598.000  2.1495706300e-01  2.6536458970e-02 
1599.000  2.0651916500e-01  2.5484655380e-02 
1600.000  2.0897149100e-01  2.5785839080e-02 
1601.000  2.0017429300e-01  2.4733257290e-02 
1602.000  2.0504174100e-01  2.5370449070e-02 
1603.000  2.0381398800e-01  2.5279211040e-02 
1604.000  2.0685896000e-01  2.5725194930e-02 
1605.000  2.0380024600e-01  2.5383768080e-02 
1606.000  2.0316168700e-01  2.5350738530e-02 
1607.000  2.0384932600e-01  2.5448911670e-02 
1608.000  2.0604376500e-01  2.5736251830e-02 
1609.000  2.0525172300e-01  2.5662303920e-02 
1610.000  1.9259102500e-01  2.4106714250e-02 
1611.000  1.9873848000e-01  2.4929328920e-02 
1612.000  2.0120718300e-01  2.5296045300e-02 
1613.000  2.0622742100e-01  2.5983657840e-02 
1614.000  2.0420293500e-01  2.5750387190e-02 
1615.000  2.0797479400e-01  2.6275407790e-02 
1616.000  1.9525560600e-01  2.4707042690e-02 
1617.000  2.0136043200e-01  2.5543657300e-02 
1618.000  2.0763407000e-01  2.6374410630e-02 
1619.000  2.0735283600e-01  2.6404247280e-02 
1620.000  2.0246230200e-01  2.5844102860e-02 
1621.000  1.9973555700e-01  2.5543678280e-02 
1622.000  2.0476234400e-01  2.6209112170e-02 
1623.000  2.0904363300e-01  2.6791713710e-02 
1624.000  2.1057193400e-01  2.7015930180e-02 
1625.000  2.0555722300e-01  2.6426603320e-02 
1626.000  2.0785799600e-01  2.6718973160e-02 
1627.000  2.0761954700e-01  2.6718467710e-02 
1628.000  2.0919699900e-01  2.6937122340e-02 
1629.000  2.0906045500e-01  2.6932256700e-02 
1630.000  2.0319704000e-01  2.6178131100e-02 
1631.000  2.0637464600e-01  2.6602552410e-02 
1632.000  2.0620193300e-01  2.6557024000e-02 
1633.000  2.0348117000e-01  2.6207286830e-02 
1634.000  1.9851969200e-01  2.5558933260e-02 
1635.000  2.0384102600e-01  2.6247877120e-02 
1636.000  2.0307497200e-01  2.6144453050e-02 
1637.000  1.9376329900e-01  2.4939535140e-02 
1638.000  1.9234770100e-01  2.4761957170e-02 
1639.000  1.9006499400e-01  2.4449836730e-02 
1640.000  1.9101117400e-01  2.4569082260e-02 
1641.000  1.8964743400e-01  2.4396368030e-02 
1642.000  1.8940963000e-01  2.4402853010e-02 
1643.000  1.9420940800e-01  2.5049034120e-02 
1644.000  1.9113738300e-01  2.4676172260e-02 
1645.000  1.9143604800e-01  2.4731990810e-02 
1646.000  1.9373609100e-01  2.5064443590e-02 
1647.000  1.9553706200e-01  2.5317815780e-02 
1648.000  1.9465367200e-01  2.5210687640e-02 
1649.000  1.9018113300e-01  2.4648216250e-02 
1650.000  1.9500018800e-01  2.5295238490e-02 
1651.000  1.9064651500e-01  2.4738239290e-02 
1652.000  1.9443704900e-01  2.5227138520e-02 
1653.000  1.9243534700e-01  2.4986488340e-02 
1654.000  1.9459372100e-01  2.5278703690e-02 
1655.000  1.9090841600e-01  2.4824089050e-02 
1656.000  1.9473214400e-01  2.5340560910e-02 
1657.000  1.9331773800e-01  2.5168043140e-02 
1658.000  1.9453668900e-01  2.5351268770e-02 
1659.000  1.9099861400e-01  2.4901924130e-02 
1660.000  1.9320601900e-01  2.5188749310e-02 
1661.000  1.9395966000e-01  2.5284440990e-02 
1662.000  1.9250195700e-01  2.5076011660e-02 
1663.000  1.9122756600e-01  2.4906549450e-02 
1664.000  1.9033545100e-01  2.4785341260e-02 
1665.000  1.8839505200e-01  2.4521833420e-02 
1666.000  1.8762529600e-01  2.4438156130e-02 
1667.000  1.8954162400e-01  2.4730146410e-02 
1668.000  1.8633029700e-01  2.4321695330e-02 
1669.000  1.8685531200e-01  2.4411016460e-02 
1670.000  1.9105615100e-01  2.4981458660e-02 
1671.000  1.8965846300e-01  2.4806562420e-02 
1672.000  1.8067553600e-01  2.3642511370e-02 
1673.000  1.8583681400e-01  2.4310440060e-02 
1674.000  1.8658603500e-01  2.4407777790e-02 
1675.000  1.8485327400e-01  2.4192222600e-02 
1676.000  1.8186460300e-01  2.3799196240e-02 
1677.000  1.8279518300e-01  2.3924869540e-02 
1678.000  1.8380770300e-01  2.4070341110e-02 
1679.000  1.8136651700e-01  2.3749288560e-02 
1680.000  1.7515014100e-01  2.2947332380e-02 
1681.000  1.6907891300e-01  2.2156309130e-02 
1682.000  1.7396229100e-01  2.2793006900e-02 
1683.000  1.7825264400e-01  2.3345586780e-02 
1684.000  1.8154687300e-01  2.3768507000e-02 
1685.000  1.8206627700e-01  2.3808654790e-02 
1686.000  1.7987001600e-01  2.3515684130e-02 
1687.000  1.8056490200e-01  2.3561174390e-02 
1688.000  1.8065782900e-01  2.3535369870e-02 
1689.000  1.7847864800e-01  2.3244211200e-02 
1690.000  1.7833318500e-01  2.3181955340e-02 
1691.000  1.8064033600e-01  2.3472496030e-02 
1692.000  1.8096559400e-01  2.3510543820e-02 
1693.000  1.8032568500e-01  2.3429584500e-02 
1694.000  1.8005636400e-01  2.3390546800e-02 
1695.000  1.8010248200e-01  2.3370893480e-02 
1696.000  1.7904840900e-01  2.3218645100e-02 
1697.000  1.7792179500e-01  2.3042215350e-02 
1698.000  1.7897699600e-01  2.3155504230e-02 
1699.000  1.7782127700e-01  2.2989543910e-02 
1700.000  1.7556991400e-01  2.2683534620e-02 
