 lambda   Irr_dw            Rad_up 
 550.000  1.5443298000e+00  1.9197348020e-01 
 551.000  1.5340606000e+00  1.9065911870e-01 
 552.000  1.5994850000e+00  1.9881025700e-01 
 553.000  1.5362218000e+00  1.9089561460e-01 
 554.000  1.5858114000e+00  1.9706304930e-01 
 555.000  1.5896891000e+00  1.9747746280e-01 
 556.000  1.5453303000e+00  1.9190373230e-01 
 557.000  1.4989851000e+00  1.8615647890e-01 
 558.000  1.5554281000e+00  1.9309986880e-01 
 559.000  1.4697688000e+00  1.8243333440e-01 
 560.000  1.4757979000e+00  1.8318298340e-01 
 561.000  1.6215132000e+00  2.0121696470e-01 
 562.000  1.4880229000e+00  1.8463819890e-01 
 563.000  1.5563986000e+00  1.9307170100e-01 
 564.000  1.5341016000e+00  1.9021920780e-01 
 565.000  1.5519785000e+00  1.9242463680e-01 
 566.000  1.4305586000e+00  1.7732812500e-01 
 567.000  1.5341027000e+00  1.8997045900e-01 
 568.000  1.5295072000e+00  1.8876510620e-01 
 569.000  1.4977322000e+00  1.8346223450e-01 
 570.000  1.5054069000e+00  1.8461328120e-01 
 571.000  1.4524539000e+00  1.7907008360e-01 
 572.000  1.5342318000e+00  1.8821514890e-01 
 573.000  1.5503966000e+00  1.9046710210e-01 
 574.000  1.5417001000e+00  1.8944720460e-01 
 575.000  1.5037299000e+00  1.8468399050e-01 
 576.000  1.4762229000e+00  1.8125997920e-01 
 577.000  1.5374501000e+00  1.8898873900e-01 
 578.000  1.4926643000e+00  1.8386621090e-01 
 579.000  1.4812427000e+00  1.8262835690e-01 
 580.000  1.5322141000e+00  1.8910040280e-01 
 581.000  1.5045497000e+00  1.8593336490e-01 
 582.000  1.5269966000e+00  1.8874891660e-01 
 583.000  1.5374580000e+00  1.9008728030e-01 
 584.000  1.5323959000e+00  1.8939900210e-01 
 585.000  1.5221179000e+00  1.8806394960e-01 
 586.000  1.4565318000e+00  1.7995462040e-01 
 587.000  1.5131474000e+00  1.8637850950e-01 
 588.000  1.4967587000e+00  1.8245278930e-01 
 589.000  1.3261872000e+00  1.5924575810e-01 
 590.000  1.3845719000e+00  1.6610997010e-01 
 591.000  1.4714113000e+00  1.7825454710e-01 
 592.000  1.4429486000e+00  1.7382414250e-01 
 593.000  1.4583867000e+00  1.7766128540e-01 
 594.000  1.4715147000e+00  1.7880462650e-01 
 595.000  1.4430497000e+00  1.7392855830e-01 
 596.000  1.4790441000e+00  1.8032821660e-01 
 597.000  1.4833306000e+00  1.8035966490e-01 
 598.000  1.4530398000e+00  1.7755546570e-01 
 599.000  1.4534197000e+00  1.7797534180e-01 
 600.000  1.4538396000e+00  1.7884867860e-01 
 601.000  1.4457101000e+00  1.7845120240e-01 
 602.000  1.4298970000e+00  1.7668476870e-01 
 603.000  1.4385172000e+00  1.7798057560e-01 
 604.000  1.4840650000e+00  1.8382833860e-01 
 605.000  1.4802274000e+00  1.8337345890e-01 
 606.000  1.4630129000e+00  1.8131739810e-01 
 607.000  1.4547252000e+00  1.8029481510e-01 
 608.000  1.4493224000e+00  1.7961042790e-01 
 609.000  1.4343820000e+00  1.7778715520e-01 
 610.000  1.4113455000e+00  1.7491516110e-01 
 611.000  1.4341929000e+00  1.7776483150e-01 
 612.000  1.4154522000e+00  1.7546343990e-01 
 613.000  1.3947053000e+00  1.7287976070e-01 
 614.000  1.3438081000e+00  1.6660095210e-01 
 615.000  1.4086500000e+00  1.7460646060e-01 
 616.000  1.3392903000e+00  1.6604148860e-01 
 617.000  1.3467923000e+00  1.6698349000e-01 
 618.000  1.4102684000e+00  1.7480389400e-01 
 619.000  1.3972849000e+00  1.7323590090e-01 
 620.000  1.4178579000e+00  1.7572891240e-01 
 621.000  1.4421682000e+00  1.7874250790e-01 
 622.000  1.3660327000e+00  1.6927313230e-01 
 623.000  1.3766053000e+00  1.7049365230e-01 
 624.000  1.3780105000e+00  1.7070001220e-01 
 625.000  1.3406154000e+00  1.6605957030e-01 
 626.000  1.3473251000e+00  1.6672753910e-01 
 627.000  1.3696575000e+00  1.6882028200e-01 
 628.000  1.3507781000e+00  1.6522410580e-01 
 629.000  1.3848956000e+00  1.6985987850e-01 
 630.000  1.3389863000e+00  1.6483703610e-01 
 631.000  1.3881726000e+00  1.7108651730e-01 
 632.000  1.2929272000e+00  1.5883489990e-01 
 633.000  1.3879836000e+00  1.7118531800e-01 
 634.000  1.3463151000e+00  1.6626866150e-01 
 635.000  1.3709006000e+00  1.6930641170e-01 
 636.000  1.3225995000e+00  1.6347099300e-01 
 637.000  1.3662302000e+00  1.6895448300e-01 
 638.000  1.3875345000e+00  1.7190556340e-01 
 639.000  1.3760432000e+00  1.7042515560e-01 
 640.000  1.3328717000e+00  1.6532188420e-01 
 641.000  1.3520889000e+00  1.6769708250e-01 
 642.000  1.3358548000e+00  1.6579742430e-01 
 643.000  1.3591397000e+00  1.6845739750e-01 
 644.000  1.3435231000e+00  1.6648260500e-01 
 645.000  1.3551544000e+00  1.6762536620e-01 
 646.000  1.3032352000e+00  1.5981417850e-01 
 647.000  1.3207372000e+00  1.6101428220e-01 
 648.000  1.3182142000e+00  1.5977835080e-01 
 649.000  1.3444679000e+00  1.6375119020e-01 
 650.000  1.2461200900e+00  1.5337487790e-01 
 651.000  1.3422790000e+00  1.6521060180e-01 
 652.000  1.3161168000e+00  1.6052040100e-01 
 653.000  1.3429279000e+00  1.6552145390e-01 
 654.000  1.3252845000e+00  1.6309648130e-01 
 655.000  1.2902104200e+00  1.5816409300e-01 
 656.000  1.0953899500e+00  1.3445265200e-01 
 657.000  1.1691379400e+00  1.4381555180e-01 
 658.000  1.3023522300e+00  1.6083715820e-01 
 659.000  1.3055316900e+00  1.6156100460e-01 
 660.000  1.3157773600e+00  1.6299771120e-01 
 661.000  1.3216336000e+00  1.6421421810e-01 
 662.000  1.3406756000e+00  1.6679406740e-01 
 663.000  1.3257416000e+00  1.6487266540e-01 
 664.000  1.3046720100e+00  1.6233056640e-01 
 665.000  1.3103371700e+00  1.6309483340e-01 
 666.000  1.3261164100e+00  1.6519334410e-01 
 667.000  1.2997871600e+00  1.6193457030e-01 
 668.000  1.3071658800e+00  1.6298667910e-01 
 669.000  1.3257979100e+00  1.6538021850e-01 
 670.000  1.3102324200e+00  1.6340327450e-01 
 671.000  1.2960454800e+00  1.6168545530e-01 
 672.000  1.2919221500e+00  1.6118365480e-01 
 673.000  1.3011276400e+00  1.6233670040e-01 
 674.000  1.3036249800e+00  1.6267713930e-01 
 675.000  1.2837102800e+00  1.6018717960e-01 
 676.000  1.3079206300e+00  1.6323358150e-01 
 677.000  1.2818794000e+00  1.6001589970e-01 
 678.000  1.3030759900e+00  1.6266325380e-01 
 679.000  1.2846529400e+00  1.6034001160e-01 
 680.000  1.2747529400e+00  1.5906785580e-01 
 681.000  1.2760783600e+00  1.5917124940e-01 
 682.000  1.2734033700e+00  1.5879359440e-01 
 683.000  1.2817248500e+00  1.5977101140e-01 
 684.000  1.2585270800e+00  1.5679736330e-01 
 685.000  1.2727273800e+00  1.5863018800e-01 
 686.000  1.2166481400e+00  1.5137109380e-01 
 687.000  1.1246266100e+00  1.3552682500e-01 
 688.000  1.1546014400e+00  1.4058883670e-01 
 689.000  1.1490756500e+00  1.3949557500e-01 
 690.000  1.1697138600e+00  1.4278419490e-01 
 691.000  1.1934946700e+00  1.4645961000e-01 
 692.000  1.1965987300e+00  1.4690177920e-01 
 693.000  1.1955127500e+00  1.4487992860e-01 
 694.000  1.1975194000e+00  1.4346401980e-01 
 695.000  1.1846560300e+00  1.4275379940e-01 
 696.000  1.2031288200e+00  1.4552224730e-01 
 697.000  1.2262141500e+00  1.5123379520e-01 
 698.000  1.1990018600e+00  1.4721505740e-01 
 699.000  1.2022311100e+00  1.4507431030e-01 
 700.000  1.1911270100e+00  1.4411976620e-01 
 701.000  1.1602755500e+00  1.3982466130e-01 
 702.000  1.1574373800e+00  1.3987355040e-01 
 703.000  1.1890614900e+00  1.4575811770e-01 
 704.000  1.1930193100e+00  1.4634710690e-01 
 705.000  1.1956563700e+00  1.4579023740e-01 
 706.000  1.1841022300e+00  1.4455619810e-01 
 707.000  1.1684193900e+00  1.4295884700e-01 
 708.000  1.2047294200e+00  1.4774960330e-01 
 709.000  1.1667209500e+00  1.4376924130e-01 
 710.000  1.1880409600e+00  1.4562132260e-01 
 711.000  1.1814530500e+00  1.4556579590e-01 
 712.000  1.1694645400e+00  1.4476077270e-01 
 713.000  1.1607020800e+00  1.4314210510e-01 
 714.000  1.1790435300e+00  1.4518740840e-01 
 715.000  1.1317889100e+00  1.3851029970e-01 
 716.000  1.1549986000e+00  1.4046047970e-01 
 717.000  1.0824118400e+00  1.2685120390e-01 
 718.000  1.0497982000e+00  1.2022187810e-01 
 719.000  1.0280005900e+00  1.1669346620e-01 
 720.000  1.0210905200e+00  1.1452452850e-01 
 721.000  1.0824050800e+00  1.2812780760e-01 
 722.000  1.1200534800e+00  1.3507591250e-01 
 723.000  1.1047227700e+00  1.3180429080e-01 
 724.000  1.0745887000e+00  1.2437456510e-01 
 725.000  1.0681008000e+00  1.2417485050e-01 
 726.000  1.0642874000e+00  1.2357714840e-01 
 727.000  1.0850847300e+00  1.2652677920e-01 
 728.000  1.0606980100e+00  1.2314875030e-01 
 729.000  1.0316683300e+00  1.2117807010e-01 
 730.000  1.0672079000e+00  1.2513391110e-01 
 731.000  1.0465915400e+00  1.2248521420e-01 
 732.000  1.0892116900e+00  1.2996043400e-01 
 733.000  1.0939513400e+00  1.3305326840e-01 
 734.000  1.1270058600e+00  1.3834339900e-01 
 735.000  1.1141037500e+00  1.3630853270e-01 
 736.000  1.0865585400e+00  1.3216261290e-01 
 737.000  1.1058006100e+00  1.3510337830e-01 
 738.000  1.1095745200e+00  1.3643234250e-01 
 739.000  1.0764459900e+00  1.3275221250e-01 
 740.000  1.0929140900e+00  1.3562568660e-01 
 741.000  1.0877889100e+00  1.3553520200e-01 
 742.000  1.0713167100e+00  1.3371348570e-01 
 743.000  1.1060838500e+00  1.3855461120e-01 
 744.000  1.1179588500e+00  1.4028959660e-01 
 745.000  1.0899626200e+00  1.3697515870e-01 
 746.000  1.1059519400e+00  1.3911340330e-01 
 747.000  1.1226138400e+00  1.4122457890e-01 
 748.000  1.1032024900e+00  1.3888069150e-01 
 749.000  1.1036953600e+00  1.3900335690e-01 
 750.000  1.0871377100e+00  1.3686199950e-01 
 751.000  1.0843437500e+00  1.3653210450e-01 
 752.000  1.1014394100e+00  1.3879600520e-01 
 753.000  1.0911846800e+00  1.3754852290e-01 
 754.000  1.1083709400e+00  1.3975129700e-01 
 755.000  1.1020204600e+00  1.3897343440e-01 
 756.000  1.0804602300e+00  1.3627813720e-01 
 757.000  1.0884177900e+00  1.3730238340e-01 
 758.000  1.0861249400e+00  1.3697531130e-01 
 759.000  1.0036006000e+00  1.2441474910e-01 
 760.000  5.1217963000e-01  5.3431762700e-02 
 761.000  4.6264107000e-01  4.7101047520e-02 
 762.000  7.3909572000e-01  8.4985763550e-02 
 763.000  6.7046563000e-01  7.4570732120e-02 
 764.000  7.1674018000e-01  8.1051803590e-02 
 765.000  8.1872273000e-01  9.6103195190e-02 
 766.000  8.8565347000e-01  1.0770351410e-01 
 767.000  9.4932788000e-01  1.1725833890e-01 
 768.000  1.0202505700e+00  1.2732524870e-01 
 769.000  1.0378682000e+00  1.3042481990e-01 
 770.000  1.0429212800e+00  1.3149462890e-01 
 771.000  1.0485124600e+00  1.3245870970e-01 
 772.000  1.0455876600e+00  1.3216899110e-01 
 773.000  1.0416661100e+00  1.3172058110e-01 
 774.000  1.0531414100e+00  1.3321745300e-01 
 775.000  1.0137267500e+00  1.2827111820e-01 
 776.000  1.0555742900e+00  1.3362393190e-01 
 777.000  1.0482480500e+00  1.3271049500e-01 
 778.000  1.0425963000e+00  1.3199188230e-01 
 779.000  1.0459598800e+00  1.3241023250e-01 
 780.000  1.0329867600e+00  1.3079599000e-01 
 781.000  1.0313886800e+00  1.3063911440e-01 
 782.000  1.0437886800e+00  1.3218402100e-01 
 783.000  1.0193707400e+00  1.2914695740e-01 
 784.000  1.0249242000e+00  1.2981742860e-01 
 785.000  1.0267597600e+00  1.2984469600e-01 
 786.000  1.0077480100e+00  1.2718682100e-01 
 787.000  1.0196112900e+00  1.2803646850e-01 
 788.000  1.0027223300e+00  1.2562477110e-01 
 789.000  1.0027823700e+00  1.2454988860e-01 
 790.000  9.9213232000e-01  1.2313093570e-01 
 791.000  9.8810346000e-01  1.2285565190e-01 
 792.000  9.7342182000e-01  1.2120745090e-01 
 793.000  9.7473278000e-01  1.2181643680e-01 
 794.000  9.6957312000e-01  1.2213329320e-01 
 795.000  9.6132827000e-01  1.2049037930e-01 
 796.000  9.6963115000e-01  1.2013558200e-01 
 797.000  9.7802589000e-01  1.2161785130e-01 
 798.000  9.8364453000e-01  1.2326622770e-01 
 799.000  9.8166690000e-01  1.2279764560e-01 
 800.000  9.5238981000e-01  1.1848551180e-01 
 801.000  9.7059810000e-01  1.2084571840e-01 
 802.000  9.6825428000e-01  1.2048495480e-01 
 803.000  9.5497315000e-01  1.1895463560e-01 
 804.000  9.6532171000e-01  1.2060130310e-01 
 805.000  9.4214533000e-01  1.1833249660e-01 
 806.000  9.6962937000e-01  1.2215382390e-01 
 807.000  9.6371314000e-01  1.2145983890e-01 
 808.000  9.5687692000e-01  1.2038305660e-01 
 809.000  9.3921895000e-01  1.1791512300e-01 
 810.000  9.3340103000e-01  1.1691083530e-01 
 811.000  9.4498142000e-01  1.1783386990e-01 
 812.000  9.3718276000e-01  1.1614405820e-01 
 813.000  9.2734336000e-01  1.1404687500e-01 
 814.000  9.1825242000e-01  1.1187490080e-01 
 815.000  8.9849918000e-01  1.0819119260e-01 
 816.000  8.7748554000e-01  1.0411730960e-01 
 817.000  8.8352200000e-01  1.0491517640e-01 
 818.000  8.7921774000e-01  1.0450680540e-01 
 819.000  8.5969568000e-01  1.0273995210e-01 
 820.000  8.5722052000e-01  1.0415516660e-01 
 821.000  9.0237621000e-01  1.1173020940e-01 
 822.000  8.6453075000e-01  1.0548424530e-01 
 823.000  8.4050859000e-01  9.8641876220e-02 
 824.000  8.8377072000e-01  1.0720616150e-01 
 825.000  9.0152142000e-01  1.1185536190e-01 
 826.000  9.0385409000e-01  1.1171910860e-01 
 827.000  8.9847906000e-01  1.1074134830e-01 
 828.000  8.8412705000e-01  1.0741934970e-01 
 829.000  8.8816926000e-01  1.0846157070e-01 
 830.000  8.7896816000e-01  1.0797825620e-01 
 831.000  8.6461822000e-01  1.0637384030e-01 
 832.000  8.8273861000e-01  1.0868051910e-01 
 833.000  8.5794389000e-01  1.0604585270e-01 
 834.000  8.7371208000e-01  1.0845328520e-01 
 835.000  8.8108001000e-01  1.1021304320e-01 
 836.000  8.8949218000e-01  1.1105946350e-01 
 837.000  8.8189785000e-01  1.1008145140e-01 
 838.000  8.8769569000e-01  1.1126848600e-01 
 839.000  8.6146340000e-01  1.0824318700e-01 
 840.000  8.8503822000e-01  1.1129105380e-01 
 841.000  8.8582582000e-01  1.1110793300e-01 
 842.000  8.8158050000e-01  1.1083450320e-01 
 843.000  8.7853924000e-01  1.1113990020e-01 
 844.000  8.6525753000e-01  1.0976660160e-01 
 845.000  8.7895856000e-01  1.1165624240e-01 
 846.000  8.8735795000e-01  1.1291120150e-01 
 847.000  8.5736860000e-01  1.0929447170e-01 
 848.000  8.8158458000e-01  1.1210990140e-01 
 849.000  8.8330878000e-01  1.1241504670e-01 
 850.000  7.6327761000e-01  9.7002159120e-02 
 851.000  8.7388021000e-01  1.1089516450e-01 
 852.000  8.4077397000e-01  1.0674884800e-01 
 853.000  8.5129109000e-01  1.0830750270e-01 
 854.000  6.8435009000e-01  8.7084304810e-02 
 855.000  7.5365178000e-01  9.6047340390e-02 
 856.000  8.5581602000e-01  1.0930062100e-01 
 857.000  8.6971005000e-01  1.1124298100e-01 
 858.000  8.5587718000e-01  1.0953221130e-01 
 859.000  8.5595988000e-01  1.0967896270e-01 
 860.000  8.4840137000e-01  1.0880647280e-01 
 861.000  8.4828903000e-01  1.0880836490e-01 
 862.000  8.4551487000e-01  1.0847089390e-01 
 863.000  8.6166960000e-01  1.1060795590e-01 
 864.000  8.5994667000e-01  1.1035995480e-01 
 865.000  8.4392573000e-01  1.0839390560e-01 
 866.000  7.0787597000e-01  9.0956985470e-02 
 867.000  7.5379712000e-01  9.6782272340e-02 
 868.000  8.1751788000e-01  1.0502083590e-01 
 869.000  8.0604006000e-01  1.0356364440e-01 
 870.000  8.3927410000e-01  1.0789722440e-01 
 871.000  8.3808258000e-01  1.0773616790e-01 
 872.000  8.3470544000e-01  1.0723223110e-01 
 873.000  8.3803586000e-01  1.0771963500e-01 
 874.000  8.1965135000e-01  1.0533217620e-01 
 875.000  8.1210437000e-01  1.0444001770e-01 
 876.000  8.1882839000e-01  1.0526639560e-01 
 877.000  8.3513246000e-01  1.0730901340e-01 
 878.000  8.2072200000e-01  1.0544429020e-01 
 879.000  8.2261801000e-01  1.0572409060e-01 
 880.000  8.1779331000e-01  1.0498767850e-01 
 881.000  7.7525702000e-01  9.9537033080e-02 
 882.000  8.1803117000e-01  1.0493610380e-01 
 883.000  7.9937666000e-01  1.0266880800e-01 
 884.000  8.0616530000e-01  1.0366295620e-01 
 885.000  8.1436172000e-01  1.0442959590e-01 
 886.000  7.8756848000e-01  1.0088456730e-01 
 887.000  7.7955451000e-01  9.9978866580e-02 
 888.000  8.0287780000e-01  1.0290322110e-01 
 889.000  8.0831853000e-01  1.0377398680e-01 
 890.000  8.0566383000e-01  1.0332561490e-01 
 891.000  8.0085774000e-01  1.0245053100e-01 
 892.000  7.9652931000e-01  1.0144412230e-01 
 893.000  7.6048628000e-01  9.5473091130e-02 
 894.000  7.8263138000e-01  9.7625335690e-02 
 895.000  7.3271383000e-01  8.9688751220e-02 
 896.000  7.4677041000e-01  8.9756843570e-02 
 897.000  7.1415766000e-01  8.4334381100e-02 
 898.000  7.0810098000e-01  8.2872283940e-02 
 899.000  6.8668350000e-01  7.8456977840e-02 
 900.000  6.7249399000e-01  7.7055625920e-02 
 901.000  6.5289958000e-01  7.4373870850e-02 
 902.000  6.4172291000e-01  7.3218803410e-02 
 903.000  7.0718187000e-01  8.3965736390e-02 
 904.000  7.4139513000e-01  9.0172714230e-02 
 905.000  7.3860594000e-01  8.9897766110e-02 
 906.000  7.0627309000e-01  8.4690269470e-02 
 907.000  6.9516074000e-01  8.1144119260e-02 
 908.000  6.6329852000e-01  7.6045051570e-02 
 909.000  6.5082023000e-01  7.4661773680e-02 
 910.000  6.6074138000e-01  7.6005531310e-02 
 911.000  6.6880682000e-01  7.7916587830e-02 
 912.000  6.6544807000e-01  7.7005073550e-02 
 913.000  6.5968823000e-01  7.4510139470e-02 
 914.000  6.6587422000e-01  7.6128044130e-02 
 915.000  6.6307319000e-01  7.6643173220e-02 
 916.000  6.7250616000e-01  7.7921241760e-02 
 917.000  6.6627369000e-01  7.7616043090e-02 
 918.000  6.6842796000e-01  7.8416290280e-02 
 919.000  6.9630967000e-01  8.3749153140e-02 
 920.000  7.0383050000e-01  8.6043609620e-02 
 921.000  6.8532740000e-01  8.3470603940e-02 
 922.000  6.7890646000e-01  8.2714569090e-02 
 923.000  6.4675788000e-01  7.8276634220e-02 
 924.000  6.6485717000e-01  7.9665435790e-02 
 925.000  6.7293945000e-01  8.0508407590e-02 
 926.000  6.4879321000e-01  7.7478767400e-02 
 927.000  6.6209255000e-01  7.8046600340e-02 
 928.000  6.4922526000e-01  7.4797653200e-02 
 929.000  6.1579598000e-01  6.8636787410e-02 
 930.000  5.8277060000e-01  6.2033901210e-02 
 931.000  5.4651742000e-01  5.4728481290e-02 
 932.000  4.9363110000e-01  4.5246128080e-02 
 933.000  4.5783818000e-01  3.9380466460e-02 
 934.000  4.1462229000e-01  3.3343750000e-02 
 935.000  4.0441533000e-01  3.2248939510e-02 
 936.000  4.1708242000e-01  3.4142597200e-02 
 937.000  4.2220976000e-01  3.4378204350e-02 
 938.000  4.6036954000e-01  4.0421150210e-02 
 939.000  5.7032976000e-01  5.9901145940e-02 
 940.000  5.8227741000e-01  6.2502231600e-02 
 941.000  5.5628887000e-01  5.8691070560e-02 
 942.000  5.0461767000e-01  5.0550014500e-02 
 943.000  4.7667129000e-01  4.3405735020e-02 
 944.000  4.5983633000e-01  4.1576427460e-02 
 945.000  4.8409192000e-01  4.5252948760e-02 
 946.000  4.9165274000e-01  4.6077953340e-02 
 947.000  5.0595687000e-01  4.8952686310e-02 
 948.000  5.1910438000e-01  5.1168598180e-02 
 949.000  5.1928676000e-01  5.1101310730e-02 
 950.000  5.1838662000e-01  5.1266857150e-02 
 951.000  5.3750804000e-01  5.5314239500e-02 
 952.000  5.1346285000e-01  5.0709724430e-02 
 953.000  5.2860538000e-01  5.3829231260e-02 
 954.000  5.4083786000e-01  5.6805171970e-02 
 955.000  4.9177660000e-01  5.0466220860e-02 
 956.000  5.2118505000e-01  5.3255451200e-02 
 957.000  5.6437562000e-01  6.1903923030e-02 
 958.000  5.7415019000e-01  6.3524127960e-02 
 959.000  5.6904362000e-01  6.2402175900e-02 
 960.000  5.6149214000e-01  6.1436973570e-02 
 961.000  5.5183386000e-01  6.0103874210e-02 
 962.000  5.5775505000e-01  6.1075122830e-02 
 963.000  5.7975238000e-01  6.5567680360e-02 
 964.000  5.7631804000e-01  6.5498565670e-02 
 965.000  5.8109205000e-01  6.5891868590e-02 
 966.000  5.6544677000e-01  6.4263267520e-02 
 967.000  5.9848882000e-01  6.9528190610e-02 
 968.000  6.1833368000e-01  7.4450325010e-02 
 969.000  6.3394451000e-01  7.7575897220e-02 
 970.000  6.3627104000e-01  7.7951744080e-02 
 971.000  6.3033247000e-01  7.7218032840e-02 
 972.000  6.3149090000e-01  7.7027931210e-02 
 973.000  6.1780444000e-01  7.4600021360e-02 
 974.000  5.9898294000e-01  7.1443420410e-02 
 975.000  5.9590942000e-01  7.0521156310e-02 
 976.000  6.1062330000e-01  7.3001159670e-02 
 977.000  6.0710132000e-01  7.3789894100e-02 
 978.000  6.2106769000e-01  7.5420997620e-02 
 979.000  6.0603533000e-01  7.3940536500e-02 
 980.000  6.2682161000e-01  7.7792076110e-02 
 981.000  6.3381124000e-01  7.8974670410e-02 
 982.000  6.2968134000e-01  7.8187004090e-02 
 983.000  6.3420664000e-01  7.9457519530e-02 
 984.000  6.3635334000e-01  8.0476013180e-02 
 985.000  6.3966866000e-01  8.1339591980e-02 
 986.000  6.3910386000e-01  8.1851631160e-02 
 987.000  6.4844890000e-01  8.3317916870e-02 
 988.000  6.4083363000e-01  8.2408561710e-02 
 989.000  6.3296306000e-01  8.1442802430e-02 
 990.000  6.3882494000e-01  8.2267745970e-02 
 991.000  6.4575129000e-01  8.3397171020e-02 
 992.000  6.4024188000e-01  8.2760787960e-02 
 993.000  6.4037080000e-01  8.2813049320e-02 
 994.000  6.4508983000e-01  8.3636009220e-02 
 995.000  6.4137185000e-01  8.3309860230e-02 
 996.000  6.4122921000e-01  8.3301033020e-02 
 997.000  6.4124635000e-01  8.3221267700e-02 
 998.000  6.3812823000e-01  8.2728157040e-02 
 999.000  6.3625658000e-01  8.2458114620e-02 
1000.000  6.3139831000e-01  8.1869468690e-02 
1001.000  6.3340628000e-01  8.1932800290e-02 
1002.000  6.3005892000e-01  8.1182891850e-02 
1003.000  6.2324766000e-01  8.0398788450e-02 
1004.000  6.1935533000e-01  8.0101066590e-02 
1005.000  5.7921032000e-01  7.5003936770e-02 
1006.000  6.0963502000e-01  7.8989921570e-02 
1007.000  6.2030190000e-01  8.0325019840e-02 
1008.000  6.2105560000e-01  8.0170265200e-02 
1009.000  6.1476999000e-01  7.9028549190e-02 
1010.000  6.1816068000e-01  7.9636207580e-02 
1011.000  6.1745264000e-01  7.9932365420e-02 
1012.000  6.1862337000e-01  8.0241828920e-02 
1013.000  6.1490859000e-01  7.9887786870e-02 
1014.000  6.1915012000e-01  8.0517288210e-02 
1015.000  6.0776510000e-01  7.9076263430e-02 
1016.000  6.1198553000e-01  7.9708251950e-02 
1017.000  6.0605841000e-01  7.8990745540e-02 
1018.000  6.1361275000e-01  7.9945526120e-02 
1019.000  5.9881348000e-01  7.7916114810e-02 
1020.000  5.9781551000e-01  7.7829971310e-02 
1021.000  6.0430742000e-01  7.8752456670e-02 
1022.000  5.9431473000e-01  7.7276527400e-02 
1023.000  6.0494567000e-01  7.8510353090e-02 
1024.000  6.0140227000e-01  7.7956474300e-02 
1025.000  6.0255070000e-01  7.8329002380e-02 
1026.000  6.0383003000e-01  7.8611267090e-02 
1027.000  5.9993367000e-01  7.8095832820e-02 
1028.000  6.0154162000e-01  7.8380470280e-02 
1029.000  5.9288292000e-01  7.7393142700e-02 
1030.000  5.9936467000e-01  7.8376838680e-02 
1031.000  5.9772062000e-01  7.8257003780e-02 
1032.000  5.9580671000e-01  7.8080947880e-02 
1033.000  5.8487083000e-01  7.6668220520e-02 
1034.000  5.9058396000e-01  7.7449134830e-02 
1035.000  5.8286867000e-01  7.6448554990e-02 
1036.000  5.9250060000e-01  7.7730758670e-02 
1037.000  5.8002171000e-01  7.6110000610e-02 
1038.000  5.8575504000e-01  7.6876060490e-02 
1039.000  5.8814125000e-01  7.7184021000e-02 
1040.000  5.8117385000e-01  7.6268180850e-02 
1041.000  5.8419873000e-01  7.6661575320e-02 
1042.000  5.8592622000e-01  7.6891593930e-02 
1043.000  5.7580801000e-01  7.5566215520e-02 
1044.000  5.8152941000e-01  7.6315177920e-02 
1045.000  5.7898078000e-01  7.5993972780e-02 
1046.000  5.6213453000e-01  7.3808212280e-02 
1047.000  5.7244362000e-01  7.5184707640e-02 
1048.000  5.7811432000e-01  7.5960891720e-02 
1049.000  5.7439668000e-01  7.5506904600e-02 
1050.000  5.7197933000e-01  7.5202972410e-02 
1051.000  5.7095344000e-01  7.5045654300e-02 
1052.000  5.6822158000e-01  7.4678039550e-02 
1053.000  5.6683410000e-01  7.4492195130e-02 
1054.000  5.6261143000e-01  7.3885688780e-02 
1055.000  5.6670205000e-01  7.4416847230e-02 
1056.000  5.6516977000e-01  7.4188171390e-02 
1057.000  5.6410156000e-01  7.3995193480e-02 
1058.000  5.5803792000e-01  7.3148681640e-02 
1059.000  5.4049564000e-01  7.0836921690e-02 
1060.000  5.6004995000e-01  7.3498565670e-02 
1061.000  5.4040115000e-01  7.0932670590e-02 
1062.000  5.5529204000e-01  7.2821456910e-02 
1063.000  5.4588494000e-01  7.1577186580e-02 
1064.000  5.5261704000e-01  7.2388771060e-02 
1065.000  5.5177976000e-01  7.2174026490e-02 
1066.000  5.3487786000e-01  6.9966377260e-02 
1067.000  5.4750018000e-01  7.1570686340e-02 
1068.000  5.4475601000e-01  7.1018318180e-02 
1069.000  5.0344930000e-01  6.5526428220e-02 
1070.000  5.3338784000e-01  6.9456176760e-02 
1071.000  5.3385870000e-01  6.9416694640e-02 
1072.000  5.3524320000e-01  6.9489540100e-02 
1073.000  5.1755443000e-01  6.7190383910e-02 
1074.000  5.3575229000e-01  6.9577201840e-02 
1075.000  5.1970578000e-01  6.7669654850e-02 
1076.000  5.3073501000e-01  6.9005798340e-02 
1077.000  5.2904468000e-01  6.8654388430e-02 
1078.000  5.2980794000e-01  6.8600982670e-02 
1079.000  5.0932331000e-01  6.5962158200e-02 
1080.000  5.2275682000e-01  6.7266212460e-02 
1081.000  5.0343325000e-01  6.4759704590e-02 
1082.000  5.1057875000e-01  6.5839851380e-02 
1083.000  4.9593404000e-01  6.3729591370e-02 
1084.000  5.1384855000e-01  6.5786529540e-02 
1085.000  5.0462152000e-01  6.4064964290e-02 
1086.000  5.1181503000e-01  6.5087646480e-02 
1087.000  4.8306840000e-01  6.1982398990e-02 
1088.000  5.1243424000e-01  6.5803977970e-02 
1089.000  4.8960770000e-01  6.2209594730e-02 
1090.000  4.9960010000e-01  6.3372947690e-02 
1091.000  5.0351142000e-01  6.4026077270e-02 
1092.000  4.9014811000e-01  6.2012863160e-02 
1093.000  4.8026543000e-01  6.0062374110e-02 
1094.000  4.3545150000e-01  5.4170013430e-02 
1095.000  4.7162154000e-01  5.8704017640e-02 
1096.000  4.7294738000e-01  5.8914817810e-02 
1097.000  4.6288406000e-01  5.7482772830e-02 
1098.000  4.4555677400e-01  5.3754924770e-02 
1099.000  4.3524291500e-01  5.1215179440e-02 
1100.000  4.4353536200e-01  5.2279941560e-02 
1101.000  4.4419427400e-01  5.2533920290e-02 
1102.000  4.2503196900e-01  5.0173942570e-02 
1103.000  4.4298117500e-01  5.2402671810e-02 
1104.000  4.3778091900e-01  5.1564037320e-02 
1105.000  4.3202806300e-01  5.0344123840e-02 
1106.000  4.2320574300e-01  4.8798400880e-02 
1107.000  4.2404101800e-01  4.9000762940e-02 
1108.000  4.2370847600e-01  4.9020328520e-02 
1109.000  4.3020477500e-01  5.0168945310e-02 
1110.000  4.3196307000e-01  5.0244075780e-02 
1111.000  4.2399182900e-01  4.9034049990e-02 
1112.000  4.0762858600e-01  4.6032783510e-02 
1113.000  3.8891994000e-01  4.2299354550e-02 
1114.000  3.8871426600e-01  4.1703536990e-02 
1115.000  3.6310992000e-01  3.6802997590e-02 
1116.000  3.4494583800e-01  3.3693649290e-02 
1117.000  3.1595832300e-01  2.8436956410e-02 
1118.000  2.8201361000e-01  2.3434940340e-02 
1119.000  2.5817035500e-01  2.0422817230e-02 
1120.000  2.3800673600e-01  1.7664087300e-02 
1121.000  2.3492371100e-01  1.7157131200e-02 
1122.000  2.1115858900e-01  1.4298913960e-02 
1123.000  2.2500909600e-01  1.5839313510e-02 
1124.000  2.3396244900e-01  1.6870496750e-02 
1125.000  2.2480589400e-01  1.5995238300e-02 
1126.000  2.1875811000e-01  1.5490680690e-02 
1127.000  2.2792614400e-01  1.6264308930e-02 
1128.000  2.2714257400e-01  1.6439744950e-02 
1129.000  2.4995542500e-01  1.9293014530e-02 
1130.000  2.9875193200e-01  2.6061170580e-02 
1131.000  3.1568791100e-01  2.8480003360e-02 
1132.000  2.9772442400e-01  2.5624094010e-02 
1133.000  2.5551053400e-01  2.0178236010e-02 
1134.000  1.8686899100e-01  1.1914566040e-02 
1135.000  1.9451883200e-01  1.2679336550e-02 
1136.000  2.6166823500e-01  2.1010721210e-02 
1137.000  2.9992419200e-01  2.6256742480e-02 
1138.000  3.2042406500e-01  3.0485620500e-02 
1139.000  3.3645668500e-01  3.2946483610e-02 
1140.000  3.3143883800e-01  3.1955429080e-02 
1141.000  3.0988480300e-01  2.9006212230e-02 
1142.000  3.1402367100e-01  2.9063491820e-02 
1143.000  2.9511918600e-01  2.6386686330e-02 
1144.000  2.7784367900e-01  2.3908983230e-02 
1145.000  2.5698181400e-01  2.0852142330e-02 
1146.000  2.6499177500e-01  2.1813529970e-02 
1147.000  2.8409219100e-01  2.4472295760e-02 
1148.000  2.9670434500e-01  2.6571212770e-02 
1149.000  3.0362922100e-01  2.7634237290e-02 
1150.000  3.0237880600e-01  2.7614976880e-02 
1151.000  3.1023752200e-01  2.9063917160e-02 
1152.000  3.1387561100e-01  2.9771724700e-02 
1153.000  3.1956152800e-01  3.0851175310e-02 
1154.000  3.1980942600e-01  3.0778865810e-02 
1155.000  3.3263635600e-01  3.3117706300e-02 
1156.000  3.4108768800e-01  3.5204330440e-02 
1157.000  3.7049505700e-01  4.0810874940e-02 
1158.000  3.8086289300e-01  4.2970405580e-02 
1159.000  3.8408142200e-01  4.4196334840e-02 
1160.000  3.8266965900e-01  4.4402660370e-02 
1161.000  3.8319574100e-01  4.5292110440e-02 
1162.000  4.0351104300e-01  4.8382076260e-02 
1163.000  4.1307563400e-01  5.0358333590e-02 
1164.000  4.0651294100e-01  4.9739749910e-02 
1165.000  4.1486199700e-01  5.0880828860e-02 
1166.000  4.0565873000e-01  4.9955116270e-02 
1167.000  4.1320175000e-01  5.1014160160e-02 
1168.000  4.1641304300e-01  5.1378219600e-02 
1169.000  4.0308080600e-01  4.9863121030e-02 
1170.000  4.1493050100e-01  5.1447250370e-02 
1171.000  4.1960380500e-01  5.2317634580e-02 
1172.000  4.1665429600e-01  5.1796005250e-02 
1173.000  4.1215161100e-01  5.1091331480e-02 
1174.000  4.1245356700e-01  5.1147075650e-02 
1175.000  4.1190334200e-01  5.1515182500e-02 
1176.000  4.0578859700e-01  5.1151290890e-02 
1177.000  4.1646236200e-01  5.2311851500e-02 
1178.000  4.0568394800e-01  5.0586029050e-02 
1179.000  4.0387414200e-01  5.0369258880e-02 
1180.000  4.0818455400e-01  5.0777637480e-02 
1181.000  4.0256993000e-01  4.9739589690e-02 
1182.000  3.9956446200e-01  4.9036842350e-02 
1183.000  3.7677230200e-01  4.6283653260e-02 
1184.000  3.9574215500e-01  4.8810680390e-02 
1185.000  4.0589146100e-01  5.0554920200e-02 
1186.000  4.0202784100e-01  4.9936164860e-02 
1187.000  3.9716570600e-01  4.8856979370e-02 
1188.000  3.9397700500e-01  4.8361797330e-02 
1189.000  3.7385196500e-01  4.6172843930e-02 
1190.000  3.9997210400e-01  5.0168659210e-02 
1191.000  4.0853113600e-01  5.1477870940e-02 
1192.000  4.0960515400e-01  5.1957572940e-02 
1193.000  4.0904848400e-01  5.1805854800e-02 
1194.000  4.0776550700e-01  5.1600490570e-02 
1195.000  3.9996231000e-01  5.0291812900e-02 
1196.000  4.0015232900e-01  5.0371479030e-02 
1197.000  3.9847574100e-01  5.0010276790e-02 
1198.000  3.8474912300e-01  4.8261814120e-02 
1199.000  3.6861212800e-01  4.6062236790e-02 
1200.000  3.9295857000e-01  4.9224208830e-02 
1201.000  3.9621409100e-01  4.9697887420e-02 
1202.000  3.9712647200e-01  4.9907543180e-02 
1203.000  3.7669250800e-01  4.7290443420e-02 
1204.000  3.8354747700e-01  4.8261634830e-02 
1205.000  3.9773929200e-01  5.0608367920e-02 
1206.000  3.9778848200e-01  5.0873561860e-02 
1207.000  4.0146960700e-01  5.1454097750e-02 
1208.000  3.9489924600e-01  5.0531364440e-02 
1209.000  3.6909414900e-01  4.7106109620e-02 
1210.000  3.9292616900e-01  4.9919670100e-02 
1211.000  3.7951351600e-01  4.8186706540e-02 
1212.000  3.9195212800e-01  4.9828670500e-02 
1213.000  3.9554985300e-01  5.0512435910e-02 
1214.000  3.9348511700e-01  5.0223255160e-02 
1215.000  3.9556582600e-01  5.0580844880e-02 
1216.000  3.9733632200e-01  5.1172115330e-02 
1217.000  3.9895096600e-01  5.1701381680e-02 
1218.000  3.9852998300e-01  5.1807476040e-02 
1219.000  3.9529922400e-01  5.1487854000e-02 
1220.000  3.9803493800e-01  5.1848903660e-02 
1221.000  3.9756131200e-01  5.1820217130e-02 
1222.000  3.9554309800e-01  5.1570934300e-02 
1223.000  3.9387751500e-01  5.1402488710e-02 
1224.000  3.9840910500e-01  5.2195236210e-02 
1225.000  3.9653183700e-01  5.2006195070e-02 
1226.000  3.9833564600e-01  5.2319870000e-02 
1227.000  3.8550246700e-01  5.0746330260e-02 
1228.000  3.9836986200e-01  5.2583190920e-02 
1229.000  3.9852051400e-01  5.2716224670e-02 
1230.000  3.9782386600e-01  5.2751609800e-02 
1231.000  3.9819425200e-01  5.2878299710e-02 
1232.000  3.9384045400e-01  5.2339023590e-02 
1233.000  3.9702385000e-01  5.2792263030e-02 
1234.000  3.9669485300e-01  5.2906269070e-02 
1235.000  3.9424773100e-01  5.2642871860e-02 
1236.000  3.9674640600e-01  5.3024002080e-02 
1237.000  3.9699917300e-01  5.3118007660e-02 
1238.000  3.9684309300e-01  5.3129096980e-02 
1239.000  3.9236624000e-01  5.2553367610e-02 
1240.000  3.9058995100e-01  5.2347038270e-02 
1241.000  3.9399942900e-01  5.2822090150e-02 
1242.000  3.9160289000e-01  5.2514408110e-02 
1243.000  3.8714645200e-01  5.1932579040e-02 
1244.000  3.8350402700e-01  5.1443420410e-02 
1245.000  3.8998106000e-01  5.2318881990e-02 
1246.000  3.8682096100e-01  5.1872634890e-02 
1247.000  3.8473594400e-01  5.1567317960e-02 
1248.000  3.8754582900e-01  5.1921298980e-02 
1249.000  3.8603987600e-01  5.1709999080e-02 
1250.000  3.8435991800e-01  5.1463367460e-02 
1251.000  3.8152899200e-01  5.1068355560e-02 
1252.000  3.8008942400e-01  5.0841705320e-02 
1253.000  3.7663388900e-01  5.0341522220e-02 
1254.000  3.7698882000e-01  5.0304347990e-02 
1255.000  3.7590210300e-01  5.0109176640e-02 
1256.000  3.7470432600e-01  4.9913387300e-02 
1257.000  3.6985536800e-01  4.9202003480e-02 
1258.000  3.6993128300e-01  4.9072299960e-02 
1259.000  3.6469395000e-01  4.8268581390e-02 
1260.000  3.6382420700e-01  4.8026794430e-02 
1261.000  3.6160515500e-01  4.7602745060e-02 
1262.000  3.5056804800e-01  4.5927688600e-02 
1263.000  3.5354475700e-01  4.6263908390e-02 
1264.000  3.4720296000e-01  4.5410873410e-02 
1265.000  3.4752518700e-01  4.5449333190e-02 
1266.000  3.4838304200e-01  4.5484481810e-02 
1267.000  3.4030679400e-01  4.4354522710e-02 
1268.000  3.3521890800e-01  4.3622543330e-02 
1269.000  3.3757150800e-01  4.3900997160e-02 
1270.000  3.4575436100e-01  4.5167022710e-02 
1271.000  3.4967546600e-01  4.5760223390e-02 
1272.000  3.5026134600e-01  4.5928821560e-02 
1273.000  3.5142427100e-01  4.6196647640e-02 
1274.000  3.5112598600e-01  4.6300937650e-02 
1275.000  3.5406769600e-01  4.6737560270e-02 
1276.000  3.5515295800e-01  4.6890682220e-02 
1277.000  3.5519360800e-01  4.6873294830e-02 
1278.000  3.5450598500e-01  4.6745532990e-02 
1279.000  3.5248261600e-01  4.6486640930e-02 
1280.000  3.5138473800e-01  4.6451217650e-02 
1281.000  3.4230766400e-01  4.5352764130e-02 
1282.000  3.0473932100e-01  4.0465667720e-02 
1283.000  3.3496339300e-01  4.4521316530e-02 
1284.000  3.4884824800e-01  4.6371101380e-02 
1285.000  3.5169153800e-01  4.6769947050e-02 
1286.000  3.5114585500e-01  4.6627662660e-02 
1287.000  3.5241464400e-01  4.6675289150e-02 
1288.000  3.4692220300e-01  4.5539485930e-02 
1289.000  3.4797367600e-01  4.5548114780e-02 
1290.000  3.3985361400e-01  4.4461578370e-02 
1291.000  3.4508949400e-01  4.5183551790e-02 
1292.000  3.4796221500e-01  4.5691928860e-02 
1293.000  3.4840175500e-01  4.5737266540e-02 
1294.000  3.4145769300e-01  4.4624862670e-02 
1295.000  3.4280277400e-01  4.4509635930e-02 
1296.000  3.4060955500e-01  4.3933509830e-02 
1297.000  3.3651119800e-01  4.3180637360e-02 
1298.000  3.3332059400e-01  4.2740406040e-02 
1299.000  3.3654519600e-01  4.3123573300e-02 
1300.000  3.3485512700e-01  4.2871112820e-02 
1301.000  3.3387490300e-01  4.2676361080e-02 
1302.000  3.2819167200e-01  4.1776130680e-02 
1303.000  3.2221492600e-01  4.0558238980e-02 
1304.000  3.2084639800e-01  4.0190433500e-02 
1305.000  3.2209539400e-01  4.0260623930e-02 
1306.000  3.2187883500e-01  4.0144798280e-02 
1307.000  3.1986479300e-01  3.9784786220e-02 
1308.000  3.1689053400e-01  3.9132526400e-02 
1309.000  3.1295723500e-01  3.8278915410e-02 
1310.000  3.1123281200e-01  3.8031299590e-02 
1311.000  3.1038035600e-01  3.7921146390e-02 
1312.000  3.0495061900e-01  3.6854484560e-02 
1313.000  2.8884433300e-01  3.4462059020e-02 
1314.000  2.9336387400e-01  3.4607311250e-02 
1315.000  2.8558906200e-01  3.3862365720e-02 
1316.000  2.9556773000e-01  3.5313297270e-02 
1317.000  2.9857217500e-01  3.5654354100e-02 
1318.000  2.8917901000e-01  3.4061409000e-02 
1319.000  2.8553338300e-01  3.2988220210e-02 
1320.000  2.7481623300e-01  3.0984846120e-02 
1321.000  2.7028129900e-01  3.0153228760e-02 
1322.000  2.7535387200e-01  3.1210186000e-02 
1323.000  2.8224427100e-01  3.2487819670e-02 
1324.000  2.8550931700e-01  3.3120639800e-02 
1325.000  2.8312514900e-01  3.2663425450e-02 
1326.000  2.7604253400e-01  3.1360687260e-02 
1327.000  2.6150738700e-01  2.8569816590e-02 
1328.000  2.4837175600e-01  2.5797021870e-02 
1329.000  2.1427752400e-01  2.0255107880e-02 
1330.000  2.0822778900e-01  1.9007150650e-02 
1331.000  2.0273964000e-01  1.8087036130e-02 
1332.000  2.0054507300e-01  1.8002973560e-02 
1333.000  2.1156058300e-01  1.9366014480e-02 
1334.000  2.1998407300e-01  2.0665891650e-02 
1335.000  2.2593124000e-01  2.1630424500e-02 
1336.000  2.2582595800e-01  2.1766145710e-02 
1337.000  2.2838209400e-01  2.2075773240e-02 
1338.000  2.3213800400e-01  2.2758594510e-02 
1339.000  2.3265223300e-01  2.2933151250e-02 
1340.000  2.3427522700e-01  2.3378786090e-02 
1341.000  2.3823134900e-01  2.3570390700e-02 
1342.000  2.3813389800e-01  2.3583671570e-02 
1343.000  2.2909257400e-01  2.1582220080e-02 
1344.000  2.1523025500e-01  1.9114547730e-02 
1345.000  1.7806683400e-01  1.3664071080e-02 
1346.000  1.5188686700e-01  1.0225167270e-02 
1347.000  1.3471744900e-01  8.3224544530e-03 
1348.000  1.1168270200e-01  5.7921476360e-03 
1349.000  1.0157825990e-01  4.9031105040e-03 
1350.000  7.9123126400e-02  3.0215282440e-03 
1351.000  6.8306972800e-02  2.3316011430e-03 
1352.000  5.2246220100e-02  1.3819302320e-03 
1353.000  3.7031527500e-02  7.5816428660e-04 
1354.000  2.9610070400e-02  5.0697052480e-04 
1355.000  2.2989701800e-02  3.2540357110e-04 
1356.000  1.7384967600e-02  1.9834879040e-04 
1357.000  1.1883094720e-02  1.0018876940e-04 
1358.000  8.7943116000e-03  6.1283435670e-05 
1359.000  4.6371926400e-03  2.0880181340e-05 
1360.000  3.0667204800e-03  1.0999004360e-05 
1361.000  2.2822909500e-03  6.5603465770e-06 
1362.000  2.1000791800e-03  5.7751419950e-06 
1363.000  3.0298730500e-03  1.0072743520e-05 
1364.000  3.5132276400e-03  1.2613768690e-05 
1365.000  3.6785396100e-03  1.3315984050e-05 
1366.000  4.2481007200e-03  1.6633369030e-05 
1367.000  3.5684724900e-03  1.3044934720e-05 
1368.000  3.1641456000e-03  1.1284492910e-05 
1369.000  3.2446900700e-03  1.1877254580e-05 
1370.000  5.3662067800e-03  2.7516787870e-05 
1371.000  9.5567524700e-03  6.8845272060e-05 
1372.000  1.7696199200e-02  1.9005604090e-04 
1373.000  2.5103535400e-02  3.3542379740e-04 
1374.000  3.0483562100e-02  4.6426999570e-04 
1375.000  3.2500834700e-02  5.2165800330e-04 
1376.000  3.0145865500e-02  4.6309995650e-04 
1377.000  2.6837307300e-02  3.7880080940e-04 
1378.000  2.0455604300e-02  2.4189005790e-04 
1379.000  1.4046722810e-02  1.3083364070e-04 
1380.000  7.9669018700e-03  5.2386868750e-05 
1381.000  4.6085493700e-03  2.1907269950e-05 
1382.000  3.2226955600e-03  1.2391262690e-05 
1383.000  3.1180844000e-03  1.1589607220e-05 
1384.000  5.0718389800e-03  2.4989409370e-05 
1385.000  7.2001214900e-03  4.3803211300e-05 
1386.000  1.0997439070e-02  8.6381755770e-05 
1387.000  2.0206287500e-02  2.3761551080e-04 
1388.000  2.6781614700e-02  3.7342843410e-04 
1389.000  3.0763987900e-02  4.7640982270e-04 
1390.000  3.1403321600e-02  4.9855810400e-04 
1391.000  2.9315373300e-02  4.4428619740e-04 
1392.000  2.2163673600e-02  2.8154209260e-04 
1393.000  1.6942381900e-02  1.8393673000e-04 
1394.000  1.2979797520e-02  1.2029510740e-04 
1395.000  1.4631331500e-02  1.4605258410e-04 
1396.000  2.0077418100e-02  2.4184468390e-04 
1397.000  2.5909788700e-02  3.6871632930e-04 
1398.000  2.6682589000e-02  3.8615176080e-04 
1399.000  2.4913634500e-02  3.5076475140e-04 
1400.000  2.3296365400e-02  3.1929022070e-04 
1401.000  2.4765230400e-02  3.5938793420e-04 
1402.000  3.0702183500e-02  5.0343638660e-04 
1403.000  3.5348589800e-02  6.5529650450e-04 
1404.000  3.3248501800e-02  5.9141868350e-04 
1405.000  3.4827069400e-02  6.5593075750e-04 
1406.000  3.2294478500e-02  5.7572442290e-04 
1407.000  3.3492583400e-02  6.3063818220e-04 
1408.000  4.0143241600e-02  8.4923636910e-04 
1409.000  4.7057063000e-02  1.1293075080e-03 
1410.000  5.7715175400e-02  1.5930182930e-03 
1411.000  6.8650194900e-02  2.1985201840e-03 
1412.000  6.6323965500e-02  2.1258215900e-03 
1413.000  7.3149313000e-02  2.5505754950e-03 
1414.000  7.2120219400e-02  2.4533548360e-03 
1415.000  7.9728253900e-02  2.9977347850e-03 
1416.000  8.5662660400e-02  3.4025046830e-03 
1417.000  8.7868359700e-02  3.5943462850e-03 
1418.000  8.8651490000e-02  3.6378040310e-03 
1419.000  8.8467021500e-02  3.7019171710e-03 
1420.000  9.0568305100e-02  3.8538825510e-03 
1421.000  1.0186326910e-01  4.7406983380e-03 
1422.000  1.0428699080e-01  5.0185184480e-03 
1423.000  1.0545025530e-01  5.1772623060e-03 
1424.000  1.0509188570e-01  5.1346869470e-03 
1425.000  1.0389855950e-01  4.9834923740e-03 
1426.000  1.0017276890e-01  4.8148937230e-03 
1427.000  1.0610363950e-01  5.2792429920e-03 
1428.000  1.1206642210e-01  5.7124252320e-03 
1429.000  1.1366861320e-01  5.9751405720e-03 
1430.000  1.1090444000e-01  5.8356924060e-03 
1431.000  1.0332012640e-01  5.2042970660e-03 
1432.000  1.0102506840e-01  4.9484057430e-03 
1433.000  1.0074031560e-01  4.9214253430e-03 
1434.000  9.6088076500e-02  4.5884552000e-03 
1435.000  1.0315981080e-01  5.1503772740e-03 
1436.000  1.0572901090e-01  5.3760609630e-03 
1437.000  1.0741445100e-01  5.5135922430e-03 
1438.000  1.1387850580e-01  6.1086483000e-03 
1439.000  1.1598023970e-01  6.2463083270e-03 
1440.000  1.1120721560e-01  6.0699458120e-03 
1441.000  1.1811460230e-01  6.4943628310e-03 
1442.000  1.1329872700e-01  6.1441416740e-03 
1443.000  1.1533509230e-01  6.2694182400e-03 
1444.000  1.1793554950e-01  6.4897775650e-03 
1445.000  1.1817179620e-01  6.5272822380e-03 
1446.000  1.2368944790e-01  7.0030946730e-03 
1447.000  1.2707061900e-01  7.3543682100e-03 
1448.000  1.2851894600e-01  7.4700732230e-03 
1449.000  1.2599517700e-01  7.2249889370e-03 
1450.000  1.2048155900e-01  6.7585563660e-03 
1451.000  1.2183068950e-01  6.9192895890e-03 
1452.000  1.2716428600e-01  7.5389389990e-03 
1453.000  1.4170150200e-01  8.9163961410e-03 
1454.000  1.5419584600e-01  1.0281507490e-02 
1455.000  1.6017225000e-01  1.1057081220e-02 
1456.000  1.6727995000e-01  1.1943930630e-02 
1457.000  1.6997028200e-01  1.2199353220e-02 
1458.000  1.7329587600e-01  1.2527362820e-02 
1459.000  1.6842517700e-01  1.1910937310e-02 
1460.000  1.6074602500e-01  1.1152942660e-02 
1461.000  1.5766183900e-01  1.0833122250e-02 
1462.000  1.4917050900e-01  9.9502096180e-03 
1463.000  1.4818138300e-01  9.9030733110e-03 
1464.000  1.4626660800e-01  9.6978034970e-03 
1465.000  1.4302055700e-01  9.2740812300e-03 
1466.000  1.3329030200e-01  8.3985128400e-03 
1467.000  1.3232263800e-01  8.1651887890e-03 
1468.000  1.2417933040e-01  7.4821043010e-03 
1469.000  1.1779687210e-01  6.8048315050e-03 
1470.000  1.1438508300e-01  6.5127029420e-03 
1471.000  1.2138733410e-01  7.3075866700e-03 
1472.000  1.3367003200e-01  8.5733318330e-03 
1473.000  1.5022219400e-01  1.0383546830e-02 
1474.000  1.5746224400e-01  1.1486885070e-02 
1475.000  1.6026221600e-01  1.1723468780e-02 
1476.000  1.6052276800e-01  1.1775444980e-02 
1477.000  1.5708120600e-01  1.1383203510e-02 
1478.000  1.5093724900e-01  1.0809830670e-02 
1479.000  1.4794248200e-01  1.0401697160e-02 
1480.000  1.5102482800e-01  1.0804694180e-02 
1481.000  1.5385003200e-01  1.1288978580e-02 
1482.000  1.6080243000e-01  1.2135538100e-02 
1483.000  1.5902320700e-01  1.2114582060e-02 
1484.000  1.6005501100e-01  1.2247035980e-02 
1485.000  1.6235516800e-01  1.2416045190e-02 
1486.000  1.6373023500e-01  1.2833343510e-02 
1487.000  1.7375689200e-01  1.4259938240e-02 
1488.000  1.5227360900e-01  1.2582941060e-02 
1489.000  1.8687362200e-01  1.6380928040e-02 
1490.000  1.9771603600e-01  1.8212419510e-02 
1491.000  2.0478358700e-01  1.9367420200e-02 
1492.000  2.0107057000e-01  1.9154603960e-02 
1493.000  2.0850565400e-01  2.0193914410e-02 
1494.000  2.0820064100e-01  2.0265073780e-02 
1495.000  2.0992734100e-01  2.0771484380e-02 
1496.000  2.0956700500e-01  2.1216474530e-02 
1497.000  2.1467772000e-01  2.1833286290e-02 
1498.000  2.2176111400e-01  2.2996429440e-02 
1499.000  2.2275252200e-01  2.3525398250e-02 
1500.000  2.2962325100e-01  2.4594766620e-02 
1501.000  2.2831645800e-01  2.4427680970e-02 
1502.000  2.2463451500e-01  2.3957138060e-02 
1503.000  2.0066918600e-01  2.1366941450e-02 
1504.000  2.1000700200e-01  2.2500177380e-02 
1505.000  2.1263150000e-01  2.3100955960e-02 
1506.000  2.1556322800e-01  2.3494815830e-02 
1507.000  2.2838613300e-01  2.5205650330e-02 
1508.000  2.2637769500e-01  2.5181337360e-02 
1509.000  2.2890326800e-01  2.5674255370e-02 
1510.000  2.3300560200e-01  2.6252372740e-02 
1511.000  2.3515412400e-01  2.6657651900e-02 
1512.000  2.3146731900e-01  2.6359437940e-02 
1513.000  2.3137683900e-01  2.6441484450e-02 
1514.000  2.2820875400e-01  2.6134141920e-02 
1515.000  2.3351624000e-01  2.6868194580e-02 
1516.000  2.3160963200e-01  2.6715282440e-02 
1517.000  2.3098887300e-01  2.6751457210e-02 
1518.000  2.3671299800e-01  2.7598602290e-02 
1519.000  2.3493154300e-01  2.7596796040e-02 
1520.000  2.3853392900e-01  2.8289348600e-02 
1521.000  2.3514446100e-01  2.8055854800e-02 
1522.000  2.3378408900e-01  2.7946796420e-02 
1523.000  2.3981130400e-01  2.8758508680e-02 
1524.000  2.3772675600e-01  2.8524122240e-02 
1525.000  2.3198888200e-01  2.7842908860e-02 
1526.000  2.3862565600e-01  2.8684858320e-02 
1527.000  2.3651318200e-01  2.8517812730e-02 
1528.000  2.3861555300e-01  2.8881044390e-02 
1529.000  2.3786891800e-01  2.8821592330e-02 
1530.000  2.2301146000e-01  2.7116205220e-02 
1531.000  2.3865925500e-01  2.9103689190e-02 
1532.000  2.3752230200e-01  2.9055919650e-02 
1533.000  2.3656069900e-01  2.9002504350e-02 
1534.000  2.3308226500e-01  2.8634006500e-02 
1535.000  2.3407000800e-01  2.8815147400e-02 
1536.000  2.3720310100e-01  2.9253009800e-02 
1537.000  2.3814066800e-01  2.9452241900e-02 
1538.000  2.3181268000e-01  2.8757076260e-02 
1539.000  2.3682923200e-01  2.9462642670e-02 
1540.000  2.2827869200e-01  2.8461755750e-02 
1541.000  2.3309243200e-01  2.9106201170e-02 
1542.000  2.3447980000e-01  2.9312940600e-02 
1543.000  2.3384194500e-01  2.9280567170e-02 
1544.000  2.3684620100e-01  2.9714391710e-02 
1545.000  2.3775602900e-01  2.9905101780e-02 
1546.000  2.3797515200e-01  3.0008638380e-02 
1547.000  2.3566415500e-01  2.9785110470e-02 
1548.000  2.2870403000e-01  2.8962484360e-02 
1549.000  2.3456565000e-01  2.9746179580e-02 
1550.000  2.3324731500e-01  2.9614450450e-02 
1551.000  2.3201916900e-01  2.9481927870e-02 
1552.000  2.3597384300e-01  3.0007711410e-02 
1553.000  2.3474056500e-01  2.9884561540e-02 
1554.000  2.2613948400e-01  2.8810676570e-02 
1555.000  2.2991353900e-01  2.9330856320e-02 
1556.000  2.2552423600e-01  2.8815629960e-02 
1557.000  2.3290846900e-01  2.9812755580e-02 
1558.000  2.3106430800e-01  2.9613794330e-02 
1559.000  2.3108204600e-01  2.9649547580e-02 
1560.000  2.2709130400e-01  2.9181636810e-02 
1561.000  2.3239074800e-01  2.9882953640e-02 
1562.000  2.3228211000e-01  2.9868907930e-02 
1563.000  2.2880934700e-01  2.9433095930e-02 
1564.000  2.2414968200e-01  2.8832983020e-02 
1565.000  2.2740290700e-01  2.9241878510e-02 
1566.000  2.2309427000e-01  2.8715120320e-02 
1567.000  2.2273534300e-01  2.8658618930e-02 
1568.000  2.1757732900e-01  2.7964282990e-02 
1569.000  2.1775771400e-01  2.7948797230e-02 
1570.000  2.1169935600e-01  2.7152482990e-02 
1571.000  2.1737176100e-01  2.7908113480e-02 
1572.000  2.1720517300e-01  2.7898927690e-02 
1573.000  2.1390616400e-01  2.7519176480e-02 
1574.000  2.1474980100e-01  2.7685457230e-02 
1575.000  1.9952254400e-01  2.5763471600e-02 
1576.000  2.1435307700e-01  2.7698211670e-02 
1577.000  1.9362767600e-01  2.5033794400e-02 
1578.000  2.1198142900e-01  2.7421783450e-02 
1579.000  2.1330475200e-01  2.7618547440e-02 
1580.000  2.1785575700e-01  2.8251489640e-02 
1581.000  2.1641107700e-01  2.8078842160e-02 
1582.000  2.1226055000e-01  2.7605445860e-02 
1583.000  2.1506688700e-01  2.8032335280e-02 
1584.000  2.1333498200e-01  2.7870340350e-02 
1585.000  2.1978409100e-01  2.8766714100e-02 
1586.000  2.1702384100e-01  2.8434532170e-02 
1587.000  2.1476258400e-01  2.8189414980e-02 
1588.000  2.1161174700e-01  2.7823356630e-02 
1589.000  1.9360242400e-01  2.5477830890e-02 
1590.000  2.0857625300e-01  2.7466585160e-02 
1591.000  2.0390413300e-01  2.6871387480e-02 
1592.000  2.1458167200e-01  2.8281509400e-02 
1593.000  2.1919762100e-01  2.8885002140e-02 
1594.000  2.1732171600e-01  2.8634801860e-02 
1595.000  2.1829412900e-01  2.8762884140e-02 
1596.000  2.0448334100e-01  2.6964008330e-02 
1597.000  2.1207523800e-01  2.7955308910e-02 
1598.000  2.1498968700e-01  2.8317716600e-02 
1599.000  2.0654978400e-01  2.7175090790e-02 
1600.000  2.0900186400e-01  2.7476181030e-02 
1601.000  2.0020321000e-01  2.6339653020e-02 
1602.000  2.0507109400e-01  2.7005201340e-02 
1603.000  2.0384311100e-01  2.6896469120e-02 
1604.000  2.0688860100e-01  2.7359497070e-02 
1605.000  2.0382924300e-01  2.6983261110e-02 
1606.000  2.0319050900e-01  2.6935140610e-02 
1607.000  2.0387795600e-01  2.7018701550e-02 
1608.000  2.0607232400e-01  2.7303073880e-02 
1609.000  2.0527996500e-01  2.7204587940e-02 
1610.000  1.9261735100e-01  2.5536966320e-02 
1611.000  1.9876566800e-01  2.6392623900e-02 
1612.000  2.0123480300e-01  2.6764659880e-02 
1613.000  2.0625581900e-01  2.7475524900e-02 
1614.000  2.0423079600e-01  2.7210271840e-02 
1615.000  2.0800326400e-01  2.7747867580e-02 
1616.000  1.9528230500e-01  2.6075000760e-02 
1617.000  2.0138806600e-01  2.6946861270e-02 
1618.000  2.0766235900e-01  2.7809646610e-02 
1619.000  2.0738108600e-01  2.7829658510e-02 
1620.000  2.0249014200e-01  2.7227842330e-02 
1621.000  1.9976300200e-01  2.6904447560e-02 
1622.000  2.0479036600e-01  2.7595106120e-02 
1623.000  2.0907222000e-01  2.8198850630e-02 
1624.000  2.1060072600e-01  2.8424636840e-02 
1625.000  2.0558544500e-01  2.7796686170e-02 
1626.000  2.0788614900e-01  2.8091730120e-02 
1627.000  2.0764759200e-01  2.8081928250e-02 
1628.000  2.0922493700e-01  2.8301460270e-02 
1629.000  2.0908810000e-01  2.8285882950e-02 
1630.000  2.0322355400e-01  2.7482521060e-02 
1631.000  2.0640146000e-01  2.7924917220e-02 
1632.000  2.0622832600e-01  2.7867155080e-02 
1633.000  2.0350705800e-01  2.7492149350e-02 
1634.000  1.9854483900e-01  2.6804065700e-02 
1635.000  2.0386672000e-01  2.7518920900e-02 
1636.000  2.0310027800e-01  2.7402366640e-02 
1637.000  1.9378717100e-01  2.6132028580e-02 
1638.000  1.9237136300e-01  2.5939147950e-02 
1639.000  1.9008815200e-01  2.5604139330e-02 
1640.000  1.9103425800e-01  2.5721828460e-02 
1641.000  1.8967012500e-01  2.5526756290e-02 
1642.000  1.8943211600e-01  2.5527645110e-02 
1643.000  1.9423234600e-01  2.6196876530e-02 
1644.000  1.9115982700e-01  2.5799898150e-02 
1645.000  1.9145824700e-01  2.5850919720e-02 
1646.000  1.9375844500e-01  2.6191053390e-02 
1647.000  1.9555939800e-01  2.6442960740e-02 
1648.000  1.9467573100e-01  2.6317441940e-02 
1649.000  1.9020244200e-01  2.5717618940e-02 
1650.000  1.9502190600e-01  2.6379991530e-02 
1651.000  1.9066760500e-01  2.5794544220e-02 
1652.000  1.9445852700e-01  2.6299346920e-02 
1653.000  1.9245649000e-01  2.6044713970e-02 
1654.000  1.9461502100e-01  2.6345203400e-02 
1655.000  1.9092940200e-01  2.5868097310e-02 
1656.000  1.9475368900e-01  2.6402496340e-02 
1657.000  1.9333891100e-01  2.6218545910e-02 
1658.000  1.9455788300e-01  2.6405809400e-02 
1659.000  1.9101946400e-01  2.5933650970e-02 
1660.000  1.9322700500e-01  2.6227359770e-02 
1661.000  1.9398036800e-01  2.6327730180e-02 
1662.000  1.9252258500e-01  2.6107769010e-02 
1663.000  1.9124806600e-01  2.5929332730e-02 
1664.000  1.9035563900e-01  2.5800994870e-02 
1665.000  1.8841522800e-01  2.5524204250e-02 
1666.000  1.8764541100e-01  2.5439039230e-02 
1667.000  1.8956221600e-01  2.5750368120e-02 
1668.000  1.8635053000e-01  2.5330688480e-02 
1669.000  1.8687567600e-01  2.5429759980e-02 
1670.000  1.9107702000e-01  2.6028863910e-02 
1671.000  1.8967914000e-01  2.5856493000e-02 
1672.000  1.8069539700e-01  2.4652261730e-02 
1673.000  1.8585731700e-01  2.5356843950e-02 
1674.000  1.8660649600e-01  2.5466970440e-02 
1675.000  1.8487339400e-01  2.5251113890e-02 
1676.000  1.8188455400e-01  2.4846719740e-02 
1677.000  1.8281542500e-01  2.4981992720e-02 
1678.000  1.8382794900e-01  2.5139478680e-02 
1679.000  1.8138673300e-01  2.4806821820e-02 
1680.000  1.7516978400e-01  2.3973672870e-02 
1681.000  1.6909771500e-01  2.3152244570e-02 
1682.000  1.7398177300e-01  2.3822263720e-02 
1683.000  1.7827246400e-01  2.4404294970e-02 
1684.000  1.8156711600e-01  2.4851003650e-02 
1685.000  1.8208647300e-01  2.4896425250e-02 
1686.000  1.7989000400e-01  2.4594017030e-02 
1687.000  1.8058462800e-01  2.4642814640e-02 
1688.000  1.8067745700e-01  2.4617551800e-02 
1689.000  1.7849809100e-01  2.4316608430e-02 
1690.000  1.7835245900e-01  2.4252906800e-02 
1691.000  1.8065992200e-01  2.4565923690e-02 
1692.000  1.8098519500e-01  2.4615568160e-02 
1693.000  1.8034510700e-01  2.4540945050e-02 
1694.000  1.8007585200e-01  2.4509819030e-02 
1695.000  1.8012208000e-01  2.4497579570e-02 
1696.000  1.7906788300e-01  2.4343263630e-02 
1697.000  1.7794099000e-01  2.4162302020e-02 
1698.000  1.7899631900e-01  2.4285284040e-02 
1699.000  1.7784055900e-01  2.4116275790e-02 
1700.000  1.7558900100e-01  2.3800020220e-02 
