 lambda   Irr_dw            Rad_up 
 550.000  1.5506551000e+00  2.2771643070e-01 
 551.000  1.5403088000e+00  2.2617399600e-01 
 552.000  1.6059601000e+00  2.3583615110e-01 
 553.000  1.5424051000e+00  2.2646914670e-01 
 554.000  1.5921572000e+00  2.3378742980e-01 
 555.000  1.5960145000e+00  2.3430549620e-01 
 556.000  1.5514447000e+00  2.2771675110e-01 
 557.000  1.5048808000e+00  2.2089363100e-01 
 558.000  1.5615104000e+00  2.2915985110e-01 
 559.000  1.4754817000e+00  2.1651356510e-01 
 560.000  1.4814998000e+00  2.1740110780e-01 
 561.000  1.6277399000e+00  2.3882975770e-01 
 562.000  1.4936962000e+00  2.1914828490e-01 
 563.000  1.5622963000e+00  2.2918009950e-01 
 564.000  1.5398789000e+00  2.2582627870e-01 
 565.000  1.5577785000e+00  2.2843777470e-01 
 566.000  1.4358712000e+00  2.1053489690e-01 
 567.000  1.5397467000e+00  2.2557788090e-01 
 568.000  1.5350276000e+00  2.2420802310e-01 
 569.000  1.5029863000e+00  2.1804148860e-01 
 570.000  1.5106725000e+00  2.1940405270e-01 
 571.000  1.4575833000e+00  2.1274554440e-01 
 572.000  1.5395309000e+00  2.2368869020e-01 
 573.000  1.5557395000e+00  2.2634886170e-01 
 574.000  1.5469860000e+00  2.2514624020e-01 
 575.000  1.5088490000e+00  2.1950584410e-01 
 576.000  1.4812169000e+00  2.1544915770e-01 
 577.000  1.5426410000e+00  2.2463613890e-01 
 578.000  1.4977136000e+00  2.1851040650e-01 
 579.000  1.4862579000e+00  2.1704675290e-01 
 580.000  1.5373973000e+00  2.2471208190e-01 
 581.000  1.5096530000e+00  2.2094001770e-01 
 582.000  1.5321740000e+00  2.2431062320e-01 
 583.000  1.5426508000e+00  2.2589022830e-01 
 584.000  1.5375528000e+00  2.2510453800e-01 
 585.000  1.5272168000e+00  2.2354003910e-01 
 586.000  1.4613868000e+00  2.1390348820e-01 
 587.000  1.5181281000e+00  2.2161355590e-01 
 588.000  1.5015126000e+00  2.1709918210e-01 
 589.000  1.3302300000e+00  1.8966696170e-01 
 590.000  1.3887632000e+00  1.9784938050e-01 
 591.000  1.4759409000e+00  2.1220001220e-01 
 592.000  1.4473170000e+00  2.0701457210e-01 
 593.000  1.4629061000e+00  2.1145527650e-01 
 594.000  1.4760206000e+00  2.1284863280e-01 
 595.000  1.4473600000e+00  2.0715068050e-01 
 596.000  1.4835653000e+00  2.1462794490e-01 
 597.000  1.4878137000e+00  2.1472502140e-01 
 598.000  1.4574656000e+00  2.1132255550e-01 
 599.000  1.4578503000e+00  2.1180026250e-01 
 600.000  1.4583117000e+00  2.1278097530e-01 
 601.000  1.4501776000e+00  2.1225556950e-01 
 602.000  1.4343138000e+00  2.1015271000e-01 
 603.000  1.4429555000e+00  2.1167195130e-01 
 604.000  1.4886372000e+00  2.1859793090e-01 
 605.000  1.4847745000e+00  2.1807737730e-01 
 606.000  1.4674860000e+00  2.1561460880e-01 
 607.000  1.4591536000e+00  2.1440759280e-01 
 608.000  1.4537147000e+00  2.1360797120e-01 
 609.000  1.4387086000e+00  2.1143632510e-01 
 610.000  1.4155824000e+00  2.0803410340e-01 
 611.000  1.4384778000e+00  2.1142477420e-01 
 612.000  1.4196607000e+00  2.0868566890e-01 
 613.000  1.3988324000e+00  2.0562348940e-01 
 614.000  1.3477648000e+00  1.9814941410e-01 
 615.000  1.4127783000e+00  2.0768959050e-01 
 616.000  1.3431952000e+00  1.9749525450e-01 
 617.000  1.3506987000e+00  1.9861346440e-01 
 618.000  1.4143390000e+00  2.0793942260e-01 
 619.000  1.4012949000e+00  2.0605908200e-01 
 620.000  1.4219057000e+00  2.0904771420e-01 
 621.000  1.4462609000e+00  2.1262840270e-01 
 622.000  1.3698870000e+00  2.0137295530e-01 
 623.000  1.3804659000e+00  2.0285360720e-01 
 624.000  1.3818495000e+00  2.0307984920e-01 
 625.000  1.3443280000e+00  1.9755433650e-01 
 626.000  1.3510241000e+00  1.9837933350e-01 
 627.000  1.3733378000e+00  2.0092474370e-01 
 628.000  1.3542039000e+00  1.9673338320e-01 
 629.000  1.3884842000e+00  2.0223883060e-01 
 630.000  1.3424689000e+00  1.9619743350e-01 
 631.000  1.3918042000e+00  2.0364033510e-01 
 632.000  1.2962701000e+00  1.8909178160e-01 
 633.000  1.3916175000e+00  2.0375712590e-01 
 634.000  1.3498440000e+00  1.9788442990e-01 
 635.000  1.3744799000e+00  2.0149417110e-01 
 636.000  1.3260511000e+00  1.9453948970e-01 
 637.000  1.3697878000e+00  2.0105523680e-01 
 638.000  1.3911637000e+00  2.0454991150e-01 
 639.000  1.3796290000e+00  2.0281625370e-01 
 640.000  1.3363439000e+00  1.9670019530e-01 
 641.000  1.3555969000e+00  1.9953060910e-01 
 642.000  1.3393155000e+00  1.9726795960e-01 
 643.000  1.3626237000e+00  2.0044917300e-01 
 644.000  1.3469535000e+00  1.9811909480e-01 
 645.000  1.3585743000e+00  1.9949243160e-01 
 646.000  1.3064226000e+00  1.9031643680e-01 
 647.000  1.3239026000e+00  1.9182431030e-01 
 648.000  1.3213092000e+00  1.9039903260e-01 
 649.000  1.3476528000e+00  1.9510289000e-01 
 650.000  1.2491496000e+00  1.8262480160e-01 
 651.000  1.3455269000e+00  1.9671707150e-01 
 652.000  1.3192018000e+00  1.9122985840e-01 
 653.000  1.3461610000e+00  1.9706974790e-01 
 654.000  1.3284485000e+00  1.9421864320e-01 
 655.000  1.2932400000e+00  1.8838923650e-01 
 656.000  1.0979604700e+00  1.6013768010e-01 
 657.000  1.1718864500e+00  1.7126536560e-01 
 658.000  1.3054356000e+00  1.9147676090e-01 
 659.000  1.3086320000e+00  1.9232015990e-01 
 660.000  1.3188974000e+00  1.9401307680e-01 
 661.000  1.3247834000e+00  1.9541485600e-01 
 662.000  1.3438734000e+00  1.9846992490e-01 
 663.000  1.3288851000e+00  1.9619656370e-01 
 664.000  1.3077574000e+00  1.9316757200e-01 
 665.000  1.3134270000e+00  1.9407606510e-01 
 666.000  1.3292345000e+00  1.9654682920e-01 
 667.000  1.3028350600e+00  1.9268348690e-01 
 668.000  1.3102226000e+00  1.9391091920e-01 
 669.000  1.3288870000e+00  1.9674665830e-01 
 670.000  1.3132739000e+00  1.9441906740e-01 
 671.000  1.2990419200e+00  1.9236476140e-01 
 672.000  1.2948972000e+00  1.9177117920e-01 
 673.000  1.3041115800e+00  1.9314782710e-01 
 674.000  1.3066021100e+00  1.9354701230e-01 
 675.000  1.2866303300e+00  1.9059246830e-01 
 676.000  1.3108833500e+00  1.9421632390e-01 
 677.000  1.2847711300e+00  1.9038053890e-01 
 678.000  1.3060031100e+00  1.9353718570e-01 
 679.000  1.2875259500e+00  1.9078454590e-01 
 680.000  1.2775857300e+00  1.8926934810e-01 
 681.000  1.2788952000e+00  1.8940132140e-01 
 682.000  1.2762011700e+00  1.8896722410e-01 
 683.000  1.2845256000e+00  1.9014479060e-01 
 684.000  1.2612533900e+00  1.8660281370e-01 
 685.000  1.2754797800e+00  1.8879187010e-01 
 686.000  1.2192393000e+00  1.8019921880e-01 
 687.000  1.1266760600e+00  1.6155635070e-01 
 688.000  1.1567674000e+00  1.6753160100e-01 
 689.000  1.1511979000e+00  1.6622605900e-01 
 690.000  1.1719046800e+00  1.7011239620e-01 
 691.000  1.1957795300e+00  1.7445800780e-01 
 692.000  1.1989159100e+00  1.7498522950e-01 
 693.000  1.1977722800e+00  1.7271476750e-01 
 694.000  1.1997247400e+00  1.7111024480e-01 
 695.000  1.1868624200e+00  1.7022761540e-01 
 696.000  1.2053825500e+00  1.7350108340e-01 
 697.000  1.2286295800e+00  1.8011918640e-01 
 698.000  1.2013223100e+00  1.7538285830e-01 
 699.000  1.2044417700e+00  1.7297088620e-01 
 700.000  1.1933239500e+00  1.7181428530e-01 
 701.000  1.1623872200e+00  1.6673028560e-01 
 702.000  1.1595492500e+00  1.6676200870e-01 
 703.000  1.1913044400e+00  1.7366551210e-01 
 704.000  1.1952664200e+00  1.7435310360e-01 
 705.000  1.1978577200e+00  1.7373916630e-01 
 706.000  1.1862817000e+00  1.7225422670e-01 
 707.000  1.1705718000e+00  1.7033026120e-01 
 708.000  1.2069578500e+00  1.7601161190e-01 
 709.000  1.1689012100e+00  1.7122883610e-01 
 710.000  1.1902165600e+00  1.7348764040e-01 
 711.000  1.1836435700e+00  1.7337814330e-01 
 712.000  1.1716553200e+00  1.7236923220e-01 
 713.000  1.1628404700e+00  1.7047700500e-01 
 714.000  1.1811998600e+00  1.7293682860e-01 
 715.000  1.1338650600e+00  1.6504005430e-01 
 716.000  1.1570224900e+00  1.6742443850e-01 
 717.000  1.0841592600e+00  1.5147285460e-01 
 718.000  1.0514177400e+00  1.4373994450e-01 
 719.000  1.0295566900e+00  1.3960162350e-01 
 720.000  1.0225980700e+00  1.3708399960e-01 
 721.000  1.0841562100e+00  1.5292176820e-01 
 722.000  1.1219316300e+00  1.6109004210e-01 
 723.000  1.1065255900e+00  1.5726445010e-01 
 724.000  1.0762389300e+00  1.4862387080e-01 
 725.000  1.0697505100e+00  1.4834519960e-01 
 726.000  1.0659183400e+00  1.4763633730e-01 
 727.000  1.0867563900e+00  1.5113706970e-01 
 728.000  1.0623172900e+00  1.4711933900e-01 
 729.000  1.0332647200e+00  1.4467950440e-01 
 730.000  1.0688465700e+00  1.4941227720e-01 
 731.000  1.0481870200e+00  1.4624938960e-01 
 732.000  1.0909284300e+00  1.5503558350e-01 
 733.000  1.0957426500e+00  1.5857414250e-01 
 734.000  1.1288957900e+00  1.6481384280e-01 
 735.000  1.1159439000e+00  1.6241754150e-01 
 736.000  1.0883179200e+00  1.5751377870e-01 
 737.000  1.1076065300e+00  1.6099299620e-01 
 738.000  1.1114042000e+00  1.6252658080e-01 
 739.000  1.0782357900e+00  1.5811195370e-01 
 740.000  1.0947608200e+00  1.6148403930e-01 
 741.000  1.0896433000e+00  1.6132731630e-01 
 742.000  1.0731465700e+00  1.5913743590e-01 
 743.000  1.1079917200e+00  1.6485960390e-01 
 744.000  1.1198900700e+00  1.6689984130e-01 
 745.000  1.0918493000e+00  1.6293443300e-01 
 746.000  1.1078680500e+00  1.6547186280e-01 
 747.000  1.1245530900e+00  1.6798751830e-01 
 748.000  1.1051078900e+00  1.6519621280e-01 
 749.000  1.1055981200e+00  1.6533653260e-01 
 750.000  1.0890018300e+00  1.6279977420e-01 
 751.000  1.0861965900e+00  1.6240496830e-01 
 752.000  1.1033211000e+00  1.6508923340e-01 
 753.000  1.0930439400e+00  1.6360134890e-01 
 754.000  1.1102540800e+00  1.6621821590e-01 
 755.000  1.1038862700e+00  1.6529005430e-01 
 756.000  1.0822837200e+00  1.6208103940e-01 
 757.000  1.0902479300e+00  1.6329829410e-01 
 758.000  1.0879358400e+00  1.6291015620e-01 
 759.000  1.0051026300e+00  1.4809255980e-01 
 760.000  5.1254817000e-01  6.3975677490e-02 
 761.000  4.6294326000e-01  5.6438701630e-02 
 762.000  7.3989697000e-01  1.0147621920e-01 
 763.000  6.7107700000e-01  8.9122650150e-02 
 764.000  7.1744575000e-01  9.6824096680e-02 
 765.000  8.1969617000e-01  1.1465953060e-01 
 766.000  8.8685162000e-01  1.2828500370e-01 
 767.000  9.5067604000e-01  1.3958500670e-01 
 768.000  1.0217601200e+00  1.5150294490e-01 
 769.000  1.0394628800e+00  1.5513920590e-01 
 770.000  1.0445591400e+00  1.5638465880e-01 
 771.000  1.0501800400e+00  1.5751388550e-01 
 772.000  1.0472524200e+00  1.5716349790e-01 
 773.000  1.0433220600e+00  1.5662580870e-01 
 774.000  1.0548134400e+00  1.5840042110e-01 
 775.000  1.0153323500e+00  1.5251658630e-01 
 776.000  1.0572426100e+00  1.5886946110e-01 
 777.000  1.0498988800e+00  1.5778463750e-01 
 778.000  1.0442317400e+00  1.5693403630e-01 
 779.000  1.0475956900e+00  1.5743789670e-01 
 780.000  1.0345957300e+00  1.5551104740e-01 
 781.000  1.0329920700e+00  1.5532286070e-01 
 782.000  1.0454053200e+00  1.5717279050e-01 
 783.000  1.0209428800e+00  1.5353985600e-01 
 784.000  1.0264970100e+00  1.5434307860e-01 
 785.000  1.0283180600e+00  1.5440150450e-01 
 786.000  1.0092595500e+00  1.5125451660e-01 
 787.000  1.0211044500e+00  1.5232269290e-01 
 788.000  1.0041715400e+00  1.4946945190e-01 
 789.000  1.0041864200e+00  1.4826309200e-01 
 790.000  9.9351204000e-01  1.4658332820e-01 
 791.000  9.8948034000e-01  1.4623585510e-01 
 792.000  9.7478098000e-01  1.4426904300e-01 
 793.000  9.7610443000e-01  1.4496406560e-01 
 794.000  9.7097084000e-01  1.4526805110e-01 
 795.000  9.6268448000e-01  1.4337098690e-01 
 796.000  9.7094297000e-01  1.4301921080e-01 
 797.000  9.7935795000e-01  1.4475148010e-01 
 798.000  9.8501328000e-01  1.4665277100e-01 
 799.000  9.8302006000e-01  1.4611532590e-01 
 800.000  9.5367558000e-01  1.4102555850e-01 
 801.000  9.7190205000e-01  1.4382649230e-01 
 802.000  9.6955560000e-01  1.4340600590e-01 
 803.000  9.5625151000e-01  1.4157171630e-01 
 804.000  9.6662272000e-01  1.4349832150e-01 
 805.000  9.4343388000e-01  1.4075143430e-01 
 806.000  9.7096312000e-01  1.4527648930e-01 
 807.000  9.6503589000e-01  1.4444067380e-01 
 808.000  9.5817633000e-01  1.4317906190e-01 
 809.000  9.4048174000e-01  1.4026190190e-01 
 810.000  9.3463951000e-01  1.3908798220e-01 
 811.000  9.4621405000e-01  1.4023904420e-01 
 812.000  9.3837674000e-01  1.3824426270e-01 
 813.000  9.2849913000e-01  1.3580462650e-01 
 814.000  9.1936469000e-01  1.3326298520e-01 
 815.000  8.9955710000e-01  1.2893341060e-01 
 816.000  8.7848559000e-01  1.2415167240e-01 
 817.000  8.8452891000e-01  1.2510170750e-01 
 818.000  8.8021563000e-01  1.2461677550e-01 
 819.000  8.6067934000e-01  1.2247122960e-01 
 820.000  8.5823013000e-01  1.2407183840e-01 
 821.000  9.0348695000e-01  1.3300253300e-01 
 822.000  8.6555345000e-01  1.2565178680e-01 
 823.000  8.4143220000e-01  1.1768120570e-01 
 824.000  8.8479614000e-01  1.2772296910e-01 
 825.000  9.0262036000e-01  1.3311500550e-01 
 826.000  9.0494313000e-01  1.3298335270e-01 
 827.000  8.9954822000e-01  1.3183871460e-01 
 828.000  8.8514156000e-01  1.2796214290e-01 
 829.000  8.8919653000e-01  1.2918040470e-01 
 830.000  8.7999471000e-01  1.2857128910e-01 
 831.000  8.6562942000e-01  1.2665269470e-01 
 832.000  8.8377058000e-01  1.2939801030e-01 
 833.000  8.5895169000e-01  1.2622283170e-01 
 834.000  8.7474793000e-01  1.2906085210e-01 
 835.000  8.8214586000e-01  1.3112719730e-01 
 836.000  8.9055729000e-01  1.3212165830e-01 
 837.000  8.8294786000e-01  1.3096345520e-01 
 838.000  8.8876654000e-01  1.3234457400e-01 
 839.000  8.6250474000e-01  1.2873498540e-01 
 840.000  8.8610876000e-01  1.3236198430e-01 
 841.000  8.8688214000e-01  1.3215922550e-01 
 842.000  8.8263906000e-01  1.3182406620e-01 
 843.000  8.7961108000e-01  1.3212913510e-01 
 844.000  8.6632032000e-01  1.3047306820e-01 
 845.000  8.8004135000e-01  1.3270794680e-01 
 846.000  8.8845372000e-01  1.3417649840e-01 
 847.000  8.5843163000e-01  1.2985443120e-01 
 848.000  8.8266108000e-01  1.3322090150e-01 
 849.000  8.8438405000e-01  1.3356404110e-01 
 850.000  7.6420082000e-01  1.1527034000e-01 
 851.000  8.7492742000e-01  1.3179640200e-01 
 852.000  8.4177762000e-01  1.2685425570e-01 
 853.000  8.5231373000e-01  1.2870243840e-01 
 854.000  6.8516917000e-01  1.0347556300e-01 
 855.000  7.5455671000e-01  1.1410726930e-01 
 856.000  8.5684949000e-01  1.2985003660e-01 
 857.000  8.7076192000e-01  1.3213134770e-01 
 858.000  8.5691204000e-01  1.3009800720e-01 
 859.000  8.5699835000e-01  1.3026353450e-01 
 860.000  8.4943064000e-01  1.2921148680e-01 
 861.000  8.4931589000e-01  1.2921482850e-01 
 862.000  8.4653690000e-01  1.2882157900e-01 
 863.000  8.6270765000e-01  1.3134016420e-01 
 864.000  8.6098114000e-01  1.3106741330e-01 
 865.000  8.4493833000e-01  1.2870651250e-01 
 866.000  7.0872331000e-01  1.0799261470e-01 
 867.000  7.5469648000e-01  1.1494048310e-01 
 868.000  8.1848897000e-01  1.2470671840e-01 
 869.000  8.0699539000e-01  1.2297511290e-01 
 870.000  8.4026518000e-01  1.2809866330e-01 
 871.000  8.3906923000e-01  1.2791620640e-01 
 872.000  8.3568715000e-01  1.2735389710e-01 
 873.000  8.3901720000e-01  1.2790819550e-01 
 874.000  8.2060759000e-01  1.2508268740e-01 
 875.000  8.1304799000e-01  1.2399556730e-01 
 876.000  8.1977586000e-01  1.2498680880e-01 
 877.000  8.3609555000e-01  1.2743357850e-01 
 878.000  8.2166111000e-01  1.2520226290e-01 
 879.000  8.2355587000e-01  1.2552156830e-01 
 880.000  8.1871935000e-01  1.2467356110e-01 
 881.000  7.7613025000e-01  1.1818888850e-01 
 882.000  8.1894827000e-01  1.2462854000e-01 
 883.000  8.0027121000e-01  1.2190210720e-01 
 884.000  8.0706499000e-01  1.2304232790e-01 
 885.000  8.1526211000e-01  1.2402433780e-01 
 886.000  7.8842935000e-01  1.1980097200e-01 
 887.000  7.8040910000e-01  1.1872714230e-01 
 888.000  8.0375611000e-01  1.2222733310e-01 
 889.000  8.0920064000e-01  1.2321060940e-01 
 890.000  8.0653648000e-01  1.2268797300e-01 
 891.000  8.0171493000e-01  1.2167874910e-01 
 892.000  7.9736500000e-01  1.2050920100e-01 
 893.000  7.6124348000e-01  1.1351795200e-01 
 894.000  7.8339283000e-01  1.1610103610e-01 
 895.000  7.3339067000e-01  1.0671906280e-01 
 896.000  7.4743327000e-01  1.0690104680e-01 
 897.000  7.1476900000e-01  1.0049306490e-01 
 898.000  7.0869702000e-01  9.8800491330e-02 
 899.000  6.8723813000e-01  9.3650085450e-02 
 900.000  6.7303728000e-01  9.1976890560e-02 
 901.000  6.5342138000e-01  8.8796897890e-02 
 902.000  6.4223571000e-01  8.7409729000e-02 
 903.000  7.0778335000e-01  1.0006520840e-01 
 904.000  7.4205161000e-01  1.0736793520e-01 
 905.000  7.3926470000e-01  1.0699464420e-01 
 906.000  7.0687753000e-01  1.0084849550e-01 
 907.000  6.9572800000e-01  9.6745162960e-02 
 908.000  6.6382297000e-01  9.0751785280e-02 
 909.000  6.5133310000e-01  8.9099472050e-02 
 910.000  6.6126301000e-01  9.0690864560e-02 
 911.000  6.6934273000e-01  9.2888694760e-02 
 912.000  6.6597476000e-01  9.1862091060e-02 
 913.000  6.6018922000e-01  8.8977394100e-02 
 914.000  6.6638956000e-01  9.0864204410e-02 
 915.000  6.6359267000e-01  9.1401336670e-02 
 916.000  6.7303321000e-01  9.2922210690e-02 
 917.000  6.6679784000e-01  9.2535903930e-02 
 918.000  6.6895920000e-01  9.3456268310e-02 
 919.000  6.9688181000e-01  9.9647186280e-02 
 920.000  7.0443117000e-01  1.0235195160e-01 
 921.000  6.8590431000e-01  9.9304245000e-02 
 922.000  6.7947138000e-01  9.8383949280e-02 
 923.000  6.4729162000e-01  9.3177131650e-02 
 924.000  6.6539353000e-01  9.4820732120e-02 
 925.000  6.7347914000e-01  9.5836929320e-02 
 926.000  6.4931028000e-01  9.2255126950e-02 
 927.000  6.6260417000e-01  9.2942573550e-02 
 928.000  6.4970553000e-01  8.9184394840e-02 
 929.000  6.1622437000e-01  8.1971488950e-02 
 930.000  5.8313607000e-01  7.4206863400e-02 
 931.000  5.4681330000e-01  6.5533363340e-02 
 932.000  4.9384434000e-01  5.4251194000e-02 
 933.000  4.5800546000e-01  4.7260349270e-02 
 934.000  4.1475055000e-01  4.0049255370e-02 
 935.000  4.0453749000e-01  3.8735832210e-02 
 936.000  4.1721607000e-01  4.0996120450e-02 
 937.000  4.2234299000e-01  4.1279579160e-02 
 938.000  4.6054373000e-01  4.8482807160e-02 
 939.000  5.7066119000e-01  7.1674110410e-02 
 940.000  5.8263037000e-01  7.4743507390e-02 
 941.000  5.5661419000e-01  7.0210525510e-02 
 942.000  5.0487930000e-01  6.0514133450e-02 
 943.000  4.7686638000e-01  5.2022033690e-02 
 944.000  4.6002080000e-01  4.9833568570e-02 
 945.000  4.8430184000e-01  5.4214664460e-02 
 946.000  4.9186618000e-01  5.5198268890e-02 
 947.000  5.0619490000e-01  5.8614459990e-02 
 948.000  5.1935832000e-01  6.1251029970e-02 
 949.000  5.1953931000e-01  6.1167388920e-02 
 950.000  5.1864112000e-01  6.1358882900e-02 
 951.000  5.3779728000e-01  6.6167091370e-02 
 952.000  5.1371231000e-01  6.0685070040e-02 
 953.000  5.2888149000e-01  6.4389549260e-02 
 954.000  5.4114069000e-01  6.7913833620e-02 
 955.000  4.9203686000e-01  6.0350467680e-02 
 956.000  5.2145853000e-01  6.3682460780e-02 
 957.000  5.6472132000e-01  7.3920341490e-02 
 958.000  5.7450782000e-01  7.5829711910e-02 
 959.000  5.6939094000e-01  7.4506393430e-02 
 960.000  5.6183266000e-01  7.3354560850e-02 
 961.000  5.5216477000e-01  7.1769134520e-02 
 962.000  5.5809191000e-01  7.2916458130e-02 
 963.000  5.8012474000e-01  7.8191558840e-02 
 964.000  5.7669161000e-01  7.8091682430e-02 
 965.000  5.8146624000e-01  7.8566635130e-02 
 966.000  5.6581073000e-01  7.6616012570e-02 
 967.000  5.9888802000e-01  8.2807777400e-02 
 968.000  6.1877010000e-01  8.8536338810e-02 
 969.000  6.3440528000e-01  9.2203422550e-02 
 970.000  6.3673451000e-01  9.2644622800e-02 
 971.000  6.3078602000e-01  9.1770751950e-02 
 972.000  6.3194138000e-01  9.1556427000e-02 
 973.000  6.1823605000e-01  8.8698600770e-02 
 974.000  5.9939128000e-01  8.4981468200e-02 
 975.000  5.9630987000e-01  8.3910682680e-02 
 976.000  6.1103950000e-01  8.6824958800e-02 
 977.000  6.0752530000e-01  8.7712165830e-02 
 978.000  6.2149801000e-01  8.9650871280e-02 
 979.000  6.0645775000e-01  8.7875343320e-02 
 980.000  6.2727517000e-01  9.2402946470e-02 
 981.000  6.3427319000e-01  9.3794212340e-02 
 982.000  6.3013327000e-01  9.2868354800e-02 
 983.000  6.3467343000e-01  9.4349685670e-02 
 984.000  6.3683320000e-01  9.5526115420e-02 
 985.000  6.4015811000e-01  9.6530357360e-02 
 986.000  6.3960380000e-01  9.7107025150e-02 
 987.000  6.4898950000e-01  9.8830383300e-02 
 988.000  6.4133999000e-01  9.7748535160e-02 
 989.000  6.3345979000e-01  9.6601707460e-02 
 990.000  6.3932670000e-01  9.7576683040e-02 
 991.000  6.4626307000e-01  9.8902107240e-02 
 992.000  6.4074978000e-01  9.8143898010e-02 
 993.000  6.4087924000e-01  9.8204711910e-02 
 994.000  6.4560572000e-01  9.9168190000e-02 
 995.000  6.4188644000e-01  9.8771652220e-02 
 996.000  6.4174165000e-01  9.8761230470e-02 
 997.000  6.4175402000e-01  9.8674545290e-02 
 998.000  6.3863114000e-01  9.8095077510e-02 
 999.000  6.3675468000e-01  9.7777900700e-02 
1000.000  6.3189178000e-01  9.7077972410e-02 
1001.000  6.3389484000e-01  9.7167854310e-02 
1002.000  6.3054253000e-01  9.6299606320e-02 
1003.000  6.2372137000e-01  9.5364326480e-02 
1004.000  6.1982814000e-01  9.5000694270e-02 
1005.000  5.7965225000e-01  8.8950401310e-02 
1006.000  6.1009905000e-01  9.3676567080e-02 
1007.000  6.2077126000e-01  9.5263763430e-02 
1008.000  6.2151773000e-01  9.5097412110e-02 
1009.000  6.1521886000e-01  9.3762374880e-02 
1010.000  6.1861457000e-01  9.4474876400e-02 
1011.000  6.1791108000e-01  9.4805114750e-02 
1012.000  6.1908799000e-01  9.5164344790e-02 
1013.000  6.1536954000e-01  9.4737236020e-02 
1014.000  6.1961642000e-01  9.5474548340e-02 
1015.000  6.0822111000e-01  9.3758369450e-02 
1016.000  6.1244403000e-01  9.4497764590e-02 
1017.000  6.0651369000e-01  9.3641082760e-02 
1018.000  6.1406866000e-01  9.4768371580e-02 
1019.000  5.9925365000e-01  9.2363845830e-02 
1020.000  5.9825479000e-01  9.2264846800e-02 
1021.000  6.0475245000e-01  9.3365821840e-02 
1022.000  5.9474746000e-01  9.1639038090e-02 
1023.000  6.0538275000e-01  9.3122688290e-02 
1024.000  6.0182388000e-01  9.2482879640e-02 
1025.000  6.0298724000e-01  9.2922004700e-02 
1026.000  6.0426940000e-01  9.3252532960e-02 
1027.000  6.0036830000e-01  9.2635574340e-02 
1028.000  6.0197899000e-01  9.2962242130e-02 
1029.000  5.9331981000e-01  9.1776809690e-02 
1030.000  5.9979832000e-01  9.2926078800e-02 
1031.000  5.9815464000e-01  9.2770713810e-02 
1032.000  5.9623967000e-01  9.2552993770e-02 
1033.000  5.8529412000e-01  9.0881065370e-02 
1034.000  5.9101040000e-01  9.1807373050e-02 
1035.000  5.8328873000e-01  9.0628929140e-02 
1036.000  5.9292692000e-01  9.2148811340e-02 
1037.000  5.8043794000e-01  9.0230529790e-02 
1038.000  5.8617390000e-01  9.1142173770e-02 
1039.000  5.8856100000e-01  9.1511039730e-02 
1040.000  5.8158681000e-01  9.0429039000e-02 
1041.000  5.8461289000e-01  9.0899475100e-02 
1042.000  5.8633926000e-01  9.1173179630e-02 
1043.000  5.7621321000e-01  8.9608497620e-02 
1044.000  5.8193775000e-01  9.0498657230e-02 
1045.000  5.7938509000e-01  9.0112197880e-02 
1046.000  5.6252393000e-01  8.7507484440e-02 
1047.000  5.7283876000e-01  8.9135467530e-02 
1048.000  5.7851085000e-01  9.0037750240e-02 
1049.000  5.7478933000e-01  8.9502128600e-02 
1050.000  5.7236642000e-01  8.9122497560e-02 
1051.000  5.7133774000e-01  8.8931137080e-02 
1052.000  5.6845113000e-01  8.6506813050e-02 
1053.000  5.6721864000e-01  8.8302764890e-02 
1054.000  5.6298331000e-01  8.7560653690e-02 
1055.000  5.6707796000e-01  8.8219444270e-02 
1056.000  5.6554200000e-01  8.7958984380e-02 
1057.000  5.6446940000e-01  8.7728942870e-02 
1058.000  5.5839256000e-01  8.6652847290e-02 
1059.000  5.4084081000e-01  8.3971603390e-02 
1060.000  5.6041038000e-01  8.7126556400e-02 
1061.000  5.4074659000e-01  8.4077278140e-02 
1062.000  5.5564458000e-01  8.6320205690e-02 
1063.000  5.4623037000e-01  8.4849998470e-02 
1064.000  5.5296331000e-01  8.5822227480e-02 
1065.000  5.5212241000e-01  8.5579498290e-02 
1066.000  5.3520962000e-01  8.2966873170e-02 
1067.000  5.4783908000e-01  8.4877029420e-02 
1068.000  5.4508965000e-01  8.4239746090e-02 
1069.000  5.0375519000e-01  7.7732963560e-02 
1070.000  5.3371171000e-01  8.2385330200e-02 
1071.000  5.3417860000e-01  8.2333953860e-02 
1072.000  5.3556150000e-01  8.2427513120e-02 
1073.000  5.1786169000e-01  7.9686416630e-02 
1074.000  5.3607155000e-01  8.2516738890e-02 
1075.000  5.2001757000e-01  8.0235244750e-02 
1076.000  5.3104638000e-01  8.1821723940e-02 
1077.000  5.2935349000e-01  8.1409515380e-02 
1078.000  5.3011522000e-01  8.1350212100e-02 
1079.000  5.0961617000e-01  7.8183593750e-02 
1080.000  5.2305344000e-01  7.9778236390e-02 
1081.000  5.0372025000e-01  7.6805633540e-02 
1082.000  5.1087078000e-01  7.8086105350e-02 
1083.000  4.9621406000e-01  7.5596321110e-02 
1084.000  5.1413651000e-01  7.8049903870e-02 
1085.000  5.0489697000e-01  7.6032615660e-02 
1086.000  5.1209426000e-01  7.7245666500e-02 
1087.000  4.8333622000e-01  7.3543106080e-02 
1088.000  5.1271879000e-01  7.8064651490e-02 
1089.000  4.8986982000e-01  7.3814521790e-02 
1090.000  4.9986716000e-01  7.5191802980e-02 
1091.000  5.0378274000e-01  7.5951248170e-02 
1092.000  4.9040711000e-01  7.3565055850e-02 
1093.000  4.8050915000e-01  7.1267784120e-02 
1094.000  4.3567212800e-01  6.4290245060e-02 
1095.000  4.7186116000e-01  6.9674217220e-02 
1096.000  4.7318674000e-01  6.9927116390e-02 
1097.000  4.6311704000e-01  6.8239524840e-02 
1098.000  4.4577038000e-01  6.3879669190e-02 
1099.000  4.3544226900e-01  6.0928112030e-02 
1100.000  4.4373709200e-01  6.2189064030e-02 
1101.000  4.4439685000e-01  6.2480690000e-02 
1102.000  4.2522308200e-01  5.9676963810e-02 
1103.000  4.4318112900e-01  6.2320343020e-02 
1104.000  4.3797717000e-01  6.1333320620e-02 
1105.000  4.3221751800e-01  5.9907035830e-02 
1106.000  4.2338831100e-01  5.8088832860e-02 
1107.000  4.2422368500e-01  5.8323806760e-02 
1108.000  4.2389077400e-01  5.8344455720e-02 
1109.000  4.3039207400e-01  5.9693229680e-02 
1110.000  4.3214922600e-01  5.9788707730e-02 
1111.000  4.2417129900e-01  5.8359745030e-02 
1112.000  4.0779315400e-01  5.4829246520e-02 
1113.000  3.8906296000e-01  5.0425041200e-02 
1114.000  3.8885145200e-01  4.9730037690e-02 
1115.000  3.6322130000e-01  4.3918575290e-02 
1116.000  3.4504200600e-01  4.0223892210e-02 
1117.000  3.1602971200e-01  3.3979755400e-02 
1118.000  2.8206563500e-01  2.8027502060e-02 
1119.000  2.5821213800e-01  2.4434452060e-02 
1120.000  2.3803973800e-01  2.1140766140e-02 
1121.000  2.3495458200e-01  2.0534673690e-02 
1122.000  2.1118161100e-01  1.7116956710e-02 
1123.000  2.2503607100e-01  1.8958486560e-02 
1124.000  2.3399211900e-01  2.0189620970e-02 
1125.000  2.2483347600e-01  1.9142688750e-02 
1126.000  2.1878457600e-01  1.8537794110e-02 
1127.000  2.2795416100e-01  1.9462301250e-02 
1128.000  2.2717150000e-01  1.9670427320e-02 
1129.000  2.4999249600e-01  2.3075513840e-02 
1130.000  2.9881112400e-01  3.1137573240e-02 
1131.000  3.1575595200e-01  3.4015220640e-02 
1132.000  2.9778142400e-01  3.0614965440e-02 
1133.000  2.5555012000e-01  2.4122953410e-02 
1134.000  1.8688591400e-01  1.4255094530e-02 
1135.000  1.9453752600e-01  1.5168485640e-02 
1136.000  2.6171029400e-01  2.5112539290e-02 
1137.000  2.9998369200e-01  3.1353870390e-02 
1138.000  3.2050198100e-01  3.6371627810e-02 
1139.000  3.3654535700e-01  3.9290462490e-02 
1140.000  3.3152264300e-01  3.8110839840e-02 
1141.000  3.0995757300e-01  3.4597984310e-02 
1142.000  3.1409499900e-01  3.4667354580e-02 
1143.000  2.9518021100e-01  3.1483938220e-02 
1144.000  2.7789594400e-01  2.8537157060e-02 
1145.000  2.5702365000e-01  2.4902517320e-02 
1146.000  2.6503637400e-01  2.6043525700e-02 
1147.000  2.8414516600e-01  2.9201217650e-02 
1148.000  2.9676517800e-01  3.1688072200e-02 
1149.000  3.0369420400e-01  3.2946372990e-02 
1150.000  3.0244414200e-01  3.2916694640e-02 
1151.000  3.1030887900e-01  3.4629188540e-02 
1152.000  3.1395023900e-01  3.5463703160e-02 
1153.000  3.1964121600e-01  3.6737915040e-02 
1154.000  3.1988800100e-01  3.6646877290e-02 
1155.000  3.3272560800e-01  3.9410804750e-02 
1156.000  3.4118770000e-01  4.1871356960e-02 
1157.000  3.7062108800e-01  4.8487743380e-02 
1158.000  3.8099986100e-01  5.1015041350e-02 
1159.000  3.8422424600e-01  5.2429359440e-02 
1160.000  3.8281511100e-01  5.2652122500e-02 
1161.000  3.8334592400e-01  5.3663173680e-02 
1162.000  4.0367397500e-01  5.7285655980e-02 
1163.000  4.1324626800e-01  5.9583183290e-02 
1164.000  4.0668232300e-01  5.8842147830e-02 
1165.000  4.1503526700e-01  6.0180923460e-02 
1166.000  4.0582892300e-01  5.9073284150e-02 
1167.000  4.1337622200e-01  6.0316722870e-02 
1168.000  4.1658833900e-01  6.0746681210e-02 
1169.000  4.0325105600e-01  5.8946319580e-02 
1170.000  4.1510639800e-01  6.0811634060e-02 
1171.000  4.1978315400e-01  6.1827850340e-02 
1172.000  4.1683035300e-01  6.1214809420e-02 
1173.000  4.1232504400e-01  6.0385292050e-02 
1174.000  4.1262653700e-01  6.0448577880e-02 
1175.000  4.1207903800e-01  6.0866584780e-02 
1176.000  4.0596417700e-01  6.0421581270e-02 
1177.000  4.1664017200e-01  6.1797084810e-02 
1178.000  4.0585392800e-01  5.9769550320e-02 
1179.000  4.0404376700e-01  5.9511466980e-02 
1180.000  4.0835461500e-01  5.9997085570e-02 
1181.000  4.0273487600e-01  5.8782028200e-02 
1182.000  3.9972602000e-01  5.7963920590e-02 
1183.000  3.7692437400e-01  5.4707275390e-02 
1184.000  3.9590313600e-01  5.7686164860e-02 
1185.000  4.0605929700e-01  5.9728656770e-02 
1186.000  4.0219212400e-01  5.9002059940e-02 
1187.000  3.9732587500e-01  5.7746269230e-02 
1188.000  3.9413467000e-01  5.7165416720e-02 
1189.000  3.7400339600e-01  5.4569877620e-02 
1190.000  4.0013821800e-01  5.9268413540e-02 
1191.000  4.0870290400e-01  6.0811168670e-02 
1192.000  4.0977943000e-01  6.1370441440e-02 
1193.000  4.0922269800e-01  6.1198368070e-02 
1194.000  4.0793704300e-01  6.0956153870e-02 
1195.000  4.0012792100e-01  5.9418685910e-02 
1196.000  4.0031784200e-01  5.9509132390e-02 
1197.000  3.9863989300e-01  5.9085308070e-02 
1198.000  3.8490626700e-01  5.7018505100e-02 
1199.000  3.6876156700e-01  5.4423866270e-02 
1200.000  3.9311791700e-01  5.8154670720e-02 
1201.000  3.9637408300e-01  5.8710704800e-02 
1202.000  3.9728783400e-01  5.8953205110e-02 
1203.000  3.7684501000e-01  5.5862258910e-02 
1204.000  3.8370288300e-01  5.7003818510e-02 
1205.000  3.9790431100e-01  5.9754314420e-02 
1206.000  3.9795483600e-01  6.0057289120e-02 
1207.000  4.0163840500e-01  6.0737251280e-02 
1208.000  3.9506391100e-01  5.9649890900e-02 
1209.000  3.6924661900e-01  5.5609878540e-02 
1210.000  3.9308678300e-01  5.8938285830e-02 
1211.000  3.7966811000e-01  5.6891288760e-02 
1212.000  3.9211149300e-01  5.8824672700e-02 
1213.000  3.9571230300e-01  5.9621543880e-02 
1214.000  3.9364556200e-01  5.9277530670e-02 
1215.000  3.9572755200e-01  5.9693405150e-02 
1216.000  3.9750118900e-01  6.0374362950e-02 
1217.000  3.9911904300e-01  6.0984909060e-02 
1218.000  3.9869838000e-01  6.1103298190e-02 
1219.000  3.9546688100e-01  6.0721908570e-02 
1220.000  3.9820403300e-01  6.1148277280e-02 
1221.000  3.9772962300e-01  6.1114097600e-02 
1222.000  3.9571051700e-01  6.0820419310e-02 
1223.000  3.9404388900e-01  6.0616847990e-02 
1224.000  3.9857897600e-01  6.1539730070e-02 
1225.000  3.9670102900e-01  6.1311492920e-02 
1226.000  3.9850555600e-01  6.1674747470e-02 
1227.000  3.8566759900e-01  5.9811672210e-02 
1228.000  3.9854108200e-01  6.1967021940e-02 
1229.000  3.9869358000e-01  6.2117061610e-02 
1230.000  3.9799725500e-01  6.2151027680e-02 
1231.000  3.9836765900e-01  6.2295116420e-02 
1232.000  3.9401161900e-01  6.1657012940e-02 
1233.000  3.9719710100e-01  6.2188659670e-02 
1234.000  3.9687009200e-01  6.2313648220e-02 
1235.000  3.9442173300e-01  6.1999881740e-02 
1236.000  3.9692193300e-01  6.2447185520e-02 
1237.000  3.9717522400e-01  6.2554382320e-02 
1238.000  3.9701965900e-01  6.2565998080e-02 
1239.000  3.9254016400e-01  6.1886985780e-02 
1240.000  3.9076247800e-01  6.1636417390e-02 
1241.000  3.9417253700e-01  6.2188682560e-02 
1242.000  3.9177440100e-01  6.1819564820e-02 
1243.000  3.8731506400e-01  6.1127666470e-02 
1244.000  3.8367030100e-01  6.0546348570e-02 
1245.000  3.9014906900e-01  6.1571945190e-02 
1246.000  3.8698672700e-01  6.1052146910e-02 
1247.000  3.8489990300e-01  6.0698188780e-02 
1248.000  3.8770998200e-01  6.1120513920e-02 
1249.000  3.8620283200e-01  6.0876514430e-02 
1250.000  3.8452123300e-01  6.0591350560e-02 
1251.000  3.8168819900e-01  6.0129539490e-02 
1252.000  3.8024677600e-01  5.9866165160e-02 
1253.000  3.7678841400e-01  5.9280902860e-02 
1254.000  3.7714128400e-01  5.9243534090e-02 
1255.000  3.7605256800e-01  5.9018131260e-02 
1256.000  3.7485292300e-01  5.8790851590e-02 
1257.000  3.7000122600e-01  5.7962997440e-02 
1258.000  3.7007430300e-01  5.7825225830e-02 
1259.000  3.6483271500e-01  5.6891029360e-02 
1260.000  3.6396008200e-01  5.6619819640e-02 
1261.000  3.6173836500e-01  5.6132835390e-02 
1262.000  3.5069350200e-01  5.4170452120e-02 
1263.000  3.5367005900e-01  5.4564075470e-02 
1264.000  3.4732515200e-01  5.3553413390e-02 
1265.000  3.4764694700e-01  5.3594169620e-02 
1266.000  3.4850361300e-01  5.3633701320e-02 
1267.000  3.4042346500e-01  5.2299106600e-02 
1268.000  3.3533251500e-01  5.1435119630e-02 
1269.000  3.3768522900e-01  5.1762146000e-02 
1270.000  3.4587306000e-01  5.3246864320e-02 
1271.000  3.4979669300e-01  5.3941436770e-02 
1272.000  3.5038349300e-01  5.4134098050e-02 
1273.000  3.5154813900e-01  5.4442321780e-02 
1274.000  3.5125146600e-01  5.4558174130e-02 
1275.000  3.5419515300e-01  5.5070278170e-02 
1276.000  3.5528143400e-01  5.5250450130e-02 
1277.000  3.5532189500e-01  5.5231052400e-02 
1278.000  3.5463410400e-01  5.5082344060e-02 
1279.000  3.5261032600e-01  5.4774177550e-02 
1280.000  3.5151289800e-01  5.4719661710e-02 
1281.000  3.4243340800e-01  5.3412570950e-02 
1282.000  3.0485218700e-01  4.7645278930e-02 
1283.000  3.3508803600e-01  5.2410518650e-02 
1284.000  3.4897754900e-01  5.4579906460e-02 
1285.000  3.5182290800e-01  5.5045036320e-02 
1286.000  3.5127551100e-01  5.4879493710e-02 
1287.000  3.5254318600e-01  5.4939453120e-02 
1288.000  3.4704519300e-01  5.3619136810e-02 
1289.000  3.4809624500e-01  5.3632705690e-02 
1290.000  3.3997296500e-01  5.2353378300e-02 
1291.000  3.4521147800e-01  5.3205661770e-02 
1292.000  3.4808603700e-01  5.3802867890e-02 
1293.000  3.4852560900e-01  5.3859832760e-02 
1294.000  3.4157766200e-01  5.2561634060e-02 
1295.000  3.4292089000e-01  5.2439983370e-02 
1296.000  3.4072491300e-01  5.1769168850e-02 
1297.000  3.3662365000e-01  5.0884452820e-02 
1298.000  3.3343111800e-01  5.0362079620e-02 
1299.000  3.3665646500e-01  5.0810634610e-02 
1300.000  3.3496582100e-01  5.0509178160e-02 
1301.000  3.3398535900e-01  5.0277912140e-02 
1302.000  3.2829784600e-01  4.9223361970e-02 
1303.000  3.2231620700e-01  4.7802810670e-02 
1304.000  3.2094727200e-01  4.7377285000e-02 
1305.000  3.2219509400e-01  4.7462528230e-02 
1306.000  3.2197909300e-01  4.7330505370e-02 
1307.000  3.1996332000e-01  4.6905769350e-02 
1308.000  3.1698602200e-01  4.6142749790e-02 
1309.000  3.1305048100e-01  4.5146717070e-02 
1310.000  3.1132432000e-01  4.4850791930e-02 
1311.000  3.1047233300e-01  4.4717681880e-02 
1312.000  3.0503931600e-01  4.3473831180e-02 
1313.000  2.8892635500e-01  4.0668113710e-02 
1314.000  2.9344544400e-01  4.0856281280e-02 
1315.000  2.8566885500e-01  3.9965953830e-02 
1316.000  2.9565104000e-01  4.1662830350e-02 
1317.000  2.9865594300e-01  4.2062385560e-02 
1318.000  2.8925826800e-01  4.0201854710e-02 
1319.000  2.8560853800e-01  3.8957653050e-02 
1320.000  2.7488489300e-01  3.6612022400e-02 
1321.000  2.7034702500e-01  3.5633132930e-02 
1322.000  2.7542295200e-01  3.6867401120e-02 
1323.000  2.8231699600e-01  3.8358837130e-02 
1324.000  2.8558470300e-01  3.9092548370e-02 
1325.000  2.8319821500e-01  3.8556896210e-02 
1326.000  2.7611089400e-01  3.7030979160e-02 
1327.000  2.6156727200e-01  3.3759216310e-02 
1328.000  2.4842118500e-01  3.0500955580e-02 
1329.000  2.1431184400e-01  2.3978599550e-02 
1330.000  2.0825724500e-01  2.2511573790e-02 
1331.000  2.0276684800e-01  2.1426340100e-02 
1332.000  2.0057259800e-01  2.1321197510e-02 
1333.000  2.1159128300e-01  2.2925113680e-02 
1334.000  2.2001823500e-01  2.4451217650e-02 
1335.000  2.2596749500e-01  2.5581716540e-02 
1336.000  2.2586297500e-01  2.5736457820e-02 
1337.000  2.2841941200e-01  2.6099147800e-02 
1338.000  2.3217736700e-01  2.6897365570e-02 
1339.000  2.3269169900e-01  2.7101381300e-02 
1340.000  2.3431605100e-01  2.7619730000e-02 
1341.000  2.3827159800e-01  2.7848377230e-02 
1342.000  2.3817380400e-01  2.7856718060e-02 
1343.000  2.2912609000e-01  2.5506320950e-02 
1344.000  2.1525739700e-01  2.2599418640e-02 
1345.000  1.7808214900e-01  1.6173221590e-02 
1346.000  1.5189640300e-01  1.2110536580e-02 
1347.000  1.3472434300e-01  9.8585777280e-03 
1348.000  1.1168648900e-01  6.8658337590e-03 
1349.000  1.0158111270e-01  5.8132395740e-03 
1350.000  7.9124396500e-02  3.5872809890e-03 
1351.000  6.8307773000e-02  2.7705280780e-03 
1352.000  5.2246550200e-02  1.6450110670e-03 
1353.000  3.7031655900e-02  9.0419656040e-04 
1354.000  2.9610142000e-02  6.0539102550e-04 
1355.000  2.2989739700e-02  3.8910618420e-04 
1356.000  1.7384986500e-02  2.3754377660e-04 
1357.000  1.1883103450e-02  1.2024359410e-04 
1358.000  8.7943160400e-03  7.3645889760e-05 
1359.000  4.6371939100e-03  2.5163911280e-05 
1360.000  3.0667211000e-03  1.3273681510e-05 
1361.000  2.2822912700e-03  7.9266177490e-06 
1362.000  2.1000794900e-03  6.9791092540e-06 
1363.000  3.0298736700e-03  1.2158564290e-05 
1364.000  3.5132282700e-03  1.5217630190e-05 
1365.000  3.6785402400e-03  1.6062721610e-05 
1366.000  4.2481016600e-03  2.0053064450e-05 
1367.000  3.5684731100e-03  1.5732370320e-05 
1368.000  3.1641462300e-03  1.3610281980e-05 
1369.000  3.2446906800e-03  1.4321750030e-05 
1370.000  5.3662086200e-03  3.3104967330e-05 
1371.000  9.5567573800e-03  8.2615695890e-05 
1372.000  1.7696216600e-02  2.2734653950e-04 
1373.000  2.5103575100e-02  4.0046438570e-04 
1374.000  3.0483624200e-02  5.5358755590e-04 
1375.000  3.2500910300e-02  6.2161046270e-04 
1376.000  3.0145928200e-02  5.5193215610e-04 
1377.000  2.6837353800e-02  4.5169958470e-04 
1378.000  2.0455628700e-02  2.8881329300e-04 
1379.000  1.4046733910e-02  1.5648928280e-04 
1380.000  7.9669055300e-03  6.2819600110e-05 
1381.000  4.6085506000e-03  2.6327472180e-05 
1382.000  3.2226961600e-03  1.4910546130e-05 
1383.000  3.1180850100e-03  1.3946630060e-05 
1384.000  5.0718401900e-03  3.0006313700e-05 
1385.000  7.2001239000e-03  5.2503399550e-05 
1386.000  1.0997445160e-02  1.0330630840e-04 
1387.000  2.0206309100e-02  2.8312730790e-04 
1388.000  2.6781658200e-02  4.4415128230e-04 
1389.000  3.0764050900e-02  5.6592792270e-04 
1390.000  3.1403388200e-02  5.9193092580e-04 
1391.000  2.9315428800e-02  5.2750617270e-04 
1392.000  2.2163702500e-02  3.3470410110e-04 
1393.000  1.6942397500e-02  2.1890145540e-04 
1394.000  1.2979807010e-02  1.4331635830e-04 
1395.000  1.4631343300e-02  1.7381697890e-04 
1396.000  2.0077442000e-02  2.8718385100e-04 
1397.000  2.5909829300e-02  4.3692547080e-04 
1398.000  2.6682634400e-02  4.5730891820e-04 
1399.000  2.4913672600e-02  4.1534823180e-04 
1400.000  2.3296400200e-02  3.7802705170e-04 
1401.000  2.4765269900e-02  4.2488443850e-04 
1402.000  3.0702247200e-02  5.9385353330e-04 
1403.000  3.5348683300e-02  7.7118718620e-04 
1404.000  3.3248581000e-02  6.9574934240e-04 
1405.000  3.4827162600e-02  7.7042204140e-04 
1406.000  3.2294553200e-02  6.7609930040e-04 
1407.000  3.3492670000e-02  7.3942673210e-04 
1408.000  4.0143376500e-02  9.9325788020e-04 
1409.000  4.7057278000e-02  1.3172180650e-03 
1410.000  5.7715551800e-02  1.8520252700e-03 
1411.000  6.8650841900e-02  2.5479874610e-03 
1412.000  6.6324578100e-02  2.4620893000e-03 
1413.000  7.3150122400e-02  2.9479057790e-03 
1414.000  7.2120976100e-02  2.8350789550e-03 
1415.000  7.9729315200e-02  3.4555444720e-03 
1416.000  8.5663982100e-02  3.9149775510e-03 
1417.000  8.7869788200e-02  4.1309819220e-03 
1418.000  8.8652946100e-02  4.1777677540e-03 
1419.000  8.8468538900e-02  4.2471666340e-03 
1420.000  9.0569926600e-02  4.4168519970e-03 
1421.000  1.0186551930e-01  5.4211130140e-03 
1422.000  1.0428948370e-01  5.7327175140e-03 
1423.000  1.0545285800e-01  5.9096288680e-03 
1424.000  1.0509446470e-01  5.8596038820e-03 
1425.000  1.0390098130e-01  5.6875147820e-03 
1426.000  1.0017513570e-01  5.4929051400e-03 
1427.000  1.0610635260e-01  6.0161094670e-03 
1428.000  1.1206940780e-01  6.5041718480e-03 
1429.000  1.1367186320e-01  6.7966933250e-03 
1430.000  1.1090756670e-01  6.6359133720e-03 
1431.000  1.0332270450e-01  5.9234995840e-03 
1432.000  1.0102739230e-01  5.6356291770e-03 
1433.000  1.0074262120e-01  5.6048159600e-03 
1434.000  9.6090161000e-02  5.2278990750e-03 
1435.000  1.0316230760e-01  5.8615117070e-03 
1436.000  1.0573167780e-01  6.1153469090e-03 
1437.000  1.0741721080e-01  6.2699956890e-03 
1438.000  1.1388174470e-01  6.9394869800e-03 
1439.000  1.1598357210e-01  7.0946059230e-03 
1440.000  1.1121051130e-01  6.8917484280e-03 
1441.000  1.1811818530e-01  7.3724656110e-03 
1442.000  1.1330205060e-01  6.9767885210e-03 
1443.000  1.1533847960e-01  7.1187186240e-03 
1444.000  1.1793910680e-01  7.3669862750e-03 
1445.000  1.1817539820e-01  7.4089918140e-03 
1446.000  1.2369343580e-01  7.9451127050e-03 
1447.000  1.2707492900e-01  8.3400220870e-03 
1448.000  1.2852333300e-01  8.4703588490e-03 
1449.000  1.2599932600e-01  8.1945886610e-03 
1450.000  1.2048536820e-01  7.6686573030e-03 
1451.000  1.2183461460e-01  7.8495988850e-03 
1452.000  1.2716886400e-01  8.5455417630e-03 
1453.000  1.4170731500e-01  1.0095857620e-02 
1454.000  1.5420292500e-01  1.1627666470e-02 
1455.000  1.6018016300e-01  1.2495822910e-02 
1456.000  1.6728903200e-01  1.3487185480e-02 
1457.000  1.6997949700e-01  1.3774838450e-02 
1458.000  1.7330555600e-01  1.4143039700e-02 
1459.000  1.6843406600e-01  1.3455725670e-02 
1460.000  1.6075407000e-01  1.2606138230e-02 
1461.000  1.5766956900e-01  1.2250949860e-02 
1462.000  1.4917728500e-01  1.1263434410e-02 
1463.000  1.4818809400e-01  1.1212716100e-02 
1464.000  1.4627306700e-01  1.0985393520e-02 
1465.000  1.4302661500e-01  1.0513417240e-02 
1466.000  1.3329558700e-01  9.5287771220e-03 
1467.000  1.3232762200e-01  9.2705640790e-03 
1468.000  1.2418374780e-01  8.5011024480e-03 
1469.000  1.1780063390e-01  7.7400050160e-03 
1470.000  1.1438861160e-01  7.4119129180e-03 
1471.000  1.2139164200e-01  8.3108997340e-03 
1472.000  1.3367546200e-01  9.7429685590e-03 
1473.000  1.5022936400e-01  1.1787508960e-02 
1474.000  1.5747071400e-01  1.3029991150e-02 
1475.000  1.6027093400e-01  1.3302898410e-02 
1476.000  1.6053149900e-01  1.3367056850e-02 
1477.000  1.5708955600e-01  1.2930761340e-02 
1478.000  1.5094500000e-01  1.2287709240e-02 
1479.000  1.4794977800e-01  1.1833742140e-02 
1480.000  1.5103250300e-01  1.2292401310e-02 
1481.000  1.5385840900e-01  1.2841854100e-02 
1482.000  1.6081188900e-01  1.3801193240e-02 
1483.000  1.5903259400e-01  1.3780532840e-02 
1484.000  1.6006467000e-01  1.3935296060e-02 
1485.000  1.6236479600e-01  1.4134367940e-02 
1486.000  1.6374056800e-01  1.4606156350e-02 
1487.000  1.7376914100e-01  1.6217645650e-02 
1488.000  1.5228455300e-01  1.4313975330e-02 
1489.000  1.8688910200e-01  1.8611236570e-02 
1490.000  1.9773438900e-01  2.0670951840e-02 
1491.000  2.0480359200e-01  2.1973655700e-02 
1492.000  2.0109035300e-01  2.1739894870e-02 
1493.000  2.0852725100e-01  2.2917926790e-02 
1494.000  2.0822191200e-01  2.3009128570e-02 
1495.000  2.0994972900e-01  2.3584575650e-02 
1496.000  2.0959031600e-01  2.4084983830e-02 
1497.000  2.1470194300e-01  2.4798269270e-02 
1498.000  2.2178671500e-01  2.6115869520e-02 
1499.000  2.2277908600e-01  2.6715127940e-02 
1500.000  2.2965128200e-01  2.7931806560e-02 
1501.000  2.2834435400e-01  2.7758867260e-02 
1502.000  2.2466224700e-01  2.7242208480e-02 
1503.000  2.0069349000e-01  2.4312322620e-02 
1504.000  2.1003309300e-01  2.5608551030e-02 
1505.000  2.1265844800e-01  2.6288080220e-02 
1506.000  2.1559044600e-01  2.6743164060e-02 
1507.000  2.2841600900e-01  2.8687673570e-02 
1508.000  2.2640739900e-01  2.8663105010e-02 
1509.000  2.2893376800e-01  2.9226100920e-02 
1510.000  2.3303704900e-01  2.9891599660e-02 
1511.000  2.3518636400e-01  3.0354213710e-02 
1512.000  2.3149913300e-01  3.0018352510e-02 
1513.000  2.3140858700e-01  3.0115768430e-02 
1514.000  2.2823999300e-01  2.9772027970e-02 
1515.000  2.3354858100e-01  3.0615484240e-02 
1516.000  2.3164194200e-01  3.0454301830e-02 
1517.000  2.3102140200e-01  3.0507284160e-02 
1518.000  2.3674680600e-01  3.1481998440e-02 
1519.000  2.3496568000e-01  3.1488494870e-02 
1520.000  2.3856943800e-01  3.2279998780e-02 
1521.000  2.3517980600e-01  3.2008533480e-02 
1522.000  2.3381925700e-01  3.1884378430e-02 
1523.000  2.3984715600e-01  3.2809028630e-02 
1524.000  2.3776236700e-01  3.2544101720e-02 
1525.000  2.3202348900e-01  3.1771242140e-02 
1526.000  2.3866126000e-01  3.2741794590e-02 
1527.000  2.3654892900e-01  3.2558361050e-02 
1528.000  2.3865214800e-01  3.2979450230e-02 
1529.000  2.3790546000e-01  3.2922050480e-02 
1530.000  2.2304589100e-01  3.0980651860e-02 
1531.000  2.3869633500e-01  3.3262668610e-02 
1532.000  2.3755943600e-01  3.3218727110e-02 
1533.000  2.3659793200e-01  3.3170207980e-02 
1534.000  2.3311920200e-01  3.2761531830e-02 
1535.000  2.3410729800e-01  3.2981819150e-02 
1536.000  2.3724090000e-01  3.3486248020e-02 
1537.000  2.3817888500e-01  3.3716011050e-02 
1538.000  2.3185016600e-01  3.2921390530e-02 
1539.000  2.3686756700e-01  3.3730495450e-02 
1540.000  2.2831585000e-01  3.2587211610e-02 
1541.000  2.3313037700e-01  3.3332000730e-02 
1542.000  2.3451823800e-01  3.3577037810e-02 
1543.000  2.3388042500e-01  3.3547420500e-02 
1544.000  2.3688544300e-01  3.4051593780e-02 
1545.000  2.3779578300e-01  3.4276283260e-02 
1546.000  2.3801540200e-01  3.4398799900e-02 
1547.000  2.3570402100e-01  3.4146781920e-02 
1548.000  2.2874294700e-01  3.3207580570e-02 
1549.000  2.3460561300e-01  3.4111576080e-02 
1550.000  2.3328706700e-01  3.3966251370e-02 
1551.000  2.3205880800e-01  3.3821403500e-02 
1552.000  2.3601423900e-01  3.4433422090e-02 
1553.000  2.3478084200e-01  3.4300399780e-02 
1554.000  2.2617841700e-01  3.3076496120e-02 
1555.000  2.2995323500e-01  3.3681209560e-02 
1556.000  2.2556335700e-01  3.3091949460e-02 
1557.000  2.3294893800e-01  3.4235389710e-02 
1558.000  2.3110441000e-01  3.4006259920e-02 
1559.000  2.3112200700e-01  3.4047122960e-02 
1560.000  2.2713059000e-01  3.3508819580e-02 
1561.000  2.3243090800e-01  3.4318050380e-02 
1562.000  2.3232203500e-01  3.4311298370e-02 
1563.000  2.2884832200e-01  3.3818675990e-02 
1564.000  2.2418794100e-01  3.3137973790e-02 
1565.000  2.2744157000e-01  3.3617084500e-02 
1566.000  2.2313229400e-01  3.3016304020e-02 
1567.000  2.2277294000e-01  3.2954116820e-02 
1568.000  2.1761322400e-01  3.2159358980e-02 
1569.000  2.1779302300e-01  3.2145359040e-02 
1570.000  2.1173334600e-01  3.1232517240e-02 
1571.000  2.1740670900e-01  3.2101486210e-02 
1572.000  2.1723983600e-01  3.2092227940e-02 
1573.000  2.1394046100e-01  3.1655372620e-02 
1574.000  2.1478441900e-01  3.1846141820e-02 
1575.000  1.9955482000e-01  2.9635457990e-02 
1576.000  2.1438780100e-01  3.1864175800e-02 
1577.000  1.9365914900e-01  2.8807437900e-02 
1578.000  2.1201602900e-01  3.1564664840e-02 
1579.000  2.1333969200e-01  3.1800060270e-02 
1580.000  2.1789175400e-01  3.2537075040e-02 
1581.000  2.1644690000e-01  3.2348018650e-02 
1582.000  2.1229602900e-01  3.1805055620e-02 
1583.000  2.1510326000e-01  3.2299480440e-02 
1584.000  2.1337131600e-01  3.2115024570e-02 
1585.000  2.1982172300e-01  3.3150794980e-02 
1586.000  2.1706114000e-01  3.2771888730e-02 
1587.000  2.1479993900e-01  3.2491752620e-02 
1588.000  2.1164854800e-01  3.2072345730e-02 
1589.000  1.9363598800e-01  2.9372346880e-02 
1590.000  2.0861224400e-01  3.1668827060e-02 
1591.000  2.0393941000e-01  3.0983581540e-02 
1592.000  2.1461895900e-01  3.2611373900e-02 
1593.000  2.1923536800e-01  3.3309619900e-02 
1594.000  2.1735903800e-01  3.3023105620e-02 
1595.000  2.1833107700e-01  3.3172481540e-02 
1596.000  2.0451796700e-01  3.1098478320e-02 
1597.000  2.1211101200e-01  3.2243671420e-02 
1598.000  2.1502534500e-01  3.2663974760e-02 
1599.000  2.0658365400e-01  3.1348539350e-02 
1600.000  2.0903574500e-01  3.1698286060e-02 
1601.000  2.0023556600e-01  3.0387371060e-02 
1602.000  2.0510417500e-01  3.1152112960e-02 
1603.000  2.0387606300e-01  3.1022750850e-02 
1604.000  2.0692221100e-01  3.1552196500e-02 
1605.000  2.0386233600e-01  3.1115442280e-02 
1606.000  2.0322352100e-01  3.1057188030e-02 
1607.000  2.0391098300e-01  3.1160671230e-02 
1608.000  2.0610570300e-01  3.1495660780e-02 
1609.000  2.0531319200e-01  3.1388591770e-02 
1610.000  1.9264855700e-01  2.9470314030e-02 
1611.000  1.9879815100e-01  3.0462171550e-02 
1612.000  2.0126801500e-01  3.0896085740e-02 
1613.000  2.0629019100e-01  3.1721443180e-02 
1614.000  2.0426476400e-01  3.1421655650e-02 
1615.000  2.0803816200e-01  3.2047557830e-02 
1616.000  1.9531528300e-01  3.0120513920e-02 
1617.000  2.0142237800e-01  3.1124570850e-02 
1618.000  2.0769772000e-01  3.2119625090e-02 
1619.000  2.0741629100e-01  3.2139419560e-02 
1620.000  2.0252500100e-01  3.1441343310e-02 
1621.000  1.9979746500e-01  3.1064746860e-02 
1622.000  2.0482568200e-01  3.1862813950e-02 
1623.000  2.0910848900e-01  3.2559932710e-02 
1624.000  2.1063722400e-01  3.2820995330e-02 
1625.000  2.0562137800e-01  3.2094097140e-02 
1626.000  2.0792220700e-01  3.2437328340e-02 
1627.000  2.0768357600e-01  3.2424816130e-02 
1628.000  2.0926108200e-01  3.2678337100e-02 
1629.000  2.0912402300e-01  3.2660289760e-02 
1630.000  2.0325823400e-01  3.1733922960e-02 
1631.000  2.0643666800e-01  3.2243801120e-02 
1632.000  2.0626318700e-01  3.2185016630e-02 
1633.000  2.0354137800e-01  3.1757833480e-02 
1634.000  1.9857843200e-01  3.0969129560e-02 
1635.000  2.0390103300e-01  3.1800867080e-02 
1636.000  2.0313416800e-01  3.1672103880e-02 
1637.000  1.9381930800e-01  3.0209262850e-02 
1638.000  1.9240339300e-01  2.9991045000e-02 
1639.000  1.9011971700e-01  2.9609676360e-02 
1640.000  1.9106594800e-01  2.9750970840e-02 
1641.000  1.8970148200e-01  2.9530124660e-02 
1642.000  1.8946329600e-01  2.9523456570e-02 
1643.000  1.9426415000e-01  3.0290367130e-02 
1644.000  1.9119108700e-01  2.9824874880e-02 
1645.000  1.9148930000e-01  2.9877521510e-02 
1646.000  1.9378974400e-01  3.0264755250e-02 
1647.000  1.9559092400e-01  3.0557996750e-02 
1648.000  1.9470726100e-01  3.0415945050e-02 
1649.000  1.9023297100e-01  2.9724899290e-02 
1650.000  1.9505327600e-01  3.0492589950e-02 
1651.000  1.9069813800e-01  2.9817028050e-02 
1652.000  1.9448970700e-01  3.0401979450e-02 
1653.000  1.9248723000e-01  3.0107767110e-02 
1654.000  1.9464599300e-01  3.0455535890e-02 
1655.000  1.9096001800e-01  2.9903783800e-02 
1656.000  1.9478540200e-01  3.0521694180e-02 
1657.000  1.9336996800e-01  3.0309598920e-02 
1658.000  1.9458893900e-01  3.0526067730e-02 
1659.000  1.9105008700e-01  2.9980884550e-02 
1660.000  1.9325797100e-01  3.0321886060e-02 
1661.000  1.9401075500e-01  3.0439979550e-02 
1662.000  1.9255301800e-01  3.0193506240e-02 
1663.000  1.9127834000e-01  2.9993844990e-02 
1664.000  1.9038543800e-01  2.9852127080e-02 
1665.000  1.8844529200e-01  2.9539381030e-02 
1666.000  1.8767526400e-01  2.9441711430e-02 
1667.000  1.8959257200e-01  2.9794801710e-02 
1668.000  1.8638040200e-01  2.9303607940e-02 
1669.000  1.8690553400e-01  2.9412338260e-02 
1670.000  1.9110740800e-01  3.0097631450e-02 
1671.000  1.8970903500e-01  2.9892354970e-02 
1672.000  1.8072402800e-01  2.8491916660e-02 
1673.000  1.8588690900e-01  2.9298852920e-02 
1674.000  1.8663581000e-01  2.9418064120e-02 
1675.000  1.8490191100e-01  2.9160190580e-02 
1676.000  1.8191286500e-01  2.8690011980e-02 
1677.000  1.8284419800e-01  2.8846029280e-02 
1678.000  1.8385647500e-01  2.9027372360e-02 
1679.000  1.8141530300e-01  2.8643304820e-02 
1680.000  1.7519755800e-01  2.7680559160e-02 
1681.000  1.6912412900e-01  2.6731563570e-02 
1682.000  1.7400909400e-01  2.7504850390e-02 
1683.000  1.7830021500e-01  2.8176982880e-02 
1684.000  1.8159536300e-01  2.8692916870e-02 
1685.000  1.8211458200e-01  2.8746789930e-02 
1686.000  1.7991790500e-01  2.8398836140e-02 
1687.000  1.8061212000e-01  2.8459497450e-02 
1688.000  1.8070487200e-01  2.8434078220e-02 
1689.000  1.7852520200e-01  2.8088191990e-02 
1690.000  1.7837931600e-01  2.8018505100e-02 
1691.000  1.8068717100e-01  2.8377798080e-02 
1692.000  1.8101234300e-01  2.8431779860e-02 
1693.000  1.8037172400e-01  2.8341619490e-02 
1694.000  1.8010249300e-01  2.8302242280e-02 
1695.000  1.8014882200e-01  2.8286161420e-02 
1696.000  1.7909438300e-01  2.8111581800e-02 
1697.000  1.7796705800e-01  2.7907741550e-02 
1698.000  1.7902247800e-01  2.8054782870e-02 
1699.000  1.7786672600e-01  2.7863811490e-02 
1700.000  1.7561487900e-01  2.7502460480e-02 
