 lambda   Irr_dw            Rad_up 
 550.000  1.5273405000e+00  1.0986603550e-01 
 551.000  1.5172778000e+00  1.0906147000e-01 
 552.000  1.5820880000e+00  1.1372732540e-01 
 553.000  1.5196034000e+00  1.0913571170e-01 
 554.000  1.5687571000e+00  1.1265570070e-01 
 555.000  1.5726830000e+00  1.1280958560e-01 
 556.000  1.5288876000e+00  1.0954768370e-01 
 557.000  1.4831312000e+00  1.0626535030e-01 
 558.000  1.5390661000e+00  1.1015229800e-01 
 559.000  1.4543959000e+00  1.0402628330e-01 
 560.000  1.4604561000e+00  1.0445049290e-01 
 561.000  1.6047472000e+00  1.1463961790e-01 
 562.000  1.4727431000e+00  1.0517590330e-01 
 563.000  1.5405081000e+00  1.0989604190e-01 
 564.000  1.5185303000e+00  1.0816179660e-01 
 565.000  1.5363383000e+00  1.0940531920e-01 
 566.000  1.4162271000e+00  1.0074680330e-01 
 567.000  1.5188746000e+00  1.0782370000e-01 
 568.000  1.5146077000e+00  1.0698355870e-01 
 569.000  1.4835416000e+00  1.0364156340e-01 
 570.000  1.4911830000e+00  1.0427285770e-01 
 571.000  1.4385914000e+00  1.0128554530e-01 
 572.000  1.5199096000e+00  1.0626934050e-01 
 573.000  1.5359526000e+00  1.0755974580e-01 
 574.000  1.5274035000e+00  1.0694188690e-01 
 575.000  1.4898853000e+00  1.0418804930e-01 
 576.000  1.4627142000e+00  1.0221070860e-01 
 577.000  1.5234032000e+00  1.0654734800e-01 
 578.000  1.4789952000e+00  1.0372761540e-01 
 579.000  1.4676635000e+00  1.0298231510e-01 
 580.000  1.5181798000e+00  1.0669161220e-01 
 581.000  1.4907278000e+00  1.0490445710e-01 
 582.000  1.5129704000e+00  1.0639884950e-01 
 583.000  1.5233864000e+00  1.0716925810e-01 
 584.000  1.5184171000e+00  1.0668260960e-01 
 585.000  1.5082916000e+00  1.0585887910e-01 
 586.000  1.4433609000e+00  1.0127274320e-01 
 587.000  1.4996356000e+00  1.0469586180e-01 
 588.000  1.4838609000e+00  1.0212751770e-01 
 589.000  1.3152143000e+00  8.8700874330e-02 
 590.000  1.3731963000e+00  9.2498573300e-02 
 591.000  1.4590992000e+00  9.9500038150e-02 
 592.000  1.4310856000e+00  9.6792160030e-02 
 593.000  1.4461073000e+00  9.9200859070e-02 
 594.000  1.4592743000e+00  9.9749259950e-02 
 595.000  1.4313328000e+00  9.6758415220e-02 
 596.000  1.4667497000e+00  1.0063134000e-01 
 597.000  1.4711393000e+00  1.0048416140e-01 
 598.000  1.4409981000e+00  9.9044364930e-02 
 599.000  1.4413609000e+00  9.9305351260e-02 
 600.000  1.4416635000e+00  9.9900306700e-02 
 601.000  1.4335433000e+00  9.9774063110e-02 
 602.000  1.4178650000e+00  9.8758972170e-02 
 603.000  1.4264188000e+00  9.9511978150e-02 
 604.000  1.4716017000e+00  1.0283110810e-01 
 605.000  1.4678272000e+00  1.0249615480e-01 
 606.000  1.4508119000e+00  1.0136888120e-01 
 607.000  1.4426422000e+00  1.0074926760e-01 
 608.000  1.4373341000e+00  1.0030429080e-01 
 609.000  1.4225723000e+00  9.9273208620e-02 
 610.000  1.3997744000e+00  9.7612152100e-02 
 611.000  1.4224879000e+00  9.9180892940e-02 
 612.000  1.4039527000e+00  9.7880126950e-02 
 613.000  1.3834251000e+00  9.6388793950e-02 
 614.000  1.3329908000e+00  9.2881935120e-02 
 615.000  1.3973598000e+00  9.7273445130e-02 
 616.000  1.3286086000e+00  9.2503761290e-02 
 617.000  1.3361025000e+00  9.3010490420e-02 
 618.000  1.3991264000e+00  9.7282310490e-02 
 619.000  1.3863058000e+00  9.6427345280e-02 
 620.000  1.4067720000e+00  9.7734405520e-02 
 621.000  1.4309550000e+00  9.9386871340e-02 
 622.000  1.3554714000e+00  9.4069992070e-02 
 623.000  1.3660223000e+00  9.4645431520e-02 
 624.000  1.3674843000e+00  9.4782623290e-02 
 625.000  1.3304406000e+00  9.2189933780e-02 
 626.000  1.3371779000e+00  9.2456504820e-02 
 627.000  1.3595626000e+00  9.3463546750e-02 
 628.000  1.3413789000e+00  9.1228652950e-02 
 629.000  1.3750497000e+00  9.3793052670e-02 
 630.000  1.3294255000e+00  9.1135078430e-02 
 631.000  1.3782025000e+00  9.4558143620e-02 
 632.000  1.2837471700e+00  8.7708419800e-02 
 633.000  1.3780014000e+00  9.4590644840e-02 
 634.000  1.3366203000e+00  9.1911697390e-02 
 635.000  1.3610662000e+00  9.3595031740e-02 
 636.000  1.3131152900e+00  9.0382385250e-02 
 637.000  1.3564501000e+00  9.3425773620e-02 
 638.000  1.3775555000e+00  9.5073135380e-02 
 639.000  1.3661781000e+00  9.4173454280e-02 
 640.000  1.3233187100e+00  9.1447334290e-02 
 641.000  1.3424362000e+00  9.2727050780e-02 
 642.000  1.3263264600e+00  9.1661575320e-02 
 643.000  1.3495440000e+00  9.3072357180e-02 
 644.000  1.3340748900e+00  9.1909431460e-02 
 645.000  1.3457322800e+00  9.2500625610e-02 
 646.000  1.2944536300e+00  8.7888992310e-02 
 647.000  1.3120120300e+00  8.8336677550e-02 
 648.000  1.3096816100e+00  8.7533584590e-02 
 649.000  1.3356807000e+00  8.9751045230e-02 
 650.000  1.2377626700e+00  8.4311553960e-02 
 651.000  1.3333185900e+00  9.0806251530e-02 
 652.000  1.3076046600e+00  8.7989212040e-02 
 653.000  1.3340033700e+00  9.0984535220e-02 
 654.000  1.3165475700e+00  8.9543022160e-02 
 655.000  1.2818438100e+00  8.6721099850e-02 
 656.000  1.0882889000e+00  7.3725082400e-02 
 657.000  1.1615440600e+00  7.8901405330e-02 
 658.000  1.2938313600e+00  8.8367218020e-02 
 659.000  1.2969618300e+00  8.8786033630e-02 
 660.000  1.3071504200e+00  8.9600059510e-02 
 661.000  1.3129194400e+00  9.0356216430e-02 
 662.000  1.3318277400e+00  9.1793472290e-02 
 663.000  1.3170406300e+00  9.0684646610e-02 
 664.000  1.2961298400e+00  8.9276763920e-02 
 665.000  1.3017819400e+00  8.9677688600e-02 
 666.000  1.3174794900e+00  9.0880073550e-02 
 667.000  1.2913416400e+00  8.9029037480e-02 
 668.000  1.2986944200e+00  8.9653007510e-02 
 669.000  1.3172372400e+00  9.0985343930e-02 
 670.000  1.3017995200e+00  8.9813003540e-02 
 671.000  1.2877349300e+00  8.8874382020e-02 
 672.000  1.2836694600e+00  8.8574630740e-02 
 673.000  1.2928471000e+00  8.9175331120e-02 
 674.000  1.2953614000e+00  8.9355255130e-02 
 675.000  1.2756025500e+00  8.7945564270e-02 
 676.000  1.2996939900e+00  8.9612655640e-02 
 677.000  1.2738486300e+00  8.7841529850e-02 
 678.000  1.2949438600e+00  8.9261917110e-02 
 679.000  1.2766679600e+00  8.7937583920e-02 
 680.000  1.2668781400e+00  8.7228477480e-02 
 681.000  1.2682456300e+00  8.7249771120e-02 
 682.000  1.2656236500e+00  8.6984001160e-02 
 683.000  1.2739350300e+00  8.7464691160e-02 
 684.000  1.2509431000e+00  8.5839576720e-02 
 685.000  1.2650667800e+00  8.6798805240e-02 
 686.000  1.2094355900e+00  8.2691856380e-02 
 687.000  1.1189276500e+00  7.3513534550e-02 
 688.000  1.1485768000e+00  7.6378028870e-02 
 689.000  1.1431728000e+00  7.5789207460e-02 
 690.000  1.1636156100e+00  7.7635742190e-02 
 691.000  1.1871320700e+00  7.9694816590e-02 
 692.000  1.1901455300e+00  7.9924957280e-02 
 693.000  1.1892201400e+00  7.8478347780e-02 
 694.000  1.1913766000e+00  7.7507431030e-02 
 695.000  1.1785099900e+00  7.7188919070e-02 
 696.000  1.1968483300e+00  7.8733360290e-02 
 697.000  1.2194781500e+00  8.2264747620e-02 
 698.000  1.1925304400e+00  7.9940704350e-02 
 699.000  1.1960627500e+00  7.8436660770e-02 
 700.000  1.1850013400e+00  7.7951126100e-02 
 701.000  1.1543844200e+00  7.5523460390e-02 
 702.000  1.1515463100e+00  7.5600028990e-02 
 703.000  1.1827946100e+00  7.9029006960e-02 
 704.000  1.1867470800e+00  7.9369819640e-02 
 705.000  1.1894976100e+00  7.8938652040e-02 
 706.000  1.1780141200e+00  7.8290901180e-02 
 707.000  1.1623902300e+00  7.7465621950e-02 
 708.000  1.1985070800e+00  8.0109977720e-02 
 709.000  1.1606272300e+00  7.8030838010e-02 
 710.000  1.1819541600e+00  7.8893936160e-02 
 711.000  1.1753291300e+00  7.8950637820e-02 
 712.000  1.1633359100e+00  7.8617088320e-02 
 713.000  1.1547171300e+00  7.7639770510e-02 
 714.000  1.1730124000e+00  7.8676048280e-02 
 715.000  1.1260409500e+00  7.4907524110e-02 
 716.000  1.1493337900e+00  7.5804557800e-02 
 717.000  1.0775211400e+00  6.7806739810e-02 
 718.000  1.0452521900e+00  6.3819393160e-02 
 719.000  1.0236395100e+00  6.1736824040e-02 
 720.000  1.0168693100e+00  6.0393863680e-02 
 721.000  1.0775014800e+00  6.8606636050e-02 
 722.000  1.1147887100e+00  7.2594184880e-02 
 723.000  1.0996694300e+00  7.0630020140e-02 
 724.000  1.0699548100e+00  6.6100074770e-02 
 725.000  1.0634785900e+00  6.6069450380e-02 
 726.000  1.0597119600e+00  6.5721153260e-02 
 727.000  1.0803981600e+00  6.7331542970e-02 
 728.000  1.0561711200e+00  6.5466438290e-02 
 729.000  1.0271887400e+00  6.4598396300e-02 
 730.000  1.0626043000e+00  6.6666946410e-02 
 731.000  1.0421090200e+00  6.5251495360e-02 
 732.000  1.0843915700e+00  6.9542999270e-02 
 733.000  1.0889194100e+00  7.1550636290e-02 
 734.000  1.1217104000e+00  7.4531990050e-02 
 735.000  1.1089318500e+00  7.3353057860e-02 
 736.000  1.0816110700e+00  7.1025451660e-02 
 737.000  1.1007221500e+00  7.2651672360e-02 
 738.000  1.1044008100e+00  7.3469497680e-02 
 739.000  1.0714102500e+00  7.1550910950e-02 
 740.000  1.0877126500e+00  7.3202888490e-02 
 741.000  1.0825647300e+00  7.3257331850e-02 
 742.000  1.0661614400e+00  7.2304534910e-02 
 743.000  1.1007076500e+00  7.4998115540e-02 
 744.000  1.1125157000e+00  7.5980110170e-02 
 745.000  1.0846441000e+00  7.4218658450e-02 
 746.000  1.1005500700e+00  7.5368476870e-02 
 747.000  1.1171459000e+00  7.6484504700e-02 
 748.000  1.0978259400e+00  7.5194099430e-02 
 749.000  1.0983263600e+00  7.5255935670e-02 
 750.000  1.0818767200e+00  7.4053474430e-02 
 751.000  1.0791133400e+00  7.3864006040e-02 
 752.000  1.0961265200e+00  7.5094345090e-02 
 753.000  1.0859338000e+00  7.4413986210e-02 
 754.000  1.1030517400e+00  7.5597251890e-02 
 755.000  1.0967480800e+00  7.5166213990e-02 
 756.000  1.0753067700e+00  7.3697357180e-02 
 757.000  1.0832435000e+00  7.4240257260e-02 
 758.000  1.0810036200e+00  7.4043823240e-02 
 759.000  9.9939293000e-01  6.6960258480e-02 
 760.000  5.1114808000e-01  2.7872793200e-02 
 761.000  4.6179633000e-01  2.4465202330e-02 
 762.000  7.3683980000e-01  4.4972866060e-02 
 763.000  6.6874799000e-01  3.9257518770e-02 
 764.000  7.1475547000e-01  4.2767566680e-02 
 765.000  8.1597839000e-01  5.1043739320e-02 
 766.000  8.8226616000e-01  5.7689674380e-02 
 767.000  9.4551432000e-01  6.2982368470e-02 
 768.000  1.0159761300e+00  6.8532196040e-02 
 769.000  1.0333520900e+00  7.0308258060e-02 
 770.000  1.0382792300e+00  7.0935142520e-02 
 771.000  1.0437859900e+00  7.1481742860e-02 
 772.000  1.0408676400e+00  7.1325111390e-02 
 773.000  1.0369704200e+00  7.1078491210e-02 
 774.000  1.0483988100e+00  7.1880722050e-02 
 775.000  1.0091695300e+00  6.9206237790e-02 
 776.000  1.0508408700e+00  7.2109527590e-02 
 777.000  1.0435619300e+00  7.1602096560e-02 
 778.000  1.0379528800e+00  7.1189056400e-02 
 779.000  1.0413162800e+00  7.1383514400e-02 
 780.000  1.0284186500e+00  7.0521286010e-02 
 781.000  1.0268346800e+00  7.0419090270e-02 
 782.000  1.0391958100e+00  7.1205535890e-02 
 783.000  1.0149030700e+00  6.9605209350e-02 
 784.000  1.0204538900e+00  6.9939804080e-02 
 785.000  1.0223292300e+00  6.9872741700e-02 
 786.000  1.0034514300e+00  6.8401786800e-02 
 787.000  1.0153665100e+00  6.8697944640e-02 
 788.000  9.9860254000e-01  6.7355384830e-02 
 789.000  9.9879341000e-01  6.6590553280e-02 
 790.000  9.8820945000e-01  6.5785926820e-02 
 791.000  9.8419092000e-01  6.5677215580e-02 
 792.000  9.6955706000e-01  6.4792823790e-02 
 793.000  9.7082872000e-01  6.5177803040e-02 
 794.000  9.6559369000e-01  6.5511962890e-02 
 795.000  9.5746577000e-01  6.4473098750e-02 
 796.000  9.6589925000e-01  6.4107757570e-02 
 797.000  9.7423692000e-01  6.4969642640e-02 
 798.000  9.7974678000e-01  6.5980842590e-02 
 799.000  9.7781244000e-01  6.5665748600e-02 
 800.000  9.4872351000e-01  6.3244659420e-02 
 801.000  9.6687261000e-01  6.4513893130e-02 
 802.000  9.6455599000e-01  6.4287200930e-02 
 803.000  9.5132813000e-01  6.3493087770e-02 
 804.000  9.6161520000e-01  6.4446189880e-02 
 805.000  9.3847017000e-01  6.3339637760e-02 
 806.000  9.6582414000e-01  6.5418952940e-02 
 807.000  9.5993753000e-01  6.5065551760e-02 
 808.000  9.5316860000e-01  6.4429908750e-02 
 809.000  9.3561440000e-01  6.3053997040e-02 
 810.000  9.2986236000e-01  6.2452651980e-02 
 811.000  9.4146877000e-01  6.2858837130e-02 
 812.000  9.3377371000e-01  6.1856132510e-02 
 813.000  9.2404419000e-01  6.0578105930e-02 
 814.000  9.1507633000e-01  5.9307727810e-02 
 815.000  8.9547875000e-01  5.7200908660e-02 
 816.000  8.7463122000e-01  5.4857818600e-02 
 817.000  8.8065642000e-01  5.5275867460e-02 
 818.000  8.7636101000e-01  5.5029197690e-02 
 819.000  8.5688591000e-01  5.4191696170e-02 
 820.000  8.5433598000e-01  5.5136714940e-02 
 821.000  8.9919907000e-01  5.9361137390e-02 
 822.000  8.6160585000e-01  5.5818759920e-02 
 823.000  8.3788580000e-01  5.1758934020e-02 
 824.000  8.8083800000e-01  5.6662124630e-02 
 825.000  8.9837588000e-01  5.9480579380e-02 
 826.000  9.0073696000e-01  5.9317481990e-02 
 827.000  8.9541626000e-01  5.8737483980e-02 
 828.000  8.8122271000e-01  5.6768898010e-02 
 829.000  8.8522793000e-01  5.7364036560e-02 
 830.000  8.7602692000e-01  5.7181697850e-02 
 831.000  8.6172038000e-01  5.6336425780e-02 
 832.000  8.7977990000e-01  5.7543334960e-02 
 833.000  8.5505444000e-01  5.6234371190e-02 
 834.000  8.7074195000e-01  5.7564010620e-02 
 835.000  8.7801301000e-01  5.8539764400e-02 
 836.000  8.8643750000e-01  5.9017704010e-02 
 837.000  8.7888284000e-01  5.8466270450e-02 
 838.000  8.8463781000e-01  5.9159606930e-02 
 839.000  8.5847802000e-01  5.7562015530e-02 
 840.000  8.8196656000e-01  5.9157588960e-02 
 841.000  8.8278653000e-01  5.9006614690e-02 
 842.000  8.7853929000e-01  5.8876766200e-02 
 843.000  8.7545802000e-01  5.9173702240e-02 
 844.000  8.6220083000e-01  5.8485984800e-02 
 845.000  8.7584304000e-01  5.9507690430e-02 
 846.000  8.8420612000e-01  6.0225067140e-02 
 847.000  8.5430988000e-01  5.8346763610e-02 
 848.000  8.7848577000e-01  5.9783264160e-02 
 849.000  8.8021245000e-01  5.9990116120e-02 
 850.000  7.6061972000e-01  5.1702610020e-02 
 851.000  8.7086608000e-01  5.9056568150e-02 
 852.000  8.3788255000e-01  5.6879871370e-02 
 853.000  8.4834427000e-01  5.7702632900e-02 
 854.000  6.8198996000e-01  4.6411544800e-02 
 855.000  7.5104416000e-01  5.1226322170e-02 
 856.000  8.5283744000e-01  5.8286449430e-02 
 857.000  8.6667690000e-01  5.9380908970e-02 
 858.000  8.5289183000e-01  5.8457744600e-02 
 859.000  8.5296350000e-01  5.8544818880e-02 
 860.000  8.4543179000e-01  5.8113082890e-02 
 861.000  8.4532674000e-01  5.8099803920e-02 
 862.000  8.4256454000e-01  5.7881778720e-02 
 863.000  8.5867316000e-01  5.9067970280e-02 
 864.000  8.5695886000e-01  5.8857231140e-02 
 865.000  8.4100190000e-01  5.7867168430e-02 
 866.000  7.0542824000e-01  4.8576896670e-02 
 867.000  7.5119843000e-01  5.1583496090e-02 
 868.000  8.1471065000e-01  5.6014137270e-02 
 869.000  8.0327909000e-01  5.5227581020e-02 
 870.000  8.3640960000e-01  5.7592670440e-02 
 871.000  8.3522928000e-01  5.7473030090e-02 
 872.000  8.3186529000e-01  5.7092838290e-02 
 873.000  8.3519834000e-01  5.7417533870e-02 
 874.000  8.1688386000e-01  5.6105995180e-02 
 875.000  8.0937373000e-01  5.5703678130e-02 
 876.000  8.1608667000e-01  5.6107456210e-02 
 877.000  8.3234451000e-01  5.7124740600e-02 
 878.000  8.1800344000e-01  5.6179016110e-02 
 879.000  8.1990278000e-01  5.6356998440e-02 
 880.000  8.1510965000e-01  5.5881851200e-02 
 881.000  7.7272754000e-01  5.3001842500e-02 
 882.000  8.1537297000e-01  5.5781131740e-02 
 883.000  7.9678444000e-01  5.4657363890e-02 
 884.000  8.0355980000e-01  5.5284805300e-02 
 885.000  8.1175314000e-01  5.5477607730e-02 
 886.000  7.8507311000e-01  5.3622303010e-02 
 887.000  7.7707792000e-01  5.3117721560e-02 
 888.000  8.0033345000e-01  5.4577621460e-02 
 889.000  8.0576221000e-01  5.5168693540e-02 
 890.000  8.0313252000e-01  5.4888103490e-02 
 891.000  7.9837218000e-01  5.4335155490e-02 
 892.000  7.9410451000e-01  5.3736396790e-02 
 893.000  7.5829005000e-01  5.0297843930e-02 
 894.000  7.8042375000e-01  5.1366783140e-02 
 895.000  7.3075092000e-01  4.7046901700e-02 
 896.000  7.4484757000e-01  4.6808364870e-02 
 897.000  7.1238571000e-01  4.3862194060e-02 
 898.000  7.0637373000e-01  4.2966537480e-02 
 899.000  6.8507621000e-01  4.0380588530e-02 
 900.000  6.7091787000e-01  3.9644573210e-02 
 901.000  6.5138664000e-01  3.8207801820e-02 
 902.000  6.4023584000e-01  3.7626148220e-02 
 903.000  7.0543605000e-01  4.3576419830e-02 
 904.000  7.3948785000e-01  4.7015636440e-02 
 905.000  7.3672106000e-01  4.6999382020e-02 
 906.000  7.0451999000e-01  4.4139385220e-02 
 907.000  6.9351388000e-01  4.1984294890e-02 
 908.000  6.6177661000e-01  3.9118869780e-02 
 909.000  6.4933093000e-01  3.8402660370e-02 
 910.000  6.5922477000e-01  3.9117153170e-02 
 911.000  6.6724951000e-01  4.0313144680e-02 
 912.000  6.6391668000e-01  3.9664108280e-02 
 913.000  6.5823238000e-01  3.8140785220e-02 
 914.000  6.6437593000e-01  3.9073513030e-02 
 915.000  6.6156294000e-01  3.9539443970e-02 
 916.000  6.7097295000e-01  4.0192668910e-02 
 917.000  6.6474786000e-01  4.0081535340e-02 
 918.000  6.6688234000e-01  4.0569389340e-02 
 919.000  6.9464593000e-01  4.3757907870e-02 
 920.000  7.0209495000e-01  4.4987621310e-02 
 921.000  6.8364906000e-01  4.3597293850e-02 
 922.000  6.7724850000e-01  4.3249011990e-02 
 923.000  6.4518979000e-01  4.0709796910e-02 
 924.000  6.6329399000e-01  4.1467578890e-02 
 925.000  6.7136437000e-01  4.1859046940e-02 
 926.000  6.4728396000e-01  4.0204235080e-02 
 927.000  6.6060019000e-01  4.0481475830e-02 
 928.000  6.4782368000e-01  3.8500976560e-02 
 929.000  6.1454709000e-01  3.4970546720e-02 
 930.000  5.8170748000e-01  3.1268985750e-02 
 931.000  5.4566009000e-01  2.7412723540e-02 
 932.000  4.9301621000e-01  2.2485197070e-02 
 933.000  4.5735711000e-01  1.9460300450e-02 
 934.000  4.1425451000e-01  1.6386621480e-02 
 935.000  4.0406518000e-01  1.5835854530e-02 
 936.000  4.1669869000e-01  1.6792257310e-02 
 937.000  4.2182718000e-01  1.6897754670e-02 
 938.000  4.5986717000e-01  1.9986347200e-02 
 939.000  5.6936362000e-01  3.0002414700e-02 
 940.000  5.8124673000e-01  3.1401708600e-02 
 941.000  5.5533999000e-01  2.9411888120e-02 
 942.000  5.0385711000e-01  2.5220149990e-02 
 943.000  4.7610664000e-01  2.1517889020e-02 
 944.000  4.5930255000e-01  2.0595029830e-02 
 945.000  4.8348361000e-01  2.2466815950e-02 
 946.000  4.9103389000e-01  2.2881237030e-02 
 947.000  5.0526547000e-01  2.4362709050e-02 
 948.000  5.1836566000e-01  2.5495267870e-02 
 949.000  5.1855186000e-01  2.5462394710e-02 
 950.000  5.1764558000e-01  2.5552377700e-02 
 951.000  5.3666331000e-01  2.7643817900e-02 
 952.000  5.1273600000e-01  2.5280866620e-02 
 953.000  5.2779916000e-01  2.6893764500e-02 
 954.000  5.3995131000e-01  2.8458730700e-02 
 955.000  4.9101578000e-01  2.5240552900e-02 
 956.000  5.2038605000e-01  2.6639989850e-02 
 957.000  5.6335931000e-01  3.1221380230e-02 
 958.000  5.7309810000e-01  3.2096488950e-02 
 959.000  5.6802201000e-01  3.1477144240e-02 
 960.000  5.6049067000e-01  3.0979722980e-02 
 961.000  5.5086082000e-01  3.0285026550e-02 
 962.000  5.5676369000e-01  3.0801078800e-02 
 963.000  5.7865445000e-01  3.3294895170e-02 
 964.000  5.7521671000e-01  3.3299423220e-02 
 965.000  5.7998841000e-01  3.3476711270e-02 
 966.000  5.6437320000e-01  3.2666652680e-02 
 967.000  5.9731090000e-01  3.5556533810e-02 
 968.000  6.1704315000e-01  3.8399841310e-02 
 969.000  6.3258141000e-01  4.0129020690e-02 
 970.000  6.3490292000e-01  4.0329902650e-02 
 971.000  6.2898318000e-01  3.9940811160e-02 
 972.000  6.3015608000e-01  3.9801143650e-02 
 973.000  6.1652759000e-01  3.8465595250e-02 
 974.000  5.9777630000e-01  3.6736911770e-02 
 975.000  5.9472539000e-01  3.6185993190e-02 
 976.000  6.0939197000e-01  3.7537384030e-02 
 977.000  6.0584558000e-01  3.8055770870e-02 
 978.000  6.1979254000e-01  3.8884899140e-02 
 979.000  6.0478015000e-01  3.8147533420e-02 
 980.000  6.2547909000e-01  4.0248764040e-02 
 981.000  6.3244130000e-01  4.0888843540e-02 
 982.000  6.2833581000e-01  4.0453624730e-02 
 983.000  6.3282414000e-01  4.1179317470e-02 
 984.000  6.3493071000e-01  4.1786930080e-02 
 985.000  6.3821779000e-01  4.2285743710e-02 
 986.000  6.3762170000e-01  4.2625377660e-02 
 987.000  6.4694386000e-01  4.3423160550e-02 
 988.000  6.3933527000e-01  4.2954063420e-02 
 989.000  6.3148439000e-01  4.2452301030e-02 
 990.000  6.3733268000e-01  4.2886981960e-02 
 991.000  6.4422921000e-01  4.3504974370e-02 
 992.000  6.3873214000e-01  4.3177227020e-02 
 993.000  6.3885936000e-01  4.3201972960e-02 
 994.000  6.4356490000e-01  4.3655319210e-02 
 995.000  6.3983990000e-01  4.3505153660e-02 
 996.000  6.3970277000e-01  4.3493526460e-02 
 997.000  6.3973330000e-01  4.3429565430e-02 
 998.000  6.3663147000e-01  4.3151058200e-02 
 999.000  6.3477480000e-01  4.2997947690e-02 
1000.000  6.2992953000e-01  4.2689594270e-02 
1001.000  6.3195412000e-01  4.2682323460e-02 
1002.000  6.2864212000e-01  4.2234478000e-02 
1003.000  6.2184320000e-01  4.1831256870e-02 
1004.000  6.1794733000e-01  4.1697860720e-02 
1005.000  5.7789608000e-01  3.9051269530e-02 
1006.000  6.0825383000e-01  4.1124679570e-02 
1007.000  6.1890521000e-01  4.1802997590e-02 
1008.000  6.1968002000e-01  4.1676204680e-02 
1009.000  6.1343473000e-01  4.1027503970e-02 
1010.000  6.1680983000e-01  4.1357887270e-02 
1011.000  6.1608771000e-01  4.1560237880e-02 
1012.000  6.1723976000e-01  4.1736343380e-02 
1013.000  6.1353486000e-01  4.1564640050e-02 
1014.000  6.1776134000e-01  4.1912494660e-02 
1015.000  6.0640696000e-01  4.1179237370e-02 
1016.000  6.1061886000e-01  4.1531925200e-02 
1017.000  6.0470765000e-01  4.1175067900e-02 
1018.000  6.1225487000e-01  4.1679992680e-02 
1019.000  5.9750308000e-01  4.0614898680e-02 
1020.000  5.9650632000e-01  4.0553668980e-02 
1021.000  6.0298248000e-01  4.1007926940e-02 
1022.000  5.9302607000e-01  4.0172744750e-02 
1023.000  6.0364264000e-01  4.0751895900e-02 
1024.000  6.0011837000e-01  4.0412425990e-02 
1025.000  6.0125128000e-01  4.0599742890e-02 
1026.000  6.0251900000e-01  4.0749881740e-02 
1027.000  5.9863723000e-01  4.0497386930e-02 
1028.000  6.0023808000e-01  4.0673294070e-02 
1029.000  5.9162917000e-01  4.0198791500e-02 
1030.000  5.9806784000e-01  4.0750114440e-02 
1031.000  5.9642736000e-01  4.0720661160e-02 
1032.000  5.9451723000e-01  4.0649234770e-02 
1033.000  5.8360722000e-01  3.9898582460e-02 
1034.000  5.8930927000e-01  4.0295055390e-02 
1035.000  5.8161259000e-01  3.9746776580e-02 
1036.000  5.9122750000e-01  4.0409011840e-02 
1037.000  5.7877898000e-01  3.9550868990e-02 
1038.000  5.8450279000e-01  3.9933189390e-02 
1039.000  5.8688829000e-01  4.0075508120e-02 
1040.000  5.7994041000e-01  3.9583595280e-02 
1041.000  5.8296358000e-01  3.9770286560e-02 
1042.000  5.8469067000e-01  3.9872531890e-02 
1043.000  5.7459731000e-01  3.9171180730e-02 
1044.000  5.8031154000e-01  3.9543457030e-02 
1045.000  5.7777480000e-01  3.9396152500e-02 
1046.000  5.6096899000e-01  3.8285575870e-02 
1047.000  5.7126258000e-01  3.9023521420e-02 
1048.000  5.7692865000e-01  3.9450469970e-02 
1049.000  5.7322401000e-01  3.9241733550e-02 
1050.000  5.7081849000e-01  3.9108150480e-02 
1051.000  5.6980200000e-01  3.9006816860e-02 
1052.000  5.6713645000e-01  3.8792865750e-02 
1053.000  5.6570783000e-01  3.8672622680e-02 
1054.000  5.6149080000e-01  3.8350009920e-02 
1055.000  5.6557995000e-01  3.8583236690e-02 
1056.000  5.6405745000e-01  3.8445369720e-02 
1057.000  5.6300211000e-01  3.8324241640e-02 
1058.000  5.5696314000e-01  3.7830154420e-02 
1059.000  5.3945921000e-01  3.6667751310e-02 
1060.000  5.5897442000e-01  3.8068645480e-02 
1061.000  5.3936610000e-01  3.6741718290e-02 
1062.000  5.5423838000e-01  3.7714759830e-02 
1063.000  5.4485374000e-01  3.7058803560e-02 
1064.000  5.5158040000e-01  3.7440746310e-02 
1065.000  5.5075452000e-01  3.7287151340e-02 
1066.000  5.3388429000e-01  3.6121528630e-02 
1067.000  5.4648512000e-01  3.6918659210e-02 
1068.000  5.4375546000e-01  3.6579784390e-02 
1069.000  5.0253462000e-01  3.3727863310e-02 
1070.000  5.3241520000e-01  3.5768211360e-02 
1071.000  5.3290030000e-01  3.5747070310e-02 
1072.000  5.3428933000e-01  3.5789424900e-02 
1073.000  5.1663465000e-01  3.4615276340e-02 
1074.000  5.3479720000e-01  3.5866642000e-02 
1075.000  5.1877063000e-01  3.4915493010e-02 
1076.000  5.2980208000e-01  3.5597267150e-02 
1077.000  5.2811839000e-01  3.5402618410e-02 
1078.000  5.2888732000e-01  3.5358783720e-02 
1079.000  5.0843885000e-01  3.3986057280e-02 
1080.000  5.2186854000e-01  3.4628940580e-02 
1081.000  5.0257411000e-01  3.3333286290e-02 
1082.000  5.0970175000e-01  3.3885738370e-02 
1083.000  4.9509682000e-01  3.2752902980e-02 
1084.000  5.1298530000e-01  3.3761310580e-02 
1085.000  5.0379750000e-01  3.2804885860e-02 
1086.000  5.1097599000e-01  3.3317333220e-02 
1087.000  4.8226278000e-01  3.1769285200e-02 
1088.000  5.1157741000e-01  3.3757221220e-02 
1089.000  4.8881906000e-01  3.1871807100e-02 
1090.000  4.9879764000e-01  3.2480369570e-02 
1091.000  5.0269775000e-01  3.2851577760e-02 
1092.000  4.8937051000e-01  3.1811101910e-02 
1093.000  4.7953392000e-01  3.0764867780e-02 
1094.000  4.3478994300e-01  2.7702924730e-02 
1095.000  4.7090187000e-01  3.0003225330e-02 
1096.000  4.7222875000e-01  3.0098617550e-02 
1097.000  4.6218412100e-01  2.9323263170e-02 
1098.000  4.4491546900e-01  2.7247388840e-02 
1099.000  4.3464435400e-01  2.5778079990e-02 
1100.000  4.4292942400e-01  2.6324504850e-02 
1101.000  4.4358570800e-01  2.6475572590e-02 
1102.000  4.2445771300e-01  2.5272754670e-02 
1103.000  4.4238015100e-01  2.6408641820e-02 
1104.000  4.3719101900e-01  2.5955282210e-02 
1105.000  4.3145881000e-01  2.5270229340e-02 
1106.000  4.2265733800e-01  2.4433143620e-02 
1107.000  4.2349202800e-01  2.4544296260e-02 
1108.000  4.2316051400e-01  2.4557685850e-02 
1109.000  4.2964188400e-01  2.5177845000e-02 
1110.000  4.3140345300e-01  2.5194547650e-02 
1111.000  4.2345239100e-01  2.4550205230e-02 
1112.000  4.0713441800e-01  2.2926967620e-02 
1113.000  3.8849166600e-01  2.0945569990e-02 
1114.000  3.8830358100e-01  2.0604358670e-02 
1115.000  3.6277795500e-01  1.8098096850e-02 
1116.000  3.4465988400e-01  1.6529178620e-02 
1117.000  3.1574692500e-01  1.3876654620e-02 
1118.000  2.8186019000e-01  1.1371978760e-02 
1119.000  2.5804750800e-01  9.8853578570e-03 
1120.000  2.3791025800e-01  8.5329036710e-03 
1121.000  2.3483359300e-01  8.2850227360e-03 
1122.000  2.1109192500e-01  6.9011893270e-03 
1123.000  2.2493053200e-01  7.6445159910e-03 
1124.000  2.3387577700e-01  8.1438703540e-03 
1125.000  2.2472549600e-01  7.7196946140e-03 
1126.000  2.1868098300e-01  7.4753603940e-03 
1127.000  2.2784437400e-01  7.8488259320e-03 
1128.000  2.2705798300e-01  7.9344148640e-03 
1129.000  2.4984626600e-01  9.3253583910e-03 
1130.000  2.9857646800e-01  1.2667669300e-02 
1131.000  3.1548574200e-01  1.3863631250e-02 
1132.000  2.9755546200e-01  1.2446573260e-02 
1133.000  2.5539370800e-01  9.7604064940e-03 
1134.000  1.8682012700e-01  5.7510094640e-03 
1135.000  1.9446471500e-01  6.1184329990e-03 
1136.000  2.6154375700e-01  1.0171219830e-02 
1137.000  2.9974715100e-01  1.2769567490e-02 
1138.000  3.2019100900e-01  1.4887078290e-02 
1139.000  3.3619073600e-01  1.6122146610e-02 
1140.000  3.3118767400e-01  1.5628438000e-02 
1141.000  3.0966684400e-01  1.4173560140e-02 
1142.000  3.1381005400e-01  1.4193046570e-02 
1143.000  2.9493659700e-01  1.2859153750e-02 
1144.000  2.7768749700e-01  1.1622941970e-02 
1145.000  2.5685716900e-01  1.0099856380e-02 
1146.000  2.6485868000e-01  1.0575522420e-02 
1147.000  2.8393353100e-01  1.1899720190e-02 
1148.000  2.9652164900e-01  1.2954729080e-02 
1149.000  3.0343384100e-01  1.3488251690e-02 
1150.000  3.0218216600e-01  1.3488061900e-02 
1151.000  3.1002221300e-01  1.4224675180e-02 
1152.000  3.1365015900e-01  1.4585403440e-02 
1153.000  3.1932045900e-01  1.5133871080e-02 
1154.000  3.1957150500e-01  1.5107256890e-02 
1155.000  3.3236550800e-01  1.6294780730e-02 
1156.000  3.4078318100e-01  1.7363101960e-02 
1157.000  3.7010900000e-01  2.0245605470e-02 
1158.000  3.8044225700e-01  2.1410993580e-02 
1159.000  3.8364175200e-01  2.2123474120e-02 
1160.000  3.8222166200e-01  2.2275978090e-02 
1161.000  3.8273276300e-01  2.2834981920e-02 
1162.000  4.0300852600e-01  2.4490081790e-02 
1163.000  4.1254848000e-01  2.5595432280e-02 
1164.000  4.0598994300e-01  2.5299587250e-02 
1165.000  4.1432644400e-01  2.5903352740e-02 
1166.000  4.0513248700e-01  2.5461065290e-02 
1167.000  4.1266164500e-01  2.6019464490e-02 
1168.000  4.1587051800e-01  2.6203506470e-02 
1169.000  4.0255422300e-01  2.5447149280e-02 
1170.000  4.1438583700e-01  2.6269643780e-02 
1171.000  4.1904780300e-01  2.6741071700e-02 
1172.000  4.1610906600e-01  2.6460411070e-02 
1173.000  4.1161484100e-01  2.6087617870e-02 
1174.000  4.1191742000e-01  2.6117351530e-02 
1175.000  4.1135920100e-01  2.6343572620e-02 
1176.000  4.0524360000e-01  2.6191566470e-02 
1177.000  4.1591114100e-01  2.6768739700e-02 
1178.000  4.0515680900e-01  2.5852140430e-02 
1179.000  4.0334830200e-01  2.5741443630e-02 
1180.000  4.0765737600e-01  2.5937553410e-02 
1181.000  4.0205840000e-01  2.5374006270e-02 
1182.000  3.9906334400e-01  2.4978637700e-02 
1183.000  3.7630060300e-01  2.3575862880e-02 
1184.000  3.9524275800e-01  2.4878047940e-02 
1185.000  4.0537047300e-01  2.5808561330e-02 
1186.000  4.0151792600e-01  2.5475101470e-02 
1187.000  3.9666837500e-01  2.4874439240e-02 
1188.000  3.9348740300e-01  2.4600149150e-02 
1189.000  3.7338175100e-01  2.3499870300e-02 
1190.000  3.9945578500e-01  2.5584997180e-02 
1191.000  4.0799674100e-01  2.6255937580e-02 
1192.000  4.0906237400e-01  2.6513717650e-02 
1193.000  4.0850804100e-01  2.6411533360e-02 
1194.000  4.0723159500e-01  2.6301610950e-02 
1195.000  3.9944652700e-01  2.5610807420e-02 
1196.000  3.9963688900e-01  2.5658742900e-02 
1197.000  3.9796472700e-01  2.5464607240e-02 
1198.000  3.8425938000e-01  2.4574634550e-02 
1199.000  3.6814621600e-01  2.3442140580e-02 
1200.000  3.9246167100e-01  2.5062587740e-02 
1201.000  3.9571554700e-01  2.5307249070e-02 
1202.000  3.9662369600e-01  2.5421607970e-02 
1203.000  3.7621734600e-01  2.4082502370e-02 
1204.000  3.8306253400e-01  2.4585794450e-02 
1205.000  3.9722443500e-01  2.5830223080e-02 
1206.000  3.9726884300e-01  2.5986145020e-02 
1207.000  4.0094308500e-01  2.6289756770e-02 
1208.000  3.9438481800e-01  2.5808216090e-02 
1209.000  3.6861830500e-01  2.4044227600e-02 
1210.000  3.9242549800e-01  2.5457241060e-02 
1211.000  3.7903172900e-01  2.4574621200e-02 
1212.000  3.9145574900e-01  2.5424978260e-02 
1213.000  3.9504408700e-01  2.5801387790e-02 
1214.000  3.9298462900e-01  2.5659738540e-02 
1215.000  3.9506060900e-01  2.5858757020e-02 
1216.000  3.9682231500e-01  2.6205612180e-02 
1217.000  3.9842644000e-01  2.6511585240e-02 
1218.000  3.9800221400e-01  2.6581512450e-02 
1219.000  3.9477422900e-01  2.6426324840e-02 
1220.000  3.9750750000e-01  2.6607238770e-02 
1221.000  3.9703417900e-01  2.6588495250e-02 
1222.000  3.9502061900e-01  2.6454376220e-02 
1223.000  3.9335672900e-01  2.6378170010e-02 
1224.000  3.9787751500e-01  2.6812562940e-02 
1225.000  3.9600310100e-01  2.6726789470e-02 
1226.000  3.9780257700e-01  2.6902059560e-02 
1227.000  3.8498577600e-01  2.6111619950e-02 
1228.000  3.9783208100e-01  2.7078512190e-02 
1229.000  3.9797829600e-01  2.7160560610e-02 
1230.000  3.9728089600e-01  2.7195154190e-02 
1231.000  3.9764993500e-01  2.7270511630e-02 
1232.000  3.9330185000e-01  2.6997097020e-02 
1233.000  3.9648050800e-01  2.7233877180e-02 
1234.000  3.9614514300e-01  2.7313556670e-02 
1235.000  3.9370381900e-01  2.7182706830e-02 
1236.000  3.9619723800e-01  2.7380542760e-02 
1237.000  3.9644699900e-01  2.7434471130e-02 
1238.000  3.9629093900e-01  2.7440416340e-02 
1239.000  3.9182063000e-01  2.7142208100e-02 
1240.000  3.9004773900e-01  2.7055149080e-02 
1241.000  3.9345489200e-01  2.7320823670e-02 
1242.000  3.9106464200e-01  2.7181026460e-02 
1243.000  3.8661672800e-01  2.6899059300e-02 
1244.000  3.8298320300e-01  2.6662454610e-02 
1245.000  3.8945401600e-01  2.7127840040e-02 
1246.000  3.8630073100e-01  2.6877399440e-02 
1247.000  3.8422159000e-01  2.6700819020e-02 
1248.000  3.8703075500e-01  2.6864070890e-02 
1249.000  3.8552875900e-01  2.6738330840e-02 
1250.000  3.8385380000e-01  2.6591983800e-02 
1251.000  3.8102967900e-01  2.6374942780e-02 
1252.000  3.7959580800e-01  2.6245014190e-02 
1253.000  3.7614875500e-01  2.5973430630e-02 
1254.000  3.7651036900e-01  2.5933271410e-02 
1255.000  3.7543005800e-01  2.5817846300e-02 
1256.000  3.7423814500e-01  2.5704681400e-02 
1257.000  3.6939788900e-01  2.5304420470e-02 
1258.000  3.6948256900e-01  2.5190792080e-02 
1259.000  3.6425874300e-01  2.4736431120e-02 
1260.000  3.6339779700e-01  2.4569070820e-02 
1261.000  3.6118720900e-01  2.4309890750e-02 
1262.000  3.5017454900e-01  2.3413562770e-02 
1263.000  3.5315198700e-01  2.3591636660e-02 
1264.000  3.4681975500e-01  2.3166498180e-02 
1265.000  3.4714350000e-01  2.3197189330e-02 
1266.000  3.4800489300e-01  2.3218521120e-02 
1267.000  3.3994090100e-01  2.2645862580e-02 
1268.000  3.3486272300e-01  2.2272251130e-02 
1269.000  3.3721479400e-01  2.2414279940e-02 
1270.000  3.4538179300e-01  2.3078147890e-02 
1271.000  3.4929499000e-01  2.3389060970e-02 
1272.000  3.4987781000e-01  2.3486587520e-02 
1273.000  3.5103514000e-01  2.3639097210e-02 
1274.000  3.5073160100e-01  2.3704872130e-02 
1275.000  3.5366687100e-01  2.3928838730e-02 
1276.000  3.5474872500e-01  2.4002531050e-02 
1277.000  3.5478989400e-01  2.3984453200e-02 
1278.000  3.5410239000e-01  2.3907670970e-02 
1279.000  3.5208041400e-01  2.3779966350e-02 
1280.000  3.5098094400e-01  2.3794340130e-02 
1281.000  3.4191146700e-01  2.3262895580e-02 
1282.000  3.0438338200e-01  2.0784584050e-02 
1283.000  3.3457032200e-01  2.2890537260e-02 
1284.000  3.4844036500e-01  2.3860141750e-02 
1285.000  3.5127706600e-01  2.4070261000e-02 
1286.000  3.5073647300e-01  2.3985448840e-02 
1287.000  3.5200877200e-01  2.3992000580e-02 
1288.000  3.4653384300e-01  2.3356527330e-02 
1289.000  3.4758659300e-01  2.3344886780e-02 
1290.000  3.3947675000e-01  2.2779933930e-02 
1291.000  3.4470403900e-01  2.3131240840e-02 
1292.000  3.4757069000e-01  2.3382873540e-02 
1293.000  3.4800974000e-01  2.3383014680e-02 
1294.000  3.4107791800e-01  2.2769565580e-02 
1295.000  3.4242837000e-01  2.2661279680e-02 
1296.000  3.4024415400e-01  2.2336927410e-02 
1297.000  3.3615475400e-01  2.1940341950e-02 
1298.000  3.3297011900e-01  2.1719102860e-02 
1299.000  3.3619212800e-01  2.1914369580e-02 
1300.000  3.3450366500e-01  2.1789299010e-02 
1301.000  3.3352429200e-01  2.1684909820e-02 
1302.000  3.2785439500e-01  2.1198184970e-02 
1303.000  3.2189272400e-01  2.0529031750e-02 
1304.000  3.2052540000e-01  2.0310005190e-02 
1305.000  3.2177798500e-01  2.0325941090e-02 
1306.000  3.2155953100e-01  2.0243452070e-02 
1307.000  3.1955073500e-01  2.0051860810e-02 
1308.000  3.1658602300e-01  1.9699178700e-02 
1309.000  3.1265996800e-01  1.9233591080e-02 
1310.000  3.1094070000e-01  1.9110605240e-02 
1311.000  3.1008694300e-01  1.9056770320e-02 
1312.000  3.0466748400e-01  1.8475788120e-02 
1313.000  2.8858253500e-01  1.7224414830e-02 
1314.000  2.9310351200e-01  1.7242330550e-02 
1315.000  2.8533422300e-01  1.6894411090e-02 
1316.000  2.9530134100e-01  1.7654407500e-02 
1317.000  2.9830426300e-01  1.7825197220e-02 
1318.000  2.8892554800e-01  1.6968595500e-02 
1319.000  2.8529319800e-01  1.6362606050e-02 
1320.000  2.7459717600e-01  1.5305285450e-02 
1321.000  2.7007168800e-01  1.4873705860e-02 
1322.000  2.7513305300e-01  1.5424450870e-02 
1323.000  2.8201121700e-01  1.6095129010e-02 
1324.000  2.8526755300e-01  1.6435251240e-02 
1325.000  2.8289079000e-01  1.6185842510e-02 
1326.000  2.7582322000e-01  1.5495090480e-02 
1327.000  2.6131602900e-01  1.4043530460e-02 
1328.000  2.4821432900e-01  1.2633905410e-02 
1329.000  2.1416889400e-01  9.8502693180e-03 
1330.000  2.0813458200e-01  9.2129106520e-03 
1331.000  2.0265360500e-01  8.7501411440e-03 
1332.000  2.0045795700e-01  8.7139015200e-03 
1333.000  2.1146315900e-01  9.3903217320e-03 
1334.000  2.1987552700e-01  1.0041464810e-02 
1335.000  2.2581572500e-01  1.0524883270e-02 
1336.000  2.2570788000e-01  1.0594335560e-02 
1337.000  2.2826290300e-01  1.0741738320e-02 
1338.000  2.3201206000e-01  1.1083793640e-02 
1339.000  2.3252576100e-01  1.1159875870e-02 
1340.000  2.3414411000e-01  1.1383806230e-02 
1341.000  2.3810208400e-01  1.1450429920e-02 
1342.000  2.3800546500e-01  1.1458170890e-02 
1343.000  2.2898510600e-01  1.0442412380e-02 
1344.000  2.1514358800e-01  9.2237558360e-03 
1345.000  1.7801833500e-01  6.5576930050e-03 
1346.000  1.5185706900e-01  4.8970904350e-03 
1347.000  1.3469612500e-01  3.9858620170e-03 
1348.000  1.1167122900e-01  2.7794249060e-03 
1349.000  1.0156970580e-01  2.3555958270e-03 
1350.000  7.9119440600e-02  1.4560737610e-03 
1351.000  6.8304679000e-02  1.1250852350e-03 
1352.000  5.2245302000e-02  6.6799044610e-04 
1353.000  3.7031173300e-02  3.6675393580e-04 
1354.000  2.9609881200e-02  2.4525184930e-04 
1355.000  2.2989600500e-02  1.5737012030e-04 
1356.000  1.7384915900e-02  9.5852449540e-05 
1357.000  1.1883074770e-02  4.8338055610e-05 
1358.000  8.7943008300e-03  2.9529185970e-05 
1359.000  4.6371897900e-03  1.0026265870e-05 
1360.000  3.0667192400e-03  5.2711851890e-06 
1361.000  2.2822901500e-03  3.1373978130e-06 
1362.000  2.1000785500e-03  2.7602573390e-06 
1363.000  3.0298718100e-03  4.8210886310e-06 
1364.000  3.5132260700e-03  6.0400501820e-06 
1365.000  3.6785380500e-03  6.3753905710e-06 
1366.000  4.2480985300e-03  7.9675214370e-06 
1367.000  3.5684709500e-03  6.2435502190e-06 
1368.000  3.1641443500e-03  5.3986357520e-06 
1369.000  3.2446885400e-03  5.6823543270e-06 
1370.000  5.3662024900e-03  1.3201055120e-05 
1371.000  9.5567395900e-03  3.3114083110e-05 
1372.000  1.7696152000e-02  9.1641701760e-05 
1373.000  2.5103433800e-02  1.6188104450e-04 
1374.000  3.0483395500e-02  2.2413545850e-04 
1375.000  3.2500629600e-02  2.5184708830e-04 
1376.000  3.0145694200e-02  2.2352714840e-04 
1377.000  2.6837184800e-02  1.8276773390e-04 
1378.000  2.0455538600e-02  1.1660357560e-04 
1379.000  1.4046694450e-02  6.2970317900e-05 
1380.000  7.9668927200e-03  2.5143230330e-05 
1381.000  4.6085463100e-03  1.0482272130e-05 
1382.000  3.2226940600e-03  5.9159980160e-06 
1383.000  3.1180831900e-03  5.5303261620e-06 
1384.000  5.0718353300e-03  1.1953905220e-05 
1385.000  7.2001142700e-03  2.0990539340e-05 
1386.000  1.0997422030e-02  4.1477639230e-05 
1387.000  2.0206222700e-02  1.1440396310e-04 
1388.000  2.6781493800e-02  1.7993247510e-04 
1389.000  3.0763815700e-02  2.2963136430e-04 
1390.000  3.1403131300e-02  2.4030362070e-04 
1391.000  2.9315219000e-02  2.1406774220e-04 
1392.000  2.2163594200e-02  1.3550752400e-04 
1393.000  1.6942337500e-02  8.8421463970e-05 
1394.000  1.2979772590e-02  5.7745303960e-05 
1395.000  1.4631299500e-02  7.0134572680e-05 
1396.000  2.0077353600e-02  1.1626780780e-04 
1397.000  2.5909671700e-02  1.7741422360e-04 
1398.000  2.6682462500e-02  1.8578508500e-04 
1399.000  2.4913527400e-02  1.6870078440e-04 
1400.000  2.3296268200e-02  1.5350811180e-04 
1401.000  2.4765118800e-02  1.7279547450e-04 
1402.000  3.0701999600e-02  2.4216343460e-04 
1403.000  3.5348311300e-02  3.1534042950e-04 
1404.000  3.3248266600e-02  2.8446516390e-04 
1405.000  3.4826787500e-02  3.1551191210e-04 
1406.000  3.2294252000e-02  2.7676829700e-04 
1407.000  3.3492326100e-02  3.0318522450e-04 
1408.000  4.0142818400e-02  4.0846243500e-04 
1409.000  4.7056385300e-02  5.4340672490e-04 
1410.000  5.7713939100e-02  7.6688534020e-04 
1411.000  6.8647985000e-02  1.0588345530e-03 
1412.000  6.6321847200e-02  1.0238305330e-03 
1413.000  7.3146466600e-02  1.2286736970e-03 
1414.000  7.2117553400e-02  1.1817891600e-03 
1415.000  7.9724426100e-02  1.4444494250e-03 
1416.000  8.5657778200e-02  1.6396394970e-03 
1417.000  8.7863025800e-02  1.7324852940e-03 
1418.000  8.8645980300e-02  1.7535339590e-03 
1419.000  8.8461262900e-02  1.7848160270e-03 
1420.000  9.0562085400e-02  1.8582854270e-03 
1421.000  1.0185432430e-01  2.2868876460e-03 
1422.000  1.0427694750e-01  2.4213874340e-03 
1423.000  1.0543964350e-01  2.4986510280e-03 
1424.000  1.0508137870e-01  2.4780991080e-03 
1425.000  1.0388871360e-01  2.4051156040e-03 
1426.000  1.0016315640e-01  2.3238260750e-03 
1427.000  1.0609240170e-01  2.5488662720e-03 
1428.000  1.1205389060e-01  2.7588305470e-03 
1429.000  1.1365480620e-01  2.8871331210e-03 
1430.000  1.1089111830e-01  2.8200368880e-03 
1431.000  1.0330935450e-01  2.5136272910e-03 
1432.000  1.0101543320e-01  2.3893530370e-03 
1433.000  1.0073079130e-01  2.3762297630e-03 
1434.000  9.6079547100e-02  2.2149422170e-03 
1435.000  1.0314938470e-01  2.4871692660e-03 
1436.000  1.0571778500e-01  2.5966246130e-03 
1437.000  1.0740279010e-01  2.6633429530e-03 
1438.000  1.1386454400e-01  2.9526691440e-03 
1439.000  1.1596584270e-01  3.0193917750e-03 
1440.000  1.1119284940e-01  2.9348354340e-03 
1441.000  1.1809897960e-01  3.1403436660e-03 
1442.000  1.1328426390e-01  2.9698963170e-03 
1443.000  1.1532035270e-01  3.0304310320e-03 
1444.000  1.1792000420e-01  3.1375460620e-03 
1445.000  1.1815603350e-01  3.1557450290e-03 
1446.000  1.2367180320e-01  3.3876950740e-03 
1447.000  1.2705138900e-01  3.5597736840e-03 
1448.000  1.2849930800e-01  3.6160924430e-03 
1449.000  1.2597669790e-01  3.4956769940e-03 
1450.000  1.2046474030e-01  3.2679049970e-03 
1451.000  1.2181332540e-01  3.3464021680e-03 
1452.000  1.2714370640e-01  3.6510663030e-03 
1453.000  1.4167483700e-01  4.3299751280e-03 
1454.000  1.5416275000e-01  5.0122523310e-03 
1455.000  1.6013493100e-01  5.4047536850e-03 
1456.000  1.6723682400e-01  5.8552002910e-03 
1457.000  1.6992646600e-01  5.9822826390e-03 
1458.000  1.7324975700e-01  6.1473588940e-03 
1459.000  1.6838312400e-01  5.8326392170e-03 
1460.000  1.6070809700e-01  5.4515357020e-03 
1461.000  1.5762563100e-01  5.2890253070e-03 
1462.000  1.4913911400e-01  4.8445167540e-03 
1463.000  1.4815033300e-01  4.8208684920e-03 
1464.000  1.4623690600e-01  4.7166438100e-03 
1465.000  1.4299297600e-01  4.5023746490e-03 
1466.000  1.3326652700e-01  4.0694532390e-03 
1467.000  1.3230044300e-01  3.9513950350e-03 
1468.000  1.2415989010e-01  3.6165153980e-03 
1469.000  1.1778066100e-01  3.2842457290e-03 
1470.000  1.1437000090e-01  3.1415972710e-03 
1471.000  1.2136860910e-01  3.5294911860e-03 
1472.000  1.3364595100e-01  4.1509003640e-03 
1473.000  1.5018990900e-01  5.0501198770e-03 
1474.000  1.5742380200e-01  5.6084852220e-03 
1475.000  1.6022275600e-01  5.7236084940e-03 
1476.000  1.6048337400e-01  5.7477178570e-03 
1477.000  1.5704375900e-01  5.5487146380e-03 
1478.000  1.5090268900e-01  5.2620649340e-03 
1479.000  1.4791024600e-01  5.0533514020e-03 
1480.000  1.5099082700e-01  5.2548847200e-03 
1481.000  1.5381293800e-01  5.5003042220e-03 
1482.000  1.6076044000e-01  5.9267005920e-03 
1483.000  1.5898159000e-01  5.9190115930e-03 
1484.000  1.6001225400e-01  5.9848461150e-03 
1485.000  1.6231272700e-01  6.0639619830e-03 
1486.000  1.6368461900e-01  6.2826347350e-03 
1487.000  1.7370259100e-01  7.0104408260e-03 
1488.000  1.5222518200e-01  6.1892662050e-03 
1489.000  1.8680450600e-01  8.1000614170e-03 
1490.000  1.9763337000e-01  9.0429143910e-03 
1491.000  2.0469301700e-01  9.6492128370e-03 
1492.000  2.0098126700e-01  9.5461645130e-03 
1493.000  2.0840823200e-01  1.0089537620e-02 
1494.000  2.0810501300e-01  1.0123873710e-02 
1495.000  2.0982668000e-01  1.0397478100e-02 
1496.000  2.0946212700e-01  1.0658334730e-02 
1497.000  2.1456918800e-01  1.0960517880e-02 
1498.000  2.2164651200e-01  1.1583103180e-02 
1499.000  2.2263373700e-01  1.1883419990e-02 
1500.000  2.2949832000e-01  1.2447485920e-02 
1501.000  2.2819266300e-01  1.2340788840e-02 
1502.000  2.2451209900e-01  1.2077240940e-02 
1503.000  2.0056221900e-01  1.0750063900e-02 
1504.000  2.0989262700e-01  1.1322235110e-02 
1505.000  2.1251358000e-01  1.1658753400e-02 
1506.000  2.1544441900e-01  1.1865547180e-02 
1507.000  2.2825620500e-01  1.2762206080e-02 
1508.000  2.2624872100e-01  1.2768227580e-02 
1509.000  2.2877118600e-01  1.3039753910e-02 
1510.000  2.3286999200e-01  1.3342847820e-02 
1511.000  2.3501544800e-01  1.3567242620e-02 
1512.000  2.3133076100e-01  1.3427144050e-02 
1513.000  2.3124078700e-01  1.3480875970e-02 
1514.000  2.2807518400e-01  1.3330075260e-02 
1515.000  2.3337828000e-01  1.3703989980e-02 
1516.000  2.3147229100e-01  1.3607228280e-02 
1517.000  2.3085098000e-01  1.3609485630e-02 
1518.000  2.3656991600e-01  1.4031925200e-02 
1519.000  2.3478735700e-01  1.4022971150e-02 
1520.000  2.3838423000e-01  1.4389007570e-02 
1521.000  2.3499557600e-01  1.4302480700e-02 
1522.000  2.3363639200e-01  1.4266826630e-02 
1523.000  2.3966065800e-01  1.4706141470e-02 
1524.000  2.3757750600e-01  1.4601530080e-02 
1525.000  2.3184409900e-01  1.4260164260e-02 
1526.000  2.3847690900e-01  1.4678522110e-02 
1527.000  2.3636417000e-01  1.4586044310e-02 
1528.000  2.3846332400e-01  1.4766628270e-02 
1529.000  2.3771706600e-01  1.4721530910e-02 
1530.000  2.2286872200e-01  1.3844011310e-02 
1531.000  2.3850558500e-01  1.4838189130e-02 
1532.000  2.3736852700e-01  1.4794487000e-02 
1533.000  2.3640704900e-01  1.4743753430e-02 
1534.000  2.3292992400e-01  1.4532213210e-02 
1535.000  2.3391662400e-01  1.4599318500e-02 
1536.000  2.3704809600e-01  1.4833009720e-02 
1537.000  2.3798401000e-01  1.4950150490e-02 
1538.000  2.3165960900e-01  1.4613996510e-02 
1539.000  2.3667261200e-01  1.4989317890e-02 
1540.000  2.2812690800e-01  1.4493675230e-02 
1541.000  2.3293772300e-01  1.4817655560e-02 
1542.000  2.3432386700e-01  1.4914567950e-02 
1543.000  2.3368604900e-01  1.4891435620e-02 
1544.000  2.3668740800e-01  1.5106512070e-02 
1545.000  2.3759476500e-01  1.5200638770e-02 
1546.000  2.3781291800e-01  1.5258340840e-02 
1547.000  2.3550349500e-01  1.5150170330e-02 
1548.000  2.2854733100e-01  1.4737054820e-02 
1549.000  2.3440505000e-01  1.5138498310e-02 
1550.000  2.3308778800e-01  1.5073123930e-02 
1551.000  2.3186048700e-01  1.4996325490e-02 
1552.000  2.3581257400e-01  1.5248121260e-02 
1553.000  2.3457954000e-01  1.5171820640e-02 
1554.000  2.2598442900e-01  1.4611741070e-02 
1555.000  2.2975513600e-01  1.4863244060e-02 
1556.000  2.2536858000e-01  1.4608520510e-02 
1557.000  2.3274769100e-01  1.5135181430e-02 
1558.000  2.3090537400e-01  1.5052515030e-02 
1559.000  2.3092362600e-01  1.5088265420e-02 
1560.000  2.2693587300e-01  1.4869524000e-02 
1561.000  2.3223230300e-01  1.5228219030e-02 
1562.000  2.3212455400e-01  1.5204227450e-02 
1563.000  2.2865566300e-01  1.4968786240e-02 
1564.000  2.2399899300e-01  1.4648125650e-02 
1565.000  2.2725109900e-01  1.4839615820e-02 
1566.000  2.2294511000e-01  1.4569522860e-02 
1567.000  2.2258870900e-01  1.4547666550e-02 
1568.000  2.1743697500e-01  1.4199840550e-02 
1569.000  2.1761972300e-01  1.4195868490e-02 
1570.000  2.1156692600e-01  1.3797166820e-02 
1571.000  2.1723573400e-01  1.4190886500e-02 
1572.000  2.1707010000e-01  1.4191235540e-02 
1573.000  2.1377286800e-01  1.4005992890e-02 
1574.000  2.1461516800e-01  1.4099949840e-02 
1575.000  1.9939714600e-01  1.3128489490e-02 
1576.000  2.1421842800e-01  1.4111583710e-02 
1577.000  1.9350574900e-01  1.2732447620e-02 
1578.000  2.1184738900e-01  1.3923067090e-02 
1579.000  2.1316956700e-01  1.3999923710e-02 
1580.000  2.1771651300e-01  1.4298744200e-02 
1581.000  2.1627261500e-01  1.4190816880e-02 
1582.000  2.1212343800e-01  1.3955300330e-02 
1583.000  2.1492675700e-01  1.4174404140e-02 
1584.000  2.1319461500e-01  1.4096402170e-02 
1585.000  2.1963875600e-01  1.4552681920e-02 
1586.000  2.1688011700e-01  1.4385294910e-02 
1587.000  2.1461916700e-01  1.4265967370e-02 
1588.000  2.1147056400e-01  1.4084857940e-02 
1589.000  1.9347377700e-01  1.2897573470e-02 
1590.000  2.0843876500e-01  1.3905502320e-02 
1591.000  2.0376895500e-01  1.3607305530e-02 
1592.000  2.1443917000e-01  1.4322977070e-02 
1593.000  2.1905355600e-01  1.4629613880e-02 
1594.000  2.1717955700e-01  1.4504396440e-02 
1595.000  2.1815312500e-01  1.4571948050e-02 
1596.000  2.0435130400e-01  1.3664998050e-02 
1597.000  2.1193914800e-01  1.4169228550e-02 
1598.000  2.1485400000e-01  1.4354187010e-02 
1599.000  2.0642115000e-01  1.3774946210e-02 
1600.000  2.0887340700e-01  1.3928565980e-02 
1601.000  2.0008036400e-01  1.3357026100e-02 
1602.000  2.0494572800e-01  1.3711316110e-02 
1603.000  2.0371826900e-01  1.3675594330e-02 
1604.000  2.0676121400e-01  1.3931616780e-02 
1605.000  2.0370408400e-01  1.3756194110e-02 
1606.000  2.0306563400e-01  1.3747186660e-02 
1607.000  2.0375287800e-01  1.3771878240e-02 
1608.000  2.0594637400e-01  1.3898272510e-02 
1609.000  2.0515444300e-01  1.3832197190e-02 
1610.000  1.9249944000e-01  1.2968757630e-02 
1611.000  1.9864307100e-01  1.3391910550e-02 
1612.000  2.0110955400e-01  1.3568562510e-02 
1613.000  2.0612628700e-01  1.3915947910e-02 
1614.000  2.0410265600e-01  1.3764657020e-02 
1615.000  2.0787176800e-01  1.4022565840e-02 
1616.000  1.9515803500e-01  1.3163310050e-02 
1617.000  2.0125883700e-01  1.3615841870e-02 
1618.000  2.0752915800e-01  1.4060474400e-02 
1619.000  2.0724844800e-01  1.4093765260e-02 
1620.000  2.0235881100e-01  1.3800210950e-02 
1621.000  1.9963309800e-01  1.3649767880e-02 
1622.000  2.0465737800e-01  1.4000431060e-02 
1623.000  2.0893602800e-01  1.4308767320e-02 
1624.000  2.1046328800e-01  1.4424950600e-02 
1625.000  2.0545023600e-01  1.4114121440e-02 
1626.000  2.0775057100e-01  1.4259292600e-02 
1627.000  2.0751224400e-01  1.4262898450e-02 
1628.000  2.0908918700e-01  1.4377022740e-02 
1629.000  2.0895313500e-01  1.4374087330e-02 
1630.000  2.0309333900e-01  1.3965753560e-02 
1631.000  2.0626940900e-01  1.4194980620e-02 
1632.000  2.0609743700e-01  1.4140354160e-02 
1633.000  2.0337822600e-01  1.3929834370e-02 
1634.000  1.9841898100e-01  1.3560377120e-02 
1635.000  2.0373793000e-01  1.3902667050e-02 
1636.000  2.0297309600e-01  1.3823176380e-02 
1637.000  1.9366659700e-01  1.3164523120e-02 
1638.000  1.9225129000e-01  1.3050743100e-02 
1639.000  1.8996971700e-01  1.2862624170e-02 
1640.000  1.9091548400e-01  1.2901898380e-02 
1641.000  1.8955270200e-01  1.2795325280e-02 
1642.000  1.8931551200e-01  1.2830624580e-02 
1643.000  1.9411325500e-01  1.3191392900e-02 
1644.000  1.9104292300e-01  1.3022043230e-02 
1645.000  1.9134216800e-01  1.3072394370e-02 
1646.000  1.9364143900e-01  1.3269298550e-02 
1647.000  1.9544163400e-01  1.3393266680e-02 
1648.000  1.9455817700e-01  1.3323833470e-02 
1649.000  1.9008845500e-01  1.3015860560e-02 
1650.000  1.9490488100e-01  1.3347568510e-02 
1651.000  1.9055376600e-01  1.3048147200e-02 
1652.000  1.9434230300e-01  1.3299448970e-02 
1653.000  1.9234182100e-01  1.3170467380e-02 
1654.000  1.9449940700e-01  1.3321424480e-02 
1655.000  1.9081518000e-01  1.3080792430e-02 
1656.000  1.9463558300e-01  1.3350600240e-02 
1657.000  1.9322306600e-01  1.3255842210e-02 
1658.000  1.9444201500e-01  1.3350625990e-02 
1659.000  1.9090520100e-01  1.3109896660e-02 
1660.000  1.9311158000e-01  1.3254689220e-02 
1661.000  1.9386697300e-01  1.3295013430e-02 
1662.000  1.9240900100e-01  1.3154437070e-02 
1663.000  1.9113495100e-01  1.3037578580e-02 
1664.000  1.9024428200e-01  1.2946081160e-02 
1665.000  1.8830294900e-01  1.2779094700e-02 
1666.000  1.8753382200e-01  1.2729495050e-02 
1667.000  1.8944872700e-01  1.2907146450e-02 
1668.000  1.8623899600e-01  1.2714221000e-02 
1669.000  1.8676410300e-01  1.2782704350e-02 
1670.000  1.9096338200e-01  1.3106611250e-02 
1671.000  1.8956718300e-01  1.3038278580e-02 
1672.000  1.8058821500e-01  1.2456957820e-02 
1673.000  1.8574665500e-01  1.2836370470e-02 
1674.000  1.8649676000e-01  1.2916901590e-02 
1675.000  1.8476659400e-01  1.2834007260e-02 
1676.000  1.8177852700e-01  1.2636458400e-02 
1677.000  1.8270762900e-01  1.2701557160e-02 
1678.000  1.8372101700e-01  1.2778953550e-02 
1679.000  1.8127961500e-01  1.2605878830e-02 
1680.000  1.7506569800e-01  1.2180507660e-02 
1681.000  1.6899867500e-01  1.1761577610e-02 
1682.000  1.7387929500e-01  1.2099468230e-02 
1683.000  1.7816834000e-01  1.2391362190e-02 
1684.000  1.8146113100e-01  1.2614538190e-02 
1685.000  1.8198087600e-01  1.2630534170e-02 
1686.000  1.7978533800e-01  1.2469340320e-02 
1687.000  1.8048146400e-01  1.2477321620e-02 
1688.000  1.8057454400e-01  1.2449354170e-02 
1689.000  1.7839616600e-01  1.2287353520e-02 
1690.000  1.7825138700e-01  1.2239540100e-02 
1691.000  1.8055748900e-01  1.2401098250e-02 
1692.000  1.8088321600e-01  1.2433481220e-02 
1693.000  1.8024489200e-01  1.2404167180e-02 
1694.000  1.7997567300e-01  1.2395765300e-02 
1695.000  1.8002136700e-01  1.2392903330e-02 
1696.000  1.7896807900e-01  1.2296352390e-02 
1697.000  1.7784276800e-01  1.2181951520e-02 
1698.000  1.7889762100e-01  1.2221794130e-02 
1699.000  1.7774188200e-01  1.2116057400e-02 
1700.000  1.7549136100e-01  1.1937553410e-02 
