 lambda   Irr_dw            Rad_up 
 550.000  1.5379774000e+00  1.5815733340e-01 
 551.000  1.5277861000e+00  1.5705601500e-01 
 552.000  1.5929809000e+00  1.6377423100e-01 
 553.000  1.5300096000e+00  1.5723150630e-01 
 554.000  1.5794373000e+00  1.6231297300e-01 
 555.000  1.5833335000e+00  1.6262438960e-01 
 556.000  1.5391858000e+00  1.5800672910e-01 
 557.000  1.4930616000e+00  1.5327590940e-01 
 558.000  1.5493157000e+00  1.5896562190e-01 
 559.000  1.4640265000e+00  1.5017137150e-01 
 560.000  1.4700677000e+00  1.5078874210e-01 
 561.000  1.6152527000e+00  1.6560763550e-01 
 562.000  1.4823185000e+00  1.5196159360e-01 
 563.000  1.5504686000e+00  1.5887837220e-01 
 564.000  1.5282923000e+00  1.5649581910e-01 
 565.000  1.5461445000e+00  1.5831332400e-01 
 566.000  1.4252145000e+00  1.4587246700e-01 
 567.000  1.5284266000e+00  1.5623823550e-01 
 568.000  1.5239546000e+00  1.5518807980e-01 
 569.000  1.4924443000e+00  1.5069692990e-01 
 570.000  1.5001084000e+00  1.5164430240e-01 
 571.000  1.4472912000e+00  1.4715669250e-01 
 572.000  1.5288986000e+00  1.5459518430e-01 
 573.000  1.5450181000e+00  1.5645747380e-01 
 574.000  1.5363770000e+00  1.5560746770e-01 
 575.000  1.4985760000e+00  1.5167277530e-01 
 576.000  1.4711949000e+00  1.4884667970e-01 
 577.000  1.5322220000e+00  1.5518977360e-01 
 578.000  1.4875779000e+00  1.5101652530e-01 
 579.000  1.4761911000e+00  1.4998663330e-01 
 580.000  1.5269937000e+00  1.5532986450e-01 
 581.000  1.4994100000e+00  1.5273573300e-01 
 582.000  1.5217817000e+00  1.5501713560e-01 
 583.000  1.5322268000e+00  1.5612580870e-01 
 584.000  1.5272002000e+00  1.5552835080e-01 
 585.000  1.5169797000e+00  1.5440858460e-01 
 586.000  1.4516380000e+00  1.4774531560e-01 
 587.000  1.5081281000e+00  1.5294664000e-01 
 588.000  1.4919674000e+00  1.4957792660e-01 
 589.000  1.3221107000e+00  1.3037670900e-01 
 590.000  1.3803461000e+00  1.3598991390e-01 
 591.000  1.4668377000e+00  1.4603794860e-01 
 592.000  1.4385429000e+00  1.4231916810e-01 
 593.000  1.4538300000e+00  1.4558122250e-01 
 594.000  1.4669720000e+00  1.4648724370e-01 
 595.000  1.4387013000e+00  1.4238772580e-01 
 596.000  1.4744834000e+00  1.4776228330e-01 
 597.000  1.4788096000e+00  1.4772926330e-01 
 598.000  1.4485751000e+00  1.4548995970e-01 
 599.000  1.4489507000e+00  1.4585173030e-01 
 600.000  1.4493282000e+00  1.4661981200e-01 
 601.000  1.4412029000e+00  1.4634080510e-01 
 602.000  1.4254410000e+00  1.4488975520e-01 
 603.000  1.4340376000e+00  1.4597332760e-01 
 604.000  1.4794513000e+00  1.5079597470e-01 
 605.000  1.4756379000e+00  1.5039828490e-01 
 606.000  1.4584979000e+00  1.4872657780e-01 
 607.000  1.4502552000e+00  1.4787657170e-01 
 608.000  1.4448881000e+00  1.4729718020e-01 
 609.000  1.4300151000e+00  1.4580375670e-01 
 610.000  1.4070677000e+00  1.4343208310e-01 
 611.000  1.4298657000e+00  1.4576686100e-01 
 612.000  1.4112027000e+00  1.4388073730e-01 
 613.000  1.3905374000e+00  1.4174818420e-01 
 614.000  1.3398120000e+00  1.3660180660e-01 
 615.000  1.4044800000e+00  1.4314529420e-01 
 616.000  1.3353460000e+00  1.3613029480e-01 
 617.000  1.3428456000e+00  1.3689921570e-01 
 618.000  1.4061555000e+00  1.4328504940e-01 
 619.000  1.3932330000e+00  1.4201110840e-01 
 620.000  1.4137678000e+00  1.4403112790e-01 
 621.000  1.4380314000e+00  1.4650123600e-01 
 622.000  1.3621380000e+00  1.3873139950e-01 
 623.000  1.3727022000e+00  1.3970147710e-01 
 624.000  1.3741287000e+00  1.3988902280e-01 
 625.000  1.3368649000e+00  1.3608917240e-01 
 626.000  1.3435837000e+00  1.3660609440e-01 
 627.000  1.3659363000e+00  1.3826554870e-01 
 628.000  1.3473126000e+00  1.3523121640e-01 
 629.000  1.3812671000e+00  1.3903890990e-01 
 630.000  1.3354640000e+00  1.3498530580e-01 
 631.000  1.3845002000e+00  1.4009480290e-01 
 632.000  1.2895456000e+00  1.3003157040e-01 
 633.000  1.3843082000e+00  1.4017300420e-01 
 634.000  1.3427457000e+00  1.3616531370e-01 
 635.000  1.3672808000e+00  1.3865827940e-01 
 636.000  1.3191091000e+00  1.3388783260e-01 
 637.000  1.3626312000e+00  1.3838627620e-01 
 638.000  1.3838633000e+00  1.4081567380e-01 
 639.000  1.3724145000e+00  1.3957612610e-01 
 640.000  1.3293580000e+00  1.3543653870e-01 
 641.000  1.3485400000e+00  1.3737448120e-01 
 642.000  1.3323514000e+00  1.3581988530e-01 
 643.000  1.3556121000e+00  1.3797933960e-01 
 644.000  1.3400510000e+00  1.3634118650e-01 
 645.000  1.3516923000e+00  1.3726467900e-01 
 646.000  1.3000086500e+00  1.3075193790e-01 
 647.000  1.3175312000e+00  1.3165448000e-01 
 648.000  1.3150799700e+00  1.3059770200e-01 
 649.000  1.3412394000e+00  1.3387089540e-01 
 650.000  1.2430517100e+00  1.2549470520e-01 
 651.000  1.3389900000e+00  1.3517887880e-01 
 652.000  1.3129922800e+00  1.3124703980e-01 
 653.000  1.3396535000e+00  1.3544473270e-01 
 654.000  1.3220791000e+00  1.3342317200e-01 
 655.000  1.2871410500e+00  1.2934613040e-01 
 656.000  1.0927857300e+00  1.0996041110e-01 
 657.000  1.1663536800e+00  1.1763931270e-01 
 658.000  1.2992284200e+00  1.3161785890e-01 
 659.000  1.3023909200e+00  1.3222511290e-01 
 660.000  1.3126160800e+00  1.3341497800e-01 
 661.000  1.3184410200e+00  1.3445124820e-01 
 662.000  1.3374353100e+00  1.3657746890e-01 
 663.000  1.3225548700e+00  1.3498892210e-01 
 664.000  1.3015446200e+00  1.3290956120e-01 
 665.000  1.3072058700e+00  1.3353192140e-01 
 666.000  1.3229548200e+00  1.3527520750e-01 
 667.000  1.2966967600e+00  1.3258876040e-01 
 668.000  1.3040667000e+00  1.3347364810e-01 
 669.000  1.3226663900e+00  1.3544358830e-01 
 670.000  1.3071477500e+00  1.3379847720e-01 
 671.000  1.2930066700e+00  1.3240013120e-01 
 672.000  1.2889053500e+00  1.3198442080e-01 
 673.000  1.2981009300e+00  1.3292175290e-01 
 674.000  1.3006052900e+00  1.3320242310e-01 
 675.000  1.2807481600e+00  1.3115324400e-01 
 676.000  1.3049159800e+00  1.3365197750e-01 
 677.000  1.2789468600e+00  1.3101989750e-01 
 678.000  1.3001070200e+00  1.3318128970e-01 
 679.000  1.2817382600e+00  1.3126594540e-01 
 680.000  1.2718788900e+00  1.3022491460e-01 
 681.000  1.2732193900e+00  1.3029824830e-01 
 682.000  1.2705646200e+00  1.2997180180e-01 
 683.000  1.2788835000e+00  1.3075398250e-01 
 684.000  1.2557604300e+00  1.2832420350e-01 
 685.000  1.2699327000e+00  1.2981201170e-01 
 686.000  1.2140169400e+00  1.2382424930e-01 
 687.000  1.1225458100e+00  1.1065353390e-01 
 688.000  1.1524013000e+00  1.1484024050e-01 
 689.000  1.1469216400e+00  1.1395027160e-01 
 690.000  1.1674892600e+00  1.1666485600e-01 
 691.000  1.1911738700e+00  1.1969715880e-01 
 692.000  1.1942447800e+00  1.2005752560e-01 
 693.000  1.1932188100e+00  1.1827122500e-01 
 694.000  1.1952790300e+00  1.1703711700e-01 
 695.000  1.1824156200e+00  1.1648905180e-01 
 696.000  1.2008399900e+00  1.1877194210e-01 
 697.000  1.2237609900e+00  1.2361512760e-01 
 698.000  1.1966445200e+00  1.2027977750e-01 
 699.000  1.1999841500e+00  1.1839820100e-01 
 700.000  1.1888962600e+00  1.1763629910e-01 
 701.000  1.1581301800e+00  1.1409321590e-01 
 702.000  1.1552926800e+00  1.1415639500e-01 
 703.000  1.1867807800e+00  1.1906362920e-01 
 704.000  1.1907369800e+00  1.1955709840e-01 
 705.000  1.1934128000e+00  1.1905437470e-01 
 706.000  1.1818865500e+00  1.1805857850e-01 
 707.000  1.1662257500e+00  1.1677364350e-01 
 708.000  1.2024679000e+00  1.2071060180e-01 
 709.000  1.1645047900e+00  1.1749554440e-01 
 710.000  1.1858259700e+00  1.1895614620e-01 
 711.000  1.1792271900e+00  1.1895064540e-01 
 712.000  1.1672376000e+00  1.1833822630e-01 
 713.000  1.1585275600e+00  1.1697921750e-01 
 714.000  1.1768523300e+00  1.1862648770e-01 
 715.000  1.1296885100e+00  1.1311462400e-01 
 716.000  1.1529415000e+00  1.1464840700e-01 
 717.000  1.0806341400e+00  1.0328260040e-01 
 718.000  1.0481485900e+00  9.7709167480e-02 
 719.000  1.0264137400e+00  9.4762878420e-02 
 720.000  1.0195570400e+00  9.2926658630e-02 
 721.000  1.0806249500e+00  1.0438705440e-01 
 722.000  1.1181424600e+00  1.1016236880e-01 
 723.000  1.1028884600e+00  1.0741922760e-01 
 724.000  1.0729048500e+00  1.0115069580e-01 
 725.000  1.0664230400e+00  1.0102393340e-01 
 726.000  1.0626240200e+00  1.0053223420e-01 
 727.000  1.0833839600e+00  1.0295765690e-01 
 728.000  1.0590595200e+00  1.0018534850e-01 
 729.000  1.0300438900e+00  9.8661659240e-02 
 730.000  1.0655375200e+00  1.0187248230e-01 
 731.000  1.0449648600e+00  9.9716606140e-02 
 732.000  1.0874650300e+00  1.0593074040e-01 
 733.000  1.0921285400e+00  1.0859426880e-01 
 734.000  1.1250980900e+00  1.1297093200e-01 
 735.000  1.1122307600e+00  1.1128064730e-01 
 736.000  1.0847669500e+00  1.0786103060e-01 
 737.000  1.1039626200e+00  1.1028366850e-01 
 738.000  1.1076989900e+00  1.1141323090e-01 
 739.000  1.0746237700e+00  1.0843659970e-01 
 740.000  1.0910329200e+00  1.1082924650e-01 
 741.000  1.0859000600e+00  1.1080165100e-01 
 742.000  1.0694528400e+00  1.0933068080e-01 
 743.000  1.1041406700e+00  1.1332604220e-01 
 744.000  1.1159922900e+00  1.1476835630e-01 
 745.000  1.0880408200e+00  1.1207557680e-01 
 746.000  1.1040003100e+00  1.1382839200e-01 
 747.000  1.1206387600e+00  1.1555210880e-01 
 748.000  1.1012602300e+00  1.1363164520e-01 
 749.000  1.1017562700e+00  1.1373711400e-01 
 750.000  1.0852383300e+00  1.1197336580e-01 
 751.000  1.0824555200e+00  1.1170369720e-01 
 752.000  1.0995221000e+00  1.1356348420e-01 
 753.000  1.0892900000e+00  1.1254595950e-01 
 754.000  1.1064523700e+00  1.1434901430e-01 
 755.000  1.1001186500e+00  1.1371335600e-01 
 756.000  1.0786017500e+00  1.1150788880e-01 
 757.000  1.0865519500e+00  1.1234603880e-01 
 758.000  1.0842785100e+00  1.1207530980e-01 
 759.000  1.0020874500e+00  1.0168288420e-01 
 760.000  5.1180480000e-01  4.3319355010e-02 
 761.000  4.6233386000e-01  3.8146873470e-02 
 762.000  7.3827932000e-01  6.9158073430e-02 
 763.000  6.6984322000e-01  6.0605537410e-02 
 764.000  7.1602153000e-01  6.5913734440e-02 
 765.000  8.1773145000e-01  7.8288917540e-02 
 766.000  8.8443147000e-01  8.7938728330e-02 
 767.000  9.4795373000e-01  9.5813163760e-02 
 768.000  1.0187103000e+00  1.0409992980e-01 
 769.000  1.0362420600e+00  1.0668191530e-01 
 770.000  1.0412501800e+00  1.0758136750e-01 
 771.000  1.0468115800e+00  1.0838555910e-01 
 772.000  1.0438892300e+00  1.0815238190e-01 
 773.000  1.0399767100e+00  1.0778737640e-01 
 774.000  1.0514352200e+00  1.0901352690e-01 
 775.000  1.0120878600e+00  1.0496902470e-01 
 776.000  1.0538721200e+00  1.0935809330e-01 
 777.000  1.0465631700e+00  1.0860968780e-01 
 778.000  1.0409267800e+00  1.0801602170e-01 
 779.000  1.0442905300e+00  1.0835016630e-01 
 780.000  1.0313448000e+00  1.0703594210e-01 
 781.000  1.0297523500e+00  1.0690563200e-01 
 782.000  1.0421387100e+00  1.0815930180e-01 
 783.000  1.0177659100e+00  1.0569080350e-01 
 784.000  1.0233185000e+00  1.0623367310e-01 
 785.000  1.0251683100e+00  1.0622836300e-01 
 786.000  1.0062047400e+00  1.0404172520e-01 
 787.000  1.0180869500e+00  1.0467784880e-01 
 788.000  1.0012433300e+00  1.0269100950e-01 
 789.000  1.0013497800e+00  1.0174285130e-01 
 790.000  9.9072500000e-01  1.0057129670e-01 
 791.000  9.8670087000e-01  1.0036436460e-01 
 792.000  9.7203522000e-01  9.9020957950e-02 
 793.000  9.7333217000e-01  9.9545997620e-02 
 794.000  9.6814598000e-01  9.9873825070e-02 
 795.000  9.5994259000e-01  9.8472511290e-02 
 796.000  9.6829220000e-01  9.8115539550e-02 
 797.000  9.7666901000e-01  9.9357490540e-02 
 798.000  9.8224700000e-01  1.0075917050e-01 
 799.000  9.8028472000e-01  1.0035536960e-01 
 800.000  9.5107676000e-01  9.6789154050e-02 
 801.000  9.6926218000e-01  9.8724075320e-02 
 802.000  9.6693008000e-01  9.8420150760e-02 
 803.000  9.5366541000e-01  9.7180961610e-02 
 804.000  9.6399353000e-01  9.8557098390e-02 
 805.000  9.4082852000e-01  9.6747344970e-02 
 806.000  9.6826647000e-01  9.9889183040e-02 
 807.000  9.6236066000e-01  9.9330963130e-02 
 808.000  9.5554901000e-01  9.8431015010e-02 
 809.000  9.3792775000e-01  9.6394187930e-02 
 810.000  9.3213388000e-01  9.5551162720e-02 
 811.000  9.4372426000e-01  9.6279464720e-02 
 812.000  9.3596234000e-01  9.4857872010e-02 
 813.000  9.2616193000e-01  9.3086799620e-02 
 814.000  9.1711524000e-01  9.1272041320e-02 
 815.000  8.9741788000e-01  8.8209266660e-02 
 816.000  8.7646105000e-01  8.4815643310e-02 
 817.000  8.8249793000e-01  8.5469139100e-02 
 818.000  8.7819569000e-01  8.5129577640e-02 
 819.000  8.5869043000e-01  8.3728439330e-02 
 820.000  8.5618852000e-01  8.4962028500e-02 
 821.000  9.0124016000e-01  9.1227409360e-02 
 822.000  8.6348464000e-01  8.6044883730e-02 
 823.000  8.3957010000e-01  8.0293548580e-02 
 824.000  8.8272138000e-01  8.7428604130e-02 
 825.000  9.0039674000e-01  9.1360588070e-02 
 826.000  9.0274029000e-01  9.1218223570e-02 
 827.000  8.9738456000e-01  9.0399841310e-02 
 828.000  8.8308945000e-01  8.7611968990e-02 
 829.000  8.8711837000e-01  8.8482147220e-02 
 830.000  8.7791700000e-01  8.8118843080e-02 
 831.000  8.6358382000e-01  8.6815666200e-02 
 832.000  8.8168219000e-01  8.8697929380e-02 
 833.000  8.5691127000e-01  8.6584274290e-02 
 834.000  8.7265246000e-01  8.8575180050e-02 
 835.000  8.7998051000e-01  9.0035446170e-02 
 836.000  8.8840165000e-01  9.0740608220e-02 
 837.000  8.8082208000e-01  8.9934585570e-02 
 838.000  8.8660547000e-01  9.0932762150e-02 
 839.000  8.6039914000e-01  8.8471084590e-02 
 840.000  8.8394325000e-01  9.0957824710e-02 
 841.000  8.8474141000e-01  9.0788787840e-02 
 842.000  8.8049653000e-01  9.0576789860e-02 
 843.000  8.7744179000e-01  9.0881172180e-02 
 844.000  8.6416891000e-01  8.9779060360e-02 
 845.000  8.7784927000e-01  9.1333663940e-02 
 846.000  8.8623609000e-01  9.2382492070e-02 
 847.000  8.5627988000e-01  8.9445495610e-02 
 848.000  8.8048171000e-01  9.1726463320e-02 
 849.000  8.8220694000e-01  9.1995750430e-02 
 850.000  7.6233195000e-01  7.9361907960e-02 
 851.000  8.7280772000e-01  9.0711135860e-02 
 852.000  8.3974524000e-01  8.7333137510e-02 
 853.000  8.5024286000e-01  8.8609123230e-02 
 854.000  6.8351086000e-01  7.1253585820e-02 
 855.000  7.5272460000e-01  7.8603302000e-02 
 856.000  8.5475770000e-01  8.9450073240e-02 
 857.000  8.6863192000e-01  9.1064926150e-02 
 858.000  8.5481626000e-01  8.9663665770e-02 
 859.000  8.5489502000e-01  8.9790161130e-02 
 860.000  8.4734636000e-01  8.9090766910e-02 
 861.000  8.4723703000e-01  8.9090675350e-02 
 862.000  8.4446714000e-01  8.8804023740e-02 
 863.000  8.6060561000e-01  9.0573532100e-02 
 864.000  8.5888596000e-01  9.0345680240e-02 
 865.000  8.4288821000e-01  8.8760276790e-02 
 866.000  7.0700727000e-01  7.4491340640e-02 
 867.000  7.5287497000e-01  7.9226844790e-02 
 868.000  8.1652168000e-01  8.5988281250e-02 
 869.000  8.0506065000e-01  8.4795326230e-02 
 870.000  8.3825804000e-01  8.8366104130e-02 
 871.000  8.3707077000e-01  8.8223854060e-02 
 872.000  8.3369838000e-01  8.7773529050e-02 
 873.000  8.3702975000e-01  8.8196960450e-02 
 874.000  8.1867014000e-01  8.6229957580e-02 
 875.000  8.1113625000e-01  8.5527709960e-02 
 876.000  8.1785649000e-01  8.6192344670e-02 
 877.000  8.3414457000e-01  8.7840240480e-02 
 878.000  8.1975885000e-01  8.6331787110e-02 
 879.000  8.2165587000e-01  8.6573127750e-02 
 880.000  8.1684243000e-01  8.5941703800e-02 
 881.000  7.7436082000e-01  8.1491050720e-02 
 882.000  8.1708910000e-01  8.5880989070e-02 
 883.000  7.9845865000e-01  8.4059577940e-02 
 884.000  8.0524234000e-01  8.4912506100e-02 
 885.000  8.1343740000e-01  8.5466072080e-02 
 886.000  7.8668477000e-01  8.2577949520e-02 
 887.000  7.7867776000e-01  8.1832527160e-02 
 888.000  8.0197800000e-01  8.4196662900e-02 
 889.000  8.0741467000e-01  8.4959999080e-02 
 890.000  8.0476785000e-01  8.4581130980e-02 
 891.000  7.9997850000e-01  8.3834732060e-02 
 892.000  7.9567130000e-01  8.2987869260e-02 
 893.000  7.5970875000e-01  7.8001251220e-02 
 894.000  7.8184992000e-01  7.9736724850e-02 
 895.000  7.3201750000e-01  7.3200775150e-02 
 896.000  7.4608652000e-01  7.3156921390e-02 
 897.000  7.1352998000e-01  6.8691436770e-02 
 898.000  7.0748886000e-01  6.7451622010e-02 
 899.000  6.8611382000e-01  6.3746658330e-02 
 900.000  6.7193558000e-01  6.2605991360e-02 
 901.000  6.5236349000e-01  6.0406806950e-02 
 902.000  6.4119641000e-01  5.9474861150e-02 
 903.000  7.0656394000e-01  6.8370864870e-02 
 904.000  7.4071874000e-01  7.3511291500e-02 
 905.000  7.3793727000e-01  7.3334716800e-02 
 906.000  7.0565356000e-01  6.9036239620e-02 
 907.000  6.9457788000e-01  6.6029914860e-02 
 908.000  6.6276017000e-01  6.1795639040e-02 
 909.000  6.5029348000e-01  6.0672111510e-02 
 910.000  6.6020476000e-01  6.1774570470e-02 
 911.000  6.6825621000e-01  6.3409355160e-02 
 912.000  6.6490673000e-01  6.2605190280e-02 
 913.000  6.5917323000e-01  6.0487670900e-02 
 914.000  6.6534458000e-01  6.1843410490e-02 
 915.000  6.6253939000e-01  6.2338909150e-02 
 916.000  6.7196434000e-01  6.3379116060e-02 
 917.000  6.6573474000e-01  6.3151672360e-02 
 918.000  6.6788195000e-01  6.3833789830e-02 
 919.000  6.9572236000e-01  6.8337219240e-02 
 920.000  7.0321847000e-01  7.0226608280e-02 
 921.000  6.8473585000e-01  6.8113441470e-02 
 922.000  6.7832047000e-01  6.7516448970e-02 
 923.000  6.4620760000e-01  6.3818130490e-02 
 924.000  6.6430589000e-01  6.4962730410e-02 
 925.000  6.7238401000e-01  6.5635765080e-02 
 926.000  6.4826116000e-01  6.3139179230e-02 
 927.000  6.6156647000e-01  6.3593791960e-02 
 928.000  6.4873072000e-01  6.0837429050e-02 
 929.000  6.1535515000e-01  5.5694347380e-02 
 930.000  5.8239480000e-01  5.0215702060e-02 
 931.000  5.4621360000e-01  4.4243724820e-02 
 932.000  4.9341256000e-01  3.6517063140e-02 
 933.000  4.5766697000e-01  3.1746652600e-02 
 934.000  4.1449112000e-01  2.6850749970e-02 
 935.000  4.0429040000e-01  2.5967117310e-02 
 936.000  4.1694568000e-01  2.7503778460e-02 
 937.000  4.2207343000e-01  2.7692386630e-02 
 938.000  4.6019102000e-01  3.2604999540e-02 
 939.000  5.6998866000e-01  4.8458248140e-02 
 940.000  5.8191395000e-01  5.0601646420e-02 
 941.000  5.5595411000e-01  4.7491638180e-02 
 942.000  5.0434873000e-01  4.0866970060e-02 
 943.000  4.7647103000e-01  3.5043750760e-02 
 944.000  4.5964705000e-01  3.3562782290e-02 
 945.000  4.8387650000e-01  3.6550670620e-02 
 946.000  4.9143364000e-01  3.7220603940e-02 
 947.000  5.0571230000e-01  3.9563777920e-02 
 948.000  5.1884337000e-01  4.1367282870e-02 
 949.000  5.1902712000e-01  4.1315021510e-02 
 950.000  5.1812498000e-01  4.1453540800e-02 
 951.000  5.3721029000e-01  4.4753887180e-02 
 952.000  5.1320628000e-01  4.1008644100e-02 
 953.000  5.2832120000e-01  4.3553577420e-02 
 954.000  5.4052577000e-01  4.5990737920e-02 
 955.000  4.9150859000e-01  4.0845607760e-02 
 956.000  5.2090357000e-01  4.3106517790e-02 
 957.000  5.6401879000e-01  5.0200244900e-02 
 958.000  5.7378099000e-01  5.1537693020e-02 
 959.000  5.6868509000e-01  5.0610202790e-02 
 960.000  5.6114076000e-01  4.9825817110e-02 
 961.000  5.5149238000e-01  4.8737796780e-02 
 962.000  5.5740721000e-01  4.9536651610e-02 
 963.000  5.7936768000e-01  5.3266193390e-02 
 964.000  5.7593233000e-01  5.3226654050e-02 
 965.000  5.8070551000e-01  5.3539146420e-02 
 966.000  5.6507085000e-01  5.2224208830e-02 
 967.000  5.9807686000e-01  5.6585105900e-02 
 968.000  6.1788222000e-01  6.0717208860e-02 
 969.000  6.3346797000e-01  6.3312774660e-02 
 970.000  6.3579381000e-01  6.3623878480e-02 
 971.000  6.2986029000e-01  6.3025161740e-02 
 972.000  6.3102418000e-01  6.2858386990e-02 
 973.000  6.1735803000e-01  6.0850063320e-02 
 974.000  5.9856125000e-01  5.8240341190e-02 
 975.000  5.9549584000e-01  5.7462867740e-02 
 976.000  6.1019299000e-01  5.9517536160e-02 
 977.000  6.0666279000e-01  6.0207363130e-02 
 978.000  6.2062220000e-01  6.1537765500e-02 
 979.000  6.0559706000e-01  6.0343097690e-02 
 980.000  6.2635320000e-01  6.3533332820e-02 
 981.000  6.3333362000e-01  6.4510391240e-02 
 982.000  6.2921161000e-01  6.3857788090e-02 
 983.000  6.3372456000e-01  6.4921401980e-02 
 984.000  6.3585733000e-01  6.5784271240e-02 
 985.000  6.3916328000e-01  6.6509902950e-02 
 986.000  6.3858844000e-01  6.6956985470e-02 
 987.000  6.4789007000e-01  6.8170631410e-02 
 988.000  6.4031530000e-01  6.7429107670e-02 
 989.000  6.3244893000e-01  6.6640892030e-02 
 990.000  6.3830693000e-01  6.7318290710e-02 
 991.000  6.4522196000e-01  6.8255516050e-02 
 992.000  6.3971710000e-01  6.7737892150e-02 
 993.000  6.3984499000e-01  6.7781059270e-02 
 994.000  6.4456116000e-01  6.8465446470e-02 
 995.000  6.4083889000e-01  6.8207618710e-02 
 996.000  6.4069907000e-01  6.8200088500e-02 
 997.000  6.4072024000e-01  6.8127700810e-02 
 998.000  6.3760765000e-01  6.7716949460e-02 
 999.000  6.3574160000e-01  6.7492515560e-02 
1000.000  6.3088778000e-01  6.7011871340e-02 
1001.000  6.3290117000e-01  6.7049728390e-02 
1002.000  6.2956764000e-01  6.6415527340e-02 
1003.000  6.2276196000e-01  6.5777420040e-02 
1004.000  6.1886572000e-01  6.5544410710e-02 
1005.000  5.7875348000e-01  6.1377716060e-02 
1006.000  6.0915468000e-01  6.4640670780e-02 
1007.000  6.1981672000e-01  6.5727935790e-02 
1008.000  6.2058016000e-01  6.5585769650e-02 
1009.000  6.1430594000e-01  6.4632438660e-02 
1010.000  6.1769177000e-01  6.5136268620e-02 
1011.000  6.1697828000e-01  6.5398818970e-02 
1012.000  6.1814283000e-01  6.5659576420e-02 
1013.000  6.1443152000e-01  6.5376365660e-02 
1014.000  6.1866771000e-01  6.5900009160e-02 
1015.000  6.0729333000e-01  6.4727653500e-02 
1016.000  6.1151058000e-01  6.5254997250e-02 
1017.000  6.0558170000e-01  6.4674682620e-02 
1018.000  6.1314143000e-01  6.5460075380e-02 
1019.000  5.9835846000e-01  6.3796268460e-02 
1020.000  5.9736096000e-01  6.3721302030e-02 
1021.000  6.0384796000e-01  6.4469261170e-02 
1022.000  5.9386774000e-01  6.3237728120e-02 
1023.000  6.0449145000e-01  6.4225639340e-02 
1024.000  6.0095638000e-01  6.3755592350e-02 
1025.000  6.0210003000e-01  6.4060615540e-02 
1026.000  6.0337503000e-01  6.4294578550e-02 
1027.000  5.9948377000e-01  6.3878875730e-02 
1028.000  6.0108939000e-01  6.4123458860e-02 
1029.000  5.9246461000e-01  6.3329139710e-02 
1030.000  5.9891443000e-01  6.4152130130e-02 
1031.000  5.9727307000e-01  6.4067855830e-02 
1032.000  5.9535982000e-01  6.3932827000e-02 
1033.000  5.8443283000e-01  6.2770584110e-02 
1034.000  5.9014142000e-01  6.3409202580e-02 
1035.000  5.8243364000e-01  6.2582870480e-02 
1036.000  5.9205945000e-01  6.3632156370e-02 
1037.000  5.7959052000e-01  6.2300506590e-02 
1038.000  5.8532112000e-01  6.2924076080e-02 
1039.000  5.8770718000e-01  6.3171237950e-02 
1040.000  5.8074645000e-01  6.2417133330e-02 
1041.000  5.8377080000e-01  6.2734073640e-02 
1042.000  5.8549823000e-01  6.2916267400e-02 
1043.000  5.7538911000e-01  6.1829044340e-02 
1044.000  5.8110742000e-01  6.2436107640e-02 
1045.000  5.7856357000e-01  6.2182849880e-02 
1046.000  5.6172990000e-01  6.0402179720e-02 
1047.000  5.7203497000e-01  6.1538539890e-02 
1048.000  5.7770385000e-01  6.2182113650e-02 
1049.000  5.7398929000e-01  6.1823219300e-02 
1050.000  5.7157660000e-01  6.1583385470e-02 
1051.000  5.7055032000e-01  6.1449256900e-02 
1052.000  5.6782683000e-01  6.1144306180e-02 
1053.000  5.6645066000e-01  6.0987247470e-02 
1054.000  5.6222118000e-01  6.0493347170e-02 
1055.000  5.6631464000e-01  6.0911323550e-02 
1056.000  5.6478371000e-01  6.0724491120e-02 
1057.000  5.6372065000e-01  6.0558025360e-02 
1058.000  5.5766350000e-01  5.9804504390e-02 
1059.000  5.4013583000e-01  5.7960433960e-02 
1060.000  5.5967711000e-01  6.0157657620e-02 
1061.000  5.4004262000e-01  5.8060516360e-02 
1062.000  5.5492693000e-01  5.9608879090e-02 
1063.000  5.4552796000e-01  5.8585597990e-02 
1064.000  5.5225839000e-01  5.9239700320e-02 
1065.000  5.5142478000e-01  5.9050827030e-02 
1066.000  5.3453425000e-01  5.7239261630e-02 
1067.000  5.4714908000e-01  5.8535362240e-02 
1068.000  5.4440903000e-01  5.8061149600e-02 
1069.000  5.0313277000e-01  5.3565670010e-02 
1070.000  5.3305111000e-01  5.6791114810e-02 
1071.000  5.3352753000e-01  5.6752780910e-02 
1072.000  5.3491314000e-01  5.6822536470e-02 
1073.000  5.1723644000e-01  5.4943080900e-02 
1074.000  5.3542213000e-01  5.6908111570e-02 
1075.000  5.1938256000e-01  5.5358779910e-02 
1076.000  5.3041218000e-01  5.6452754970e-02 
1077.000  5.2872462000e-01  5.6159076690e-02 
1078.000  5.2948926000e-01  5.6111568450e-02 
1079.000  5.0901751000e-01  5.3931903840e-02 
1080.000  5.2244929000e-01  5.5006626130e-02 
1081.000  5.0313654000e-01  5.2956169130e-02 
1082.000  5.1027559000e-01  5.3840942380e-02 
1083.000  4.9564487000e-01  5.2100177760e-02 
1084.000  5.1355002000e-01  5.3764827730e-02 
1085.000  5.0433673000e-01  5.2333465580e-02 
1086.000  5.1152514000e-01  5.3167308810e-02 
1087.000  4.8279029000e-01  5.0647304530e-02 
1088.000  5.1213785000e-01  5.3781250000e-02 
1089.000  4.8933528000e-01  5.0830184940e-02 
1090.000  4.9932295000e-01  5.1786823270e-02 
1091.000  5.0323066000e-01  5.2334674840e-02 
1092.000  4.8987965000e-01  5.0687705990e-02 
1093.000  4.8001292000e-01  4.9078472140e-02 
1094.000  4.3522315000e-01  4.4249233250e-02 
1095.000  4.7137304000e-01  4.7948295590e-02 
1096.000  4.7269937000e-01  4.8116203310e-02 
1097.000  4.6264236800e-01  4.6933769230e-02 
1098.000  4.4533537200e-01  4.3827648160e-02 
1099.000  4.3503603500e-01  4.1689834590e-02 
1100.000  4.4332615900e-01  4.2562408450e-02 
1101.000  4.4398417400e-01  4.2778423310e-02 
1102.000  4.2483384200e-01  4.0853755950e-02 
1103.000  4.4277381400e-01  4.2674114230e-02 
1104.000  4.3757738000e-01  4.1981433870e-02 
1105.000  4.3183152600e-01  4.0964817050e-02 
1106.000  4.2301637000e-01  3.9684558870e-02 
1107.000  4.2385145100e-01  3.9853988650e-02 
1108.000  4.2351928200e-01  3.9871166230e-02 
1109.000  4.3001046400e-01  4.0822418210e-02 
1110.000  4.3176986700e-01  4.0877220150e-02 
1111.000  4.2380561000e-01  3.9881301880e-02 
1112.000  4.0745780500e-01  3.7397739410e-02 
1113.000  3.8877174900e-01  3.4323478700e-02 
1114.000  3.8857208900e-01  3.3825531010e-02 
1115.000  3.6299468200e-01  2.9823099140e-02 
1116.000  3.4484640600e-01  2.7291091920e-02 
1117.000  3.1588466400e-01  2.3009355550e-02 
1118.000  2.8196000600e-01  1.8941591260e-02 
1119.000  2.5812733700e-01  1.6499565120e-02 
1120.000  2.3797285600e-01  1.4266480450e-02 
1121.000  2.3489206400e-01  1.3856806760e-02 
1122.000  2.1113507500e-01  1.1548647880e-02 
1123.000  2.2498144500e-01  1.2792858120e-02 
1124.000  2.3393199000e-01  1.3626707080e-02 
1125.000  2.2477763800e-01  1.2919998170e-02 
1126.000  2.1873099700e-01  1.2512754440e-02 
1127.000  2.2789741200e-01  1.3138381960e-02 
1128.000  2.2711287600e-01  1.3281039240e-02 
1129.000  2.4991723600e-01  1.5590676310e-02 
1130.000  2.9869085100e-01  2.1084362030e-02 
1131.000  3.1561759000e-01  2.3051671980e-02 
1132.000  2.9766560600e-01  2.0730361940e-02 
1133.000  2.5546977600e-01  1.6311143880e-02 
1134.000  1.8685172400e-01  9.6298027040e-03 
1135.000  1.9449974300e-01  1.0247731210e-02 
1136.000  2.6162485900e-01  1.6990880970e-02 
1137.000  2.9986269400e-01  2.1252027510e-02 
1138.000  3.2034339300e-01  2.4698808670e-02 
1139.000  3.3636473100e-01  2.6705396650e-02 
1140.000  3.3135200900e-01  2.5900373460e-02 
1141.000  3.0980941400e-01  2.3507591250e-02 
1142.000  3.1394978200e-01  2.3552803040e-02 
1143.000  2.9505600300e-01  2.1376037600e-02 
1144.000  2.7778962900e-01  1.9361326220e-02 
1145.000  2.5693853900e-01  1.6874345780e-02 
1146.000  2.6494563900e-01  1.7656476970e-02 
1147.000  2.8403732700e-01  1.9821966170e-02 
1148.000  2.9664125700e-01  2.1535913470e-02 
1149.000  3.0356182200e-01  2.2403736110e-02 
1150.000  3.0231102300e-01  2.2393066410e-02 
1151.000  3.1016340400e-01  2.3579519270e-02 
1152.000  3.1379805200e-01  2.4160156250e-02 
1153.000  3.1947865300e-01  2.5044830320e-02 
1154.000  3.1972770400e-01  2.4990488050e-02 
1155.000  3.3254348800e-01  2.6905708310e-02 
1156.000  3.4098347600e-01  2.8617425920e-02 
1157.000  3.7036346000e-01  3.3217296600e-02 
1158.000  3.8071971700e-01  3.5010761260e-02 
1159.000  3.8393203300e-01  3.6048721310e-02 
1160.000  3.8251753100e-01  3.6237327580e-02 
1161.000  3.8303860100e-01  3.7005363460e-02 
1162.000  4.0334065700e-01  3.9566768650e-02 
1163.000  4.1289696900e-01  4.1223274230e-02 
1164.000  4.0633574500e-01  4.0724781040e-02 
1165.000  4.1468063000e-01  4.1668750760e-02 
1166.000  4.0548059000e-01  4.0922531130e-02 
1167.000  4.1301886800e-01  4.1798255920e-02 
1168.000  4.1622940000e-01  4.2097335820e-02 
1169.000  4.0290270000e-01  4.0862678530e-02 
1170.000  4.1474625300e-01  4.2167152400e-02 
1171.000  4.1941557700e-01  4.2891994480e-02 
1172.000  4.1646996300e-01  4.2460254670e-02 
1173.000  4.1197017900e-01  4.1879150390e-02 
1174.000  4.1227243400e-01  4.1926685330e-02 
1175.000  4.1171936500e-01  4.2243732450e-02 
1176.000  4.0560422400e-01  4.1959434510e-02 
1177.000  4.1627597200e-01  4.2906642910e-02 
1178.000  4.0550593700e-01  4.1479896550e-02 
1179.000  4.0369663800e-01  4.1303604130e-02 
1180.000  4.0800655700e-01  4.1634685520e-02 
1181.000  4.0239712200e-01  4.0773059840e-02 
1182.000  3.9939516600e-01  4.0184726720e-02 
1183.000  3.7661305600e-01  3.7929721830e-02 
1184.000  3.9557342000e-01  4.0007736210e-02 
1185.000  4.0571565700e-01  4.1454231260e-02 
1186.000  4.0185596000e-01  4.0942031860e-02 
1187.000  3.9699793800e-01  4.0040832520e-02 
1188.000  3.9381181800e-01  3.9627716060e-02 
1189.000  3.7369332300e-01  3.7840950010e-02 
1190.000  3.9979798400e-01  4.1136764530e-02 
1191.000  4.0835097800e-01  4.2212326050e-02 
1192.000  4.0942228800e-01  4.2611541750e-02 
1193.000  4.0886651600e-01  4.2479209900e-02 
1194.000  4.0758554300e-01  4.2309772490e-02 
1195.000  3.9978854400e-01  4.1228420260e-02 
1196.000  3.9997882100e-01  4.1297302250e-02 
1197.000  3.9830348400e-01  4.0997901920e-02 
1198.000  3.8458401500e-01  3.9565208440e-02 
1199.000  3.6845503400e-01  3.7757759090e-02 
1200.000  3.9279109000e-01  4.0354732510e-02 
1201.000  3.9604634900e-01  4.0745979310e-02 
1202.000  3.9695717000e-01  4.0922264100e-02 
1203.000  3.7653267500e-01  3.8775756840e-02 
1204.000  3.8338420300e-01  3.9576652530e-02 
1205.000  3.9756609400e-01  4.1521038060e-02 
1206.000  3.9761369300e-01  4.1747859950e-02 
1207.000  4.0129251100e-01  4.2228469850e-02 
1208.000  3.9472636500e-01  4.1469409940e-02 
1209.000  3.6893414800e-01  3.8654685970e-02 
1210.000  3.9275795900e-01  4.0956970210e-02 
1211.000  3.7935161700e-01  3.9535812380e-02 
1212.000  3.9178534400e-01  4.0887783050e-02 
1213.000  3.9538011400e-01  4.1459041600e-02 
1214.000  3.9331713100e-01  4.1223892210e-02 
1215.000  3.9539599200e-01  4.1523635860e-02 
1216.000  3.9716367200e-01  4.2025375370e-02 
1217.000  3.9877465700e-01  4.2473011020e-02 
1218.000  3.9835278100e-01  4.2566547390e-02 
1219.000  3.9512255400e-01  4.2307472230e-02 
1220.000  3.9785820000e-01  4.2603000640e-02 
1221.000  3.9738447700e-01  4.2579452510e-02 
1222.000  3.9536773300e-01  4.2373512270e-02 
1223.000  3.9370254800e-01  4.2240013120e-02 
1224.000  3.9823082900e-01  4.2902507780e-02 
1225.000  3.9635457100e-01  4.2752368930e-02 
1226.000  3.9815678200e-01  4.3016456600e-02 
1227.000  3.8532930100e-01  4.1730644230e-02 
1228.000  3.9818924300e-01  4.3250171660e-02 
1229.000  3.9833953100e-01  4.3365901950e-02 
1230.000  3.9764167500e-01  4.3402435300e-02 
1231.000  3.9801197700e-01  4.3511219020e-02 
1232.000  3.9366006600e-01  4.3070056920e-02 
1233.000  3.9684167100e-01  4.3445026400e-02 
1234.000  3.9651081700e-01  4.3547542570e-02 
1235.000  3.9406560700e-01  4.3333709720e-02 
1236.000  3.9656300000e-01  4.3648876190e-02 
1237.000  3.9681441500e-01  4.3729354860e-02 
1238.000  3.9665840600e-01  4.3739471440e-02 
1239.000  3.9218368800e-01  4.3266494750e-02 
1240.000  3.9040831700e-01  4.3104049680e-02 
1241.000  3.9381715800e-01  4.3502819060e-02 
1242.000  3.9142278200e-01  4.3256664280e-02 
1243.000  3.8696893300e-01  4.2784587860e-02 
1244.000  3.8332980300e-01  4.2387836460e-02 
1245.000  3.8980463500e-01  4.3113643650e-02 
1246.000  3.8664689300e-01  4.2740104680e-02 
1247.000  3.8456393600e-01  4.2483070370e-02 
1248.000  3.8737350400e-01  4.2768119810e-02 
1249.000  3.8586882700e-01  4.2589500430e-02 
1250.000  3.8419061800e-01  4.2380378720e-02 
1251.000  3.8136195600e-01  4.2051368710e-02 
1252.000  3.7992426100e-01  4.1860984800e-02 
1253.000  3.7647147900e-01  4.1444942470e-02 
1254.000  3.7682873200e-01  4.1407554630e-02 
1255.000  3.7574412400e-01  4.1242301940e-02 
1256.000  3.7454824900e-01  4.1077602390e-02 
1257.000  3.6970220000e-01  4.0481124880e-02 
1258.000  3.6978104100e-01  4.0358795170e-02 
1259.000  3.6454827400e-01  3.9683815000e-02 
1260.000  3.6368141100e-01  3.9470565800e-02 
1261.000  3.6146517100e-01  3.9108539580e-02 
1262.000  3.5043629800e-01  3.7718860630e-02 
1263.000  3.5341324600e-01  3.7998165130e-02 
1264.000  3.4707463400e-01  3.7301738740e-02 
1265.000  3.4739737900e-01  3.7338230130e-02 
1266.000  3.4825637000e-01  3.7368919370e-02 
1267.000  3.4018427300e-01  3.6442863460e-02 
1268.000  3.3509965000e-01  3.5842311860e-02 
1269.000  3.3745209700e-01  3.6072059630e-02 
1270.000  3.4562963800e-01  3.7119647980e-02 
1271.000  3.4954818600e-01  3.7611083980e-02 
1272.000  3.5013306800e-01  3.7754966740e-02 
1273.000  3.5129417900e-01  3.7981906890e-02 
1274.000  3.5099416000e-01  3.8073478700e-02 
1275.000  3.5393380800e-01  3.8433959960e-02 
1276.000  3.5501794600e-01  3.8559585570e-02 
1277.000  3.5505877800e-01  3.8543273930e-02 
1278.000  3.5437115200e-01  3.8435390470e-02 
1279.000  3.5234834700e-01  3.8225429530e-02 
1280.000  3.5124999500e-01  3.8208724980e-02 
1281.000  3.4217552500e-01  3.7317825320e-02 
1282.000  3.0462055800e-01  3.3308151250e-02 
1283.000  3.3483232700e-01  3.6655834200e-02 
1284.000  3.4871230100e-01  3.8186992650e-02 
1285.000  3.5155341400e-01  3.8518974300e-02 
1286.000  3.5100944700e-01  3.8399494170e-02 
1287.000  3.5227944600e-01  3.8434139250e-02 
1288.000  3.4679282700e-01  3.7482254030e-02 
1289.000  3.4784466900e-01  3.7485458370e-02 
1290.000  3.3972815300e-01  3.6590286250e-02 
1291.000  3.4496116200e-01  3.7180065160e-02 
1292.000  3.4783193500e-01  3.7597717290e-02 
1293.000  3.4827139500e-01  3.7629028320e-02 
1294.000  3.4133143800e-01  3.6700149540e-02 
1295.000  3.4267826700e-01  3.6590129850e-02 
1296.000  3.4048813100e-01  3.6107341770e-02 
1297.000  3.3639272600e-01  3.5485359190e-02 
1298.000  3.3320418500e-01  3.5125968930e-02 
1299.000  3.3642794900e-01  3.5442691800e-02 
1300.000  3.3473844000e-01  3.5237888340e-02 
1301.000  3.3375852600e-01  3.5078327180e-02 
1302.000  3.2807985300e-01  3.4330863950e-02 
1303.000  3.2210804100e-01  3.3314472200e-02 
1304.000  3.2073993600e-01  3.3003257750e-02 
1305.000  3.2199020300e-01  3.3056701660e-02 
1306.000  3.2177302600e-01  3.2955757140e-02 
1307.000  3.1976071900e-01  3.2658851620e-02 
1308.000  3.1678968500e-01  3.2117095950e-02 
1309.000  3.1285881800e-01  3.1405437470e-02 
1310.000  3.1113613000e-01  3.1205055240e-02 
1311.000  3.1028324400e-01  3.1116800310e-02 
1312.000  3.0485693600e-01  3.0226690290e-02 
1313.000  2.8875768000e-01  2.8246948240e-02 
1314.000  2.9327768200e-01  2.8348279950e-02 
1315.000  2.8550475900e-01  2.7747781750e-02 
1316.000  2.9547965500e-01  2.8951091770e-02 
1317.000  2.9848364100e-01  2.9232299800e-02 
1318.000  2.8909521200e-01  2.7906351090e-02 
1319.000  2.8545391800e-01  2.7003427510e-02 
1320.000  2.7474368200e-01  2.5342868800e-02 
1321.000  2.7021188200e-01  2.4657945630e-02 
1322.000  2.7528083700e-01  2.5534893040e-02 
1323.000  2.8216731000e-01  2.6596305850e-02 
1324.000  2.8542952500e-01  2.7126331330e-02 
1325.000  2.8304783600e-01  2.6746707920e-02 
1326.000  2.7597015600e-01  2.5666765210e-02 
1327.000  2.6144408500e-01  2.3360017780e-02 
1328.000  2.4831956300e-01  2.1078834530e-02 
1329.000  2.1424137300e-01  1.6527612690e-02 
1330.000  2.0819676000e-01  1.5500261310e-02 
1331.000  2.0271098200e-01  1.4746261600e-02 
1332.000  2.0051608300e-01  1.4680703160e-02 
1333.000  2.1152819000e-01  1.5799806590e-02 
1334.000  2.1994804800e-01  1.6870080950e-02 
1335.000  2.2589296700e-01  1.7664474490e-02 
1336.000  2.2578686000e-01  1.7778669360e-02 
1337.000  2.2834265200e-01  1.8032709120e-02 
1338.000  2.3209638000e-01  1.8596282960e-02 
1339.000  2.3261046700e-01  1.8738306050e-02 
1340.000  2.3423198000e-01  1.9107275010e-02 
1341.000  2.3818871000e-01  1.9258537290e-02 
1342.000  2.3809159300e-01  1.9273721690e-02 
1343.000  2.2905708800e-01  1.7626491550e-02 
1344.000  2.1520158000e-01  1.5605201720e-02 
1345.000  1.7805069900e-01  1.1144519810e-02 
1346.000  1.5187688100e-01  8.3373308180e-03 
1347.000  1.3471026700e-01  6.7868170740e-03 
1348.000  1.1167878900e-01  4.7256803510e-03 
1349.000  1.0157533590e-01  4.0010385510e-03 
1350.000  7.9121846700e-02  2.4663903710e-03 
1351.000  6.8306172400e-02  1.9033067230e-03 
1352.000  5.2245895200e-02  1.1278866530e-03 
1353.000  3.7031399200e-02  6.1855548620e-04 
1354.000  2.9610001400e-02  4.1347646710e-04 
1355.000  2.2989663800e-02  2.6527926330e-04 
1356.000  1.7384948700e-02  1.6160899400e-04 
1357.000  1.1883087250e-02  8.1557244060e-05 
1358.000  8.7943078000e-03  4.9857132140e-05 
1359.000  4.6371916900e-03  1.6962395980e-05 
1360.000  3.0667201700e-03  8.9286360890e-06 
1361.000  2.2822906300e-03  5.3219730030e-06 
1362.000  2.1000790200e-03  4.6845953910e-06 
1363.000  3.0298727400e-03  8.1761823970e-06 
1364.000  3.5132270200e-03  1.0242036540e-05 
1365.000  3.6785389800e-03  1.0813171980e-05 
1366.000  4.2480997800e-03  1.3511552480e-05 
1367.000  3.5684718800e-03  1.0594733990e-05 
1368.000  3.1641452900e-03  9.1647235680e-06 
1369.000  3.2446894600e-03  9.6476152540e-06 
1370.000  5.3662055500e-03  2.2379843520e-05 
1371.000  9.5567475600e-03  5.6069869550e-05 
1372.000  1.7696181900e-02  1.5503150220e-04 
1373.000  2.5103498200e-02  2.7385631200e-04 
1374.000  3.0483502400e-02  3.7927937510e-04 
1375.000  3.2500761400e-02  4.2630815510e-04 
1376.000  3.0145805200e-02  3.7846240400e-04 
1377.000  2.6837263200e-02  3.0953058600e-04 
1378.000  2.0455581200e-02  1.9756095110e-04 
1379.000  1.4046711700e-02  1.0677588730e-04 
1380.000  7.9668988200e-03  4.2700637130e-05 
1381.000  4.6085481500e-03  1.7836179580e-05 
1382.000  3.2226949600e-03  1.0081542660e-05 
1383.000  3.1180837900e-03  9.4294613230e-06 
1384.000  5.0718374600e-03  2.0358331500e-05 
1385.000  7.2001190800e-03  3.5723578180e-05 
1386.000  1.0997432990e-02  7.0538952950e-05 
1387.000  2.0206263500e-02  1.9441194830e-04 
1388.000  2.6781571100e-02  3.0581828950e-04 
1389.000  3.0763927200e-02  3.9041641350e-04 
1390.000  3.1403255000e-02  4.0870493650e-04 
1391.000  2.9315317900e-02  3.6427548530e-04 
1392.000  2.2163644700e-02  2.3073899750e-04 
1393.000  1.6942366300e-02  1.5068662170e-04 
1394.000  1.2979789210e-02  9.8506301640e-05 
1395.000  1.4631319600e-02  1.1968128380e-04 
1396.000  2.0077396600e-02  1.9843186440e-04 
1397.000  2.5909748100e-02  3.0289682750e-04 
1398.000  2.6682546100e-02  3.1736287470e-04 
1399.000  2.4913596400e-02  2.8834193940e-04 
1400.000  2.3296333000e-02  2.6252484320e-04 
1401.000  2.4765193200e-02  2.9580131170e-04 
1402.000  3.0702122200e-02  4.1496506330e-04 
1403.000  3.5348496100e-02  5.4095548390e-04 
1404.000  3.3248422600e-02  4.8847219350e-04 
1405.000  3.4826976200e-02  5.4236972330e-04 
1406.000  3.2294403800e-02  4.7623878720e-04 
1407.000  3.3492499200e-02  5.2225595710e-04 
1408.000  4.0143102100e-02  7.0444458720e-04 
1409.000  4.7056843300e-02  9.3842047450e-04 
1410.000  5.7714784800e-02  1.3264687060e-03 
1411.000  6.8649506500e-02  1.8340679410e-03 
1412.000  6.6323308700e-02  1.7744368310e-03 
1413.000  7.3148444500e-02  2.1317632200e-03 
1414.000  7.2119402900e-02  2.0511720180e-03 
1415.000  7.9727100200e-02  2.5101952550e-03 
1416.000  8.5661206200e-02  2.8524856570e-03 
1417.000  8.7866783900e-02  3.0160007480e-03 
1418.000  8.8649868200e-02  3.0544285770e-03 
1419.000  8.8465332400e-02  3.1107494830e-03 
1420.000  9.0566493600e-02  3.2410979270e-03 
1421.000  1.0186070870e-01  3.9924414160e-03 
1422.000  1.0428414790e-01  4.2292737960e-03 
1423.000  1.0544726220e-01  4.3655114170e-03 
1424.000  1.0508893350e-01  4.3307528500e-03 
1425.000  1.0389577650e-01  4.2034592630e-03 
1426.000  1.0017006430e-01  4.0626168250e-03 
1427.000  1.0610050270e-01  4.4578886030e-03 
1428.000  1.1206295830e-01  4.8266849520e-03 
1429.000  1.1366482410e-01  5.0522589680e-03 
1430.000  1.1090079900e-01  4.9358944890e-03 
1431.000  1.0331715110e-01  4.3994469640e-03 
1432.000  1.0102238120e-01  4.1817135810e-03 
1433.000  1.0073766590e-01  4.1590313910e-03 
1434.000  9.6085690200e-02  3.8767092230e-03 
1435.000  1.0315692170e-01  4.3545336720e-03 
1436.000  1.0572591640e-01  4.5467624660e-03 
1437.000  1.0741124390e-01  4.6640391350e-03 
1438.000  1.1387471550e-01  5.1709055900e-03 
1439.000  1.1597633290e-01  5.2881383900e-03 
1440.000  1.1120333320e-01  5.1401906010e-03 
1441.000  1.1811038790e-01  5.5002250670e-03 
1442.000  1.1329481210e-01  5.2026042940e-03 
1443.000  1.1533110360e-01  5.3088917730e-03 
1444.000  1.1793136540e-01  5.4964594840e-03 
1445.000  1.1816755140e-01  5.5285406110e-03 
1446.000  1.2368472530e-01  5.9336652760e-03 
1447.000  1.2706550100e-01  6.2333068850e-03 
1448.000  1.2851371900e-01  6.3318662640e-03 
1449.000  1.2599024700e-01  6.1229076390e-03 
1450.000  1.2047704890e-01  5.7259316440e-03 
1451.000  1.2182604340e-01  5.8627982140e-03 
1452.000  1.2715883400e-01  6.3917737010e-03 
1453.000  1.4169452900e-01  7.5666661260e-03 
1454.000  1.5418727900e-01  8.7350816730e-03 
1455.000  1.6016264300e-01  9.4008102420e-03 
1456.000  1.6726890500e-01  1.0162886620e-02 
1457.000  1.6995906800e-01  1.0380826950e-02 
1458.000  1.7328408500e-01  1.0661395070e-02 
1459.000  1.6841439600e-01  1.0130701070e-02 
1460.000  1.6073626000e-01  9.4808292390e-03 
1461.000  1.5765248400e-01  9.2043457030e-03 
1462.000  1.4916233500e-01  8.4460477830e-03 
1463.000  1.4817328800e-01  8.4041385650e-03 
1464.000  1.4625884400e-01  8.2262306210e-03 
1465.000  1.4301329500e-01  7.8612089160e-03 
1466.000  1.3328399300e-01  7.1134686470e-03 
1467.000  1.3231671200e-01  6.9116320610e-03 
1468.000  1.2417410290e-01  6.3294868470e-03 
1469.000  1.1779246910e-01  5.7516279220e-03 
1470.000  1.1438096780e-01  5.5022635460e-03 
1471.000  1.2138226760e-01  6.1763286590e-03 
1472.000  1.3366358200e-01  7.2505478860e-03 
1473.000  1.5021364000e-01  8.7904758450e-03 
1474.000  1.5745210400e-01  9.7322530750e-03 
1475.000  1.6025179100e-01  9.9294281010e-03 
1476.000  1.6051233400e-01  9.9699659350e-03 
1477.000  1.5707124300e-01  9.6314191820e-03 
1478.000  1.5092802200e-01  9.1403284070e-03 
1479.000  1.4793383200e-01  8.7879171370e-03 
1480.000  1.5101570700e-01  9.1285066600e-03 
1481.000  1.5384009000e-01  9.5391769410e-03 
1482.000  1.6079120100e-01  1.0257885930e-02 
1483.000  1.5901206500e-01  1.0238170620e-02 
1484.000  1.6004354400e-01  1.0347336770e-02 
1485.000  1.6234375200e-01  1.0485380170e-02 
1486.000  1.6371797700e-01  1.0841012000e-02 
1487.000  1.7374236300e-01  1.2055931090e-02 
1488.000  1.5226061800e-01  1.0636102680e-02 
1489.000  1.8685519700e-01  1.3863378520e-02 
1490.000  1.9769413000e-01  1.5427909850e-02 
1491.000  2.0475966200e-01  1.6414648060e-02 
1492.000  2.0104692600e-01  1.6229476930e-02 
1493.000  2.0847985400e-01  1.7113849640e-02 
1494.000  2.0817528100e-01  1.7167184830e-02 
1495.000  2.0990064300e-01  1.7598104480e-02 
1496.000  2.0953921300e-01  1.7983125690e-02 
1497.000  2.1464886900e-01  1.8496324540e-02 
1498.000  2.2173068400e-01  1.9489088060e-02 
1499.000  2.2272091700e-01  1.9942920680e-02 
1500.000  2.2958998400e-01  2.0850978850e-02 
1501.000  2.2828339400e-01  2.0695442200e-02 
1502.000  2.2460170100e-01  2.0281623840e-02 
1503.000  2.0064044000e-01  1.8075986860e-02 
1504.000  2.0997620200e-01  1.9030639650e-02 
1505.000  2.1259973700e-01  1.9546159740e-02 
1506.000  2.1553116700e-01  1.9876413350e-02 
1507.000  2.2835099300e-01  2.1329971310e-02 
1508.000  2.2634278900e-01  2.1310096740e-02 
1509.000  2.2886743100e-01  2.1728897090e-02 
1510.000  2.3296872700e-01  2.2215028760e-02 
1511.000  2.3511636000e-01  2.2559848790e-02 
1512.000  2.3143007900e-01  2.2306842800e-02 
1513.000  2.3133971700e-01  2.2375612260e-02 
1514.000  2.2817224600e-01  2.2112583160e-02 
1515.000  2.3347844200e-01  2.2729024890e-02 
1516.000  2.3157198800e-01  2.2588613510e-02 
1517.000  2.3095098900e-01  2.2609245300e-02 
1518.000  2.3667364200e-01  2.3318063740e-02 
1519.000  2.3489184200e-01  2.3309789660e-02 
1520.000  2.3849267400e-01  2.3895454410e-02 
1521.000  2.3510343800e-01  2.3705797200e-02 
1522.000  2.3374332400e-01  2.3616378780e-02 
1523.000  2.3976969400e-01  2.4306890490e-02 
1524.000  2.3768545200e-01  2.4109498980e-02 
1525.000  2.3194876900e-01  2.3532083510e-02 
1526.000  2.3858443900e-01  2.4235580440e-02 
1527.000  2.3647182400e-01  2.4088655470e-02 
1528.000  2.3857325400e-01  2.4390295030e-02 
1529.000  2.3782666900e-01  2.4331270220e-02 
1530.000  2.2297173100e-01  2.2886188510e-02 
1531.000  2.3861637600e-01  2.4553478240e-02 
1532.000  2.3747938800e-01  2.4503427510e-02 
1533.000  2.3651776800e-01  2.4447120670e-02 
1534.000  2.3303965500e-01  2.4124996190e-02 
1535.000  2.3402707600e-01  2.4265846250e-02 
1536.000  2.3715966600e-01  2.4634576800e-02 
1537.000  2.3809664100e-01  2.4803972240e-02 
1538.000  2.3176964000e-01  2.4220443730e-02 
1539.000  2.3678512700e-01  2.4816371920e-02 
1540.000  2.2823588800e-01  2.3974109650e-02 
1541.000  2.3304887000e-01  2.4512306210e-02 
1542.000  2.3443591300e-01  2.4680229190e-02 
1543.000  2.3379796500e-01  2.4647542950e-02 
1544.000  2.3680131500e-01  2.5007612230e-02 
1545.000  2.3771037900e-01  2.5164096830e-02 
1546.000  2.3792927900e-01  2.5249662400e-02 
1547.000  2.3561862400e-01  2.5060108180e-02 
1548.000  2.2865957400e-01  2.4366575240e-02 
1549.000  2.3451999000e-01  2.5023210530e-02 
1550.000  2.3320201100e-01  2.4909427640e-02 
1551.000  2.3197399200e-01  2.4792312620e-02 
1552.000  2.3592797900e-01  2.5226783750e-02 
1553.000  2.3469466900e-01  2.5116384510e-02 
1554.000  2.2609529700e-01  2.4206418990e-02 
1555.000  2.2986832900e-01  2.4637098310e-02 
1556.000  2.2547977200e-01  2.4204010010e-02 
1557.000  2.3286256500e-01  2.5046026230e-02 
1558.000  2.3101887500e-01  2.4882253650e-02 
1559.000  2.3103668700e-01  2.4915416720e-02 
1560.000  2.2704676000e-01  2.4525968550e-02 
1561.000  2.3234530300e-01  2.5113508220e-02 
1562.000  2.3223691200e-01  2.5093734740e-02 
1563.000  2.2876521800e-01  2.4720872880e-02 
1564.000  2.2410640200e-01  2.4209377290e-02 
1565.000  2.2735924700e-01  2.4544946670e-02 
1566.000  2.2305141000e-01  2.4099767680e-02 
1567.000  2.2269313400e-01  2.4052043910e-02 
1568.000  2.1753681100e-01  2.3468297960e-02 
1569.000  2.1771784500e-01  2.3453907010e-02 
1570.000  2.1166109200e-01  2.2785213470e-02 
1571.000  2.1733240000e-01  2.3421100620e-02 
1572.000  2.1716605000e-01  2.3413537980e-02 
1573.000  2.1386757100e-01  2.3096122740e-02 
1574.000  2.1471079700e-01  2.3237575530e-02 
1575.000  1.9948623000e-01  2.1625593190e-02 
1576.000  2.1431406300e-01  2.3247241970e-02 
1577.000  1.9359233400e-01  2.1002738950e-02 
1578.000  2.1194251400e-01  2.2997095110e-02 
1579.000  2.1326549700e-01  2.3153379440e-02 
1580.000  2.1781534500e-01  2.3675611500e-02 
1581.000  2.1637083800e-01  2.3522066120e-02 
1582.000  2.1222065500e-01  2.3124883650e-02 
1583.000  2.1502614100e-01  2.3481689450e-02 
1584.000  2.1329411300e-01  2.3345363620e-02 
1585.000  2.1974177400e-01  2.4095132830e-02 
1586.000  2.1698199500e-01  2.3814935680e-02 
1587.000  2.1472074500e-01  2.3609134670e-02 
1588.000  2.1157053900e-01  2.3301939010e-02 
1589.000  1.9356489100e-01  2.1335506440e-02 
1590.000  2.0853619200e-01  2.2999158860e-02 
1591.000  2.0386469300e-01  2.2500783920e-02 
1592.000  2.1453999600e-01  2.3680820470e-02 
1593.000  2.1915555900e-01  2.4185253140e-02 
1594.000  2.1728015400e-01  2.3974958420e-02 
1595.000  2.1825278100e-01  2.4081905360e-02 
1596.000  2.0444464400e-01  2.2576175690e-02 
1597.000  2.1203536800e-01  2.3405595780e-02 
1598.000  2.1494986600e-01  2.3708112720e-02 
1599.000  2.0651203500e-01  2.2750188830e-02 
1600.000  2.0896416400e-01  2.3001274110e-02 
1601.000  2.0016713500e-01  2.2050548550e-02 
1602.000  2.0503428100e-01  2.2612316130e-02 
1603.000  2.0380642100e-01  2.2526952740e-02 
1604.000  2.0685115200e-01  2.2920625690e-02 
1605.000  2.0379245800e-01  2.2610021590e-02 
1606.000  2.0315380400e-01  2.2573913570e-02 
1607.000  2.0384117100e-01  2.2637155530e-02 
1608.000  2.0603526800e-01  2.2868585590e-02 
1609.000  2.0524300800e-01  2.2779962540e-02 
1610.000  1.9258261400e-01  2.1377950670e-02 
1611.000  1.9872958400e-01  2.2089979170e-02 
1612.000  2.0119793300e-01  2.2396871570e-02 
1613.000  2.0621767600e-01  2.2986940380e-02 
1614.000  2.0419301500e-01  2.2758876800e-02 
1615.000  2.0796450500e-01  2.3203290940e-02 
1616.000  1.9524569100e-01  2.1799581530e-02 
1617.000  2.0135000200e-01  2.2532634740e-02 
1618.000  2.0762314500e-01  2.3256717680e-02 
1619.000  2.0734200300e-01  2.3277820590e-02 
1620.000  2.0245145700e-01  2.2778675080e-02 
1621.000  1.9972471200e-01  2.2512117390e-02 
1622.000  2.0475114100e-01  2.3089956280e-02 
1623.000  2.0903205100e-01  2.3595809940e-02 
1624.000  2.1056021600e-01  2.3784967420e-02 
1625.000  2.0554560100e-01  2.3261772160e-02 
1626.000  2.0784618800e-01  2.3506750110e-02 
1627.000  2.0760765300e-01  2.3500621800e-02 
1628.000  2.0918492100e-01  2.3685274120e-02 
1629.000  2.0904827800e-01  2.3672769550e-02 
1630.000  2.0318510900e-01  2.3000289920e-02 
1631.000  2.0636248500e-01  2.3371942520e-02 
1632.000  2.0618966800e-01  2.3315143590e-02 
1633.000  2.0346900400e-01  2.2994937900e-02 
1634.000  1.9850768900e-01  2.2412836070e-02 
1635.000  2.0382869600e-01  2.3004299160e-02 
1636.000  2.0306272400e-01  2.2900346760e-02 
1637.000  1.9375157800e-01  2.1833005910e-02 
1638.000  1.9233591400e-01  2.1666547780e-02 
1639.000  1.9005313500e-01  2.1380424500e-02 
1640.000  1.9099921200e-01  2.1473299030e-02 
1641.000  1.8963543800e-01  2.1306036000e-02 
1642.000  1.8939765900e-01  2.1316072460e-02 
1643.000  1.9419713600e-01  2.1883766170e-02 
1644.000  1.9112524500e-01  2.1560628890e-02 
1645.000  1.9142388600e-01  2.1611225130e-02 
1646.000  1.9372382900e-01  2.1902999880e-02 
1647.000  1.9552455800e-01  2.2112007140e-02 
1648.000  1.9464094900e-01  2.2004554750e-02 
1649.000  1.9016869800e-01  2.1501125340e-02 
1650.000  1.9498724600e-01  2.2053405760e-02 
1651.000  1.9063391100e-01  2.1562950130e-02 
1652.000  1.9442408700e-01  2.1983652110e-02 
1653.000  1.9242254400e-01  2.1770900730e-02 
1654.000  1.9458080100e-01  2.2021951680e-02 
1655.000  1.9089555100e-01  2.1623502730e-02 
1656.000  1.9471871200e-01  2.2070146560e-02 
1657.000  1.9330460200e-01  2.1915987010e-02 
1658.000  1.9452362500e-01  2.2072799680e-02 
1659.000  1.9098564800e-01  2.1677556990e-02 
1660.000  1.9319284000e-01  2.1921867370e-02 
1661.000  1.9394682800e-01  2.2002969740e-02 
1662.000  1.9248896200e-01  2.1810289380e-02 
1663.000  1.9121459800e-01  2.1653236390e-02 
1664.000  1.9032270300e-01  2.1538038250e-02 
1665.000  1.8838200200e-01  2.1298572540e-02 
1666.000  1.8761238300e-01  2.1225881580e-02 
1667.000  1.8952865100e-01  2.1493360520e-02 
1668.000  1.8631755800e-01  2.1149133680e-02 
1669.000  1.8684272700e-01  2.1238433840e-02 
1670.000  1.9104344400e-01  2.1746685030e-02 
1671.000  1.8964609400e-01  2.1609329220e-02 
1672.000  1.8066375000e-01  2.0611991880e-02 
1673.000  1.8582463400e-01  2.1209173200e-02 
1674.000  1.8657411000e-01  2.1309909820e-02 
1675.000  1.8484186800e-01  2.1138652800e-02 
1676.000  1.8185324700e-01  2.0803392410e-02 
1677.000  1.8278363600e-01  2.0916330340e-02 
1678.000  1.8379642100e-01  2.1048385620e-02 
1679.000  1.8135511500e-01  2.0769357680e-02 
1680.000  1.7513908500e-01  2.0072055820e-02 
1681.000  1.6906854600e-01  1.9384576800e-02 
1682.000  1.7395154500e-01  1.9945423130e-02 
1683.000  1.7824182100e-01  2.0432228090e-02 
1684.000  1.8153590700e-01  2.0805700300e-02 
1685.000  1.8205537000e-01  2.0842014310e-02 
1686.000  1.7985921100e-01  2.0587112430e-02 
1687.000  1.8055427000e-01  2.0623031620e-02 
1688.000  1.8064716000e-01  2.0597589490e-02 
1689.000  1.7846807800e-01  2.0343301770e-02 
1690.000  1.7832269700e-01  2.0285501480e-02 
1691.000  1.8062977000e-01  2.0549400330e-02 
1692.000  1.8095519200e-01  2.0594305040e-02 
1693.000  1.8031563900e-01  2.0535573960e-02 
1694.000  1.8004642300e-01  2.0512887950e-02 
1695.000  1.8009248100e-01  2.0504514690e-02 
1696.000  1.7903856700e-01  2.0370491030e-02 
1697.000  1.7791214600e-01  2.0212718960e-02 
1698.000  1.7896734800e-01  2.0309547420e-02 
1699.000  1.7781160900e-01  2.0162607190e-02 
1700.000  1.7556036100e-01  1.9893016820e-02 
