 lambda   Irr_dw            Rad_up 
 550.000  1.5359586000e+00  1.5017485050e-01 
 551.000  1.5257912000e+00  1.4911784360e-01 
 552.000  1.5909120000e+00  1.5548876950e-01 
 553.000  1.5280326000e+00  1.4926188660e-01 
 554.000  1.5774072000e+00  1.5407800290e-01 
 555.000  1.5813088000e+00  1.5435681150e-01 
 556.000  1.5372269000e+00  1.4995643620e-01 
 557.000  1.4911712000e+00  1.4545974730e-01 
 558.000  1.5473642000e+00  1.5084423830e-01 
 559.000  1.4621922000e+00  1.4248693850e-01 
 560.000  1.4682363000e+00  1.4306616210e-01 
 561.000  1.6132477000e+00  1.5709120180e-01 
 562.000  1.4804876000e+00  1.4412361150e-01 
 563.000  1.5485604000e+00  1.5065237430e-01 
 564.000  1.5264192000e+00  1.4835858150e-01 
 565.000  1.5442601000e+00  1.5005796810e-01 
 566.000  1.4234839000e+00  1.3823605350e-01 
 567.000  1.5265842000e+00  1.4802368160e-01 
 568.000  1.5221493000e+00  1.4698890690e-01 
 569.000  1.4907227000e+00  1.4267095950e-01 
 570.000  1.4983790000e+00  1.4354479980e-01 
 571.000  1.4456044000e+00  1.3930761720e-01 
 572.000  1.5271549000e+00  1.4631571960e-01 
 573.000  1.5432588000e+00  1.4807220460e-01 
 574.000  1.5346349000e+00  1.4725413510e-01 
 575.000  1.4968873000e+00  1.4351383970e-01 
 576.000  1.4695458000e+00  1.4082492070e-01 
 577.000  1.5305059000e+00  1.4681452940e-01 
 578.000  1.4859064000e+00  1.4286688230e-01 
 579.000  1.4745290000e+00  1.4187800600e-01 
 580.000  1.5252747000e+00  1.4693171690e-01 
 581.000  1.4977146000e+00  1.4446401980e-01 
 582.000  1.5200601000e+00  1.4659899900e-01 
 583.000  1.5304981000e+00  1.4763740540e-01 
 584.000  1.5254808000e+00  1.4704609680e-01 
 585.000  1.5152776000e+00  1.4596701050e-01 
 586.000  1.4500145000e+00  1.3965397640e-01 
 587.000  1.5064623000e+00  1.4453338620e-01 
 588.000  1.4903766000e+00  1.4129023740e-01 
 589.000  1.3207574000e+00  1.2308567050e-01 
 590.000  1.3789422000e+00  1.2837052920e-01 
 591.000  1.4653164000e+00  1.3787092590e-01 
 592.000  1.4370735000e+00  1.3431384280e-01 
 593.000  1.4523067000e+00  1.3741233830e-01 
 594.000  1.4654532000e+00  1.3823870850e-01 
 595.000  1.4372471000e+00  1.3431829830e-01 
 596.000  1.4729528000e+00  1.3941390990e-01 
 597.000  1.4772905000e+00  1.3934446720e-01 
 598.000  1.4470719000e+00  1.3723234560e-01 
 599.000  1.4474426000e+00  1.3756199650e-01 
 600.000  1.4478028000e+00  1.3828535460e-01 
 601.000  1.4396770000e+00  1.3801921080e-01 
 602.000  1.4239294000e+00  1.3663162230e-01 
 603.000  1.4325152000e+00  1.3763925170e-01 
 604.000  1.4778807000e+00  1.4217744450e-01 
 605.000  1.4740736000e+00  1.4177670290e-01 
 606.000  1.4569564000e+00  1.4018695070e-01 
 607.000  1.4487268000e+00  1.3936268620e-01 
 608.000  1.4433701000e+00  1.3879261780e-01 
 609.000  1.4285174000e+00  1.3736662290e-01 
 610.000  1.4055983000e+00  1.3510986330e-01 
 611.000  1.4283779000e+00  1.3729037480e-01 
 612.000  1.4097392000e+00  1.3549528500e-01 
 613.000  1.3891000000e+00  1.3346395870e-01 
 614.000  1.3384318000e+00  1.2860408020e-01 
 615.000  1.4030379000e+00  1.3473956300e-01 
 616.000  1.3339795000e+00  1.2812139890e-01 
 617.000  1.3414767000e+00  1.2883026120e-01 
 618.000  1.4047269000e+00  1.3481156920e-01 
 619.000  1.3918230000e+00  1.3360195920e-01 
 620.000  1.4123427000e+00  1.3547491460e-01 
 621.000  1.4365883000e+00  1.3777207950e-01 
 622.000  1.3607771000e+00  1.3043574520e-01 
 623.000  1.3713380000e+00  1.3131378170e-01 
 624.000  1.3727704000e+00  1.3147076420e-01 
 625.000  1.3355500000e+00  1.2787625890e-01 
 626.000  1.3422718000e+00  1.2832662960e-01 
 627.000  1.3646297000e+00  1.2984182740e-01 
 628.000  1.3460963000e+00  1.2693810270e-01 
 629.000  1.3799916000e+00  1.3049008180e-01 
 630.000  1.3342226000e+00  1.2668196870e-01 
 631.000  1.3832046000e+00  1.3146348570e-01 
 632.000  1.2883527000e+00  1.2199980160e-01 
 633.000  1.3830089000e+00  1.3151593020e-01 
 634.000  1.3414825000e+00  1.2775225830e-01 
 635.000  1.3659977000e+00  1.3008204650e-01 
 636.000  1.3178709000e+00  1.2560049440e-01 
 637.000  1.3613537000e+00  1.2981278990e-01 
 638.000  1.3825583000e+00  1.3208616640e-01 
 639.000  1.3711228000e+00  1.3090220640e-01 
 640.000  1.3281057000e+00  1.2702459720e-01 
 641.000  1.3472724000e+00  1.2882325740e-01 
 642.000  1.3310998000e+00  1.2734954070e-01 
 643.000  1.3543507000e+00  1.2935038760e-01 
 644.000  1.3388074000e+00  1.2778965000e-01 
 645.000  1.3504505000e+00  1.2863598630e-01 
 646.000  1.2988508200e+00  1.2247386930e-01 
 647.000  1.3163821100e+00  1.2327408600e-01 
 648.000  1.3139529700e+00  1.2225149540e-01 
 649.000  1.3400787500e+00  1.2530719760e-01 
 650.000  1.2419442400e+00  1.1749197390e-01 
 651.000  1.3378017000e+00  1.2654570770e-01 
 652.000  1.3118641400e+00  1.2281775670e-01 
 653.000  1.3384671000e+00  1.2677336880e-01 
 654.000  1.3209168300e+00  1.2485349270e-01 
 655.000  1.2860275000e+00  1.2100986480e-01 
 656.000  1.0918397200e+00  1.0286550900e-01 
 657.000  1.1653403300e+00  1.1004547120e-01 
 658.000  1.2980901200e+00  1.2313073730e-01 
 659.000  1.3012442100e+00  1.2369088750e-01 
 660.000  1.3114606000e+00  1.2479680630e-01 
 661.000  1.3172722200e+00  1.2576707460e-01 
 662.000  1.3362470300e+00  1.2774622340e-01 
 663.000  1.3213856900e+00  1.2623998260e-01 
 664.000  1.3003948400e+00  1.2428063960e-01 
 665.000  1.3060529700e+00  1.2484797670e-01 
 666.000  1.3217899400e+00  1.2647053530e-01 
 667.000  1.2955559100e+00  1.2393927000e-01 
 668.000  1.3029211600e+00  1.2475878140e-01 
 669.000  1.3215075700e+00  1.2659056090e-01 
 670.000  1.3060055800e+00  1.2502787780e-01 
 671.000  1.2918788400e+00  1.2370677950e-01 
 672.000  1.2877840700e+00  1.2330178070e-01 
 673.000  1.2969751400e+00  1.2415762330e-01 
 674.000  1.2994796600e+00  1.2440534210e-01 
 675.000  1.2796422900e+00  1.2247101590e-01 
 676.000  1.3037929200e+00  1.2478864290e-01 
 677.000  1.2778489700e+00  1.2231616970e-01 
 678.000  1.2989942200e+00  1.2431536100e-01 
 679.000  1.2806443100e+00  1.2250543980e-01 
 680.000  1.2707987600e+00  1.2151781460e-01 
 681.000  1.2721451500e+00  1.2157192230e-01 
 682.000  1.2694963800e+00  1.2124884800e-01 
 683.000  1.2778127400e+00  1.2196008300e-01 
 684.000  1.2547174000e+00  1.1968536380e-01 
 685.000  1.2688788100e+00  1.2105746460e-01 
 686.000  1.2130246400e+00  1.1544334410e-01 
 687.000  1.1217643800e+00  1.0307415770e-01 
 688.000  1.1515754700e+00  1.0698419190e-01 
 689.000  1.1461101800e+00  1.0614732360e-01 
 690.000  1.1666506100e+00  1.0867815400e-01 
 691.000  1.1902979900e+00  1.1150038150e-01 
 692.000  1.1933549600e+00  1.1182180020e-01 
 693.000  1.1923497900e+00  1.1009016420e-01 
 694.000  1.1944311800e+00  1.0889593510e-01 
 695.000  1.1815658600e+00  1.0838544460e-01 
 696.000  1.1999706600e+00  1.1050657650e-01 
 697.000  1.2228261500e+00  1.1507239530e-01 
 698.000  1.1957457200e+00  1.1193369290e-01 
 699.000  1.1991276700e+00  1.1011454010e-01 
 700.000  1.1880442700e+00  1.0939939120e-01 
 701.000  1.1573103900e+00  1.0607877350e-01 
 702.000  1.1544726200e+00  1.0613682560e-01 
 703.000  1.1859065000e+00  1.1073117830e-01 
 704.000  1.1898619600e+00  1.1118377690e-01 
 705.000  1.1925553600e+00  1.1068543240e-01 
 706.000  1.1810374000e+00  1.0975343320e-01 
 707.000  1.1653926300e+00  1.0856044010e-01 
 708.000  1.2015955700e+00  1.1221517180e-01 
 709.000  1.1636514900e+00  1.0923023990e-01 
 710.000  1.1849734500e+00  1.1055496980e-01 
 711.000  1.1783672400e+00  1.1055435180e-01 
 712.000  1.1663764900e+00  1.0999216460e-01 
 713.000  1.1576857800e+00  1.0870217900e-01 
 714.000  1.1760033000e+00  1.1021085360e-01 
 715.000  1.1289108600e+00  1.0505486300e-01 
 716.000  1.1521430400e+00  1.0644268800e-01 
 717.000  1.0799472300e+00  9.5771011350e-02 
 718.000  1.0475151000e+00  9.0518898010e-02 
 719.000  1.0258026200e+00  8.7745208740e-02 
 720.000  1.0189639800e+00  8.6003135680e-02 
 721.000  1.0799326400e+00  9.6774597170e-02 
 722.000  1.1173978900e+00  1.0216213230e-01 
 723.000  1.1021734300e+00  9.9570480350e-02 
 724.000  1.0722516600e+00  9.3652908330e-02 
 725.000  1.0657697000e+00  9.3536903380e-02 
 726.000  1.0619756800e+00  9.3064064030e-02 
 727.000  1.0827202800e+00  9.5303550720e-02 
 728.000  1.0584173200e+00  9.2714118960e-02 
 729.000  1.0294075300e+00  9.1323631290e-02 
 730.000  1.0648827100e+00  9.4276916500e-02 
 731.000  1.0443269000e+00  9.2268081670e-02 
 732.000  1.0867771600e+00  9.8060325620e-02 
 733.000  1.0914086000e+00  1.0057440190e-01 
 734.000  1.1243348900e+00  1.0463859560e-01 
 735.000  1.1114888300e+00  1.0304586030e-01 
 736.000  1.0840580500e+00  9.9849975590e-02 
 737.000  1.1032326800e+00  1.0208815000e-01 
 738.000  1.1069573400e+00  1.0313944240e-01 
 739.000  1.0738983400e+00  1.0038148500e-01 
 740.000  1.0902826900e+00  1.0260225680e-01 
 741.000  1.0851456000e+00  1.0258451840e-01 
 742.000  1.0687077600e+00  1.0121833800e-01 
 743.000  1.1033631500e+00  1.0492008210e-01 
 744.000  1.1152040200e+00  1.0625212860e-01 
 745.000  1.0872702500e+00  1.0375572970e-01 
 746.000  1.1032173700e+00  1.0536695860e-01 
 747.000  1.1198450100e+00  1.0694531250e-01 
 748.000  1.1004800000e+00  1.0515615080e-01 
 749.000  1.1009769100e+00  1.0524296570e-01 
 750.000  1.0844736200e+00  1.0359333800e-01 
 751.000  1.0816947400e+00  1.0333076480e-01 
 752.000  1.0987485700e+00  1.0504121400e-01 
 753.000  1.0885245700e+00  1.0408794400e-01 
 754.000  1.1056755900e+00  1.0574307250e-01 
 755.000  1.0993483100e+00  1.0514212800e-01 
 756.000  1.0778482100e+00  1.0308990480e-01 
 757.000  1.0857946100e+00  1.0385296630e-01 
 758.000  1.0835284100e+00  1.0358770750e-01 
 759.000  1.0014869100e+00  9.3919334410e-02 
 760.000  5.1165703000e-01  3.9842952730e-02 
 761.000  4.6221300000e-01  3.5062259670e-02 
 762.000  7.3795251000e-01  6.3717842100e-02 
 763.000  6.6959509000e-01  5.5794197080e-02 
 764.000  7.1573422000e-01  6.0694454190e-02 
 765.000  8.1733162000e-01  7.2146347050e-02 
 766.000  8.8393520000e-01  8.1121986390e-02 
 767.000  9.4739309000e-01  8.8410896300e-02 
 768.000  1.0180813300e+00  9.6075698850e-02 
 769.000  1.0355759000e+00  9.8470451350e-02 
 770.000  1.0405646000e+00  9.9301414490e-02 
 771.000  1.0461122800e+00  1.0004007720e-01 
 772.000  1.0431902200e+00  9.9816520690e-02 
 773.000  1.0392812800e+00  9.9471107480e-02 
 774.000  1.0507320900e+00  1.0059535980e-01 
 775.000  1.0114113800e+00  9.6853134160e-02 
 776.000  1.0531693500e+00  1.0089746860e-01 
 777.000  1.0458668100e+00  1.0019606020e-01 
 778.000  1.0402365800e+00  9.9636932370e-02 
 779.000  1.0435999100e+00  9.9932128910e-02 
 780.000  1.0306648200e+00  9.8713211060e-02 
 781.000  1.0290733300e+00  9.8579139710e-02 
 782.000  1.0414537600e+00  9.9715423580e-02 
 783.000  1.0170987500e+00  9.7435943600e-02 
 784.000  1.0226505300e+00  9.7921722410e-02 
 785.000  1.0245059100e+00  9.7892204280e-02 
 786.000  1.0055619500e+00  9.5857818600e-02 
 787.000  1.0174520100e+00  9.6404197690e-02 
 788.000  1.0006263800e+00  9.4554862980e-02 
 789.000  1.0007518100e+00  9.3636337280e-02 
 790.000  9.9013617000e-01  9.2539505000e-02 
 791.000  9.8611396000e-01  9.2348930360e-02 
 792.000  9.7145526000e-01  9.1105010990e-02 
 793.000  9.7274559000e-01  9.1591873170e-02 
 794.000  9.6754659000e-01  9.1917533870e-02 
 795.000  9.5936123000e-01  9.0591812130e-02 
 796.000  9.6773107000e-01  9.0221626280e-02 
 797.000  9.7610099000e-01  9.1368537900e-02 
 798.000  9.8165915000e-01  9.2675689700e-02 
 799.000  9.7970312000e-01  9.2284790040e-02 
 800.000  9.5052529000e-01  8.8976654050e-02 
 801.000  9.6869957000e-01  9.0749229430e-02 
 802.000  9.6636789000e-01  9.0454353330e-02 
 803.000  9.5311717000e-01  8.9312171940e-02 
 804.000  9.6343254000e-01  9.0582092290e-02 
 805.000  9.4027234000e-01  8.8931182860e-02 
 806.000  9.6768955000e-01  9.1817298890e-02 
 807.000  9.6178790000e-01  9.1299781800e-02 
 808.000  9.5498621000e-01  9.0453132630e-02 
 809.000  9.3738043000e-01  8.8562805180e-02 
 810.000  9.3159564000e-01  8.7768302920e-02 
 811.000  9.4318894000e-01  8.8408859250e-02 
 812.000  9.3544298000e-01  8.7081840520e-02 
 813.000  9.2566061000e-01  8.5418563840e-02 
 814.000  9.1663235000e-01  8.3723503110e-02 
 815.000  8.9695831000e-01  8.0877861020e-02 
 816.000  8.7602758000e-01  7.7724342350e-02 
 817.000  8.8206137000e-01  7.8315422060e-02 
 818.000  8.7775925000e-01  7.7992485050e-02 
 819.000  8.5826089000e-01  7.6720809940e-02 
 820.000  8.5574801000e-01  7.7884094240e-02 
 821.000  9.0075439000e-01  8.3664848330e-02 
 822.000  8.6303727000e-01  7.8863029480e-02 
 823.000  8.3916741000e-01  7.3498878480e-02 
 824.000  8.8227302000e-01  8.0105583190e-02 
 825.000  8.9991425000e-01  8.3772109990e-02 
 826.000  9.0226157000e-01  8.3618568420e-02 
 827.000  8.9691404000e-01  8.2850769040e-02 
 828.000  8.8264325000e-01  8.0249389650e-02 
 829.000  8.8666637000e-01  8.1049797060e-02 
 830.000  8.7746500000e-01  8.0725875850e-02 
 831.000  8.6313693000e-01  7.9522026060e-02 
 832.000  8.8122637000e-01  8.1232810970e-02 
 833.000  8.5646624000e-01  7.9301971440e-02 
 834.000  8.7219327000e-01  8.1124740600e-02 
 835.000  8.7950692000e-01  8.2461006160e-02 
 836.000  8.8793017000e-01  8.3099357600e-02 
 837.000  8.8035540000e-01  8.2344322200e-02 
 838.000  8.8612742000e-01  8.3260360720e-02 
 839.000  8.5993616000e-01  8.0996864320e-02 
 840.000  8.8346722000e-01  8.3258056640e-02 
 841.000  8.8426852000e-01  8.3086212160e-02 
 842.000  8.8002366000e-01  8.2888206480e-02 
 843.000  8.7696136000e-01  8.3186019900e-02 
 844.000  8.6369198000e-01  8.2179092410e-02 
 845.000  8.7736248000e-01  8.3598655700e-02 
 846.000  8.8574308000e-01  8.4559844970e-02 
 847.000  8.5580095000e-01  8.1874229430e-02 
 848.000  8.7999632000e-01  8.3942222600e-02 
 849.000  8.8172150000e-01  8.4189132690e-02 
 850.000  7.6191491000e-01  7.2609931950e-02 
 851.000  8.7233512000e-01  8.2979148860e-02 
 852.000  8.3929133000e-01  7.9890281680e-02 
 853.000  8.4978008000e-01  8.1052452090e-02 
 854.000  6.8313971000e-01  6.5176254270e-02 
 855.000  7.5231436000e-01  7.1902763370e-02 
 856.000  8.5428812000e-01  8.1820343020e-02 
 857.000  8.6815389000e-01  8.3303398130e-02 
 858.000  8.5434536000e-01  8.2015907290e-02 
 859.000  8.5442202000e-01  8.2129669190e-02 
 860.000  8.4687711000e-01  8.1492172240e-02 
 861.000  8.4676863000e-01  8.1482345580e-02 
 862.000  8.4400041000e-01  8.1206428530e-02 
 863.000  8.6013110000e-01  8.2825592040e-02 
 864.000  8.5841249000e-01  8.2596542360e-02 
 865.000  8.4242415000e-01  8.1150405880e-02 
 866.000  7.0661885000e-01  6.8101959230e-02 
 867.000  7.5246231000e-01  7.2406578060e-02 
 868.000  8.1607578000e-01  7.8586616520e-02 
 869.000  8.0462191000e-01  7.7487602230e-02 
 870.000  8.3780216000e-01  8.0754051210e-02 
 871.000  8.3661653000e-01  8.0611907960e-02 
 872.000  8.3324602000e-01  8.0173736570e-02 
 873.000  8.3657764000e-01  8.0567169190e-02 
 874.000  8.1822898000e-01  7.8757255550e-02 
 875.000  8.1070075000e-01  7.8122657780e-02 
 876.000  8.1741913000e-01  7.8717285160e-02 
 877.000  8.3369911000e-01  8.0203689580e-02 
 878.000  8.1932468000e-01  7.8828506470e-02 
 879.000  8.2122135000e-01  7.9048088070e-02 
 880.000  8.1641359000e-01  7.8449821470e-02 
 881.000  7.7395627000e-01  7.4381958010e-02 
 882.000  8.1666431000e-01  7.8361946110e-02 
 883.000  7.9804303000e-01  7.6705917360e-02 
 884.000  8.0482486000e-01  7.7493644710e-02 
 885.000  8.1301935000e-01  7.7948898320e-02 
 886.000  7.8628459000e-01  7.5310005190e-02 
 887.000  7.7828072000e-01  7.4617691040e-02 
 888.000  8.0156820000e-01  7.6746932980e-02 
 889.000  8.0700357000e-01  7.7457542420e-02 
 890.000  8.0436086000e-01  7.7094924930e-02 
 891.000  7.9957828000e-01  7.6390533450e-02 
 892.000  7.9528125000e-01  7.5598365780e-02 
 893.000  7.5935635000e-01  7.0993423460e-02 
 894.000  7.8149481000e-01  7.2552375790e-02 
 895.000  7.3170350000e-01  6.6567237850e-02 
 896.000  7.4577849000e-01  6.6465820310e-02 
 897.000  7.1324589000e-01  6.2375736240e-02 
 898.000  7.0721191000e-01  6.1216777800e-02 
 899.000  6.8585653000e-01  5.7788055420e-02 
 900.000  6.7168298000e-01  5.6747112270e-02 
 901.000  6.5212113000e-01  5.4738231660e-02 
 902.000  6.4095791000e-01  5.3893005370e-02 
 903.000  7.0628254000e-01  6.2038967130e-02 
 904.000  7.4041141000e-01  6.6748367310e-02 
 905.000  7.3762971000e-01  6.6607147220e-02 
 906.000  7.0537058000e-01  6.2669506070e-02 
 907.000  6.9431251000e-01  5.9872325900e-02 
 908.000  6.6251492000e-01  5.5983833310e-02 
 909.000  6.5005350000e-01  5.4960346220e-02 
 910.000  6.5996016000e-01  5.5960445400e-02 
 911.000  6.6800425000e-01  5.7478260040e-02 
 912.000  6.6465923000e-01  5.6709506990e-02 
 913.000  6.5893804000e-01  5.4735679630e-02 
 914.000  6.6510217000e-01  5.5979427340e-02 
 915.000  6.6229461000e-01  5.6462959290e-02 
 916.000  6.7171531000e-01  5.7399032590e-02 
 917.000  6.6548686000e-01  5.7197414400e-02 
 918.000  6.6763038000e-01  5.7825572970e-02 
 919.000  6.9545139000e-01  6.1986263280e-02 
 920.000  7.0293661000e-01  6.3705196380e-02 
 921.000  6.8445885000e-01  6.1771244050e-02 
 922.000  6.7805067000e-01  6.1231037140e-02 
 923.000  6.4594919000e-01  5.7827968600e-02 
 924.000  6.6404926000e-01  5.8861801150e-02 
 925.000  6.7212586000e-01  5.9454921720e-02 
 926.000  6.4801262000e-01  5.7171051030e-02 
 927.000  6.6132113000e-01  5.7568275450e-02 
 928.000  6.4850067000e-01  5.5004734040e-02 
 929.000  6.1515065000e-01  5.0273868560e-02 
 930.000  5.8222117000e-01  4.5250881200e-02 
 931.000  5.4607407000e-01  3.9816722870e-02 
 932.000  4.9331286000e-01  3.2809207920e-02 
 933.000  4.5758913000e-01  2.8489410400e-02 
 934.000  4.1443175000e-01  2.4068223950e-02 
 935.000  4.0423387000e-01  2.3268207550e-02 
 936.000  4.1688354000e-01  2.4647087100e-02 
 937.000  4.2201144000e-01  2.4808713910e-02 
 938.000  4.6010913000e-01  2.9234170910e-02 
 939.000  5.6982951000e-01  4.3549770360e-02 
 940.000  5.8174372000e-01  4.5489578250e-02 
 941.000  5.5579735000e-01  4.2670387270e-02 
 942.000  5.0422330000e-01  3.6682323460e-02 
 943.000  4.7637826000e-01  3.1409919740e-02 
 944.000  4.5955933000e-01  3.0074081420e-02 
 945.000  4.8377615000e-01  3.2761119840e-02 
 946.000  4.9133144000e-01  3.3358066560e-02 
 947.000  5.0559786000e-01  3.5468921660e-02 
 948.000  5.1872081000e-01  3.7089786530e-02 
 949.000  5.1890506000e-01  3.7037513730e-02 
 950.000  5.1800169000e-01  3.7158672330e-02 
 951.000  5.3706931000e-01  4.0136337280e-02 
 952.000  5.1308513000e-01  3.6754634860e-02 
 953.000  5.2818646000e-01  3.9049522400e-02 
 954.000  5.4037721000e-01  4.1252899170e-02 
 955.000  4.9138115000e-01  3.6622127530e-02 
 956.000  5.2076963000e-01  3.8646041870e-02 
 957.000  5.6384726000e-01  4.5066604610e-02 
 958.000  5.7360308000e-01  4.6276187900e-02 
 959.000  5.6851241000e-01  4.5428077700e-02 
 960.000  5.6097126000e-01  4.4717823030e-02 
 961.000  5.5132767000e-01  4.3733165740e-02 
 962.000  5.5723931000e-01  4.4453056340e-02 
 963.000  5.7918101000e-01  4.7847045900e-02 
 964.000  5.7574479000e-01  4.7816577910e-02 
 965.000  5.8051756000e-01  4.8089450840e-02 
 966.000  5.6488786000e-01  4.6908836360e-02 
 967.000  5.9787537000e-01  5.0868392940e-02 
 968.000  6.1766060000e-01  5.4651954650e-02 
 969.000  6.3323383000e-01  5.7011096950e-02 
 970.000  6.3555867000e-01  5.7288963320e-02 
 971.000  6.2962789000e-01  5.6739440920e-02 
 972.000  6.3079360000e-01  5.6571357730e-02 
 973.000  6.1713808000e-01  5.4737094880e-02 
 974.000  5.9835337000e-01  5.2358673100e-02 
 975.000  5.9529201000e-01  5.1634544370e-02 
 976.000  6.0998058000e-01  5.3490669250e-02 
 977.000  6.0644579000e-01  5.4128765110e-02 
 978.000  6.2040257000e-01  5.5313667300e-02 
 979.000  6.0537916000e-01  5.4238182070e-02 
 980.000  6.2611919000e-01  5.7123798370e-02 
 981.000  6.3309616000e-01  5.8008388520e-02 
 982.000  6.2897848000e-01  5.7414203640e-02 
 983.000  6.3348484000e-01  5.8386463170e-02 
 984.000  6.3561010000e-01  5.9180110930e-02 
 985.000  6.3891040000e-01  5.9844051360e-02 
 986.000  6.3832938000e-01  6.0262744900e-02 
 987.000  6.4767901000e-01  6.1362308500e-02 
 988.000  6.4004922000e-01  6.0695800780e-02 
 989.000  6.3219041000e-01  5.9985256200e-02 
 990.000  6.3804502000e-01  6.0595878600e-02 
 991.000  6.4495527000e-01  6.1443893430e-02 
 992.000  6.3945231000e-01  6.0976821900e-02 
 993.000  6.3958031000e-01  6.1013042450e-02 
 994.000  6.4429054000e-01  6.1632461550e-02 
 995.000  6.4057016000e-01  6.1403129580e-02 
 996.000  6.4043031000e-01  6.1392055510e-02 
 997.000  6.4045517000e-01  6.1320026400e-02 
 998.000  6.3734511000e-01  6.0943088530e-02 
 999.000  6.3548153000e-01  6.0736392970e-02 
1000.000  6.3062981000e-01  6.0301265720e-02 
1001.000  6.3264688000e-01  6.0323329930e-02 
1002.000  6.2932646000e-01  5.9736942290e-02 
1003.000  6.2251691000e-01  5.9161029820e-02 
1004.000  6.1861873000e-01  5.8953086850e-02 
1005.000  5.7852283000e-01  5.5204330440e-02 
1006.000  6.0891250000e-01  5.8135742190e-02 
1007.000  6.1957165000e-01  5.9107238770e-02 
1008.000  6.2032922000e-01  5.8965621950e-02 
1009.000  6.1407166000e-01  5.8092296600e-02 
1010.000  6.1745397000e-01  5.8546169280e-02 
1011.000  6.1673800000e-01  5.8791309360e-02 
1012.000  6.1789986000e-01  5.9027015690e-02 
1013.000  6.1418988000e-01  5.8773284910e-02 
1014.000  6.1842338000e-01  5.9246067050e-02 
1015.000  6.0705441000e-01  5.8193527220e-02 
1016.000  6.1127010000e-01  5.8670238490e-02 
1017.000  6.0535597000e-01  5.8150062560e-02 
1018.000  6.1290219000e-01  5.8854846950e-02 
1019.000  5.9812758000e-01  5.7354404450e-02 
1020.000  5.9713023000e-01  5.7281879430e-02 
1021.000  6.0361399000e-01  5.7947296140e-02 
1022.000  5.9364084000e-01  5.6824310300e-02 
1023.000  6.0426365000e-01  5.7696674350e-02 
1024.000  6.0073358000e-01  5.7261531830e-02 
1025.000  6.0187078000e-01  5.7532936100e-02 
1026.000  6.0314423000e-01  5.7742565160e-02 
1027.000  5.9925509000e-01  5.7369712830e-02 
1028.000  6.0085941000e-01  5.7592758180e-02 
1029.000  5.9222259000e-01  5.6886375430e-02 
1030.000  5.9868437000e-01  5.7631366730e-02 
1031.000  5.9704392000e-01  5.7558952330e-02 
1032.000  5.9513131000e-01  5.7438419340e-02 
1033.000  5.8420910000e-01  5.6389045720e-02 
1034.000  5.8991641000e-01  5.6957626340e-02 
1035.000  5.8221107000e-01  5.6200702670e-02 
1036.000  5.9183393000e-01  5.7143775940e-02 
1037.000  5.7937057000e-01  5.5942211150e-02 
1038.000  5.8509958000e-01  5.6495201110e-02 
1039.000  5.8748575000e-01  5.6710430150e-02 
1040.000  5.8052841000e-01  5.6027133940e-02 
1041.000  5.8355215000e-01  5.6306358340e-02 
1042.000  5.8527928000e-01  5.6464782710e-02 
1043.000  5.7517426000e-01  5.5484722140e-02 
1044.000  5.8089187000e-01  5.6025577550e-02 
1045.000  5.7834986000e-01  5.5799526210e-02 
1046.000  5.6152485000e-01  5.4205211640e-02 
1047.000  5.7182422000e-01  5.5227767940e-02 
1048.000  5.7749290000e-01  5.5809249880e-02 
1049.000  5.7378207000e-01  5.5490108490e-02 
1050.000  5.7137212000e-01  5.5278911590e-02 
1051.000  5.7035321000e-01  5.5147392270e-02 
1052.000  5.6767839000e-01  5.4861351010e-02 
1053.000  5.6625273000e-01  5.4706615450e-02 
1054.000  5.6202123000e-01  5.4260047910e-02 
1055.000  5.6611611000e-01  5.4616249080e-02 
1056.000  5.6458887000e-01  5.4437923430e-02 
1057.000  5.6352652000e-01  5.4277835850e-02 
1058.000  5.5747282000e-01  5.3590507510e-02 
1059.000  5.3995202000e-01  5.1934963230e-02 
1060.000  5.5948595000e-01  5.3900344850e-02 
1061.000  5.3985871000e-01  5.2015594480e-02 
1062.000  5.5473981000e-01  5.3396091460e-02 
1063.000  5.4534420000e-01  5.2476478580e-02 
1064.000  5.5207387000e-01  5.3048637390e-02 
1065.000  5.5124251000e-01  5.2866245270e-02 
1066.000  5.3435714000e-01  5.1233631130e-02 
1067.000  5.4696795000e-01  5.2389839170e-02 
1068.000  5.4423150000e-01  5.1953632350e-02 
1069.000  5.0296981000e-01  4.7921501160e-02 
1070.000  5.3287771000e-01  5.0802196500e-02 
1071.000  5.3335663000e-01  5.0767543790e-02 
1072.000  5.3474304000e-01  5.0822677610e-02 
1073.000  5.1707228000e-01  4.9140815730e-02 
1074.000  5.3525122000e-01  5.0897693630e-02 
1075.000  5.1921525000e-01  4.9515769960e-02 
1076.000  5.3024587000e-01  5.0486511230e-02 
1077.000  5.2855943000e-01  5.0218505860e-02 
1078.000  5.2932435000e-01  5.0166679380e-02 
1079.000  5.0885933000e-01  4.8214080810e-02 
1080.000  5.2229090000e-01  4.9159885410e-02 
1081.000  5.0298249000e-01  4.7322990420e-02 
1082.000  5.1011845000e-01  4.8109760280e-02 
1083.000  4.9549488000e-01  4.6539840700e-02 
1084.000  5.1339505000e-01  4.8012619020e-02 
1085.000  5.0418897000e-01  4.6712955470e-02 
1086.000  5.1137464000e-01  4.7451702120e-02 
1087.000  4.8264631000e-01  4.5210842130e-02 
1088.000  5.1198386000e-01  4.8010589600e-02 
1089.000  4.8919332000e-01  4.5360637660e-02 
1090.000  4.9917879000e-01  4.6212566380e-02 
1091.000  5.0308384000e-01  4.6705505370e-02 
1092.000  4.8973961000e-01  4.5228485110e-02 
1093.000  4.7988106000e-01  4.3775817870e-02 
1094.000  4.3510390900e-01  3.9454589840e-02 
1095.000  4.7124313700e-01  4.2744960780e-02 
1096.000  4.7256961000e-01  4.2893127440e-02 
1097.000  4.6251585300e-01  4.1821231840e-02 
1098.000  4.4521971400e-01  3.9005855560e-02 
1099.000  4.3492848600e-01  3.7057777400e-02 
1100.000  4.4321698200e-01  3.7832237240e-02 
1101.000  4.4387445100e-01  3.8027866360e-02 
1102.000  4.2473026000e-01  3.6310760500e-02 
1103.000  4.4266528300e-01  3.7929832460e-02 
1104.000  4.3747087000e-01  3.7304237370e-02 
1105.000  4.3172894800e-01  3.6380428310e-02 
1106.000  4.2291757700e-01  3.5227882390e-02 
1107.000  4.2375245900e-01  3.5378276820e-02 
1108.000  4.2342048200e-01  3.5393085480e-02 
1109.000  4.2990887600e-01  3.6246196750e-02 
1110.000  4.3166890400e-01  3.6287204740e-02 
1111.000  4.2370819200e-01  3.5389484410e-02 
1112.000  4.0736877100e-01  3.3152767180e-02 
1113.000  3.8869469300e-01  3.0391256330e-02 
1114.000  3.8849825900e-01  2.9934091570e-02 
1115.000  3.6293517800e-01  2.6360551830e-02 
1116.000  3.4479522600e-01  2.4105022430e-02 
1117.000  3.1584695600e-01  2.0294820790e-02 
1118.000  2.8193274300e-01  1.6684238430e-02 
1119.000  2.5810552700e-01  1.4522624020e-02 
1120.000  2.3795575900e-01  1.2547853470e-02 
1121.000  2.3487605200e-01  1.2184007640e-02 
1122.000  2.1112324800e-01  1.0147802350e-02 
1123.000  2.2496748300e-01  1.1241817470e-02 
1124.000  2.3391656000e-01  1.1974489210e-02 
1125.000  2.2476331600e-01  1.1350687980e-02 
1126.000  2.1871723300e-01  1.0990870480e-02 
1127.000  2.2788279900e-01  1.1539178850e-02 
1128.000  2.2709775000e-01  1.1663819310e-02 
1129.000  2.4989763500e-01  1.3697428700e-02 
1130.000  2.9865909800e-01  1.8547140120e-02 
1131.000  3.1558092400e-01  2.0280946730e-02 
1132.000  2.9763496300e-01  1.8226766590e-02 
1133.000  2.5544864500e-01  1.4324622150e-02 
1134.000  1.8684293900e-01  8.4430274960e-03 
1135.000  1.9449000000e-01  8.9844398500e-03 
1136.000  2.6160223900e-01  1.4917444230e-02 
1137.000  2.9983033400e-01  1.8677320480e-02 
1138.000  3.2030047700e-01  2.1725189210e-02 
1139.000  3.3631563000e-01  2.3497953410e-02 
1140.000  3.3130557100e-01  2.2782058720e-02 
1141.000  3.0976909100e-01  2.0666410450e-02 
1142.000  3.1391020000e-01  2.0698730470e-02 
1143.000  2.9502214900e-01  1.8772510530e-02 
1144.000  2.7776063800e-01  1.6989435200e-02 
1145.000  2.5691550100e-01  1.4792472840e-02 
1146.000  2.6492093700e-01  1.5478630070e-02 
1147.000  2.8400771000e-01  1.7384544370e-02 
1148.000  2.9660700100e-01  1.8894168850e-02 
1149.000  3.0352506900e-01  1.9656484600e-02 
1150.000  3.0227393800e-01  1.9645816800e-02 
1151.000  3.1012264600e-01  2.0692037580e-02 
1152.000  3.1375525700e-01  2.1202184680e-02 
1153.000  3.1943278800e-01  2.1980680470e-02 
1154.000  3.1968234200e-01  2.1932121280e-02 
1155.000  3.3249161300e-01  2.3619777680e-02 
1156.000  3.4092490500e-01  2.5132534030e-02 
1157.000  3.7028862500e-01  2.9203176500e-02 
1158.000  3.8063779000e-01  3.0797807690e-02 
1159.000  3.8384596000e-01  3.1729566570e-02 
1160.000  3.8242952500e-01  3.1901563640e-02 
1161.000  3.8294740300e-01  3.2602756500e-02 
1162.000  4.0324130900e-01  3.4881057740e-02 
1163.000  4.1279250100e-01  3.6364921570e-02 
1164.000  4.0623201100e-01  3.5927688600e-02 
1165.000  4.1457418000e-01  3.6763965610e-02 
1166.000  4.0537585900e-01  3.6110618590e-02 
1167.000  4.1291129700e-01  3.6885551450e-02 
1168.000  4.1612137100e-01  3.7146633150e-02 
1169.000  4.0279750500e-01  3.6059253690e-02 
1170.000  4.1463754700e-01  3.7211444850e-02 
1171.000  4.1930444000e-01  3.7854667660e-02 
1172.000  4.1636090000e-01  3.7467102050e-02 
1173.000  4.1186260000e-01  3.6947917940e-02 
1174.000  4.1216507300e-01  3.6986938480e-02 
1175.000  4.1161028100e-01  3.7273361210e-02 
1176.000  4.0549485100e-01  3.7027812960e-02 
1177.000  4.1616527200e-01  3.7856155400e-02 
1178.000  4.0539999900e-01  3.6585811610e-02 
1179.000  4.0359094800e-01  3.6427017210e-02 
1180.000  4.0790053600e-01  3.6713169100e-02 
1181.000  4.0229423900e-01  3.5941108700e-02 
1182.000  3.9929446400e-01  3.5409957890e-02 
1183.000  3.7651811600e-01  3.3419971470e-02 
1184.000  3.9547292100e-01  3.5251766200e-02 
1185.000  4.0561056800e-01  3.6533863070e-02 
1186.000  4.0175282900e-01  3.6074703220e-02 
1187.000  3.9689753900e-01  3.5264717100e-02 
1188.000  3.9371297400e-01  3.4892723080e-02 
1189.000  3.7359835900e-01  3.3320178990e-02 
1190.000  3.9969359700e-01  3.6233146670e-02 
1191.000  4.0824270300e-01  3.7181362150e-02 
1192.000  4.0931191500e-01  3.7536251070e-02 
1193.000  4.0875679700e-01  3.7413082120e-02 
1194.000  4.0747724600e-01  3.7261493680e-02 
1195.000  3.9968384200e-01  3.6301933290e-02 
1196.000  3.9987414200e-01  3.6363288880e-02 
1197.000  3.9819980500e-01  3.6095775600e-02 
1198.000  3.8448491300e-01  3.4833404540e-02 
1199.000  3.6836052000e-01  3.3237911220e-02 
1200.000  3.9269027200e-01  3.5525695800e-02 
1201.000  3.9594489300e-01  3.5867076870e-02 
1202.000  3.9685487600e-01  3.6019969940e-02 
1203.000  3.7643586700e-01  3.4125049590e-02 
1204.000  3.8328549800e-01  3.4828308110e-02 
1205.000  3.9746115900e-01  3.6547851560e-02 
1206.000  3.9750754700e-01  3.6748806000e-02 
1207.000  4.0118498900e-01  3.7169551850e-02 
1208.000  3.9462107800e-01  3.6494560240e-02 
1209.000  3.6883675900e-01  3.4009876250e-02 
1210.000  3.9265558000e-01  3.6025260930e-02 
1211.000  3.7925310100e-01  3.4776020050e-02 
1212.000  3.9168383500e-01  3.5969039920e-02 
1213.000  3.9527640000e-01  3.6479217530e-02 
1214.000  3.9321432700e-01  3.6274288180e-02 
1215.000  3.9529236900e-01  3.6542518620e-02 
1216.000  3.9705817000e-01  3.6996166230e-02 
1217.000  3.9866676900e-01  3.7399913790e-02 
1218.000  3.9824393800e-01  3.7487018590e-02 
1219.000  3.9501490500e-01  3.7262187960e-02 
1220.000  3.9774972600e-01  3.7522167210e-02 
1221.000  3.9727600300e-01  3.7496868130e-02 
1222.000  3.9526021500e-01  3.7310726170e-02 
1223.000  3.9359549700e-01  3.7191886900e-02 
1224.000  3.9812136900e-01  3.7778251650e-02 
1225.000  3.9624539000e-01  3.7645084380e-02 
1226.000  3.9804680500e-01  3.7877223970e-02 
1227.000  3.8522236900e-01  3.6745887760e-02 
1228.000  3.9807865300e-01  3.8085689540e-02 
1229.000  3.9822685200e-01  3.8187301640e-02 
1230.000  3.9752971800e-01  3.8219944000e-02 
1231.000  3.9789921900e-01  3.8316005710e-02 
1232.000  3.9354854800e-01  3.7926429750e-02 
1233.000  3.9672945000e-01  3.8255119320e-02 
1234.000  3.9639710500e-01  3.8348609920e-02 
1235.000  3.9395293800e-01  3.8159538270e-02 
1236.000  3.9644872000e-01  3.8435058590e-02 
1237.000  3.9669959100e-01  3.8505283360e-02 
1238.000  3.9654355100e-01  3.8512054440e-02 
1239.000  3.9207011400e-01  3.8093154910e-02 
1240.000  3.9029530200e-01  3.7952377320e-02 
1241.000  3.9370381100e-01  3.8306877140e-02 
1242.000  3.9131057000e-01  3.8093070980e-02 
1243.000  3.8685863100e-01  3.7680400850e-02 
1244.000  3.8322147900e-01  3.7333560940e-02 
1245.000  3.8969502600e-01  3.7974292760e-02 
1246.000  3.8653856300e-01  3.7639892580e-02 
1247.000  3.8445693600e-01  3.7408256530e-02 
1248.000  3.8726642300e-01  3.7653564450e-02 
1249.000  3.8576265200e-01  3.7491432190e-02 
1250.000  3.8408549400e-01  3.7302200320e-02 
1251.000  3.8125814100e-01  3.7007980350e-02 
1252.000  3.7982169700e-01  3.6835594180e-02 
1253.000  3.7637079900e-01  3.6464702610e-02 
1254.000  3.7672942700e-01  3.6424907680e-02 
1255.000  3.7564617600e-01  3.6274238590e-02 
1256.000  3.7445151000e-01  3.6124794010e-02 
1257.000  3.6960732200e-01  3.5590808870e-02 
1258.000  3.6968805200e-01  3.5470413210e-02 
1259.000  3.6445807700e-01  3.4865879060e-02 
1260.000  3.6359313200e-01  3.4666606900e-02 
1261.000  3.6137863800e-01  3.4335971830e-02 
1262.000  3.5035483500e-01  3.3103260040e-02 
1263.000  3.5333196900e-01  3.3347080230e-02 
1264.000  3.4699525700e-01  3.2735473630e-02 
1265.000  3.4731831300e-01  3.2767292020e-02 
1266.000  3.4817799600e-01  3.2792140960e-02 
1267.000  3.4010842400e-01  3.1977586750e-02 
1268.000  3.3502576100e-01  3.1447999950e-02 
1269.000  3.3737802200e-01  3.1646955490e-02 
1270.000  3.4555230300e-01  3.2568489070e-02 
1271.000  3.4946907000e-01  3.2999031070e-02 
1272.000  3.5005320100e-01  3.3125545500e-02 
1273.000  3.5121305200e-01  3.3325950620e-02 
1274.000  3.5091185900e-01  3.3407028200e-02 
1275.000  3.5385003000e-01  3.3720932010e-02 
1276.000  3.5493338600e-01  3.3827251430e-02 
1277.000  3.5497423800e-01  3.3807991030e-02 
1278.000  3.5428661100e-01  3.3707759860e-02 
1279.000  3.5226397700e-01  3.3521781920e-02 
1280.000  3.5116512200e-01  3.3512195590e-02 
1281.000  3.4209210600e-01  3.2735462190e-02 
1282.000  3.0454554800e-01  2.9222351070e-02 
1283.000  3.3474941400e-01  3.2161941530e-02 
1284.000  3.4862606800e-01  3.3506496430e-02 
1285.000  3.5146575600e-01  3.3795940400e-02 
1286.000  3.5092281400e-01  3.3685211180e-02 
1287.000  3.5219350300e-01  3.3707969670e-02 
1288.000  3.4671058000e-01  3.2856601720e-02 
1289.000  3.4776264400e-01  3.2852447510e-02 
1290.000  3.3964815400e-01  3.2063060760e-02 
1291.000  3.4487926400e-01  3.2570117950e-02 
1292.000  3.4774866400e-01  3.2928859710e-02 
1293.000  3.4818782400e-01  3.2945232390e-02 
1294.000  3.4125036800e-01  3.2115116120e-02 
1295.000  3.4259829900e-01  3.2000705720e-02 
1296.000  3.4041005300e-01  3.1564430240e-02 
1297.000  3.3631644100e-01  3.1010944370e-02 
1298.000  3.3312907500e-01  3.0691776280e-02 
1299.000  3.3635216300e-01  3.0962808610e-02 
1300.000  3.3466290300e-01  3.0778959270e-02 
1301.000  3.3368307200e-01  3.0631725310e-02 
1302.000  3.2800711700e-01  2.9965623860e-02 
1303.000  3.2203853200e-01  2.9059137340e-02 
1304.000  3.2067067100e-01  2.8773511890e-02 
1305.000  3.2192151900e-01  2.8809412000e-02 
1306.000  3.2170386600e-01  2.8709737780e-02 
1307.000  3.1969261900e-01  2.8443073270e-02 
1308.000  3.1672355500e-01  2.7958381650e-02 
1309.000  3.1279421400e-01  2.7323738100e-02 
1310.000  3.1107256500e-01  2.7143985750e-02 
1311.000  3.1021932500e-01  2.7063024520e-02 
1312.000  3.0479522400e-01  2.6273002620e-02 
1313.000  2.8870071800e-01  2.4537544250e-02 
1314.000  2.9322097100e-01  2.4605072020e-02 
1315.000  2.8544915200e-01  2.4085866930e-02 
1316.000  2.9542134700e-01  2.5135532380e-02 
1317.000  2.9842491600e-01  2.5375606540e-02 
1318.000  2.8903971600e-01  2.4205444340e-02 
1319.000  2.8540139400e-01  2.3400329590e-02 
1320.000  2.7469587600e-01  2.1940851210e-02 
1321.000  2.7016607500e-01  2.1335781100e-02 
1322.000  2.7523241600e-01  2.2096858980e-02 
1323.000  2.8211597200e-01  2.3019281390e-02 
1324.000  2.8537613800e-01  2.3478302000e-02 
1325.000  2.8299599000e-01  2.3137264250e-02 
1326.000  2.7592162600e-01  2.2185052870e-02 
1327.000  2.6140191900e-01  2.0164875030e-02 
1328.000  2.4828494000e-01  1.8174026490e-02 
1329.000  2.1421764000e-01  1.4221982000e-02 
1330.000  2.0817641400e-01  1.3324932100e-02 
1331.000  2.0269217500e-01  1.2667140010e-02 
1332.000  2.0049697700e-01  1.2607769010e-02 
1333.000  2.1150674000e-01  1.3569165230e-02 
1334.000  2.1992401500e-01  1.4489469530e-02 
1335.000  2.2586725800e-01  1.5171628950e-02 
1336.000  2.2576048100e-01  1.5265702250e-02 
1337.000  2.2831595500e-01  1.5477872850e-02 
1338.000  2.3206803500e-01  1.5959516530e-02 
1339.000  2.3258193500e-01  1.6074266430e-02 
1340.000  2.3420227900e-01  1.6387756350e-02 
1341.000  2.3815936700e-01  1.6501073840e-02 
1342.000  2.3806228100e-01  1.6504720690e-02 
1343.000  2.2903260200e-01  1.5071598050e-02 
1344.000  2.1518184200e-01  1.3325948720e-02 
1345.000  1.7803971400e-01  9.4974279400e-03 
1346.000  1.5187017100e-01  7.0950527190e-03 
1347.000  1.3470546900e-01  5.7704310420e-03 
1348.000  1.1167622800e-01  4.0130372050e-03 
1349.000  1.0157342420e-01  3.3954524990e-03 
1350.000  7.9121026100e-02  2.0900099280e-03 
1351.000  6.8305657600e-02  1.6116862300e-03 
1352.000  5.2245688800e-02  9.5365637540e-04 
1353.000  3.7031322200e-02  5.2216011290e-04 
1354.000  2.9609960400e-02  3.4862026570e-04 
1355.000  2.2989643500e-02  2.2337909040e-04 
1356.000  1.7384937400e-02  1.3587857780e-04 
1357.000  1.1883083510e-02  6.8428523840e-05 
1358.000  8.7943052600e-03  4.1773501780e-05 
1359.000  4.6371910600e-03  1.4169693920e-05 
1360.000  3.0667198600e-03  7.4468306270e-06 
1361.000  2.2822904700e-03  4.4307545760e-06 
1362.000  2.1000788600e-03  3.8974599450e-06 
1363.000  3.0298724300e-03  6.8075153980e-06 
1364.000  3.5132267000e-03  8.5281385110e-06 
1365.000  3.6785386700e-03  9.0003851800e-06 
1366.000  4.2480994700e-03  1.1247237210e-05 
1367.000  3.5684715700e-03  8.8117783890e-06 
1368.000  3.1641449800e-03  7.6180505570e-06 
1369.000  3.2446891500e-03  8.0173835160e-06 
1370.000  5.3662043300e-03  1.8629534170e-05 
1371.000  9.5567444900e-03  4.6745922420e-05 
1372.000  1.7696171900e-02  1.2948480250e-04 
1373.000  2.5103473400e-02  2.2887478770e-04 
1374.000  3.0483462600e-02  3.1700429320e-04 
1375.000  3.2500712600e-02  3.5617738960e-04 
1376.000  3.0145764200e-02  3.1592097880e-04 
1377.000  2.6837233800e-02  2.5809586050e-04 
1378.000  2.0455565300e-02  1.6447153690e-04 
1379.000  1.4046705550e-02  8.8720008730e-05 
1380.000  7.9668963800e-03  3.5388607530e-05 
1381.000  4.6085475400e-03  1.4742953700e-05 
1382.000  3.2226946600e-03  8.3167748530e-06 
1383.000  3.1180834900e-03  7.7714375220e-06 
1384.000  5.0718368500e-03  1.6791472210e-05 
1385.000  7.2001172700e-03  2.9474973680e-05 
1386.000  1.0997429330e-02  5.8231368660e-05 
1387.000  2.0206249100e-02  1.6067175570e-04 
1388.000  2.6781542100e-02  2.5271436570e-04 
1389.000  3.0763883600e-02  3.2247653600e-04 
1390.000  3.1403207400e-02  3.3731570840e-04 
1391.000  2.9315279300e-02  3.0017298460e-04 
1392.000  2.2163625500e-02  1.8974883850e-04 
1393.000  1.6942354300e-02  1.2367583070e-04 
1394.000  1.2979782080e-02  8.0691441890e-05 
1395.000  1.4631311300e-02  9.7936011850e-05 
1396.000  2.0077379900e-02  1.6226691010e-04 
1397.000  2.5909717000e-02  2.4747520690e-04 
1398.000  2.6682512600e-02  2.5894612070e-04 
1399.000  2.4913567800e-02  2.3492696880e-04 
1400.000  2.3296305200e-02  2.1358615160e-04 
1401.000  2.4765160700e-02  2.4004752930e-04 
1402.000  3.0702070300e-02  3.3590403200e-04 
1403.000  3.5348416600e-02  4.3672823910e-04 
1404.000  3.3248352800e-02  3.9327526090e-04 
1405.000  3.4826892300e-02  4.3546405430e-04 
1406.000  3.2294333800e-02  3.8133567570e-04 
1407.000  3.3492419700e-02  4.1701218490e-04 
1408.000  4.0142971900e-02  5.6080931430e-04 
1409.000  4.7056628300e-02  7.4470418690e-04 
1410.000  5.7714380600e-02  1.0489631890e-03 
1411.000  6.8648766500e-02  1.4465277190e-03 
1412.000  6.6322593400e-02  1.3970351220e-03 
1413.000  7.3147462400e-02  1.6743636130e-03 
1414.000  7.2118480700e-02  1.6085646150e-03 
1415.000  7.9725745000e-02  1.9632875920e-03 
1416.000  8.5659447000e-02  2.2255568500e-03 
1417.000  8.7864830800e-02  2.3482716080e-03 
1418.000  8.8647841400e-02  2.3737475870e-03 
1419.000  8.8463197800e-02  2.4127106670e-03 
1420.000  9.0564158300e-02  2.5086100100e-03 
1421.000  1.0185726010e-01  3.0835411550e-03 
1422.000  1.0428022620e-01  3.2620027070e-03 
1423.000  1.0544309080e-01  3.3631696700e-03 
1424.000  1.0508479270e-01  3.3334946630e-03 
1425.000  1.0389190480e-01  3.2336521150e-03 
1426.000  1.0016626310e-01  3.1223104000e-03 
1427.000  1.0609600640e-01  3.4211823940e-03 
1428.000  1.1205788680e-01  3.6995375160e-03 
1429.000  1.1365917820e-01  3.8673336510e-03 
1430.000  1.1089532590e-01  3.7748854160e-03 
1431.000  1.0331277980e-01  3.3662347790e-03 
1432.000  1.0101849970e-01  3.2004110810e-03 
1433.000  1.0073382120e-01  3.1824715140e-03 
1434.000  9.6082269800e-02  2.9667832850e-03 
1435.000  1.0315269470e-01  3.3292565350e-03 
1436.000  1.0572133400e-01  3.4744710920e-03 
1437.000  1.0740647130e-01  3.5627551080e-03 
1438.000  1.1386891440e-01  3.9465370180e-03 
1439.000  1.1597034180e-01  4.0348196030e-03 
1440.000  1.1119732020e-01  3.9202845100e-03 
1441.000  1.1810383580e-01  4.1942629810e-03 
1442.000  1.1328876860e-01  3.9677717690e-03 
1443.000  1.1532494250e-01  4.0485301020e-03 
1444.000  1.1792484300e-01  4.1907286640e-03 
1445.000  1.1816092960e-01  4.2147908210e-03 
1446.000  1.2367726230e-01  4.5222072600e-03 
1447.000  1.2705731500e-01  4.7493734360e-03 
1448.000  1.2850535100e-01  4.8240137100e-03 
1449.000  1.2598239420e-01  4.6651573180e-03 
1450.000  1.2046995480e-01  4.3634347920e-03 
1451.000  1.2181869570e-01  4.4676575660e-03 
1452.000  1.2715002700e-01  4.8693184850e-03 
1453.000  1.4168293500e-01  5.7633023260e-03 
1454.000  1.5417269100e-01  6.6533331870e-03 
1455.000  1.6014607700e-01  7.1614522930e-03 
1456.000  1.6724963000e-01  7.7430100440e-03 
1457.000  1.6993947100e-01  7.9100399020e-03 
1458.000  1.7326343100e-01  8.1250505450e-03 
1459.000  1.6839565600e-01  7.7211437230e-03 
1460.000  1.6071944800e-01  7.2264895440e-03 
1461.000  1.5763652800e-01  7.0197839740e-03 
1462.000  1.4914864800e-01  6.4451203350e-03 
1463.000  1.4815977900e-01  6.4169807430e-03 
1464.000  1.4624597800e-01  6.2849602700e-03 
1465.000  1.4300146800e-01  6.0097684860e-03 
1466.000  1.3327391100e-01  5.4417471890e-03 
1467.000  1.3230737400e-01  5.2910685540e-03 
1468.000  1.2416600530e-01  4.8490352630e-03 
1469.000  1.1778580990e-01  4.4106154440e-03 
1470.000  1.1437481540e-01  4.2226071360e-03 
1471.000  1.2137456420e-01  4.7419128420e-03 
1472.000  1.3365354900e-01  5.5701985360e-03 
1473.000  1.5020001300e-01  6.7596349720e-03 
1474.000  1.5743576900e-01  7.4917898180e-03 
1475.000  1.6023509500e-01  7.6509151460e-03 
1476.000  1.6049573400e-01  7.6894731520e-03 
1477.000  1.5705557300e-01  7.4351301190e-03 
1478.000  1.5091366600e-01  7.0622544290e-03 
1479.000  1.4792056100e-01  6.7959508900e-03 
1480.000  1.5100171500e-01  7.0662941930e-03 
1481.000  1.5382481600e-01  7.3921871190e-03 
1482.000  1.6077388000e-01  7.9576835630e-03 
1483.000  1.5899494400e-01  7.9504451750e-03 
1484.000  1.6002602400e-01  8.0431919100e-03 
1485.000  1.6232644300e-01  8.1581935880e-03 
1486.000  1.6369936100e-01  8.4445781710e-03 
1487.000  1.7372008700e-01  9.4027214050e-03 
1488.000  1.5224082100e-01  8.3041143420e-03 
1489.000  1.8682670800e-01  1.0836448670e-02 
1490.000  1.9765983600e-01  1.2071671490e-02 
1491.000  2.0472195800e-01  1.2861784930e-02 
1492.000  2.0100989400e-01  1.2732149120e-02 
1493.000  2.0843950300e-01  1.3445318220e-02 
1494.000  2.0813583100e-01  1.3503392220e-02 
1495.000  2.0985916000e-01  1.3861692430e-02 
1496.000  2.0949597300e-01  1.4188281060e-02 
1497.000  2.1460441300e-01  1.4609568600e-02 
1498.000  2.2168368900e-01  1.5419548030e-02 
1499.000  2.2267232200e-01  1.5804383280e-02 
1500.000  2.2953900900e-01  1.6548769000e-02 
1501.000  2.2823319600e-01  1.6435686110e-02 
1502.000  2.2455240800e-01  1.6116331100e-02 
1503.000  2.0059758700e-01  1.4372345920e-02 
1504.000  2.0993058600e-01  1.5144884110e-02 
1505.000  2.1255275400e-01  1.5575556760e-02 
1506.000  2.1548398300e-01  1.5854664800e-02 
1507.000  2.2829957400e-01  1.7035549160e-02 
1508.000  2.2629184100e-01  1.7038522720e-02 
1509.000  2.2881547100e-01  1.7393302920e-02 
1510.000  2.3291559500e-01  1.7800479890e-02 
1511.000  2.3506216600e-01  1.8092573170e-02 
1512.000  2.3137686800e-01  1.7904085160e-02 
1513.000  2.3128681300e-01  1.7974090580e-02 
1514.000  2.2812047600e-01  1.7776201250e-02 
1515.000  2.3342519900e-01  1.8283954620e-02 
1516.000  2.3151918500e-01  1.8179384230e-02 
1517.000  2.3089820600e-01  1.8204856870e-02 
1518.000  2.3661908100e-01  1.8786258700e-02 
1519.000  2.3483700600e-01  1.8790245060e-02 
1520.000  2.3843588400e-01  1.9277999880e-02 
1521.000  2.3504698200e-01  1.9140741350e-02 
1522.000  2.3368742900e-01  1.9082094190e-02 
1523.000  2.3971273800e-01  1.9654832840e-02 
1524.000  2.3762921100e-01  1.9508243560e-02 
1525.000  2.3189432400e-01  1.9051919940e-02 
1526.000  2.3852862400e-01  1.9628187180e-02 
1527.000  2.3641608900e-01  1.9516916280e-02 
1528.000  2.3851649700e-01  1.9769496920e-02 
1529.000  2.3777019800e-01  1.9728057860e-02 
1530.000  2.2291879700e-01  1.8563791280e-02 
1531.000  2.3855958800e-01  1.9921207430e-02 
1532.000  2.3742270100e-01  1.9885936740e-02 
1533.000  2.3646135500e-01  1.9844707490e-02 
1534.000  2.3298386500e-01  1.9587335590e-02 
1535.000  2.3397114200e-01  1.9705818180e-02 
1536.000  2.3710323800e-01  2.0017757420e-02 
1537.000  2.3803978800e-01  2.0168899540e-02 
1538.000  2.3171430300e-01  1.9707878110e-02 
1539.000  2.3672846700e-01  2.0206661220e-02 
1540.000  2.2818120500e-01  1.9533523560e-02 
1541.000  2.3299320000e-01  1.9979814530e-02 
1542.000  2.3437984200e-01  2.0123577120e-02 
1543.000  2.3374211800e-01  2.0104129790e-02 
1544.000  2.3674468200e-01  2.0405467990e-02 
1545.000  2.3765293500e-01  2.0541351320e-02 
1546.000  2.3787162100e-01  2.0621376040e-02 
1547.000  2.3556163200e-01  2.0476650240e-02 
1548.000  2.2860410300e-01  1.9919872280e-02 
1549.000  2.3446340700e-01  2.0466419220e-02 
1550.000  2.3314586200e-01  2.0382690430e-02 
1551.000  2.3191831800e-01  2.0291360860e-02 
1552.000  2.3587143900e-01  2.0649976730e-02 
1553.000  2.3463844800e-01  2.0562938690e-02 
1554.000  2.2604118100e-01  1.9820991520e-02 
1555.000  2.2981320700e-01  2.0177331920e-02 
1556.000  2.2542569900e-01  1.9830627440e-02 
1557.000  2.3280679000e-01  2.0531997680e-02 
1558.000  2.3096380600e-01  2.0408639910e-02 
1559.000  2.3098195800e-01  2.0446538930e-02 
1560.000  2.2699313400e-01  2.0138084410e-02 
1561.000  2.3229080200e-01  2.0626565930e-02 
1562.000  2.3218281300e-01  2.0612236020e-02 
1563.000  2.2871247800e-01  2.0308504100e-02 
1564.000  2.2405484200e-01  1.9890272140e-02 
1565.000  2.2730750800e-01  2.0167930600e-02 
1566.000  2.2300057900e-01  1.9806983950e-02 
1567.000  2.2264340200e-01  1.9775033950e-02 
1568.000  2.1748931900e-01  1.9301734920e-02 
1569.000  2.1767121400e-01  1.9296348570e-02 
1570.000  2.1161641600e-01  1.8752872470e-02 
1571.000  2.1728660200e-01  1.9282260890e-02 
1572.000  2.1712060500e-01  1.9280992510e-02 
1573.000  2.1382279100e-01  1.9025249480e-02 
1574.000  2.1466560100e-01  1.9147619250e-02 
1575.000  1.9944417000e-01  1.7824565890e-02 
1576.000  2.1426895100e-01  1.9164390560e-02 
1577.000  1.9355155900e-01  1.7312244420e-02 
1578.000  2.1189780200e-01  1.8954164510e-02 
1579.000  2.1322049400e-01  1.9081218720e-02 
1580.000  2.1776901900e-01  1.9510164260e-02 
1581.000  2.1632491500e-01  1.9384115220e-02 
1582.000  2.1217527900e-01  1.9063043590e-02 
1583.000  2.1497978900e-01  1.9363393780e-02 
1584.000  2.1324776500e-01  1.9257452010e-02 
1585.000  2.1969381900e-01  1.9882198330e-02 
1586.000  2.1693467100e-01  1.9656625750e-02 
1587.000  2.1467365800e-01  1.9493572240e-02 
1588.000  2.1152422800e-01  1.9246339800e-02 
1589.000  1.9352279800e-01  1.7627218250e-02 
1590.000  2.0849120900e-01  1.9007490160e-02 
1591.000  2.0382056100e-01  1.8599151610e-02 
1592.000  2.1449353600e-01  1.9577802660e-02 
1593.000  2.1910851000e-01  1.9998048780e-02 
1594.000  2.1723387500e-01  1.9827545170e-02 
1595.000  2.1820706200e-01  1.9919582370e-02 
1596.000  2.0440186000e-01  1.8677989960e-02 
1597.000  2.1199126800e-01  1.9367652890e-02 
1598.000  2.1490603500e-01  1.9621105190e-02 
1599.000  2.0647048700e-01  1.8831228260e-02 
1600.000  2.0892271900e-01  1.9042127610e-02 
1601.000  2.0012752200e-01  1.8258434300e-02 
1602.000  2.0499389700e-01  1.8729963300e-02 
1603.000  2.0376624300e-01  1.8666339870e-02 
1604.000  2.0681015200e-01  1.8999851230e-02 
1605.000  2.0375219100e-01  1.8748743060e-02 
1606.000  2.0311365700e-01  1.8724836350e-02 
1607.000  2.0380097500e-01  1.8775135040e-02 
1608.000  2.0599486500e-01  1.8964881900e-02 
1609.000  2.0520285100e-01  1.8889652250e-02 
1610.000  1.9254493900e-01  1.7725519180e-02 
1611.000  1.9869039900e-01  1.8315002440e-02 
1612.000  2.0115795200e-01  1.8568450930e-02 
1613.000  2.0617635500e-01  1.9056497570e-02 
1614.000  2.0415221600e-01  1.8865236280e-02 
1615.000  2.0792263800e-01  1.9232318880e-02 
1616.000  1.9520615500e-01  1.8067436220e-02 
1617.000  2.0130889900e-01  1.8680641170e-02 
1618.000  2.0758091300e-01  1.9285768510e-02 
1619.000  2.0729980400e-01  1.9309230800e-02 
1620.000  2.0240968700e-01  1.8900983810e-02 
1621.000  1.9968344000e-01  1.8684255600e-02 
1622.000  2.0470890100e-01  1.9164987560e-02 
1623.000  2.0898879400e-01  1.9586601260e-02 
1624.000  2.1051653800e-01  1.9745210650e-02 
1625.000  2.0550268400e-01  1.9314111710e-02 
1626.000  2.0780318900e-01  1.9517179490e-02 
1627.000  2.0756470900e-01  1.9515048980e-02 
1628.000  2.0914184600e-01  1.9670394900e-02 
1629.000  2.0900546900e-01  1.9662343980e-02 
1630.000  2.0314392700e-01  1.9105201720e-02 
1631.000  2.0632070200e-01  1.9414680480e-02 
1632.000  2.0614831700e-01  1.9360805510e-02 
1633.000  2.0342826200e-01  1.9089599610e-02 
1634.000  1.9846790900e-01  1.8601209640e-02 
1635.000  2.0378802100e-01  1.9086877820e-02 
1636.000  2.0302258400e-01  1.8995532990e-02 
1637.000  1.9371351800e-01  1.8105665210e-02 
1638.000  1.9229802800e-01  1.7963228230e-02 
1639.000  1.9001590500e-01  1.7720914840e-02 
1640.000  1.9096186300e-01  1.7793519970e-02 
1641.000  1.8959852500e-01  1.7653223040e-02 
1642.000  1.8936097300e-01  1.7670572280e-02 
1643.000  1.9415972700e-01  1.8150247570e-02 
1644.000  1.9108852200e-01  1.7890792850e-02 
1645.000  1.9138743200e-01  1.7941099170e-02 
1646.000  1.9368706100e-01  1.8191350940e-02 
1647.000  1.9548755900e-01  1.8365211490e-02 
1648.000  1.9460406700e-01  1.8276214600e-02 
1649.000  1.9013297500e-01  1.7858486180e-02 
1650.000  1.9495062200e-01  1.8317712780e-02 
1651.000  1.9059823500e-01  1.7909000400e-02 
1652.000  1.9438772100e-01  1.8257396700e-02 
1653.000  1.9238664100e-01  1.8080316540e-02 
1654.000  1.9454457500e-01  1.8288326260e-02 
1655.000  1.9085984800e-01  1.7957746510e-02 
1656.000  1.9468174200e-01  1.8328168870e-02 
1657.000  1.9326832300e-01  1.8199205400e-02 
1658.000  1.9448730200e-01  1.8329597470e-02 
1659.000  1.9094986700e-01  1.8000869750e-02 
1660.000  1.9315672100e-01  1.8202386860e-02 
1661.000  1.9391128800e-01  1.8265832900e-02 
1662.000  1.9245339700e-01  1.8096994400e-02 
1663.000  1.9117919700e-01  1.7958580020e-02 
1664.000  1.9028779500e-01  1.7854322430e-02 
1665.000  1.8834687800e-01  1.7648538590e-02 
1666.000  1.8757729600e-01  1.7595817570e-02 
1667.000  1.8949196100e-01  1.7749485020e-02 
1668.000  1.8628256500e-01  1.7527147290e-02 
1669.000  1.8680767800e-01  1.7604198460e-02 
1670.000  1.9100772700e-01  1.8032030110e-02 
1671.000  1.8961082800e-01  1.7920291900e-02 
1672.000  1.8062999100e-01  1.7098859790e-02 
1673.000  1.8578974400e-01  1.7597845080e-02 
1674.000  1.8653950600e-01  1.7686620710e-02 
1675.000  1.8480811900e-01  1.7549224850e-02 
1676.000  1.8181974200e-01  1.7272193910e-02 
1677.000  1.8274952800e-01  1.7363204960e-02 
1678.000  1.8376253000e-01  1.7468507770e-02 
1679.000  1.8132126900e-01  1.7235212330e-02 
1680.000  1.7510614000e-01  1.6654870990e-02 
1681.000  1.6903714900e-01  1.6082593920e-02 
1682.000  1.7391906100e-01  1.6545021060e-02 
1683.000  1.7820876800e-01  1.6946319580e-02 
1684.000  1.8150224700e-01  1.7253278730e-02 
1685.000  1.8202184600e-01  1.7279190060e-02 
1686.000  1.7982596300e-01  1.7064266200e-02 
1687.000  1.8052148300e-01  1.7087669370e-02 
1688.000  1.8061447300e-01  1.7060649870e-02 
1689.000  1.7843569600e-01  1.6845849990e-02 
1690.000  1.7829056800e-01  1.6791410450e-02 
1691.000  1.8059722400e-01  1.7009368900e-02 
1692.000  1.8092273300e-01  1.7046424870e-02 
1693.000  1.8028366400e-01  1.6997745510e-02 
1694.000  1.8001443200e-01  1.6979303360e-02 
1695.000  1.8006033900e-01  1.6970888140e-02 
1696.000  1.7900671900e-01  1.6853200910e-02 
1697.000  1.7788077500e-01  1.6714548110e-02 
1698.000  1.7893581200e-01  1.6786880490e-02 
1699.000  1.7778005800e-01  1.6657861710e-02 
1700.000  1.7552914300e-01  1.6428195950e-02 
