 lambda   Irr_dw            Rad_up 
 550.000  1.5272506000e+00  1.0958130650e-01 
 551.000  1.5171886000e+00  1.0877768710e-01 
 552.000  1.5819949000e+00  1.1343090060e-01 
 553.000  1.5195149000e+00  1.0885071560e-01 
 554.000  1.5686662000e+00  1.1236022950e-01 
 555.000  1.5725928000e+00  1.1251323700e-01 
 556.000  1.5288005000e+00  1.0925814820e-01 
 557.000  1.4830460000e+00  1.0598445890e-01 
 558.000  1.5389788000e+00  1.0985955810e-01 
 559.000  1.4543138000e+00  1.0375012210e-01 
 560.000  1.4603739000e+00  1.0417269130e-01 
 561.000  1.6046579000e+00  1.1433439640e-01 
 562.000  1.4726612000e+00  1.0489618680e-01 
 563.000  1.5404227000e+00  1.0960448460e-01 
 564.000  1.5184461000e+00  1.0787400820e-01 
 565.000  1.5362540000e+00  1.0911463170e-01 
 566.000  1.4161497000e+00  1.0047908020e-01 
 567.000  1.5187920000e+00  1.0753764340e-01 
 568.000  1.5145263000e+00  1.0669904330e-01 
 569.000  1.4834649000e+00  1.0336426540e-01 
 570.000  1.4911054000e+00  1.0399415590e-01 
 571.000  1.4385162000e+00  1.0101532750e-01 
 572.000  1.5198319000e+00  1.0598402400e-01 
 573.000  1.5358737000e+00  1.0727156070e-01 
 574.000  1.5273265000e+00  1.0665436550e-01 
 575.000  1.4898097000e+00  1.0390670780e-01 
 576.000  1.4626405000e+00  1.0193410490e-01 
 577.000  1.5233265000e+00  1.0625883480e-01 
 578.000  1.4789209000e+00  1.0344672390e-01 
 579.000  1.4675892000e+00  1.0270225520e-01 
 580.000  1.5181027000e+00  1.0640179440e-01 
 581.000  1.4906525000e+00  1.0461923980e-01 
 582.000  1.5128922000e+00  1.0610954280e-01 
 583.000  1.5233099000e+00  1.0687676240e-01 
 584.000  1.5183401000e+00  1.0639064790e-01 
 585.000  1.5082161000e+00  1.0556831360e-01 
 586.000  1.4432887000e+00  1.0099398040e-01 
 587.000  1.4995619000e+00  1.0440725710e-01 
 588.000  1.4837905000e+00  1.0184385680e-01 
 589.000  1.3151555000e+00  8.8451873780e-02 
 590.000  1.3731335000e+00  9.2238342290e-02 
 591.000  1.4590324000e+00  9.9220687870e-02 
 592.000  1.4310175000e+00  9.6518318180e-02 
 593.000  1.4460396000e+00  9.8921134950e-02 
 594.000  1.4592061000e+00  9.9465560910e-02 
 595.000  1.4312690000e+00  9.6481254580e-02 
 596.000  1.4666817000e+00  1.0034428410e-01 
 597.000  1.4710716000e+00  1.0019525910e-01 
 598.000  1.4409303000e+00  9.8759841920e-02 
 599.000  1.4412942000e+00  9.9019035340e-02 
 600.000  1.4415959000e+00  9.9612426760e-02 
 601.000  1.4334757000e+00  9.9486793520e-02 
 602.000  1.4177984000e+00  9.8474189760e-02 
 603.000  1.4263512000e+00  9.9225639340e-02 
 604.000  1.4715315000e+00  1.0253458400e-01 
 605.000  1.4677576000e+00  1.0219882970e-01 
 606.000  1.4507432000e+00  1.0107561490e-01 
 607.000  1.4425746000e+00  1.0045674900e-01 
 608.000  1.4372669000e+00  1.0001228330e-01 
 609.000  1.4225062000e+00  9.8984558110e-02 
 610.000  1.3997098000e+00  9.7327674870e-02 
 611.000  1.4224212000e+00  9.8890907290e-02 
 612.000  1.4038879000e+00  9.7593139650e-02 
 613.000  1.3833611000e+00  9.6105079650e-02 
 614.000  1.3329300000e+00  9.2608375550e-02 
 615.000  1.3972962000e+00  9.6986572270e-02 
 616.000  1.3285483000e+00  9.2229820250e-02 
 617.000  1.3360417000e+00  9.2733268740e-02 
 618.000  1.3990634000e+00  9.6992965700e-02 
 619.000  1.3862435000e+00  9.6138977050e-02 
 620.000  1.4067091000e+00  9.7441802980e-02 
 621.000  1.4308916000e+00  9.9088134770e-02 
 622.000  1.3554125000e+00  9.3786682130e-02 
 623.000  1.3659619000e+00  9.4359130860e-02 
 624.000  1.3674240000e+00  9.4496414180e-02 
 625.000  1.3303825000e+00  9.1910255430e-02 
 626.000  1.3371200000e+00  9.2175804140e-02 
 627.000  1.3595051000e+00  9.3177742000e-02 
 628.000  1.3413256000e+00  9.0948181150e-02 
 629.000  1.3749937000e+00  9.3503677370e-02 
 630.000  1.3293715000e+00  9.0854843140e-02 
 631.000  1.3781453000e+00  9.4266151430e-02 
 632.000  1.2836948800e+00  8.7436805730e-02 
 633.000  1.3779444000e+00  9.4297309880e-02 
 634.000  1.3365651000e+00  9.1626502990e-02 
 635.000  1.3610097000e+00  9.3304443360e-02 
 636.000  1.3130606600e+00  9.0101089480e-02 
 637.000  1.3563941000e+00  9.3134963990e-02 
 638.000  1.3774986000e+00  9.4777008060e-02 
 639.000  1.3661209000e+00  9.3878074650e-02 
 640.000  1.3232633700e+00  9.1160842900e-02 
 641.000  1.3423800000e+00  9.2437606810e-02 
 642.000  1.3262715900e+00  9.1376083370e-02 
 643.000  1.3494886000e+00  9.2782592770e-02 
 644.000  1.3340201800e+00  9.1623619080e-02 
 645.000  1.3456778300e+00  9.2213081360e-02 
 646.000  1.2944026600e+00  8.7614311220e-02 
 647.000  1.3119625300e+00  8.8059303280e-02 
 648.000  1.3096338200e+00  8.7259445190e-02 
 649.000  1.3356296400e+00  8.9470748900e-02 
 650.000  1.2377140800e+00  8.4050323490e-02 
 651.000  1.3332667400e+00  9.0524658200e-02 
 652.000  1.3075566100e+00  8.7713989260e-02 
 653.000  1.3339516700e+00  9.0701255800e-02 
 654.000  1.3164965400e+00  8.9263145450e-02 
 655.000  1.2817947100e+00  8.6448959350e-02 
 656.000  1.0882471800e+00  7.3493316650e-02 
 657.000  1.1614998800e+00  7.8653381350e-02 
 658.000  1.2937814300e+00  8.8089759830e-02 
 659.000  1.2969115800e+00  8.8507781980e-02 
 660.000  1.3070995000e+00  8.9318557740e-02 
 661.000  1.3128687200e+00  9.0071830750e-02 
 662.000  1.3317761900e+00  9.1505104060e-02 
 663.000  1.3169901100e+00  9.0398109440e-02 
 664.000  1.2960793500e+00  8.8994522090e-02 
 665.000  1.3017310700e+00  8.9393218990e-02 
 666.000  1.3174281500e+00  9.0592453000e-02 
 667.000  1.2912915300e+00  8.8746688840e-02 
 668.000  1.2986444300e+00  8.9367706300e-02 
 669.000  1.3171864700e+00  9.0695510860e-02 
 670.000  1.3017490100e+00  8.9525413510e-02 
 671.000  1.2876848000e+00  8.8590881350e-02 
 672.000  1.2836206100e+00  8.8291358950e-02 
 673.000  1.2927982000e+00  8.8890159610e-02 
 674.000  1.2953124200e+00  8.9068450930e-02 
 675.000  1.2755548000e+00  8.7663017270e-02 
 676.000  1.2996447100e+00  8.9324127200e-02 
 677.000  1.2738009700e+00  8.7558235170e-02 
 678.000  1.2948951700e+00  8.8972969060e-02 
 679.000  1.2766204300e+00  8.7653656010e-02 
 680.000  1.2668310500e+00  8.6945617680e-02 
 681.000  1.2681988400e+00  8.6966087340e-02 
 682.000  1.2655768700e+00  8.6700881960e-02 
 683.000  1.2738885800e+00  8.7178276060e-02 
 684.000  1.2508975500e+00  8.5558731080e-02 
 685.000  1.2650217500e+00  8.6514846800e-02 
 686.000  1.2093920400e+00  8.2420097350e-02 
 687.000  1.1188936800e+00  7.3268096920e-02 
 688.000  1.1485402700e+00  7.6123191830e-02 
 689.000  1.1431374000e+00  7.5536529540e-02 
 690.000  1.1635801700e+00  7.7377403260e-02 
 691.000  1.1870940500e+00  7.9428985600e-02 
 692.000  1.1901062100e+00  7.9657646180e-02 
 693.000  1.1891818600e+00  7.8212547300e-02 
 694.000  1.1913394200e+00  7.7242736820e-02 
 695.000  1.1784729100e+00  7.6924591060e-02 
 696.000  1.1968101700e+00  7.8463851930e-02 
 697.000  1.2194373400e+00  8.1985679630e-02 
 698.000  1.1924905500e+00  7.9668006900e-02 
 699.000  1.1960259700e+00  7.8165573120e-02 
 700.000  1.1849642200e+00  7.7681259160e-02 
 701.000  1.1543486300e+00  7.5261619570e-02 
 702.000  1.1515112700e+00  7.5338012700e-02 
 703.000  1.1827562000e+00  7.8756980900e-02 
 704.000  1.1867094100e+00  7.9097129820e-02 
 705.000  1.1894615700e+00  7.8665840150e-02 
 706.000  1.1779801200e+00  7.8020156860e-02 
 707.000  1.1623583900e+00  7.7198135380e-02 
 708.000  1.1984688400e+00  7.9833702090e-02 
 709.000  1.1605903200e+00  7.7762695310e-02 
 710.000  1.1819175300e+00  7.8621398930e-02 
 711.000  1.1752913800e+00  7.8677818300e-02 
 712.000  1.1632981800e+00  7.8345962520e-02 
 713.000  1.1546806700e+00  7.7370262150e-02 
 714.000  1.1729745300e+00  7.8401771550e-02 
 715.000  1.1259871600e+00  7.4644783020e-02 
 716.000  1.1492994000e+00  7.5537010190e-02 
 717.000  1.0774915200e+00  6.7561843870e-02 
 718.000  1.0452258800e+00  6.3584877010e-02 
 719.000  1.0236132700e+00  6.1507869720e-02 
 720.000  1.0168439000e+00  6.0167507170e-02 
 721.000  1.0774717300e+00  6.8357727050e-02 
 722.000  1.1147565500e+00  7.2333145140e-02 
 723.000  1.0996389900e+00  7.0374458310e-02 
 724.000  1.0699256500e+00  6.5856910710e-02 
 725.000  1.0634506700e+00  6.5827087400e-02 
 726.000  1.0596815300e+00  6.5479942320e-02 
 727.000  1.0803701100e+00  6.7084510800e-02 
 728.000  1.0561450900e+00  6.5225891110e-02 
 729.000  1.0271624000e+00  6.4362861630e-02 
 730.000  1.0625763200e+00  6.6423545840e-02 
 731.000  1.0420813200e+00  6.5011772160e-02 
 732.000  1.0843626000e+00  6.9288459780e-02 
 733.000  1.0888880300e+00  7.1290115360e-02 
 734.000  1.1216775900e+00  7.4259803770e-02 
 735.000  1.1088992000e+00  7.3083099370e-02 
 736.000  1.0815801500e+00  7.0761573790e-02 
 737.000  1.1006915700e+00  7.2380836490e-02 
 738.000  1.1043691600e+00  7.3195045470e-02 
 739.000  1.0713778400e+00  7.1282440190e-02 
 740.000  1.0876805300e+00  7.2927413940e-02 
 741.000  1.0825325500e+00  7.2982360840e-02 
 742.000  1.0661291400e+00  7.2033126830e-02 
 743.000  1.1006739300e+00  7.4717155460e-02 
 744.000  1.1124814400e+00  7.5695625310e-02 
 745.000  1.0846107300e+00  7.3941497800e-02 
 746.000  1.1005163900e+00  7.5086586000e-02 
 747.000  1.1171111500e+00  7.6197700500e-02 
 748.000  1.0977917700e+00  7.4911155700e-02 
 749.000  1.0982928000e+00  7.4973808290e-02 
 750.000  1.0818440300e+00  7.3774505620e-02 
 751.000  1.0790804300e+00  7.3585639950e-02 
 752.000  1.0960931900e+00  7.4810935970e-02 
 753.000  1.0859010900e+00  7.4132110600e-02 
 754.000  1.1030186000e+00  7.5310623170e-02 
 755.000  1.0967148400e+00  7.4879905700e-02 
 756.000  1.0752743300e+00  7.3417549130e-02 
 757.000  1.0832109000e+00  7.3958465580e-02 
 758.000  1.0809715600e+00  7.3761032100e-02 
 759.000  9.9936360000e-01  6.6702827450e-02 
 760.000  5.1114165000e-01  2.7758296970e-02 
 761.000  4.6179118000e-01  2.4363639830e-02 
 762.000  7.3682585000e-01  4.4792865750e-02 
 763.000  6.6873742000e-01  3.9098644260e-02 
 764.000  7.1474314000e-01  4.2595035550e-02 
 765.000  8.1596150000e-01  5.0840370180e-02 
 766.000  8.8224527000e-01  5.7463699340e-02 
 767.000  9.4549075000e-01  6.2736583710e-02 
 768.000  1.0159492300e+00  6.8265930180e-02 
 769.000  1.0333234600e+00  7.0035079960e-02 
 770.000  1.0382501000e+00  7.0659919740e-02 
 771.000  1.0437557400e+00  7.1204078670e-02 
 772.000  1.0408375900e+00  7.1048423770e-02 
 773.000  1.0369403500e+00  7.0801658630e-02 
 774.000  1.0483683600e+00  7.1600830080e-02 
 775.000  1.0091405100e+00  6.8936820980e-02 
 776.000  1.0508106700e+00  7.1829666140e-02 
 777.000  1.0435320800e+00  7.1323364260e-02 
 778.000  1.0379234000e+00  7.0911933900e-02 
 779.000  1.0412865000e+00  7.1104995730e-02 
 780.000  1.0283891500e+00  7.0246536250e-02 
 781.000  1.0268054600e+00  7.0144210820e-02 
 782.000  1.0391665200e+00  7.0926223750e-02 
 783.000  1.0148745300e+00  6.9333061220e-02 
 784.000  1.0204251900e+00  6.9665672300e-02 
 785.000  1.0223002900e+00  6.9597953800e-02 
 786.000  1.0034235800e+00  6.8132232670e-02 
 787.000  1.0153393300e+00  6.8425865170e-02 
 788.000  9.9857598000e-01  6.7087928770e-02 
 789.000  9.9876845000e-01  6.6324523930e-02 
 790.000  9.8818235000e-01  6.5523574830e-02 
 791.000  9.8416627000e-01  6.5414230350e-02 
 792.000  9.6953187000e-01  6.4533317570e-02 
 793.000  9.7080404000e-01  6.4917068480e-02 
 794.000  9.6556808000e-01  6.5251457210e-02 
 795.000  9.5744038000e-01  6.4214683530e-02 
 796.000  9.6587549000e-01  6.3849388120e-02 
 797.000  9.7421061000e-01  6.4708068850e-02 
 798.000  9.7972171000e-01  6.5716186520e-02 
 799.000  9.7778779000e-01  6.5401855470e-02 
 800.000  9.4870087000e-01  6.2989162450e-02 
 801.000  9.6684905000e-01  6.4253135680e-02 
 802.000  9.6453078000e-01  6.4025451660e-02 
 803.000  9.5130470000e-01  6.3234695430e-02 
 804.000  9.6159196000e-01  6.4183387760e-02 
 805.000  9.3844664000e-01  6.3081752780e-02 
 806.000  9.6579952000e-01  6.5151954650e-02 
 807.000  9.5991300000e-01  6.4799491880e-02 
 808.000  9.5314490000e-01  6.4165359500e-02 
 809.000  9.3559090000e-01  6.2793544770e-02 
 810.000  9.2984037000e-01  6.2192996980e-02 
 811.000  9.4143962000e-01  6.2582530980e-02 
 812.000  9.3375092000e-01  6.1600006100e-02 
 813.000  9.2402258000e-01  6.0326656340e-02 
 814.000  9.1505595000e-01  5.9061786650e-02 
 815.000  8.9545879000e-01  5.6963481900e-02 
 816.000  8.7460975000e-01  5.4630001070e-02 
 817.000  8.8063879000e-01  5.5047309880e-02 
 818.000  8.7634239000e-01  5.4802642820e-02 
 819.000  8.5686760000e-01  5.3970108030e-02 
 820.000  8.5431736000e-01  5.4913761140e-02 
 821.000  8.9917854000e-01  5.9123126980e-02 
 822.000  8.6158615000e-01  5.5592807770e-02 
 823.000  8.3786702000e-01  5.1545871730e-02 
 824.000  8.8081830000e-01  5.6432212830e-02 
 825.000  8.9835446000e-01  5.9242473600e-02 
 826.000  9.0071656000e-01  5.9079307560e-02 
 827.000  8.9539626000e-01  5.8500827790e-02 
 828.000  8.8120323000e-01  5.6538356780e-02 
 829.000  8.8520900000e-01  5.7131519320e-02 
 830.000  8.7600726000e-01  5.6950580600e-02 
 831.000  8.6170154000e-01  5.6107807160e-02 
 832.000  8.7976055000e-01  5.7308856960e-02 
 833.000  8.5503508000e-01  5.6005214690e-02 
 834.000  8.7072293000e-01  5.7329200740e-02 
 835.000  8.7798689000e-01  5.8300323490e-02 
 836.000  8.8641732000e-01  5.8775695800e-02 
 837.000  8.7886307000e-01  5.8225521090e-02 
 838.000  8.8462103000e-01  5.8915622710e-02 
 839.000  8.5845821000e-01  5.7324314120e-02 
 840.000  8.8194604000e-01  5.8911708830e-02 
 841.000  8.8276833000e-01  5.8761157990e-02 
 842.000  8.7851965000e-01  5.8631519320e-02 
 843.000  8.7543733000e-01  5.8928707120e-02 
 844.000  8.6218057000e-01  5.8244575500e-02 
 845.000  8.7582226000e-01  5.9261966710e-02 
 846.000  8.8418502000e-01  5.9976623540e-02 
 847.000  8.5428927000e-01  5.8106609340e-02 
 848.000  8.7846497000e-01  5.9536155700e-02 
 849.000  8.8019183000e-01  5.9743076320e-02 
 850.000  7.6060192000e-01  5.1489162450e-02 
 851.000  8.7084598000e-01  5.8812114720e-02 
 852.000  8.3786328000e-01  5.6644424440e-02 
 853.000  8.4832449000e-01  5.7463905330e-02 
 854.000  6.8197412000e-01  4.6219581600e-02 
 855.000  7.5102669000e-01  5.1014961240e-02 
 856.000  8.5281763000e-01  5.8045928960e-02 
 857.000  8.6665625000e-01  5.9136493680e-02 
 858.000  8.5287199000e-01  5.8217247010e-02 
 859.000  8.5294333000e-01  5.8304206850e-02 
 860.000  8.4541157000e-01  5.7874477390e-02 
 861.000  8.4530694000e-01  5.7861118320e-02 
 862.000  8.4254486000e-01  5.7642719270e-02 
 863.000  8.5865287000e-01  5.8824935910e-02 
 864.000  8.5693880000e-01  5.8613746640e-02 
 865.000  8.4098215000e-01  5.7628345490e-02 
 866.000  7.0541177000e-01  4.8376148220e-02 
 867.000  7.5118084000e-01  5.1369140620e-02 
 868.000  8.1469169000e-01  5.5781414030e-02 
 869.000  8.0326045000e-01  5.4998115540e-02 
 870.000  8.3639018000e-01  5.7353981020e-02 
 871.000  8.3520996000e-01  5.7234115600e-02 
 872.000  8.3184616000e-01  5.6853408810e-02 
 873.000  8.3517902000e-01  5.7177093510e-02 
 874.000  8.1686513000e-01  5.5870990750e-02 
 875.000  8.0935522000e-01  5.5470359800e-02 
 876.000  8.1606806000e-01  5.5871253970e-02 
 877.000  8.3232524000e-01  5.6882923130e-02 
 878.000  8.1798534000e-01  5.5941246030e-02 
 879.000  8.1988424000e-01  5.6118144990e-02 
 880.000  8.1509177000e-01  5.5643848420e-02 
 881.000  7.7271037000e-01  5.2775779720e-02 
 882.000  8.1535484000e-01  5.5542297360e-02 
 883.000  7.9676634000e-01  5.4423892970e-02 
 884.000  8.0354200000e-01  5.5048954010e-02 
 885.000  8.1173457000e-01  5.5238334660e-02 
 886.000  7.8505595000e-01  5.3390834810e-02 
 887.000  7.7706137000e-01  5.2888076780e-02 
 888.000  8.0031624000e-01  5.4339912410e-02 
 889.000  8.0574500000e-01  5.4929473880e-02 
 890.000  8.0311509000e-01  5.4649204250e-02 
 891.000  7.9835498000e-01  5.4097610470e-02 
 892.000  7.9408820000e-01  5.3501075740e-02 
 893.000  7.5827471000e-01  5.0074771880e-02 
 894.000  7.8040853000e-01  5.1138275150e-02 
 895.000  7.3073762000e-01  4.6836166380e-02 
 896.000  7.4483341000e-01  4.6595981600e-02 
 897.000  7.1237369000e-01  4.3662055970e-02 
 898.000  7.0636209000e-01  4.2768993380e-02 
 899.000  6.8506516000e-01  4.0191802980e-02 
 900.000  6.7090727000e-01  3.9459072110e-02 
 901.000  6.5137627000e-01  3.8028305050e-02 
 902.000  6.4022572000e-01  3.7449470520e-02 
 903.000  7.0542433000e-01  4.3376026150e-02 
 904.000  7.3947335000e-01  4.6801223750e-02 
 905.000  7.3670122000e-01  4.6786529540e-02 
 906.000  7.0450773000e-01  4.3937927250e-02 
 907.000  6.9350262000e-01  4.1789608000e-02 
 908.000  6.6176614000e-01  3.8934959410e-02 
 909.000  6.4932075000e-01  3.8222064970e-02 
 910.000  6.5921456000e-01  3.8933448790e-02 
 911.000  6.6723890000e-01  4.0125900270e-02 
 912.000  6.6390601000e-01  3.9477779390e-02 
 913.000  6.5822238000e-01  3.7959125520e-02 
 914.000  6.6436591000e-01  3.8888427730e-02 
 915.000  6.6155279000e-01  3.9353931430e-02 
 916.000  6.7096238000e-01  4.0004066470e-02 
 917.000  6.6473719000e-01  3.9893703460e-02 
 918.000  6.6687133000e-01  4.0379814150e-02 
 919.000  6.9463483000e-01  4.3557685850e-02 
 920.000  7.0208111000e-01  4.4782020570e-02 
 921.000  6.8363592000e-01  4.3397155760e-02 
 922.000  6.7723733000e-01  4.3050647740e-02 
 923.000  6.4518645000e-01  4.0520721440e-02 
 924.000  6.6328352000e-01  4.1275108340e-02 
 925.000  6.7135440000e-01  4.1664028170e-02 
 926.000  6.4727345000e-01  4.0015918730e-02 
 927.000  6.6058976000e-01  4.0291645050e-02 
 928.000  6.4781387000e-01  3.8317207340e-02 
 929.000  6.1453841000e-01  3.4799667360e-02 
 930.000  5.8170023000e-01  3.1112550740e-02 
 931.000  5.4565426000e-01  2.7273548130e-02 
 932.000  4.9301204000e-01  2.2369077680e-02 
 933.000  4.5735387000e-01  1.9358484270e-02 
 934.000  4.1425204000e-01  1.6299734120e-02 
 935.000  4.0406283000e-01  1.5751566890e-02 
 936.000  4.1669609000e-01  1.6702953340e-02 
 937.000  4.2182461000e-01  1.6807582860e-02 
 938.000  4.5986374000e-01  1.9880762100e-02 
 939.000  5.6935695000e-01  2.9847536090e-02 
 940.000  5.8123953000e-01  3.1240289690e-02 
 941.000  5.5533341000e-01  2.9259452820e-02 
 942.000  5.0385184000e-01  2.5088006970e-02 
 943.000  4.7610275000e-01  2.1403499600e-02 
 944.000  4.5929891000e-01  2.0485136030e-02 
 945.000  4.8347946000e-01  2.2347215650e-02 
 946.000  4.9102962000e-01  2.2759141920e-02 
 947.000  5.0526069000e-01  2.4233026500e-02 
 948.000  5.1836056000e-01  2.5359521870e-02 
 949.000  5.1854675000e-01  2.5326505660e-02 
 950.000  5.1764043000e-01  2.5415843960e-02 
 951.000  5.3665746000e-01  2.7496767040e-02 
 952.000  5.1273097000e-01  2.5145660400e-02 
 953.000  5.2779354000e-01  2.6750473020e-02 
 954.000  5.3994511000e-01  2.8307842250e-02 
 955.000  4.9101052000e-01  2.5106220250e-02 
 956.000  5.2038047000e-01  2.6498088840e-02 
 957.000  5.6335215000e-01  3.1057739260e-02 
 958.000  5.7309055000e-01  3.1928903580e-02 
 959.000  5.6801480000e-01  3.1312091830e-02 
 960.000  5.6048356000e-01  3.0817066190e-02 
 961.000  5.5085390000e-01  3.0125524520e-02 
 962.000  5.5675667000e-01  3.0639036180e-02 
 963.000  5.7864663000e-01  3.3122070310e-02 
 964.000  5.7520885000e-01  3.3126800540e-02 
 965.000  5.7998058000e-01  3.3302776340e-02 
 966.000  5.6436551000e-01  3.2496982570e-02 
 967.000  5.9730233000e-01  3.5374004360e-02 
 968.000  6.1703369000e-01  3.8205913540e-02 
 969.000  6.3257063000e-01  3.9927215580e-02 
 970.000  6.3489328000e-01  4.0127140050e-02 
 971.000  6.2897297000e-01  3.9739639280e-02 
 972.000  6.3014692000e-01  3.9600055690e-02 
 973.000  6.1651864000e-01  3.8270229340e-02 
 974.000  5.9776734000e-01  3.6549072270e-02 
 975.000  5.9471693000e-01  3.5999855040e-02 
 976.000  6.0938286000e-01  3.7345008850e-02 
 977.000  6.0583672000e-01  3.7861717220e-02 
 978.000  6.1978364000e-01  3.8686206820e-02 
 979.000  6.0477127000e-01  3.7952686310e-02 
 980.000  6.2546832000e-01  4.0044200900e-02 
 981.000  6.3243050000e-01  4.0681266780e-02 
 982.000  6.2832646000e-01  4.0247741700e-02 
 983.000  6.3281371000e-01  4.0970516200e-02 
 984.000  6.3492039000e-01  4.1575870510e-02 
 985.000  6.3820692000e-01  4.2072673800e-02 
 986.000  6.3761137000e-01  4.2411262510e-02 
 987.000  6.4694116000e-01  4.3205112460e-02 
 988.000  6.3932361000e-01  4.2738342290e-02 
 989.000  6.3147342000e-01  4.2239189150e-02 
 990.000  6.3732218000e-01  4.2671783450e-02 
 991.000  6.4421827000e-01  4.3286762240e-02 
 992.000  6.3872122000e-01  4.2960594180e-02 
 993.000  6.3884830000e-01  4.2984970090e-02 
 994.000  6.4355086000e-01  4.3436073300e-02 
 995.000  6.3982880000e-01  4.3286518100e-02 
 996.000  6.3969034000e-01  4.3275390620e-02 
 997.000  6.3972290000e-01  4.3211326600e-02 
 998.000  6.3662062000e-01  4.2933582310e-02 
 999.000  6.3476392000e-01  4.2780979160e-02 
1000.000  6.2991893000e-01  4.2474018100e-02 
1001.000  6.3194317000e-01  4.2466228490e-02 
1002.000  6.2863280000e-01  4.2019611360e-02 
1003.000  6.2183366000e-01  4.1618419650e-02 
1004.000  6.1793665000e-01  4.1485694890e-02 
1005.000  5.7788590000e-01  3.8852439880e-02 
1006.000  6.0824374000e-01  4.0915042880e-02 
1007.000  6.1889504000e-01  4.1589733120e-02 
1008.000  6.1967225000e-01  4.1462932590e-02 
1009.000  6.1342532000e-01  4.0816673280e-02 
1010.000  6.1680009000e-01  4.1145336150e-02 
1011.000  6.1607719000e-01  4.1347023010e-02 
1012.000  6.1722992000e-01  4.1522449490e-02 
1013.000  6.1352498000e-01  4.1351711270e-02 
1014.000  6.1775104000e-01  4.1698173520e-02 
1015.000  6.0639679000e-01  4.0968540190e-02 
1016.000  6.1060868000e-01  4.1319744110e-02 
1017.000  6.0470518000e-01  4.0965347290e-02 
1018.000  6.1224492000e-01  4.1467262270e-02 
1019.000  5.9749341000e-01  4.0407638550e-02 
1020.000  5.9649686000e-01  4.0346317290e-02 
1021.000  6.0297275000e-01  4.0798149110e-02 
1022.000  5.9301654000e-01  3.9966567990e-02 
1023.000  6.0363271000e-01  4.0541915890e-02 
1024.000  6.0010792000e-01  4.0203712460e-02 
1025.000  6.0124169000e-01  4.0389617920e-02 
1026.000  6.0250961000e-01  4.0539100650e-02 
1027.000  5.9862782000e-01  4.0288040160e-02 
1028.000  6.0022826000e-01  4.0463298800e-02 
1029.000  5.9161183000e-01  3.9991691590e-02 
1030.000  5.9805714000e-01  4.0540622710e-02 
1031.000  5.9641756000e-01  4.0510959630e-02 
1032.000  5.9450738000e-01  4.0440269470e-02 
1033.000  5.8359795000e-01  3.9692771910e-02 
1034.000  5.8929970000e-01  4.0086772920e-02 
1035.000  5.8160325000e-01  3.9540649410e-02 
1036.000  5.9121825000e-01  4.0199337010e-02 
1037.000  5.7876916000e-01  3.9345096590e-02 
1038.000  5.8449360000e-01  3.9725048070e-02 
1039.000  5.8687881000e-01  3.9866313930e-02 
1040.000  5.7993108000e-01  3.9376312260e-02 
1041.000  5.8295380000e-01  3.9561920170e-02 
1042.000  5.8468159000e-01  3.9663574220e-02 
1043.000  5.7458795000e-01  3.8965419770e-02 
1044.000  5.8030293000e-01  3.9335239410e-02 
1045.000  5.7776638000e-01  3.9188907620e-02 
1046.000  5.6096007000e-01  3.8084720610e-02 
1047.000  5.7125299000e-01  3.8819061280e-02 
1048.000  5.7691904000e-01  3.9244064330e-02 
1049.000  5.7321409000e-01  3.9036743160e-02 
1050.000  5.7081061000e-01  3.8904300690e-02 
1051.000  5.6979309000e-01  3.8802917480e-02 
1052.000  5.6712075000e-01  3.8589717860e-02 
1053.000  5.6569421000e-01  3.8469539640e-02 
1054.000  5.6148181000e-01  3.8143947600e-02 
1055.000  5.6557247000e-01  3.8380031590e-02 
1056.000  5.6404924000e-01  3.8242462160e-02 
1057.000  5.6299433000e-01  3.8121540070e-02 
1058.000  5.5695550000e-01  3.7629859920e-02 
1059.000  5.3945200000e-01  3.6473712920e-02 
1060.000  5.5896630000e-01  3.7867214200e-02 
1061.000  5.3935826000e-01  3.6547317500e-02 
1062.000  5.5423070000e-01  3.7514743800e-02 
1063.000  5.4484619000e-01  3.6861904140e-02 
1064.000  5.5157298000e-01  3.7241298680e-02 
1065.000  5.5074714000e-01  3.7087883000e-02 
1066.000  5.3387732000e-01  3.5927772520e-02 
1067.000  5.4647720000e-01  3.6720352170e-02 
1068.000  5.4374814000e-01  3.6382370000e-02 
1069.000  5.0252737000e-01  3.3545463560e-02 
1070.000  5.3240756000e-01  3.5574760440e-02 
1071.000  5.3289360000e-01  3.5553249360e-02 
1072.000  5.3428244000e-01  3.5595134740e-02 
1073.000  5.1662782000e-01  3.4427001950e-02 
1074.000  5.3479053000e-01  3.5671337130e-02 
1075.000  5.1876334000e-01  3.4725158690e-02 
1076.000  5.2979562000e-01  3.5402679440e-02 
1077.000  5.2811179000e-01  3.5208461760e-02 
1078.000  5.2888010000e-01  3.5164245610e-02 
1079.000  5.0843270000e-01  3.3798748020e-02 
1080.000  5.2186225000e-01  3.4436962130e-02 
1081.000  5.0256798000e-01  3.3148338320e-02 
1082.000  5.0969578000e-01  3.3697486880e-02 
1083.000  4.9509018000e-01  3.2570392610e-02 
1084.000  5.1297881000e-01  3.3572311400e-02 
1085.000  5.0379116000e-01  3.2620174410e-02 
1086.000  5.1096985000e-01  3.3129558560e-02 
1087.000  4.8225761000e-01  3.1590370180e-02 
1088.000  5.1157154000e-01  3.3567417140e-02 
1089.000  4.8881333000e-01  3.1692142490e-02 
1090.000  4.9879211000e-01  3.2297191620e-02 
1091.000  5.0269173000e-01  3.2666572570e-02 
1092.000  4.8936515000e-01  3.1631687160e-02 
1093.000  4.7952846600e-01  3.0590557100e-02 
1094.000  4.3478485700e-01  2.7545295720e-02 
1095.000  4.7089647200e-01  2.9832040790e-02 
1096.000  4.7222361000e-01  2.9926671980e-02 
1097.000  4.6217863200e-01  2.9155033110e-02 
1098.000  4.4491055800e-01  2.7088712690e-02 
1099.000  4.3463993600e-01  2.5625551220e-02 
1100.000  4.4292484800e-01  2.6168729780e-02 
1101.000  4.4358116800e-01  2.6319114690e-02 
1102.000  4.2445341500e-01  2.5123136520e-02 
1103.000  4.4237561200e-01  2.6252313610e-02 
1104.000  4.3718662900e-01  2.5801134110e-02 
1105.000  4.3145451800e-01  2.5119155880e-02 
1106.000  4.2265325800e-01  2.4286252980e-02 
1107.000  4.2348796500e-01  2.4396768570e-02 
1108.000  4.2315637800e-01  2.4409999850e-02 
1109.000  4.2963765700e-01  2.5026889800e-02 
1110.000  4.3139927300e-01  2.5043199540e-02 
1111.000  4.2344832000e-01  2.4402128220e-02 
1112.000  4.0713075300e-01  2.2786970140e-02 
1113.000  3.8848847900e-01  2.0815917970e-02 
1114.000  3.8830055800e-01  2.0476047520e-02 
1115.000  3.6277550000e-01  1.7984102250e-02 
1116.000  3.4465778700e-01  1.6424385070e-02 
1117.000  3.1574538500e-01  1.3787530900e-02 
1118.000  2.8185907900e-01  1.1297970770e-02 
1119.000  2.5804661800e-01  9.8205680850e-03 
1120.000  2.3790956100e-01  8.4766521450e-03 
1121.000  2.3483293900e-01  8.2303094860e-03 
1122.000  2.1109145100e-01  6.8554706570e-03 
1123.000  2.2492997700e-01  7.5938572880e-03 
1124.000  2.3387515200e-01  8.0898656850e-03 
1125.000  2.2472492100e-01  7.6684188840e-03 
1126.000  2.1868041900e-01  7.4256453510e-03 
1127.000  2.2784379100e-01  7.7965607640e-03 
1128.000  2.2705738000e-01  7.8815436360e-03 
1129.000  2.4984548200e-01  9.2633991240e-03 
1130.000  2.9857515100e-01  1.2584481240e-02 
1131.000  3.1548426300e-01  1.3772753720e-02 
1132.000  2.9755421400e-01  1.2364510540e-02 
1133.000  2.5539286100e-01  9.6953964230e-03 
1134.000  1.8681977700e-01  5.7123856540e-03 
1135.000  1.9446433000e-01  6.0772743230e-03 
1136.000  2.6154284000e-01  1.0103338240e-02 
1137.000  2.9974584900e-01  1.2685103420e-02 
1138.000  3.2018927100e-01  1.4789472580e-02 
1139.000  3.3618873000e-01  1.6016765590e-02 
1140.000  3.3118579200e-01  1.5526054380e-02 
1141.000  3.0966523100e-01  1.4080355640e-02 
1142.000  3.1380846400e-01  1.4099458690e-02 
1143.000  2.9493523500e-01  1.2773842810e-02 
1144.000  2.7768634800e-01  1.1545293810e-02 
1145.000  2.5685623800e-01  1.0031749730e-02 
1146.000  2.6485769500e-01  1.0504269600e-02 
1147.000  2.8393234200e-01  1.1819946290e-02 
1148.000  2.9652028400e-01  1.2868282320e-02 
1149.000  3.0343237200e-01  1.3398329730e-02 
1150.000  3.0218067200e-01  1.3398174290e-02 
1151.000  3.1002059100e-01  1.4130151750e-02 
1152.000  3.1364843300e-01  1.4488521580e-02 
1153.000  3.1931860400e-01  1.5033465390e-02 
1154.000  3.1956968900e-01  1.5007074360e-02 
1155.000  3.3236341800e-01  1.6187076570e-02 
1156.000  3.4078079000e-01  1.7248771670e-02 
1157.000  3.7010598600e-01  2.0113754270e-02 
1158.000  3.8043894800e-01  2.1272537230e-02 
1159.000  3.8363830400e-01  2.1981552120e-02 
1160.000  3.8221807700e-01  2.2133497240e-02 
1161.000  3.8272901700e-01  2.2690319060e-02 
1162.000  4.0300447100e-01  2.4336132050e-02 
1163.000  4.1254431300e-01  2.5435674670e-02 
1164.000  4.0598577100e-01  2.5141838070e-02 
1165.000  4.1432210900e-01  2.5742134090e-02 
1166.000  4.0512827600e-01  2.5302783970e-02 
1167.000  4.1265732800e-01  2.5857917790e-02 
1168.000  4.1586621900e-01  2.6040664670e-02 
1169.000  4.0254994500e-01  2.5289123540e-02 
1170.000  4.1438141700e-01  2.6106603620e-02 
1171.000  4.1904318600e-01  2.6575393680e-02 
1172.000  4.1610467400e-01  2.6296051030e-02 
1173.000  4.1161052000e-01  2.5925247190e-02 
1174.000  4.1191321200e-01  2.5954816820e-02 
1175.000  4.1135461900e-01  2.6179920200e-02 
1176.000  4.0523907100e-01  2.6029155730e-02 
1177.000  4.1590652000e-01  2.6602451320e-02 
1178.000  4.0515263900e-01  2.5690965650e-02 
1179.000  4.0334407400e-01  2.5580791470e-02 
1180.000  4.0765308900e-01  2.5775459290e-02 
1181.000  4.0205418300e-01  2.5214820860e-02 
1182.000  3.9905929900e-01  2.4821441650e-02 
1183.000  3.7629678000e-01  2.3427398680e-02 
1184.000  3.9523861200e-01  2.4721368790e-02 
1185.000  4.0536630500e-01  2.5646537780e-02 
1186.000  4.0151366900e-01  2.5314792630e-02 
1187.000  3.9666431300e-01  2.4717231750e-02 
1188.000  3.9348340500e-01  2.4444242480e-02 
1189.000  3.7337796100e-01  2.3350996020e-02 
1190.000  3.9945165800e-01  2.5423507690e-02 
1191.000  4.0799239100e-01  2.6090198520e-02 
1192.000  4.0905786900e-01  2.6346330640e-02 
1193.000  4.0850338900e-01  2.6244398120e-02 
1194.000  4.0722709500e-01  2.6134986880e-02 
1195.000  3.9944231100e-01  2.5448190690e-02 
1196.000  3.9963276400e-01  2.5495824810e-02 
1197.000  3.9796052800e-01  2.5302709580e-02 
1198.000  3.8425521600e-01  2.4418312070e-02 
1199.000  3.6814245100e-01  2.3292715070e-02 
1200.000  3.9245767800e-01  2.4902887340e-02 
1201.000  3.9571164400e-01  2.5145992280e-02 
1202.000  3.9661973700e-01  2.5259670260e-02 
1203.000  3.7621341000e-01  2.3928915020e-02 
1204.000  3.8305861900e-01  2.4429046630e-02 
1205.000  3.9722033300e-01  2.5666067120e-02 
1206.000  3.9726458400e-01  2.5821193700e-02 
1207.000  4.0093888000e-01  2.6122842790e-02 
1208.000  3.9438072100e-01  2.5644207000e-02 
1209.000  3.6861428800e-01  2.3891120910e-02 
1210.000  3.9242125700e-01  2.5294803620e-02 
1211.000  3.7902788100e-01  2.4418008800e-02 
1212.000  3.9145163300e-01  2.5263326640e-02 
1213.000  3.9504013500e-01  2.5637811660e-02 
1214.000  3.9298025800e-01  2.5497287750e-02 
1215.000  3.9505655600e-01  2.5695520400e-02 
1216.000  3.9681817600e-01  2.6040929790e-02 
1217.000  3.9842183100e-01  2.6345594410e-02 
1218.000  3.9799784200e-01  2.6415473940e-02 
1219.000  3.9477003000e-01  2.6261579510e-02 
1220.000  3.9750325500e-01  2.6441499710e-02 
1221.000  3.9702966900e-01  2.6422466280e-02 
1222.000  3.9501610800e-01  2.6288898470e-02 
1223.000  3.9335221800e-01  2.6212842940e-02 
1224.000  3.9787293700e-01  2.6644655230e-02 
1225.000  3.9599887900e-01  2.6559202190e-02 
1226.000  3.9779809800e-01  2.6733297350e-02 
1227.000  3.8498101800e-01  2.5947725300e-02 
1228.000  3.9782790300e-01  2.6908565520e-02 
1229.000  3.9797344400e-01  2.6989973070e-02 
1230.000  3.9727624300e-01  2.7024274830e-02 
1231.000  3.9764532300e-01  2.7099180220e-02 
1232.000  3.9329779100e-01  2.6827333450e-02 
1233.000  3.9647607800e-01  2.7062635420e-02 
1234.000  3.9614101300e-01  2.7141963960e-02 
1235.000  3.9369912100e-01  2.7011964800e-02 
1236.000  3.9619286900e-01  2.7208494190e-02 
1237.000  3.9644254900e-01  2.7261949540e-02 
1238.000  3.9628632600e-01  2.7267852780e-02 
1239.000  3.9181607000e-01  2.6971399310e-02 
1240.000  3.9004309100e-01  2.6884992600e-02 
1241.000  3.9345044800e-01  2.7149379730e-02 
1242.000  3.9106027600e-01  2.7010705950e-02 
1243.000  3.8661192300e-01  2.6730548860e-02 
1244.000  3.8297865300e-01  2.6495647430e-02 
1245.000  3.8944968600e-01  2.6958169940e-02 
1246.000  3.8629645800e-01  2.6709049220e-02 
1247.000  3.8421731000e-01  2.6533119200e-02 
1248.000  3.8702638400e-01  2.6695127490e-02 
1249.000  3.8552451000e-01  2.6569894790e-02 
1250.000  3.8384956400e-01  2.6424217220e-02 
1251.000  3.8102549600e-01  2.6208330150e-02 
1252.000  3.7959171500e-01  2.6078994750e-02 
1253.000  3.7614474600e-01  2.5808921810e-02 
1254.000  3.7650637000e-01  2.5768777850e-02 
1255.000  3.7542614000e-01  2.5653747560e-02 
1256.000  3.7423431200e-01  2.5541276930e-02 
1257.000  3.6939408500e-01  2.5143030170e-02 
1258.000  3.6947883100e-01  2.5029573440e-02 
1259.000  3.6425520800e-01  2.4577493670e-02 
1260.000  3.6339426900e-01  2.4410539630e-02 
1261.000  3.6118375400e-01  2.4152332310e-02 
1262.000  3.5017133300e-01  2.3261157990e-02 
1263.000  3.5314878000e-01  2.3438091280e-02 
1264.000  3.4681661900e-01  2.3015596390e-02 
1265.000  3.4714036400e-01  2.3046142580e-02 
1266.000  3.4800176600e-01  2.3067325590e-02 
1267.000  3.3993789700e-01  2.2498209000e-02 
1268.000  3.3485982700e-01  2.2127061840e-02 
1269.000  3.3721185200e-01  2.2267934800e-02 
1270.000  3.4537874300e-01  2.2927562710e-02 
1271.000  3.4929188200e-01  2.3236484530e-02 
1272.000  3.4987459800e-01  2.3333570480e-02 
1273.000  3.5103193600e-01  2.3485193250e-02 
1274.000  3.5072830700e-01  2.3550651550e-02 
1275.000  3.5366358500e-01  2.3773191450e-02 
1276.000  3.5474539900e-01  2.3846252440e-02 
1277.000  3.5478656900e-01  2.3828208920e-02 
1278.000  3.5409906300e-01  2.3751661300e-02 
1279.000  3.5207707500e-01  2.3624843600e-02 
1280.000  3.5097758400e-01  2.3639568330e-02 
1281.000  3.4190813800e-01  2.3112098690e-02 
1282.000  3.0438039100e-01  2.0650373460e-02 
1283.000  3.3456709000e-01  2.2743192670e-02 
1284.000  3.4843696800e-01  2.3706964490e-02 
1285.000  3.5127361200e-01  2.3915994640e-02 
1286.000  3.5073309800e-01  2.3831708910e-02 
1287.000  3.5200541100e-01  2.3838121410e-02 
1288.000  3.4653060600e-01  2.3206298830e-02 
1289.000  3.4758338100e-01  2.3194641110e-02 
1290.000  3.3947359400e-01  2.2633325580e-02 
1291.000  3.4470081400e-01  2.2981702800e-02 
1292.000  3.4756744200e-01  2.3231222150e-02 
1293.000  3.4800638600e-01  2.3230550770e-02 
1294.000  3.4107470900e-01  2.2620098110e-02 
1295.000  3.4242517300e-01  2.2511394500e-02 
1296.000  3.4024104300e-01  2.2188364030e-02 
1297.000  3.3615174100e-01  2.1793787000e-02 
1298.000  3.3296715300e-01  2.1573654170e-02 
1299.000  3.3618913000e-01  2.1767221450e-02 
1300.000  3.3450074300e-01  2.1642616270e-02 
1301.000  3.3352132500e-01  2.1538780210e-02 
1302.000  3.2785159000e-01  2.1054803850e-02 
1303.000  3.2188999800e-01  2.0389390950e-02 
1304.000  3.2052270900e-01  2.0171239850e-02 
1305.000  3.2177528100e-01  2.0186679840e-02 
1306.000  3.2155680600e-01  2.0104358670e-02 
1307.000  3.1954806900e-01  1.9913839340e-02 
1308.000  3.1658345500e-01  1.9563135150e-02 
1309.000  3.1265743800e-01  1.9100145340e-02 
1310.000  3.1093826000e-01  1.8977954860e-02 
1311.000  3.1008445300e-01  1.8924386980e-02 
1312.000  3.0466506600e-01  1.8346645360e-02 
1313.000  2.8858029600e-01  1.7103176120e-02 
1314.000  2.9310128200e-01  1.7119983670e-02 
1315.000  2.8533206000e-01  1.6774749760e-02 
1316.000  2.9529909200e-01  1.7529705050e-02 
1317.000  2.9830197800e-01  1.7699146270e-02 
1318.000  2.8892338200e-01  1.6847644810e-02 
1319.000  2.8529114100e-01  1.6244825360e-02 
1320.000  2.7459533100e-01  1.5194006920e-02 
1321.000  2.7006989300e-01  1.4765121460e-02 
1322.000  2.7513118600e-01  1.5312200550e-02 
1323.000  2.8200924400e-01  1.5978468890e-02 
1324.000  2.8526549200e-01  1.6316448210e-02 
1325.000  2.8288881400e-01  1.6068376540e-02 
1326.000  2.7582135200e-01  1.5381901740e-02 
1327.000  2.6131443500e-01  1.3939738270e-02 
1328.000  2.4821299200e-01  1.2539687160e-02 
1329.000  2.1416799600e-01  9.7756109240e-03 
1330.000  2.0813379700e-01  9.1425457000e-03 
1331.000  2.0265288900e-01  8.6829385760e-03 
1332.000  2.0045722900e-01  8.6469440460e-03 
1333.000  2.1146234500e-01  9.3183002470e-03 
1334.000  2.1987461700e-01  9.9646081920e-03 
1335.000  2.2581475200e-01  1.0444441800e-02 
1336.000  2.2570687800e-01  1.0513273240e-02 
1337.000  2.2826188900e-01  1.0659367560e-02 
1338.000  2.3201098400e-01  1.0998834610e-02 
1339.000  2.3252468400e-01  1.1074057580e-02 
1340.000  2.3414297900e-01  1.1296178820e-02 
1341.000  2.3810097100e-01  1.1361669540e-02 
1342.000  2.3800436500e-01  1.1369096760e-02 
1343.000  2.2898418600e-01  1.0360296250e-02 
1344.000  2.1514284600e-01  9.1505899430e-03 
1345.000  1.7801793300e-01  6.5048995020e-03 
1346.000  1.5185682800e-01  4.8573598860e-03 
1347.000  1.3469594900e-01  3.9534039500e-03 
1348.000  1.1167113400e-01  2.7567811010e-03 
1349.000  1.0156964380e-01  2.3363800050e-03 
1350.000  7.9119415100e-02  1.4442118410e-03 
1351.000  6.8304658700e-02  1.1159266230e-03 
1352.000  5.2245291700e-02  6.6256040330e-04 
1353.000  3.7031170800e-02  3.6377161740e-04 
1354.000  2.9609878600e-02  2.4325568970e-04 
1355.000  2.2989600500e-02  1.5608726440e-04 
1356.000  1.7384915900e-02  9.5069430770e-05 
1357.000  1.1883074770e-02  4.7941755500e-05 
1358.000  8.7943008300e-03  2.9286254200e-05 
1359.000  4.6371897900e-03  9.9433083090e-06 
1360.000  3.0667192400e-03  5.2273869510e-06 
1361.000  2.2822901500e-03  3.1112164720e-06 
1362.000  2.1000785500e-03  2.7371568140e-06 
1363.000  3.0298718100e-03  4.7807600350e-06 
1364.000  3.5132260700e-03  5.9894691220e-06 
1365.000  3.6785380500e-03  6.3219205480e-06 
1366.000  4.2480985300e-03  7.9006357120e-06 
1367.000  3.5684709500e-03  6.1909728680e-06 
1368.000  3.1641443500e-03  5.3530763830e-06 
1369.000  3.2446885400e-03  5.6343097240e-06 
1370.000  5.3662024900e-03  1.3089729470e-05 
1371.000  9.5567395900e-03  3.2835107300e-05 
1372.000  1.7696152000e-02  9.0869911020e-05 
1373.000  2.5103431300e-02  1.6051489110e-04 
1374.000  3.0483393100e-02  2.2223885360e-04 
1375.000  3.2500629600e-02  2.4970948700e-04 
1376.000  3.0145691800e-02  2.2162450850e-04 
1377.000  2.6837182400e-02  1.8120741840e-04 
1378.000  2.0455538600e-02  1.1560463910e-04 
1379.000  1.4046694450e-02  6.2428746370e-05 
1380.000  7.9668927200e-03  2.4925682690e-05 
1381.000  4.6085463100e-03  1.0390517300e-05 
1382.000  3.2226940600e-03  5.8636418540e-06 
1383.000  3.1180831900e-03  5.4809362630e-06 
1384.000  5.0718353300e-03  1.1846582410e-05 
1385.000  7.2001142700e-03  2.0800983530e-05 
1386.000  1.0997422030e-02  4.1101157670e-05 
1387.000  2.0206222700e-02  1.1336039750e-04 
1388.000  2.6781493800e-02  1.7828054730e-04 
1389.000  3.0763815700e-02  2.2750745710e-04 
1390.000  3.1403131300e-02  2.3806521300e-04 
1391.000  2.9315216600e-02  2.1206136050e-04 
1392.000  2.2163594200e-02  1.3422910870e-04 
1393.000  1.6942337500e-02  8.7581887840e-05 
1394.000  1.2979772590e-02  5.7193338870e-05 
1395.000  1.4631298300e-02  6.9460794330e-05 
1396.000  2.0077353600e-02  1.1514656250e-04 
1397.000  2.5909671700e-02  1.7569473390e-04 
1398.000  2.6682462500e-02  1.8397507070e-04 
1399.000  2.4913525000e-02  1.6704836490e-04 
1400.000  2.3296268200e-02  1.5199616550e-04 
1401.000  2.4765118800e-02  1.7107598480e-04 
1402.000  3.0701997200e-02  2.3972816770e-04 
1403.000  3.5348309000e-02  3.1213480230e-04 
1404.000  3.3248264300e-02  2.8154480460e-04 
1405.000  3.4826785200e-02  3.1223851440e-04 
1406.000  3.2294249700e-02  2.7386891840e-04 
1407.000  3.3492323800e-02  2.9997539520e-04 
1408.000  4.0142813800e-02  4.0409007670e-04 
1409.000  4.7056376000e-02  5.3751868010e-04 
1410.000  5.7713925200e-02  7.5846523050e-04 
1411.000  6.8647961800e-02  1.0470913650e-03 
1412.000  6.6321824800e-02  1.0124077800e-03 
1413.000  7.3146439300e-02  1.2148448230e-03 
1414.000  7.2117525800e-02  1.1684260370e-03 
1415.000  7.9724384700e-02  1.4279602770e-03 
1416.000  8.5657723400e-02  1.6207621100e-03 
1417.000  8.7862961400e-02  1.7124103310e-03 
1418.000  8.8645915900e-02  1.7330894470e-03 
1419.000  8.8461199300e-02  1.7638677360e-03 
1420.000  9.0562012200e-02  1.8363325600e-03 
1421.000  1.0185420440e-01  2.2596914770e-03 
1422.000  1.0427681170e-01  2.3924608230e-03 
1423.000  1.0543950150e-01  2.4686985020e-03 
1424.000  1.0508124540e-01  2.4483039380e-03 
1425.000  1.0388858650e-01  2.3761396410e-03 
1426.000  1.0016303460e-01  2.2957551480e-03 
1427.000  1.0609225000e-01  2.5179402830e-03 
1428.000  1.1205372820e-01  2.7252218720e-03 
1429.000  1.1365461890e-01  2.8518421650e-03 
1430.000  1.1089094230e-01  2.7854692940e-03 
1431.000  1.0330922220e-01  2.4828486440e-03 
1432.000  1.0101531470e-01  2.3601107600e-03 
1433.000  1.0073067360e-01  2.3471331600e-03 
1434.000  9.6079440900e-02  2.1878268720e-03 
1435.000  1.0314925100e-01  2.4566266540e-03 
1436.000  1.0571764080e-01  2.5646955970e-03 
1437.000  1.0740263810e-01  2.6305594440e-03 
1438.000  1.1386435720e-01  2.9162495140e-03 
1439.000  1.1596564350e-01  2.9821119310e-03 
1440.000  1.1119265670e-01  2.8985621930e-03 
1441.000  1.1809876740e-01  3.1015117170e-03 
1442.000  1.1328406560e-01  2.9331777100e-03 
1443.000  1.1532015280e-01  2.9929606910e-03 
1444.000  1.1791979360e-01  3.0987350940e-03 
1445.000  1.1815582380e-01  3.1167109010e-03 
1446.000  1.2367156590e-01  3.3457653520e-03 
1447.000  1.2705112500e-01  3.5157027240e-03 
1448.000  1.2849903400e-01  3.5713241100e-03 
1449.000  1.2597644220e-01  3.4523961540e-03 
1450.000  1.2046451370e-01  3.2274458410e-03 
1451.000  1.2181309200e-01  3.3049793240e-03 
1452.000  1.2714341580e-01  3.6058874130e-03 
1453.000  1.4167445800e-01  4.2765097620e-03 
1454.000  1.5416226700e-01  4.9505715370e-03 
1455.000  1.6013439300e-01  5.3384261130e-03 
1456.000  1.6723620100e-01  5.7835545540e-03 
1457.000  1.6992582900e-01  5.9091262820e-03 
1458.000  1.7324908500e-01  6.0722765920e-03 
1459.000  1.6838252200e-01  5.7612981800e-03 
1460.000  1.6070754800e-01  5.3847727780e-03 
1461.000  1.5762511500e-01  5.2243280410e-03 
1462.000  1.4913866800e-01  4.7852268220e-03 
1463.000  1.4814989000e-01  4.7619786260e-03 
1464.000  1.4623648300e-01  4.6590952870e-03 
1465.000  1.4299259400e-01  4.4474730490e-03 
1466.000  1.3326619700e-01  4.0198550220e-03 
1467.000  1.3230013300e-01  3.9032974240e-03 
1468.000  1.2415962070e-01  3.5725562570e-03 
1469.000  1.1778044000e-01  3.2443935870e-03 
1470.000  1.1436980590e-01  3.1035563950e-03 
1471.000  1.2136836680e-01  3.4868741040e-03 
1472.000  1.3364562200e-01  4.1009993550e-03 
1473.000  1.5018946700e-01  4.9898433690e-03 
1474.000  1.5742326900e-01  5.5420069690e-03 
1475.000  1.6022221000e-01  5.6559958460e-03 
1476.000  1.6048282900e-01  5.6800117490e-03 
1477.000  1.5704324400e-01  5.4834976200e-03 
1478.000  1.5090222800e-01  5.2003264430e-03 
1479.000  1.4790981000e-01  4.9941368100e-03 
1480.000  1.5099036900e-01  5.1935853960e-03 
1481.000  1.5381244100e-01  5.4364666940e-03 
1482.000  1.6075986800e-01  5.8583183290e-03 
1483.000  1.5898103000e-01  5.8509507180e-03 
1484.000  1.6001168600e-01  5.9162778850e-03 
1485.000  1.6231215600e-01  5.9946947100e-03 
1486.000  1.6368401400e-01  6.2112884520e-03 
1487.000  1.7370186000e-01  6.9314622880e-03 
1488.000  1.5222453100e-01  6.1198110580e-03 
1489.000  1.8680356400e-01  8.0099430080e-03 
1490.000  1.9763223400e-01  8.9430437090e-03 
1491.000  2.0469175300e-01  9.5434618000e-03 
1492.000  2.0098002100e-01  9.4420137410e-03 
1493.000  2.0840688600e-01  9.9802875520e-03 
1494.000  2.0810369800e-01  1.0014688490e-02 
1495.000  2.0982530300e-01  1.0286084180e-02 
1496.000  2.0946068600e-01  1.0545174600e-02 
1497.000  2.1456771300e-01  1.0844519620e-02 
1498.000  2.2164495000e-01  1.1461617470e-02 
1499.000  2.2263209800e-01  1.1759791370e-02 
1500.000  2.2949663000e-01  1.2318912510e-02 
1501.000  2.2819096700e-01  1.2213384630e-02 
1502.000  2.2451045600e-01  1.1952606200e-02 
1503.000  2.0056077400e-01  1.0639209750e-02 
1504.000  2.0989110500e-01  1.1205856320e-02 
1505.000  2.1251199800e-01  1.1539804460e-02 
1506.000  2.1544282600e-01  1.1745043750e-02 
1507.000  2.2825448500e-01  1.2633444790e-02 
1508.000  2.2624701600e-01  1.2640106200e-02 
1509.000  2.2876945100e-01  1.2909686090e-02 
1510.000  2.3286820500e-01  1.3210383420e-02 
1511.000  2.3501361200e-01  1.3433126450e-02 
1512.000  2.3132893500e-01  1.3294967650e-02 
1513.000  2.3123902000e-01  1.3348722460e-02 
1514.000  2.2807343800e-01  1.3199851040e-02 
1515.000  2.3337649700e-01  1.3570498470e-02 
1516.000  2.3147051200e-01  1.3474687580e-02 
1517.000  2.3084917800e-01  1.3477049830e-02 
1518.000  2.3656807600e-01  1.3895593640e-02 
1519.000  2.3478550300e-01  1.3886953350e-02 
1520.000  2.3838231000e-01  1.4250041960e-02 
1521.000  2.3499368600e-01  1.4165142060e-02 
1522.000  2.3363449000e-01  1.4130450250e-02 
1523.000  2.3965872600e-01  1.4566343310e-02 
1524.000  2.3757559100e-01  1.4463253020e-02 
1525.000  2.3184224500e-01  1.4125620840e-02 
1526.000  2.3847501800e-01  1.4540147780e-02 
1527.000  2.3636227200e-01  1.4448764800e-02 
1528.000  2.3846138500e-01  1.4627901080e-02 
1529.000  2.3771513800e-01  1.4583333020e-02 
1530.000  2.2286692800e-01  1.3714251520e-02 
1531.000  2.3850364800e-01  1.4699059490e-02 
1532.000  2.3736662400e-01  1.4655784610e-02 
1533.000  2.3640512400e-01  1.4605406760e-02 
1534.000  2.3292798500e-01  1.4395770070e-02 
1535.000  2.3391474600e-01  1.4462080960e-02 
1536.000  2.3704617700e-01  1.4694081310e-02 
1537.000  2.3798212000e-01  1.4810605050e-02 
1538.000  2.3165768500e-01  1.4478137970e-02 
1539.000  2.3667063900e-01  1.4850498200e-02 
1540.000  2.2812503000e-01  1.4359908100e-02 
1541.000  2.3293587100e-01  1.4681256290e-02 
1542.000  2.3432195400e-01  1.4777671810e-02 
1543.000  2.3368421900e-01  1.4755125050e-02 
1544.000  2.3668547600e-01  1.4968561170e-02 
1545.000  2.3759283500e-01  1.5062228200e-02 
1546.000  2.3781104700e-01  1.5119978900e-02 
1547.000  2.3550153000e-01  1.5013397220e-02 
1548.000  2.2854544200e-01  1.4604475980e-02 
1549.000  2.3440309600e-01  1.5002816200e-02 
1550.000  2.3308589400e-01  1.4938431740e-02 
1551.000  2.3185866700e-01  1.4862416270e-02 
1552.000  2.3581059300e-01  1.5112006190e-02 
1553.000  2.3457765000e-01  1.5036306380e-02 
1554.000  2.2598261000e-01  1.4481122020e-02 
1555.000  2.2975328800e-01  1.4730327610e-02 
1556.000  2.2536679900e-01  1.4478210450e-02 
1557.000  2.3274575600e-01  1.5000720020e-02 
1558.000  2.3090346900e-01  1.4919285770e-02 
1559.000  2.3092172000e-01  1.4955176350e-02 
1560.000  2.2693411000e-01  1.4738819120e-02 
1561.000  2.3223043400e-01  1.5094545360e-02 
1562.000  2.3212276500e-01  1.5070766450e-02 
1563.000  2.2865388200e-01  1.4837260250e-02 
1564.000  2.2399719500e-01  1.4519296650e-02 
1565.000  2.2724927600e-01  1.4709074020e-02 
1566.000  2.2294333100e-01  1.4441555980e-02 
1567.000  2.2258708500e-01  1.4420157430e-02 
1568.000  2.1743537100e-01  1.4075616840e-02 
1569.000  2.1761815100e-01  1.4071918490e-02 
1570.000  2.1156539600e-01  1.3676918030e-02 
1571.000  2.1723413800e-01  1.4067494390e-02 
1572.000  2.1706854200e-01  1.4068011280e-02 
1573.000  2.1377132600e-01  1.3884541510e-02 
1574.000  2.1461358600e-01  1.3977931020e-02 
1575.000  1.9939572600e-01  1.3015049930e-02 
1576.000  2.1421690400e-01  1.3989778520e-02 
1577.000  1.9350437100e-01  1.2622251510e-02 
1578.000  2.1184585100e-01  1.3802275660e-02 
1579.000  2.1316802100e-01  1.3878266330e-02 
1580.000  2.1771494800e-01  1.4174300190e-02 
1581.000  2.1627107100e-01  1.4067072870e-02 
1582.000  2.1212190900e-01  1.3833782200e-02 
1583.000  2.1492513200e-01  1.4051212310e-02 
1584.000  2.1319296200e-01  1.3974263190e-02 
1585.000  2.1963717800e-01  1.4426655770e-02 
1586.000  2.1687849200e-01  1.4260775570e-02 
1587.000  2.1461755200e-01  1.4142762180e-02 
1588.000  2.1146885600e-01  1.3963515280e-02 
1589.000  1.9347233800e-01  1.2786599160e-02 
1590.000  2.0843720900e-01  1.3786166190e-02 
1591.000  2.0376746000e-01  1.3490607260e-02 
1592.000  2.1443756800e-01  1.4200284960e-02 
1593.000  2.1905189800e-01  1.4504343990e-02 
1594.000  2.1717799900e-01  1.4380273820e-02 
1595.000  2.1815157300e-01  1.4447381020e-02 
1596.000  2.0434985000e-01  1.3548270230e-02 
1597.000  2.1193765900e-01  1.4048468590e-02 
1598.000  2.1485251900e-01  1.4231753350e-02 
1599.000  2.0641970000e-01  1.3657534600e-02 
1600.000  2.0887198200e-01  1.3809707640e-02 
1601.000  2.0007903500e-01  1.3243446350e-02 
1602.000  2.0494435100e-01  1.3595047000e-02 
1603.000  2.0371689200e-01  1.3559945110e-02 
1604.000  2.0675978800e-01  1.3814179420e-02 
1605.000  2.0370271300e-01  1.3640817640e-02 
1606.000  2.0306427200e-01  1.3632218360e-02 
1607.000  2.0375149600e-01  1.3656202320e-02 
1608.000  2.0594499700e-01  1.3781766890e-02 
1609.000  2.0515306600e-01  1.3715538020e-02 
1610.000  1.9249815100e-01  1.2859620090e-02 
1611.000  1.9864173200e-01  1.3279075620e-02 
1612.000  2.0110822700e-01  1.3453811650e-02 
1613.000  2.0612484300e-01  1.3798030850e-02 
1614.000  2.0410125400e-01  1.3647826190e-02 
1615.000  2.0787031700e-01  1.3903358460e-02 
1616.000  1.9515668500e-01  1.3051882740e-02 
1617.000  2.0125745200e-01  1.3502825740e-02 
1618.000  2.0752795100e-01  1.3945920940e-02 
1619.000  2.0724692600e-01  1.3971381190e-02 
1620.000  2.0235741100e-01  1.3684205060e-02 
1621.000  1.9963172500e-01  1.3534551620e-02 
1622.000  2.0465598500e-01  1.3882816310e-02 
1623.000  2.0893452100e-01  1.4189660070e-02 
1624.000  2.1046178500e-01  1.4304944040e-02 
1625.000  2.0544871400e-01  1.3995570180e-02 
1626.000  2.0774914500e-01  1.4140023230e-02 
1627.000  2.0751074800e-01  1.4142562870e-02 
1628.000  2.0908768000e-01  1.4256957050e-02 
1629.000  2.0895158400e-01  1.4252757070e-02 
1630.000  2.0309197100e-01  1.3849655150e-02 
1631.000  2.0626802000e-01  1.4076840400e-02 
1632.000  2.0609603300e-01  1.4021806720e-02 
1633.000  2.0337679700e-01  1.3812685970e-02 
1634.000  1.9841759500e-01  1.3446067810e-02 
1635.000  2.0373653400e-01  1.3785121920e-02 
1636.000  2.0297175700e-01  1.3706163410e-02 
1637.000  1.9366529200e-01  1.3053616520e-02 
1638.000  1.9224998000e-01  1.2939326290e-02 
1639.000  1.8996848100e-01  1.2753778460e-02 
1640.000  1.9091433300e-01  1.2794927600e-02 
1641.000  1.8955143100e-01  1.2686138150e-02 
1642.000  1.8931437500e-01  1.2723906520e-02 
1643.000  1.9411207000e-01  1.3081782340e-02 
1644.000  1.9104159500e-01  1.2905887600e-02 
1645.000  1.9134091200e-01  1.2962085720e-02 
1646.000  1.9364012800e-01  1.3157622340e-02 
1647.000  1.9544040400e-01  1.3280872340e-02 
1648.000  1.9455690500e-01  1.3212014200e-02 
1649.000  1.9008723100e-01  1.2906284330e-02 
1650.000  1.9490361200e-01  1.3235759740e-02 
1651.000  1.9055253500e-01  1.2938606260e-02 
1652.000  1.9434105100e-01  1.3187853810e-02 
1653.000  1.9234059100e-01  1.3059679990e-02 
1654.000  1.9449815400e-01  1.3209603310e-02 
1655.000  1.9081393100e-01  1.2970850940e-02 
1656.000  1.9463429100e-01  1.3238471980e-02 
1657.000  1.9322182000e-01  1.3144349100e-02 
1658.000  1.9444081900e-01  1.3238337520e-02 
1659.000  1.9090395200e-01  1.2999802590e-02 
1660.000  1.9311032800e-01  1.3142946240e-02 
1661.000  1.9386578500e-01  1.3182955740e-02 
1662.000  1.9240779600e-01  1.3043148990e-02 
1663.000  1.9113371900e-01  1.2926614760e-02 
1664.000  1.9024305500e-01  1.2835524560e-02 
1665.000  1.8830174100e-01  1.2669392590e-02 
1666.000  1.8753267700e-01  1.2620326040e-02 
1667.000  1.8944750800e-01  1.2796683310e-02 
1668.000  1.8623779700e-01  1.2605576520e-02 
1669.000  1.8676291800e-01  1.2673766140e-02 
1670.000  1.9096216800e-01  1.2995261190e-02 
1671.000  1.8956599900e-01  1.2927793500e-02 
1672.000  1.8058704400e-01  1.2351738930e-02 
1673.000  1.8574545700e-01  1.2728171350e-02 
1674.000  1.8649558200e-01  1.2808485030e-02 
1675.000  1.8476541100e-01  1.2726773260e-02 
1676.000  1.8177735700e-01  1.2530936240e-02 
1677.000  1.8270646300e-01  1.2595295910e-02 
1678.000  1.8371985500e-01  1.2671888350e-02 
1679.000  1.8127847100e-01  1.2500266080e-02 
1680.000  1.7506457100e-01  1.2078322410e-02 
1681.000  1.6899759200e-01  1.1662887570e-02 
1682.000  1.7387820200e-01  1.1997865680e-02 
1683.000  1.7816722700e-01  1.2287177090e-02 
1684.000  1.8145999100e-01  1.2508317950e-02 
1685.000  1.8197972600e-01  1.2523987770e-02 
1686.000  1.7978420700e-01  1.2364035610e-02 
1687.000  1.8048035700e-01  1.2371744160e-02 
1688.000  1.8057340300e-01  1.2343606950e-02 
1689.000  1.7839506600e-01  1.2182860370e-02 
1690.000  1.7825028800e-01  1.2135193820e-02 
1691.000  1.8055637500e-01  1.2295381550e-02 
1692.000  1.8088212000e-01  1.2327660560e-02 
1693.000  1.8024377400e-01  1.2298858640e-02 
1694.000  1.7997454800e-01  1.2290681840e-02 
1695.000  1.8002029300e-01  1.2287923810e-02 
1696.000  1.7896700900e-01  1.2191988950e-02 
1697.000  1.7784170900e-01  1.2078274730e-02 
1698.000  1.7889654700e-01  1.2117476460e-02 
1699.000  1.7774081700e-01  1.2012308120e-02 
1700.000  1.7549029200e-01  1.1835106850e-02 
