 lambda   Irr_dw            Rad_up 
 550.000  1.5337656000e+00  1.3984190370e-01 
 551.000  1.5236239000e+00  1.3884678650e-01 
 552.000  1.5886654000e+00  1.4477964780e-01 
 553.000  1.5258855000e+00  1.3897131350e-01 
 554.000  1.5752031000e+00  1.4345300290e-01 
 555.000  1.5791095000e+00  1.4369784550e-01 
 556.000  1.5351013000e+00  1.3958805850e-01 
 557.000  1.4891211000e+00  1.3540165710e-01 
 558.000  1.5452475000e+00  1.4039991760e-01 
 559.000  1.4602028000e+00  1.3261485290e-01 
 560.000  1.4662507000e+00  1.3315240480e-01 
 561.000  1.6110769000e+00  1.4618807980e-01 
 562.000  1.4785087000e+00  1.3411520390e-01 
 563.000  1.5465016000e+00  1.4017510990e-01 
 564.000  1.5244018000e+00  1.3801998900e-01 
 565.000  1.5422335000e+00  1.3959820560e-01 
 566.000  1.4216268000e+00  1.2858660890e-01 
 567.000  1.5246099000e+00  1.3767068480e-01 
 568.000  1.5202174000e+00  1.3667965700e-01 
 569.000  1.4888828000e+00  1.3260729980e-01 
 570.000  1.4965344000e+00  1.3341424560e-01 
 571.000  1.4438054000e+00  1.2949868770e-01 
 572.000  1.5252966000e+00  1.3598115540e-01 
 573.000  1.5413837000e+00  1.3761576840e-01 
 574.000  1.5327782000e+00  1.3684675600e-01 
 575.000  1.4950885000e+00  1.3335849000e-01 
 576.000  1.4677909000e+00  1.3085160830e-01 
 577.000  1.5286808000e+00  1.3641195680e-01 
 578.000  1.4841291000e+00  1.3275483700e-01 
 579.000  1.4727624000e+00  1.3182681270e-01 
 580.000  1.5234484000e+00  1.3652966310e-01 
 581.000  1.4959157000e+00  1.3423884580e-01 
 582.000  1.5182332000e+00  1.3620671080e-01 
 583.000  1.5286665000e+00  1.3717529300e-01 
 584.000  1.5236607000e+00  1.3661087040e-01 
 585.000  1.5134777000e+00  1.3559692380e-01 
 586.000  1.4483002000e+00  1.2972853090e-01 
 587.000  1.5047029000e+00  1.3423132320e-01 
 588.000  1.4886978000e+00  1.3115892030e-01 
 589.000  1.3193303000e+00  1.1418814090e-01 
 590.000  1.3774611000e+00  1.1908742520e-01 
 591.000  1.4637116000e+00  1.2794049840e-01 
 592.000  1.4355255000e+00  1.2460128020e-01 
 593.000  1.4507056000e+00  1.2752103420e-01 
 594.000  1.4638568000e+00  1.2827302550e-01 
 595.000  1.4357193000e+00  1.2459114840e-01 
 596.000  1.4713487000e+00  1.2937014770e-01 
 597.000  1.4756984000e+00  1.2927847290e-01 
 598.000  1.4454987000e+00  1.2733910370e-01 
 599.000  1.4458669000e+00  1.2764997100e-01 
 600.000  1.4462106000e+00  1.2833909610e-01 
 601.000  1.4380853000e+00  1.2810447690e-01 
 602.000  1.4223552000e+00  1.2680754090e-01 
 603.000  1.4309315000e+00  1.2774559780e-01 
 604.000  1.4762482000e+00  1.3196112060e-01 
 605.000  1.4724489000e+00  1.3157067870e-01 
 606.000  1.4553575000e+00  1.3009609990e-01 
 607.000  1.4471431000e+00  1.2931958010e-01 
 608.000  1.4417979000e+00  1.2877584840e-01 
 609.000  1.4269681000e+00  1.2744784550e-01 
 610.000  1.4040801000e+00  1.2534036250e-01 
 611.000  1.4268419000e+00  1.2735949710e-01 
 612.000  1.4082290000e+00  1.2569170380e-01 
 613.000  1.3876188000e+00  1.2380027770e-01 
 614.000  1.3370114000e+00  1.1929198460e-01 
 615.000  1.4015556000e+00  1.2497046660e-01 
 616.000  1.3325769000e+00  1.1883341220e-01 
 617.000  1.3400730000e+00  1.1948680880e-01 
 618.000  1.4032636000e+00  1.2502111050e-01 
 619.000  1.3903815000e+00  1.2390232090e-01 
 620.000  1.4108863000e+00  1.2562626650e-01 
 621.000  1.4351156000e+00  1.2776317600e-01 
 622.000  1.3593889000e+00  1.2096099850e-01 
 623.000  1.3699464000e+00  1.2176891330e-01 
 624.000  1.3713857000e+00  1.2192829130e-01 
 625.000  1.3342111000e+00  1.1860204320e-01 
 626.000  1.3409367000e+00  1.1901145170e-01 
 627.000  1.3633013000e+00  1.2040147400e-01 
 628.000  1.3448594000e+00  1.1767903900e-01 
 629.000  1.3786947000e+00  1.2098249050e-01 
 630.000  1.3329639000e+00  1.1748061370e-01 
 631.000  1.3818914000e+00  1.2190589140e-01 
 632.000  1.2871429000e+00  1.1311416630e-01 
 633.000  1.3816931000e+00  1.2194442750e-01 
 634.000  1.3402048000e+00  1.1845750430e-01 
 635.000  1.3647007000e+00  1.2061534120e-01 
 636.000  1.3166198000e+00  1.1645841220e-01 
 637.000  1.3600626000e+00  1.2036412810e-01 
 638.000  1.3812416000e+00  1.2247084050e-01 
 639.000  1.3698201000e+00  1.2135630040e-01 
 640.000  1.3268447000e+00  1.1777326970e-01 
 641.000  1.3459972000e+00  1.1943566130e-01 
 642.000  1.3298407000e+00  1.1806680300e-01 
 643.000  1.3530824000e+00  1.1991320040e-01 
 644.000  1.3375579000e+00  1.1845474240e-01 
 645.000  1.3492049000e+00  1.1923274230e-01 
 646.000  1.2976891200e+00  1.1347093960e-01 
 647.000  1.3152268500e+00  1.1417721560e-01 
 648.000  1.3128259400e+00  1.1321026610e-01 
 649.000  1.3389155600e+00  1.1604743960e-01 
 650.000  1.2408386300e+00  1.0885089870e-01 
 651.000  1.3366156400e+00  1.1723429110e-01 
 652.000  1.3107371500e+00  1.1373898320e-01 
 653.000  1.3372853000e+00  1.1744218440e-01 
 654.000  1.3197595800e+00  1.1564310460e-01 
 655.000  1.2849189000e+00  1.1206215670e-01 
 656.000  1.0908980800e+00  9.5258270260e-02 
 657.000  1.1643343600e+00  1.0191243740e-01 
 658.000  1.2969604400e+00  1.1404987340e-01 
 659.000  1.3001075900e+00  1.1456974790e-01 
 660.000  1.3103164000e+00  1.1559558870e-01 
 661.000  1.3161155200e+00  1.1651277920e-01 
 662.000  1.3350721300e+00  1.1835406490e-01 
 663.000  1.3202301300e+00  1.1695288850e-01 
 664.000  1.2992599200e+00  1.1514032750e-01 
 665.000  1.3049158300e+00  1.1566702270e-01 
 666.000  1.3206415600e+00  1.1718358610e-01 
 667.000  1.2944329600e+00  1.1483255770e-01 
 668.000  1.3017941500e+00  1.1560433200e-01 
 669.000  1.3203682100e+00  1.1730809780e-01 
 670.000  1.3048831700e+00  1.1584867860e-01 
 671.000  1.2907727300e+00  1.1462751770e-01 
 672.000  1.2866853500e+00  1.1424922940e-01 
 673.000  1.2958727100e+00  1.1503899380e-01 
 674.000  1.2983794300e+00  1.1526651000e-01 
 675.000  1.2785635900e+00  1.1346846010e-01 
 676.000  1.3026974400e+00  1.1561681370e-01 
 677.000  1.2767797200e+00  1.1332668300e-01 
 678.000  1.2979113600e+00  1.1517228700e-01 
 679.000  1.2795808400e+00  1.1348938750e-01 
 680.000  1.2697502300e+00  1.1257351680e-01 
 681.000  1.2711012800e+00  1.1261584470e-01 
 682.000  1.2684596300e+00  1.1230411530e-01 
 683.000  1.2767741300e+00  1.1295237730e-01 
 684.000  1.2537054100e+00  1.1084258270e-01 
 685.000  1.2678572600e+00  1.1210440060e-01 
 686.000  1.2120627700e+00  1.0688071440e-01 
 687.000  1.1210042000e+00  9.5341804500e-02 
 688.000  1.1507708300e+00  9.8975860600e-02 
 689.000  1.1453221600e+00  9.8200820920e-02 
 690.000  1.1658354400e+00  1.0054953770e-01 
 691.000  1.1894463000e+00  1.0316856380e-01 
 692.000  1.1924926700e+00  1.0346212770e-01 
 693.000  1.1915091700e+00  1.0180065160e-01 
 694.000  1.1936101000e+00  1.0066127010e-01 
 695.000  1.1807441700e+00  1.0019879910e-01 
 696.000  1.1991309100e+00  1.0216572570e-01 
 697.000  1.2219247800e+00  1.0645851900e-01 
 698.000  1.1948797900e+00  1.0353022770e-01 
 699.000  1.1983029600e+00  1.0178971860e-01 
 700.000  1.1872243200e+00  1.0113254550e-01 
 701.000  1.1565224200e+00  9.8044944760e-02 
 702.000  1.1536836500e+00  9.8106781010e-02 
 703.000  1.1850680600e+00  1.0239382930e-01 
 704.000  1.1890223800e+00  1.0281604770e-01 
 705.000  1.1917306500e+00  1.0233329010e-01 
 706.000  1.1802198700e+00  1.0147515110e-01 
 707.000  1.1645791100e+00  1.0037255860e-01 
 708.000  1.2007606600e+00  1.0376471710e-01 
 709.000  1.1628346200e+00  1.0101738740e-01 
 710.000  1.1841572100e+00  1.0221897890e-01 
 711.000  1.1775462400e+00  1.0222983550e-01 
 712.000  1.1655537300e+00  1.0172408290e-01 
 713.000  1.1568829500e+00  1.0051170350e-01 
 714.000  1.1751941700e+00  1.0189149480e-01 
 715.000  1.1281479600e+00  9.7097053530e-02 
 716.000  1.1513823700e+00  9.8350891110e-02 
 717.000  1.0792906000e+00  8.8378799440e-02 
 718.000  1.0468970800e+00  8.3454406740e-02 
 719.000  1.0252168900e+00  8.0859642030e-02 
 720.000  1.0183971200e+00  7.9218620300e-02 
 721.000  1.0792736100e+00  8.9320663450e-02 
 722.000  1.1166903500e+00  9.4341377260e-02 
 723.000  1.1014947500e+00  9.1918037410e-02 
 724.000  1.0716315400e+00  8.6367309570e-02 
 725.000  1.0651487200e+00  8.6276786800e-02 
 726.000  1.0613620900e+00  8.5838554380e-02 
 727.000  1.0820901500e+00  8.7914108280e-02 
 728.000  1.0578080600e+00  8.5518974300e-02 
 729.000  1.0288036900e+00  8.4270278930e-02 
 730.000  1.0642630200e+00  8.6992240910e-02 
 731.000  1.0437236900e+00  8.5139183040e-02 
 732.000  1.0861276300e+00  9.0536048890e-02 
 733.000  1.0907308700e+00  9.2916595460e-02 
 734.000  1.1236225500e+00  9.6694702150e-02 
 735.000  1.1107913900e+00  9.5210021970e-02 
 736.000  1.0833906500e+00  9.2241798400e-02 
 737.000  1.1025481200e+00  9.4318298340e-02 
 738.000  1.1062578400e+00  9.5306915280e-02 
 739.000  1.0732186700e+00  9.2770233150e-02 
 740.000  1.0895806000e+00  9.4840515140e-02 
 741.000  1.0844401500e+00  9.4844985960e-02 
 742.000  1.0680114000e+00  9.3590484620e-02 
 743.000  1.1026364600e+00  9.7029632570e-02 
 744.000  1.1144683300e+00  9.8271278380e-02 
 745.000  1.0865516400e+00  9.5971633910e-02 
 746.000  1.1024867100e+00  9.7463859560e-02 
 747.000  1.1191055200e+00  9.8923027040e-02 
 748.000  1.0997521800e+00  9.7268287660e-02 
 749.000  1.1002496600e+00  9.7351051330e-02 
 750.000  1.0837612400e+00  9.5821166990e-02 
 751.000  1.0809861300e+00  9.5575340270e-02 
 752.000  1.0980283900e+00  9.7157043460e-02 
 753.000  1.0878130400e+00  9.6271591190e-02 
 754.000  1.1049548600e+00  9.7799255370e-02 
 755.000  1.0986337600e+00  9.7240097050e-02 
 756.000  1.0771496000e+00  9.5339141850e-02 
 757.000  1.0850928200e+00  9.6041046140e-02 
 758.000  1.0828342100e+00  9.5791427610e-02 
 759.000  1.0008985800e+00  8.6801795960e-02 
 760.000  5.1151798000e-01  3.6682819370e-02 
 761.000  4.6209921000e-01  3.2263324740e-02 
 762.000  7.3764750000e-01  5.8760517120e-02 
 763.000  6.6936296000e-01  5.1420135500e-02 
 764.000  7.1546578000e-01  5.5949337010e-02 
 765.000  8.1696004000e-01  6.6556327820e-02 
 766.000  8.8347584000e-01  7.4914169310e-02 
 767.000  9.4687539000e-01  8.1671066280e-02 
 768.000  1.0175006200e+00  8.8771514890e-02 
 769.000  1.0349622800e+00  9.0999015810e-02 
 770.000  1.0399334100e+00  9.1772415160e-02 
 771.000  1.0454694300e+00  9.2458900450e-02 
 772.000  1.0425487000e+00  9.2252372740e-02 
 773.000  1.0386424400e+00  9.1932662960e-02 
 774.000  1.0500867900e+00  9.2970031740e-02 
 775.000  1.0107913200e+00  8.9510314940e-02 
 776.000  1.0525247300e+00  9.3251922610e-02 
 777.000  1.0452284900e+00  9.2601081850e-02 
 778.000  1.0396043800e+00  9.2080131530e-02 
 779.000  1.0429673500e+00  9.2346366880e-02 
 780.000  1.0300424000e+00  9.1221809390e-02 
 781.000  1.0284529700e+00  9.1090393070e-02 
 782.000  1.0408276000e+00  9.2128135680e-02 
 783.000  1.0164896500e+00  9.0023612980e-02 
 784.000  1.0220405900e+00  9.0462211610e-02 
 785.000  1.0239017600e+00  9.0416603090e-02 
 786.000  1.0049761600e+00  8.8526954650e-02 
 787.000  1.0168730200e+00  8.8999748230e-02 
 788.000  1.0000642900e+00  8.7279586790e-02 
 789.000  1.0002090600e+00  8.6395698550e-02 
 790.000  9.8960284000e-01  8.5371276860e-02 
 791.000  9.8557917000e-01  8.5202133180e-02 
 792.000  9.7092679000e-01  8.4054412840e-02 
 793.000  9.7221292000e-01  8.4513877870e-02 
 794.000  9.6700339000e-01  8.4842208860e-02 
 795.000  9.5883405000e-01  8.3592132570e-02 
 796.000  9.6722059000e-01  8.3221809390e-02 
 797.000  9.7557829000e-01  8.4292388920e-02 
 798.000  9.8112711000e-01  8.5520240780e-02 
 799.000  9.7917696000e-01  8.5148971560e-02 
 800.000  9.5001968000e-01  8.2077415470e-02 
 801.000  9.6818926000e-01  8.3712890620e-02 
 802.000  9.6586268000e-01  8.3433555600e-02 
 803.000  9.5261811000e-01  8.2382553100e-02 
 804.000  9.6292581000e-01  8.3565467830e-02 
 805.000  9.3976972000e-01  8.2058738710e-02 
 806.000  9.6716881000e-01  8.4726356510e-02 
 807.000  9.6127142000e-01  8.4250785830e-02 
 808.000  9.5447853000e-01  8.3457901000e-02 
 809.000  9.3688722000e-01  8.1703163150e-02 
 810.000  9.3111202000e-01  8.0958038330e-02 
 811.000  9.4270912000e-01  8.1526313780e-02 
 812.000  9.3497738000e-01  8.0286590580e-02 
 813.000  9.2520850000e-01  7.8723091130e-02 
 814.000  9.1619737000e-01  7.7137710570e-02 
 815.000  8.9654502000e-01  7.4486976620e-02 
 816.000  8.7563877000e-01  7.1547264100e-02 
 817.000  8.8167114000e-01  7.2088386540e-02 
 818.000  8.7736934000e-01  7.1783882140e-02 
 819.000  8.5787583000e-01  7.0624092100e-02 
 820.000  8.5535247000e-01  7.1725074770e-02 
 821.000  9.0031772000e-01  7.7073410030e-02 
 822.000  8.6263590000e-01  7.2601730350e-02 
 823.000  8.3880666000e-01  6.7579704280e-02 
 824.000  8.8187038000e-01  7.3713470460e-02 
 825.000  8.9948202000e-01  7.7137535100e-02 
 826.000  9.0183299000e-01  7.6970306400e-02 
 827.000  8.9649357000e-01  7.6241935730e-02 
 828.000  8.8224407000e-01  7.3802520750e-02 
 829.000  8.8626225000e-01  7.4535400390e-02 
 830.000  8.7706064000e-01  7.4239334110e-02 
 831.000  8.6273861000e-01  7.3141281130e-02 
 832.000  8.8081918000e-01  7.4720298770e-02 
 833.000  8.5606885000e-01  7.2967185970e-02 
 834.000  8.7178448000e-01  7.4661598210e-02 
 835.000  8.7908883000e-01  7.5906639100e-02 
 836.000  8.8750876000e-01  7.6507774350e-02 
 837.000  8.7994096000e-01  7.5815513610e-02 
 838.000  8.8571888000e-01  7.6677474980e-02 
 839.000  8.5952570000e-01  7.4602943420e-02 
 840.000  8.8304302000e-01  7.6689544680e-02 
 841.000  8.8385123000e-01  7.6520629880e-02 
 842.000  8.7960456000e-01  7.6337074280e-02 
 843.000  8.7653639000e-01  7.6631462100e-02 
 844.000  8.6327048000e-01  7.5708763120e-02 
 845.000  8.7693278000e-01  7.7015724180e-02 
 846.000  8.8530793000e-01  7.7907012940e-02 
 847.000  8.5537857000e-01  7.5439239500e-02 
 848.000  8.7956850000e-01  7.7330337520e-02 
 849.000  8.8129402000e-01  7.7562736510e-02 
 850.000  7.6154792000e-01  6.6881469730e-02 
 851.000  8.7191873000e-01  7.6422210690e-02 
 852.000  8.3889177000e-01  7.3581542970e-02 
 853.000  8.4937252000e-01  7.4649078370e-02 
 854.000  6.8281357000e-01  6.0028671260e-02 
 855.000  7.5195379000e-01  6.6229034420e-02 
 856.000  8.5387655000e-01  7.5360580440e-02 
 857.000  8.6773450000e-01  7.6734756470e-02 
 858.000  8.5393232000e-01  7.5545181270e-02 
 859.000  8.5400747000e-01  7.5650161740e-02 
 860.000  8.4646623000e-01  7.5066993710e-02 
 861.000  8.4635864000e-01  7.5057456970e-02 
 862.000  8.4359200000e-01  7.4797966000e-02 
 863.000  8.5971614000e-01  7.6298973080e-02 
 864.000  8.5799856000e-01  7.6075592040e-02 
 865.000  8.4201898000e-01  7.4756431580e-02 
 866.000  7.0627964000e-01  6.2740226750e-02 
 867.000  7.5210221000e-01  6.6689933780e-02 
 868.000  8.1568643000e-01  7.2390151980e-02 
 869.000  8.0423887000e-01  7.1377334590e-02 
 870.000  8.3740497000e-01  7.4397117610e-02 
 871.000  8.3622061000e-01  7.4258560180e-02 
 872.000  8.3285184000e-01  7.3833587650e-02 
 873.000  8.3618368000e-01  7.4204322810e-02 
 874.000  8.1784469000e-01  7.2528541560e-02 
 875.000  8.1032155000e-01  7.1955238340e-02 
 876.000  8.1703827000e-01  7.2494308470e-02 
 877.000  8.3331192000e-01  7.3848793030e-02 
 878.000  8.1894686000e-01  7.2588363650e-02 
 879.000  8.2084440000e-01  7.2793540950e-02 
 880.000  8.1604038000e-01  7.2226394650e-02 
 881.000  7.7360496000e-01  6.8484176640e-02 
 882.000  8.1629528000e-01  7.2130867000e-02 
 883.000  7.9768247000e-01  7.0620307920e-02 
 884.000  8.0446212000e-01  7.1361717220e-02 
 885.000  8.1265697000e-01  7.1742805480e-02 
 886.000  7.8593747000e-01  6.9318260190e-02 
 887.000  7.7793623000e-01  6.8676200870e-02 
 888.000  8.0121448000e-01  7.0618911740e-02 
 889.000  8.0664751000e-01  7.1294609070e-02 
 890.000  8.0400842000e-01  7.0952667240e-02 
 891.000  7.9923242000e-01  7.0287300110e-02 
 892.000  7.9494460000e-01  6.9545326230e-02 
 893.000  7.5905011000e-01  6.5260093690e-02 
 894.000  7.8118766000e-01  6.6680191040e-02 
 895.000  7.3143060000e-01  6.1153903960e-02 
 896.000  7.4551566000e-01  6.1011817930e-02 
 897.000  7.1299954000e-01  5.7235973360e-02 
 898.000  7.0697148000e-01  5.6147571560e-02 
 899.000  6.8563312000e-01  5.2949340820e-02 
 900.000  6.7146419000e-01  5.1991451260e-02 
 901.000  6.5191089000e-01  5.0138706210e-02 
 902.000  6.4075112000e-01  4.9364459990e-02 
 903.000  7.0603964000e-01  5.6899394990e-02 
 904.000  7.4014751000e-01  6.1252231600e-02 
 905.000  7.3736805000e-01  6.1142612460e-02 
 906.000  7.0512620000e-01  5.7502132420e-02 
 907.000  6.9408301000e-01  5.4880043030e-02 
 908.000  6.6230312000e-01  5.1272888180e-02 
 909.000  6.4984592000e-01  5.0333133700e-02 
 910.000  6.5974892000e-01  5.1251010890e-02 
 911.000  6.6778725000e-01  5.2676353450e-02 
 912.000  6.6444545000e-01  5.1938018800e-02 
 913.000  6.5873523000e-01  5.0086364750e-02 
 914.000  6.6489321000e-01  5.1240570070e-02 
 915.000  6.6208393000e-01  5.1716014860e-02 
 916.000  6.7150130000e-01  5.2570362090e-02 
 917.000  6.6527397000e-01  5.2391742710e-02 
 918.000  6.6741481000e-01  5.2977905270e-02 
 919.000  6.9521889000e-01  5.6863101960e-02 
 920.000  7.0269283000e-01  5.8441974640e-02 
 921.000  6.8422373000e-01  5.6654125210e-02 
 922.000  6.7781839000e-01  5.6161079410e-02 
 923.000  6.4572883000e-01  5.2995841980e-02 
 924.000  6.6383050000e-01  5.3944557190e-02 
 925.000  6.7190570000e-01  5.4474060060e-02 
 926.000  6.4780166000e-01  5.2362033840e-02 
 927.000  6.6111182000e-01  5.2717445370e-02 
 928.000  6.4830448000e-01  5.0312358860e-02 
 929.000  6.1497587000e-01  4.5916389470e-02 
 930.000  5.8207266000e-01  4.1265190120e-02 
 931.000  5.4595440000e-01  3.6280986790e-02 
 932.000  4.9322718000e-01  2.9867305760e-02 
 933.000  4.5752214000e-01  2.5916963580e-02 
 934.000  4.1438057000e-01  2.1880306240e-02 
 935.000  4.0418512000e-01  2.1150939940e-02 
 936.000  4.1683006000e-01  2.2408395770e-02 
 937.000  4.2195812000e-01  2.2553556440e-02 
 938.000  4.6003903000e-01  2.6595535280e-02 
 939.000  5.6969403000e-01  3.9677745820e-02 
 940.000  5.8159898000e-01  4.1461383820e-02 
 941.000  5.5566421000e-01  3.8879142760e-02 
 942.000  5.0411672000e-01  3.3405651090e-02 
 943.000  4.7629923000e-01  2.8584054950e-02 
 944.000  4.5948454000e-01  2.7366037370e-02 
 945.000  4.8369094000e-01  2.9818994520e-02 
 946.000  4.9124473000e-01  3.0363315580e-02 
 947.000  5.0550086000e-01  3.2292961120e-02 
 948.000  5.1861704000e-01  3.3773155210e-02 
 949.000  5.1880182000e-01  3.3725944520e-02 
 950.000  5.1789755000e-01  3.3837608340e-02 
 951.000  5.3695047000e-01  3.6559123990e-02 
 952.000  5.1298291000e-01  3.3469566350e-02 
 953.000  5.2807296000e-01  3.5567100520e-02 
 954.000  5.4025225000e-01  3.7585342410e-02 
 955.000  4.9127392000e-01  3.3359367370e-02 
 956.000  5.2065701000e-01  3.5203430180e-02 
 957.000  5.6370373000e-01  4.1092937470e-02 
 958.000  5.7345433000e-01  4.2205158230e-02 
 959.000  5.6836787000e-01  4.1421684270e-02 
 960.000  5.6082958000e-01  4.0771415710e-02 
 961.000  5.5119004000e-01  3.9869323730e-02 
 962.000  5.5709901000e-01  4.0529541020e-02 
 963.000  5.7902544000e-01  4.3663089750e-02 
 964.000  5.7558869000e-01  4.3641479490e-02 
 965.000  5.8036110000e-01  4.3885921480e-02 
 966.000  5.6473565000e-01  4.2810806270e-02 
 967.000  5.9770802000e-01  4.6461444850e-02 
 968.000  6.1747739000e-01  4.9973964690e-02 
 969.000  6.3303911000e-01  5.2150390620e-02 
 970.000  6.3536258000e-01  5.2404926300e-02 
 971.000  6.2943639000e-01  5.1901611330e-02 
 972.000  6.3060424000e-01  5.1742053990e-02 
 973.000  6.1695630000e-01  5.0051486970e-02 
 974.000  5.9818146000e-01  4.7860183720e-02 
 975.000  5.9512333000e-01  4.7185729980e-02 
 976.000  6.0980599000e-01  4.8896911620e-02 
 977.000  6.0626723000e-01  4.9500808720e-02 
 978.000  6.2022024000e-01  5.0583435060e-02 
 979.000  6.0520056000e-01  4.9605266570e-02 
 980.000  6.2592829000e-01  5.2265201570e-02 
 981.000  6.3290009000e-01  5.3076820370e-02 
 982.000  6.2878650000e-01  5.2525909420e-02 
 983.000  6.3328657000e-01  5.3424194340e-02 
 984.000  6.3540695000e-01  5.4161758420e-02 
 985.000  6.3870355000e-01  5.4775463100e-02 
 986.000  6.3811811000e-01  5.5168991090e-02 
 987.000  6.4746644000e-01  5.6178848270e-02 
 988.000  6.3983804000e-01  5.5566696170e-02 
 989.000  6.3197911000e-01  5.4914043430e-02 
 990.000  6.3783128000e-01  5.5471115110e-02 
 991.000  6.4473796000e-01  5.6253189090e-02 
 992.000  6.3923638000e-01  5.5826980590e-02 
 993.000  6.3936426000e-01  5.5860168460e-02 
 994.000  6.4407211000e-01  5.6431877140e-02 
 995.000  6.4035107000e-01  5.6226482390e-02 
 996.000  6.4021206000e-01  5.6215583800e-02 
 997.000  6.4023861000e-01  5.6146080020e-02 
 998.000  6.3713123000e-01  5.5798160550e-02 
 999.000  6.3526971000e-01  5.5607231140e-02 
1000.000  6.3041985000e-01  5.5209175110e-02 
1001.000  6.3243875000e-01  5.5218544010e-02 
1002.000  6.2912007000e-01  5.4667598720e-02 
1003.000  6.2231498000e-01  5.4137855530e-02 
1004.000  6.1841745000e-01  5.3947784420e-02 
1005.000  5.7833473000e-01  5.0514865880e-02 
1006.000  6.0871528000e-01  5.3193542480e-02 
1007.000  6.1937182000e-01  5.4075771330e-02 
1008.000  6.2013144000e-01  5.3934127810e-02 
1009.000  6.1387996000e-01  5.3122062680e-02 
1010.000  6.1726055000e-01  5.3536083220e-02 
1011.000  6.1654278000e-01  5.3768890380e-02 
1012.000  6.1770188000e-01  5.3987041470e-02 
1013.000  6.1399306000e-01  5.3756996150e-02 
1014.000  6.1822488000e-01  5.4193084720e-02 
1015.000  6.0686008000e-01  5.3233177190e-02 
1016.000  6.1107451000e-01  5.3673446660e-02 
1017.000  6.0517037000e-01  5.3200374600e-02 
1018.000  6.1270756000e-01  5.3846523280e-02 
1019.000  5.9793993000e-01  5.2472644810e-02 
1020.000  5.9694320000e-01  5.2403308870e-02 
1021.000  6.0342457000e-01  5.3007255550e-02 
1022.000  5.9345533000e-01  5.1967910770e-02 
1023.000  6.0407751000e-01  5.2754531860e-02 
1024.000  6.0055204000e-01  5.2347068790e-02 
1025.000  6.0168491000e-01  5.2594287870e-02 
1026.000  6.0295634000e-01  5.2786525730e-02 
1027.000  5.9906970000e-01  5.2448417660e-02 
1028.000  6.0067321000e-01  5.2657363890e-02 
1029.000  5.9201826000e-01  5.2018428800e-02 
1030.000  5.9850070000e-01  5.2706859590e-02 
1031.000  5.9685873000e-01  5.2644821170e-02 
1032.000  5.9494652000e-01  5.2536682130e-02 
1033.000  5.8402827000e-01  5.1572563170e-02 
1034.000  5.8973366000e-01  5.2089527130e-02 
1035.000  5.8203136000e-01  5.1390640260e-02 
1036.000  5.9165186000e-01  5.2250419620e-02 
1037.000  5.7919321000e-01  5.1147422790e-02 
1038.000  5.8492011000e-01  5.1648426060e-02 
1039.000  5.8730556000e-01  5.1840476990e-02 
1040.000  5.8035133000e-01  5.1211299900e-02 
1041.000  5.8337487000e-01  5.1461135860e-02 
1042.000  5.8510265000e-01  5.1600822450e-02 
1043.000  5.7500016000e-01  5.0700401310e-02 
1044.000  5.8071751000e-01  5.1189556120e-02 
1045.000  5.7817726000e-01  5.0984428410e-02 
1046.000  5.6135731000e-01  4.9529701230e-02 
1047.000  5.7165669000e-01  5.0466411590e-02 
1048.000  5.7732350000e-01  5.1000183110e-02 
1049.000  5.7361491000e-01  5.0711162570e-02 
1050.000  5.7120316000e-01  5.0520305630e-02 
1051.000  5.7018068000e-01  5.0396945950e-02 
1052.000  5.6746604000e-01  5.0130996700e-02 
1053.000  5.6607978000e-01  4.9985298160e-02 
1054.000  5.6186412000e-01  4.9561923980e-02 
1055.000  5.6595452000e-01  4.9893032070e-02 
1056.000  5.6442716000e-01  4.9725399020e-02 
1057.000  5.6336861000e-01  4.9575263980e-02 
1058.000  5.5731980000e-01  4.8943733220e-02 
1059.000  5.3980431000e-01  4.7432491300e-02 
1060.000  5.5933184000e-01  4.9230529790e-02 
1061.000  5.3971045000e-01  4.7508235930e-02 
1062.000  5.5458902000e-01  4.8765937810e-02 
1063.000  5.4519673000e-01  4.7922069550e-02 
1064.000  5.5192524000e-01  4.8436168670e-02 
1065.000  5.5109559000e-01  4.8260284420e-02 
1066.000  5.3421501000e-01  4.6763542180e-02 
1067.000  5.4682243000e-01  4.7811820980e-02 
1068.000  5.4408833000e-01  4.7402000430e-02 
1069.000  5.0283871000e-01  4.3717365260e-02 
1070.000  5.3273822000e-01  4.6346900940e-02 
1071.000  5.3321879000e-01  4.6316429140e-02 
1072.000  5.3460627000e-01  4.6367748260e-02 
1073.000  5.1694033000e-01  4.4836280820e-02 
1074.000  5.3511418000e-01  4.6443775180e-02 
1075.000  5.1908159000e-01  4.5189666750e-02 
1076.000  5.3011224000e-01  4.6074935910e-02 
1077.000  5.2842546000e-01  4.5828804020e-02 
1078.000  5.2919292000e-01  4.5779071810e-02 
1079.000  5.0873201000e-01  4.3998703000e-02 
1080.000  5.2216334000e-01  4.4854705810e-02 
1081.000  5.0285905000e-01  4.3177204130e-02 
1082.000  5.0999363000e-01  4.3893817900e-02 
1083.000  4.9537452000e-01  4.2452693940e-02 
1084.000  5.1327080000e-01  4.3786872860e-02 
1085.000  5.0407055000e-01  4.2588024140e-02 
1086.000  5.1125402000e-01  4.3259109500e-02 
1087.000  4.8253004000e-01  4.1223075870e-02 
1088.000  5.1186082000e-01  4.3780887600e-02 
1089.000  4.8908033000e-01  4.1356899260e-02 
1090.000  4.9906358000e-01  4.2135475160e-02 
1091.000  5.0296674000e-01  4.2589733120e-02 
1092.000  4.8962780000e-01  4.1239746090e-02 
1093.000  4.7977599000e-01  3.9905445100e-02 
1094.000  4.3500858600e-01  3.5956737520e-02 
1095.000  4.7113941500e-01  3.8950328830e-02 
1096.000  4.7246633000e-01  3.9080638890e-02 
1097.000  4.6241528000e-01  3.8094970700e-02 
1098.000  4.4512749500e-01  3.5497104640e-02 
1099.000  4.3484246200e-01  3.3689144130e-02 
1100.000  4.4312989400e-01  3.4393646240e-02 
1101.000  4.4378699400e-01  3.4575405120e-02 
1102.000  4.2464765200e-01  3.3011302950e-02 
1103.000  4.4257884700e-01  3.4485366820e-02 
1104.000  4.3738603900e-01  3.3910644530e-02 
1105.000  4.3164700800e-01  3.3057285310e-02 
1106.000  4.2283873600e-01  3.1998352050e-02 
1107.000  4.2367353400e-01  3.2136421200e-02 
1108.000  4.2334161300e-01  3.2150199890e-02 
1109.000  4.2982787900e-01  3.2933116910e-02 
1110.000  4.3158836900e-01  3.2966136930e-02 
1111.000  4.2363059700e-01  3.2142326350e-02 
1112.000  4.0729773100e-01  3.0087400440e-02 
1113.000  3.8863319300e-01  2.7558132170e-02 
1114.000  3.8843928100e-01  2.7134132390e-02 
1115.000  3.6288758200e-01  2.3879631040e-02 
1116.000  3.4475430000e-01  2.1829135890e-02 
1117.000  3.1581668800e-01  1.8365905760e-02 
1118.000  2.8191081500e-01  1.5087349890e-02 
1119.000  2.5808800700e-01  1.3128132820e-02 
1120.000  2.3794199400e-01  1.1340144160e-02 
1121.000  2.3486320300e-01  1.1010101320e-02 
1122.000  2.1111376300e-01  9.1695566180e-03 
1123.000  2.2495628900e-01  1.0156761170e-02 
1124.000  2.3390420400e-01  1.0817853930e-02 
1125.000  2.2475184100e-01  1.0253287320e-02 
1126.000  2.1870622600e-01  9.9273681640e-03 
1127.000  2.2787113700e-01  1.0421639440e-02 
1128.000  2.2708566600e-01  1.0533341410e-02 
1129.000  2.4988202600e-01  1.2370597840e-02 
1130.000  2.9863390900e-01  1.6760278700e-02 
1131.000  3.1555189500e-01  1.8329046250e-02 
1132.000  2.9761069200e-01  1.6467519760e-02 
1133.000  2.5543188600e-01  1.2934885980e-02 
1134.000  1.8683595300e-01  7.6231765750e-03 
1135.000  1.9448226600e-01  8.1109237670e-03 
1136.000  2.6158433900e-01  1.3468883510e-02 
1137.000  2.9980482200e-01  1.6872280120e-02 
1138.000  3.2026681600e-01  1.9633695600e-02 
1139.000  3.3627715300e-01  2.1239982600e-02 
1140.000  3.3126923300e-01  2.0590499880e-02 
1141.000  3.0973754800e-01  1.8675275800e-02 
1142.000  3.1387926300e-01  1.8701543810e-02 
1143.000  2.9499569400e-01  1.6955499650e-02 
1144.000  2.7773803400e-01  1.5339026450e-02 
1145.000  2.5689746400e-01  1.3347983360e-02 
1146.000  2.6490166500e-01  1.3967903140e-02 
1147.000  2.8398468100e-01  1.5692299840e-02 
1148.000  2.9658045400e-01  1.7059282300e-02 
1149.000  3.0349663700e-01  1.7748506550e-02 
1150.000  3.0224527800e-01  1.7739116670e-02 
1151.000  3.1009125500e-01  1.8687770840e-02 
1152.000  3.1372234900e-01  1.9150131230e-02 
1153.000  3.1939756400e-01  1.9855627060e-02 
1154.000  3.1964753900e-01  1.9812898640e-02 
1155.000  3.3245194500e-01  2.1342779160e-02 
1156.000  3.4088021700e-01  2.2715105060e-02 
1157.000  3.7023176500e-01  2.6412885670e-02 
1158.000  3.8057574000e-01  2.7871030810e-02 
1159.000  3.8378095600e-01  2.8731563570e-02 
1160.000  3.8236322900e-01  2.8895132060e-02 
1161.000  3.8287882300e-01  2.9550041200e-02 
1162.000  4.0316680600e-01  3.1631696700e-02 
1163.000  4.1271423300e-01  3.2995494840e-02 
1164.000  4.0615429500e-01  3.2600917820e-02 
1165.000  4.1449462300e-01  3.3362934110e-02 
1166.000  4.0529759600e-01  3.2774162290e-02 
1167.000  4.1283086500e-01  3.3479736330e-02 
1168.000  4.1604066800e-01  3.3715202330e-02 
1169.000  4.0271919100e-01  3.2729999540e-02 
1170.000  4.1455642300e-01  3.3777408600e-02 
1171.000  4.1922171600e-01  3.4365074160e-02 
1172.000  4.1627960300e-01  3.4009593960e-02 
1173.000  4.1178273400e-01  3.3535026550e-02 
1174.000  4.1208516500e-01  3.3569656370e-02 
1175.000  4.1152905400e-01  3.3835475920e-02 
1176.000  4.0541355200e-01  3.3617744450e-02 
1177.000  4.1608314400e-01  3.4365539550e-02 
1178.000  4.0532139300e-01  3.3205291750e-02 
1179.000  4.0351245900e-01  3.3060291290e-02 
1180.000  4.0782190200e-01  3.3316726680e-02 
1181.000  4.0221789000e-01  3.2609626770e-02 
1182.000  3.9921967400e-01  3.2120521550e-02 
1183.000  3.7644771800e-01  3.0315044400e-02 
1184.000  3.9539860900e-01  3.1978950500e-02 
1185.000  4.0553271500e-01  3.3149154660e-02 
1186.000  4.0167681000e-01  3.2728996280e-02 
1187.000  3.9682335200e-01  3.1984519960e-02 
1188.000  3.9363997000e-01  3.1642639160e-02 
1189.000  3.7352831800e-01  3.0218658450e-02 
1190.000  3.9961633600e-01  3.2869266510e-02 
1191.000  4.0816295300e-01  3.3728240970e-02 
1192.000  4.0923095100e-01  3.4050769810e-02 
1193.000  4.0867575900e-01  3.3932727810e-02 
1194.000  4.0739747600e-01  3.3792678830e-02 
1195.000  3.9960688000e-01  3.2916629790e-02 
1196.000  3.9979731100e-01  3.2971878050e-02 
1197.000  3.9812348200e-01  3.2725975040e-02 
1198.000  3.8441134000e-01  3.1580066680e-02 
1199.000  3.6829096700e-01  3.0129924770e-02 
1200.000  3.9261578200e-01  3.2204162600e-02 
1201.000  3.9587028900e-01  3.2514835360e-02 
1202.000  3.9677961700e-01  3.2655616760e-02 
1203.000  3.7636466100e-01  3.0937147140e-02 
1204.000  3.8321281400e-01  3.1577026370e-02 
1205.000  3.9738417800e-01  3.3145549770e-02 
1206.000  3.9742972400e-01  3.3332107540e-02 
1207.000  4.0110636900e-01  3.3715801240e-02 
1208.000  3.9454406200e-01  3.3102302550e-02 
1209.000  3.6876555600e-01  3.0846593860e-02 
1210.000  3.9258040600e-01  3.2671058650e-02 
1211.000  3.7918088600e-01  3.1536285400e-02 
1212.000  3.9160944600e-01  3.2618282320e-02 
1213.000  3.9520061300e-01  3.3083610530e-02 
1214.000  3.9313925400e-01  3.2896705630e-02 
1215.000  3.9521672500e-01  3.3140712740e-02 
1216.000  3.9698124800e-01  3.3557983400e-02 
1217.000  3.9858852700e-01  3.3928386690e-02 
1218.000  3.9816497600e-01  3.4007972720e-02 
1219.000  3.9493647500e-01  3.3803371430e-02 
1220.000  3.9767068200e-01  3.4036159520e-02 
1221.000  3.9719690500e-01  3.4013317110e-02 
1222.000  3.9518191400e-01  3.3844337460e-02 
1223.000  3.9351733700e-01  3.3739334110e-02 
1224.000  3.9804163000e-01  3.4277511600e-02 
1225.000  3.9616645500e-01  3.4159610750e-02 
1226.000  3.9796711700e-01  3.4373802190e-02 
1227.000  3.8514451500e-01  3.3351573940e-02 
1228.000  3.9799781700e-01  3.4572605130e-02 
1229.000  3.9814532500e-01  3.4668373110e-02 
1230.000  3.9744811000e-01  3.4702014920e-02 
1231.000  3.9781752000e-01  3.4790515900e-02 
1232.000  3.9346794100e-01  3.4436996460e-02 
1233.000  3.9664782400e-01  3.4735332490e-02 
1234.000  3.9631474600e-01  3.4823402400e-02 
1235.000  3.9387107100e-01  3.4652030940e-02 
1236.000  3.9636654200e-01  3.4901847840e-02 
1237.000  3.9661674800e-01  3.4965747830e-02 
1238.000  3.9646065400e-01  3.4971530910e-02 
1239.000  3.9198810900e-01  3.4590309140e-02 
1240.000  3.9021423100e-01  3.4465621950e-02 
1241.000  3.9362201800e-01  3.4789314270e-02 
1242.000  3.9122979500e-01  3.4596843720e-02 
1243.000  3.8677921200e-01  3.4223709110e-02 
1244.000  3.8314299900e-01  3.3909732820e-02 
1245.000  3.8961587000e-01  3.4491985320e-02 
1246.000  3.8646052100e-01  3.4182708740e-02 
1247.000  3.8437984200e-01  3.3966892240e-02 
1248.000  3.8718909700e-01  3.4184143070e-02 
1249.000  3.8568600500e-01  3.4031845090e-02 
1250.000  3.8400950400e-01  3.3854610440e-02 
1251.000  3.8118333600e-01  3.3585392000e-02 
1252.000  3.7974775500e-01  3.3426727290e-02 
1253.000  3.7629794400e-01  3.3087985990e-02 
1254.000  3.7665768800e-01  3.3048202510e-02 
1255.000  3.7557546000e-01  3.2908908840e-02 
1256.000  3.7438181700e-01  3.2771274570e-02 
1257.000  3.6953888300e-01  3.2280761720e-02 
1258.000  3.6962092500e-01  3.2163002010e-02 
1259.000  3.6439301600e-01  3.1607158660e-02 
1260.000  3.6352941700e-01  3.1418607710e-02 
1261.000  3.6131625300e-01  3.1109552380e-02 
1262.000  3.5029606400e-01  2.9983478550e-02 
1263.000  3.5327325600e-01  3.0204174040e-02 
1264.000  3.4693807000e-01  2.9650596620e-02 
1265.000  3.4726129600e-01  2.9680212020e-02 
1266.000  3.4812151900e-01  2.9701917650e-02 
1267.000  3.4005372600e-01  2.8963502880e-02 
1268.000  3.3497257900e-01  2.8482614520e-02 
1269.000  3.3732471100e-01  2.8661369320e-02 
1270.000  3.4549654000e-01  2.9497709270e-02 
1271.000  3.4941212000e-01  2.9888988490e-02 
1272.000  3.4999583100e-01  3.0005416870e-02 
1273.000  3.5115477700e-01  3.0189758300e-02 
1274.000  3.5085277100e-01  3.0265348430e-02 
1275.000  3.5379001300e-01  3.0549673080e-02 
1276.000  3.5487282200e-01  3.0644908910e-02 
1277.000  3.5491376500e-01  3.0625476840e-02 
1278.000  3.5422618500e-01  3.0532300950e-02 
1279.000  3.5220367800e-01  3.0364608760e-02 
1280.000  3.5110458300e-01  3.0361860280e-02 
1281.000  3.4203265600e-01  2.9661954880e-02 
1282.000  3.0449218700e-01  2.6482295990e-02 
1283.000  3.3469044500e-01  2.9148685460e-02 
1284.000  3.4856488100e-01  3.0368679050e-02 
1285.000  3.5140354500e-01  3.0629980090e-02 
1286.000  3.5086132000e-01  3.0525350570e-02 
1287.000  3.5213255500e-01  3.0540534970e-02 
1288.000  3.4665229900e-01  2.9757514950e-02 
1289.000  3.4770458200e-01  2.9748659130e-02 
1290.000  3.3959156500e-01  2.9030410770e-02 
1291.000  3.4482140000e-01  2.9485538480e-02 
1292.000  3.4768974400e-01  2.9808275220e-02 
1293.000  3.4812884500e-01  2.9818332670e-02 
1294.000  3.4119324300e-01  2.9058191300e-02 
1295.000  3.4254195000e-01  2.8944938660e-02 
1296.000  3.4035494800e-01  2.8544139860e-02 
1297.000  3.3626274200e-01  2.8040802000e-02 
1298.000  3.3307621500e-01  2.7752325060e-02 
1299.000  3.3629891700e-01  2.7997190480e-02 
1300.000  3.3460989100e-01  2.7831228260e-02 
1301.000  3.3363012000e-01  2.7695388790e-02 
1302.000  3.2795611500e-01  2.7085901260e-02 
1303.000  3.2198984200e-01  2.6255306240e-02 
1304.000  3.2062210500e-01  2.5989381790e-02 
1305.000  3.2187351800e-01  2.6016616820e-02 
1306.000  3.2165558300e-01  2.5920354840e-02 
1307.000  3.1964511800e-01  2.5676202770e-02 
1308.000  3.1667746100e-01  2.5232526780e-02 
1309.000  3.1274925300e-01  2.4651445390e-02 
1310.000  3.1102832900e-01  2.4488061900e-02 
1311.000  3.1017485900e-01  2.4413789750e-02 
1312.000  3.0475234800e-01  2.3691020970e-02 
1313.000  2.8866103300e-01  2.2115255360e-02 
1314.000  2.9318156100e-01  2.2163852690e-02 
1315.000  2.8541051200e-01  2.1699195860e-02 
1316.000  2.9538095400e-01  2.2650188450e-02 
1317.000  2.9838422400e-01  2.2865118030e-02 
1318.000  2.8900123900e-01  2.1797895430e-02 
1319.000  2.8536496200e-01  2.1058019640e-02 
1320.000  2.7466270000e-01  1.9731380460e-02 
1321.000  2.7013430900e-01  1.9182222370e-02 
1322.000  2.7519889500e-01  1.9870489120e-02 
1323.000  2.8208054300e-01  2.0705915450e-02 
1324.000  2.8533932100e-01  2.1122360230e-02 
1325.000  2.8296032200e-01  2.0809860230e-02 
1326.000  2.7588826200e-01  1.9943544390e-02 
1327.000  2.6137285700e-01  1.8112941740e-02 
1328.000  2.4826107500e-01  1.6315679550e-02 
1329.000  2.1420124300e-01  1.2754878040e-02 
1330.000  2.0816234600e-01  1.1944104190e-02 
1331.000  2.0267920100e-01  1.1350037570e-02 
1332.000  2.0048381700e-01  1.1296370510e-02 
1333.000  2.1149199000e-01  1.2159375190e-02 
1334.000  2.1990755900e-01  1.2986164090e-02 
1335.000  2.2584968800e-01  1.3598482130e-02 
1336.000  2.2574251400e-01  1.3681725500e-02 
1337.000  2.2829779000e-01  1.3869553570e-02 
1338.000  2.3204882600e-01  1.4301002500e-02 
1339.000  2.3256262500e-01  1.4400248530e-02 
1340.000  2.3418221200e-01  1.4680411340e-02 
1341.000  2.3813957300e-01  1.4773980140e-02 
1342.000  2.3804255800e-01  1.4774478910e-02 
1343.000  2.2901611900e-01  1.3481669430e-02 
1344.000  2.1516856300e-01  1.1914242740e-02 
1345.000  1.7803232800e-01  8.4845094680e-03 
1346.000  1.5186565400e-01  6.3364229200e-03 
1347.000  1.3470224200e-01  5.1531429290e-03 
1348.000  1.1167449500e-01  3.5852651600e-03 
1349.000  1.0157213350e-01  3.0339834690e-03 
1350.000  7.9120475800e-02  1.8689651490e-03 
1351.000  6.8305316100e-02  1.4417613740e-03 
1352.000  5.2245554700e-02  8.5369277000e-04 
1353.000  3.7031268300e-02  4.6766805650e-04 
1354.000  2.9609932300e-02  3.1231573220e-04 
1355.000  2.2989628300e-02  2.0015786590e-04 
1356.000  1.7384929800e-02  1.2177455430e-04 
1357.000  1.1883079760e-02  6.1336521060e-05 
1358.000  8.7943033700e-03  3.7445150320e-05 
1359.000  4.6371904300e-03  1.2702546080e-05 
1360.000  3.0667195500e-03  6.6754887810e-06 
1361.000  2.2822903100e-03  3.9713871670e-06 
1362.000  2.1000787100e-03  3.4929099490e-06 
1363.000  3.0298721200e-03  6.0997623950e-06 
1364.000  3.5132263900e-03  7.6402234840e-06 
1365.000  3.6785383600e-03  8.0620823430e-06 
1366.000  4.2480991600e-03  1.0073011740e-05 
1367.000  3.5684712600e-03  7.8907813880e-06 
1368.000  3.1641446600e-03  6.8208333100e-06 
1369.000  3.2446891500e-03  7.1772513910e-06 
1370.000  5.3662037200e-03  1.6673007980e-05 
1371.000  9.5567426500e-03  4.1820313780e-05 
1372.000  1.7696164400e-02  1.1577496680e-04 
1373.000  2.5103458600e-02  2.0453862850e-04 
1374.000  3.0483437800e-02  2.8317335250e-04 
1375.000  3.2500683300e-02  3.1806266310e-04 
1376.000  3.0145737700e-02  2.8207200770e-04 
1377.000  2.6837216700e-02  2.3042389750e-04 
1378.000  2.0455555600e-02  1.4684262870e-04 
1379.000  1.4046701850e-02  7.9215414820e-05 
1380.000  7.9668951600e-03  3.1600188460e-05 
1381.000  4.6085472300e-03  1.3162993830e-05 
1382.000  3.2226943600e-03  7.4237817900e-06 
1383.000  3.1180834900e-03  6.9348518740e-06 
1384.000  5.0718362400e-03  1.4976861890e-05 
1385.000  7.2001160700e-03  2.6277301830e-05 
1386.000  1.0997426890e-02  5.1885176450e-05 
1387.000  2.0206239500e-02  1.4304114880e-04 
1388.000  2.6781522800e-02  2.2484068570e-04 
1389.000  3.0763859300e-02  2.8674900530e-04 
1390.000  3.1403176500e-02  2.9982280730e-04 
1391.000  2.9315255100e-02  2.6669424770e-04 
1392.000  2.2163613500e-02  1.6855576630e-04 
1393.000  1.6942348300e-02  1.0983460400e-04 
1394.000  1.2979778520e-02  7.1640953420e-05 
1395.000  1.4631306600e-02  8.6897172030e-05 
1396.000  2.0077370400e-02  1.4385636150e-04 
1397.000  2.5909697900e-02  2.1920765940e-04 
1398.000  2.6682491200e-02  2.2923678160e-04 
1399.000  2.4913551200e-02  2.0787744220e-04 
1400.000  2.3296291300e-02  1.8890593950e-04 
1401.000  2.4765144400e-02  2.1207107600e-04 
1402.000  3.0702039600e-02  2.9636338350e-04 
1403.000  3.5348369800e-02  3.8478848340e-04 
1404.000  3.3248315500e-02  3.4619972110e-04 
1405.000  3.4826845700e-02  3.8287761810e-04 
1406.000  3.2294296400e-02  3.3500784640e-04 
1407.000  3.3492377600e-02  3.6590942740e-04 
1408.000  4.0142902200e-02  4.9135917430e-04 
1409.000  4.7056511500e-02  6.5144848820e-04 
1410.000  5.7714166800e-02  9.1595584150e-04 
1411.000  6.8648380400e-02  1.2612030510e-03 
1412.000  6.6322218000e-02  1.2172648910e-03 
1413.000  7.3146957900e-02  1.4572252040e-03 
1414.000  7.2118005700e-02  1.3993023630e-03 
1415.000  7.9725055700e-02  1.7056369780e-03 
1416.000  8.5658555500e-02  1.9313666820e-03 
1417.000  8.7863855100e-02  2.0362007620e-03 
1418.000  8.8646828000e-02  2.0568752290e-03 
1419.000  8.8462126000e-02  2.0890421870e-03 
1420.000  9.0562999800e-02  2.1703324320e-03 
1421.000  1.0185557200e-01  2.6647520070e-03 
1422.000  1.0427831890e-01  2.8170549870e-03 
1423.000  1.0544106100e-01  2.9028472900e-03 
1424.000  1.0508278010e-01  2.8761346340e-03 
1425.000  1.0389002330e-01  2.7892885210e-03 
1426.000  1.0016442180e-01  2.6920690540e-03 
1427.000  1.0609383690e-01  2.9477944370e-03 
1428.000  1.1205545110e-01  3.1857800480e-03 
1429.000  1.1365647890e-01  3.3282892700e-03 
1430.000  1.1089271650e-01  3.2474331860e-03 
1431.000  1.0331069210e-01  2.8965854640e-03 
1432.000  1.0101664910e-01  2.7543029790e-03 
1433.000  1.0073198980e-01  2.7386910920e-03 
1434.000  9.6080629600e-02  2.5532953740e-03 
1435.000  1.0315067410e-01  2.8640029430e-03 
1436.000  1.0571914440e-01  2.9882779120e-03 
1437.000  1.0740419240e-01  3.0637652870e-03 
1438.000  1.1386616790e-01  3.3925900460e-03 
1439.000  1.1596750790e-01  3.4680931570e-03 
1440.000  1.1119448480e-01  3.3691163060e-03 
1441.000  1.1810075360e-01  3.6046707630e-03 
1442.000  1.1328592140e-01  3.4104404450e-03 
1443.000  1.1532203930e-01  3.4800584320e-03 
1444.000  1.1792177420e-01  3.6023054120e-03 
1445.000  1.1815782230e-01  3.6231708530e-03 
1446.000  1.2367376390e-01  3.8873214720e-03 
1447.000  1.2705348400e-01  4.0826225280e-03 
1448.000  1.2850144200e-01  4.1469855310e-03 
1449.000  1.2597872450e-01  4.0107932090e-03 
1450.000  1.2046662410e-01  3.7518827920e-03 
1451.000  1.2181525870e-01  3.8415002820e-03 
1452.000  1.2714591830e-01  4.1866416930e-03 
1453.000  1.4167756500e-01  4.9556965830e-03 
1454.000  1.5416594400e-01  5.7225222590e-03 
1455.000  1.6013843200e-01  6.1610326770e-03 
1456.000  1.6724076800e-01  6.6630420680e-03 
1457.000  1.6993045900e-01  6.8072967530e-03 
1458.000  1.7325394100e-01  6.9930505750e-03 
1459.000  1.6838703800e-01  6.6448063850e-03 
1460.000  1.6071169400e-01  6.2185807230e-03 
1461.000  1.5762915900e-01  6.0415263180e-03 
1462.000  1.4914229200e-01  5.5470905300e-03 
1463.000  1.4815349600e-01  5.5240750310e-03 
1464.000  1.4623999600e-01  5.4113445280e-03 
1465.000  1.4299595000e-01  5.1750030520e-03 
1466.000  1.3326918200e-01  4.6864876750e-03 
1467.000  1.3230298900e-01  4.5575981140e-03 
1468.000  1.2416218520e-01  4.1777625080e-03 
1469.000  1.1778265660e-01  3.8012423520e-03 
1470.000  1.1437189960e-01  3.6402335170e-03 
1471.000  1.2137091460e-01  4.0886430740e-03 
1472.000  1.3364881300e-01  4.8045477870e-03 
1473.000  1.5019360200e-01  5.8342370990e-03 
1474.000  1.5742809800e-01  6.4704046250e-03 
1475.000  1.6022722900e-01  6.6101856230e-03 
1476.000  1.6048790300e-01  6.6457734110e-03 
1477.000  1.5704816700e-01  6.4275999070e-03 
1478.000  1.5090685400e-01  6.1067500110e-03 
1479.000  1.4791424800e-01  5.8776154520e-03 
1480.000  1.5099504800e-01  6.1141247750e-03 
1481.000  1.5381753700e-01  6.3994598390e-03 
1482.000  1.6076562600e-01  6.8929634090e-03 
1483.000  1.5898676300e-01  6.8894987110e-03 
1484.000  1.6001764200e-01  6.9725127220e-03 
1485.000  1.6231814400e-01  7.0744323730e-03 
1486.000  1.6369042700e-01  7.3271527290e-03 
1487.000  1.7370940700e-01  8.1645870210e-03 
1488.000  1.5223132500e-01  7.2137694360e-03 
1489.000  1.8681307700e-01  9.4207801820e-03 
1490.000  1.9764343900e-01  1.0501202580e-02 
1491.000  2.0470394100e-01  1.1197178840e-02 
1492.000  2.0099217300e-01  1.1089520450e-02 
1493.000  2.0842016300e-01  1.1719276430e-02 
1494.000  2.0811689000e-01  1.1774908070e-02 
1495.000  2.0983924100e-01  1.2095378880e-02 
1496.000  2.0947518100e-01  1.2391472820e-02 
1497.000  2.1458295700e-01  1.2763820650e-02 
1498.000  2.2166101600e-01  1.3483428000e-02 
1499.000  2.2264887100e-01  1.3831359860e-02 
1500.000  2.2951435200e-01  1.4492948530e-02 
1501.000  2.2820885100e-01  1.4395098690e-02 
1502.000  2.2452844700e-01  1.4115936280e-02 
1503.000  2.0057669200e-01  1.2589122770e-02 
1504.000  2.0990831000e-01  1.3270400050e-02 
1505.000  2.1252978500e-01  1.3657671930e-02 
1506.000  2.1546089900e-01  1.3908370970e-02 
1507.000  2.2827432900e-01  1.4954423900e-02 
1508.000  2.2626685400e-01  1.4964997290e-02 
1509.000  2.2878987800e-01  1.5285136220e-02 
1510.000  2.3288940900e-01  1.5649806980e-02 
1511.000  2.3503543900e-01  1.5912855150e-02 
1512.000  2.3135056000e-01  1.5752201080e-02 
1513.000  2.3126067800e-01  1.5819025990e-02 
1514.000  2.2809483600e-01  1.5649206160e-02 
1515.000  2.3339880000e-01  1.6099323270e-02 
1516.000  2.3149295300e-01  1.6007257460e-02 
1517.000  2.3087195700e-01  1.6030063630e-02 
1518.000  2.3659184100e-01  1.6543695450e-02 
1519.000  2.3480964400e-01  1.6548856740e-02 
1520.000  2.3840757000e-01  1.6984003070e-02 
1521.000  2.3501879400e-01  1.6869792940e-02 
1522.000  2.3365946700e-01  1.6822969440e-02 
1523.000  2.3968426700e-01  1.7333560940e-02 
1524.000  2.3760104100e-01  1.7208524700e-02 
1525.000  2.3186703300e-01  1.6808813100e-02 
1526.000  2.3850063200e-01  1.7316297530e-02 
1527.000  2.3638812000e-01  1.7218206410e-02 
1528.000  2.3848793100e-01  1.7441314700e-02 
1529.000  2.3774178200e-01  1.7403657910e-02 
1530.000  2.2289209300e-01  1.6376615520e-02 
1531.000  2.3853091500e-01  1.7573722840e-02 
1532.000  2.3739409900e-01  1.7542451860e-02 
1533.000  2.3643279300e-01  1.7505187990e-02 
1534.000  2.3295560400e-01  1.7277116780e-02 
1535.000  2.3394273800e-01  1.7380453110e-02 
1536.000  2.3707458300e-01  1.7661254880e-02 
1537.000  2.3801085200e-01  1.7800918580e-02 
1538.000  2.3168590100e-01  1.7400318150e-02 
1539.000  2.3669968800e-01  1.7847139360e-02 
1540.000  2.2815332900e-01  1.7258489610e-02 
1541.000  2.3296475300e-01  1.7655040740e-02 
1542.000  2.3435126100e-01  1.7783695220e-02 
1543.000  2.3371365000e-01  1.7768360140e-02 
1544.000  2.3671568200e-01  1.8036674500e-02 
1545.000  2.3762367200e-01  1.8159341810e-02 
1546.000  2.3784211200e-01  1.8234106060e-02 
1547.000  2.3553245700e-01  1.8110294340e-02 
1548.000  2.2857570900e-01  1.7621833800e-02 
1549.000  2.3443423600e-01  1.8109004970e-02 
1550.000  2.3311701900e-01  1.8038414000e-02 
1551.000  2.3188964400e-01  1.7958171840e-02 
1552.000  2.3584232600e-01  1.8275091170e-02 
1553.000  2.3460939300e-01  1.8197889330e-02 
1554.000  2.2601338500e-01  1.7540821080e-02 
1555.000  2.2978477700e-01  1.7856216430e-02 
1556.000  2.2539779500e-01  1.7552843090e-02 
1557.000  2.3277790200e-01  1.8179975510e-02 
1558.000  2.3093535800e-01  1.8076490400e-02 
1559.000  2.3095362500e-01  1.8115774150e-02 
1560.000  2.2696533800e-01  1.7848279950e-02 
1561.000  2.3226247100e-01  1.8283847810e-02 
1562.000  2.3215472400e-01  1.8270256040e-02 
1563.000  2.2868513900e-01  1.8000949860e-02 
1564.000  2.2402801200e-01  1.7629604340e-02 
1565.000  2.2728053200e-01  1.7874992370e-02 
1566.000  2.2297419700e-01  1.7556806560e-02 
1567.000  2.2261739800e-01  1.7532035830e-02 
1568.000  2.1746451000e-01  1.7115547180e-02 
1569.000  2.1764690800e-01  1.7113788600e-02 
1570.000  2.1159314300e-01  1.6635068890e-02 
1571.000  2.1726265900e-01  1.7107870100e-02 
1572.000  2.1709687200e-01  1.7109176640e-02 
1573.000  2.1379937300e-01  1.6885040280e-02 
1574.000  2.1464195500e-01  1.6996765140e-02 
1575.000  1.9942217700e-01  1.5825019840e-02 
1576.000  2.1424537800e-01  1.7015357970e-02 
1577.000  1.9353019100e-01  1.5368231770e-02 
1578.000  2.1187436400e-01  1.6822723390e-02 
1579.000  2.1319690000e-01  1.6932611470e-02 
1580.000  2.1774473900e-01  1.7310562130e-02 
1581.000  2.1630081900e-01  1.7197059630e-02 
1582.000  2.1215142400e-01  1.6914939880e-02 
1583.000  2.1495546200e-01  1.7184148790e-02 
1584.000  2.1322339200e-01  1.7092943190e-02 
1585.000  2.1966865400e-01  1.7650171280e-02 
1586.000  2.1690971400e-01  1.7452339170e-02 
1587.000  2.1464877100e-01  1.7310575490e-02 
1588.000  2.1149981400e-01  1.7093912120e-02 
1589.000  1.9350054800e-01  1.5657887460e-02 
1590.000  2.0846749700e-01  1.6886322020e-02 
1591.000  2.0379719100e-01  1.6525312420e-02 
1592.000  2.1446905900e-01  1.7396387100e-02 
1593.000  2.1908386400e-01  1.7771282200e-02 
1594.000  2.1720950000e-01  1.7621313100e-02 
1595.000  2.1818285000e-01  1.7704896930e-02 
1596.000  2.0437918300e-01  1.6603353500e-02 
1597.000  2.1196794900e-01  1.7217910770e-02 
1598.000  2.1488279600e-01  1.7444856640e-02 
1599.000  2.0644846700e-01  1.6743770600e-02 
1600.000  2.0890077400e-01  1.6932708740e-02 
1601.000  2.0010659200e-01  1.6237777710e-02 
1602.000  2.0497249300e-01  1.6661306380e-02 
1603.000  2.0374494900e-01  1.6609350200e-02 
1604.000  2.0678844000e-01  1.6911085130e-02 
1605.000  2.0373086400e-01  1.6691686630e-02 
1606.000  2.0309233600e-01  1.6674406050e-02 
1607.000  2.0377971100e-01  1.6716835020e-02 
1608.000  2.0597347700e-01  1.6883399960e-02 
1609.000  2.0518151100e-01  1.6814456940e-02 
1610.000  1.9252489000e-01  1.5776317600e-02 
1611.000  1.9866958500e-01  1.6299821850e-02 
1612.000  2.0113670800e-01  1.6523878100e-02 
1613.000  2.0615436400e-01  1.6956747060e-02 
1614.000  2.0413053300e-01  1.6784309390e-02 
1615.000  2.0790039600e-01  1.7109197620e-02 
1616.000  1.9518514600e-01  1.6071357730e-02 
1617.000  2.0128703900e-01  1.6620534900e-02 
1618.000  2.0755845900e-01  1.7161943440e-02 
1619.000  2.0727735100e-01  1.7186662670e-02 
1620.000  2.0238752800e-01  1.6827140810e-02 
1621.000  1.9966148600e-01  1.6637086870e-02 
1622.000  2.0468650900e-01  1.7066078190e-02 
1623.000  2.0896581800e-01  1.7442712780e-02 
1624.000  2.1049336400e-01  1.7584907530e-02 
1625.000  2.0547981000e-01  1.7202672960e-02 
1626.000  2.0778033600e-01  1.7383653640e-02 
1627.000  2.0754188500e-01  1.7383720400e-02 
1628.000  2.0911902500e-01  1.7523717880e-02 
1629.000  2.0898281000e-01  1.7517627720e-02 
1630.000  2.0312205300e-01  1.7022077560e-02 
1631.000  2.0629854300e-01  1.7299140930e-02 
1632.000  2.0612629400e-01  1.7246614460e-02 
1633.000  2.0340667500e-01  1.7001527790e-02 
1634.000  1.9844682300e-01  1.6562723160e-02 
1635.000  2.0376644000e-01  1.6991821290e-02 
1636.000  2.0300126500e-01  1.6906785960e-02 
1637.000  1.9369331600e-01  1.6111547470e-02 
1638.000  1.9227795100e-01  1.5981995580e-02 
1639.000  1.8999610500e-01  1.5762980460e-02 
1640.000  1.9094205100e-01  1.5824501990e-02 
1641.000  1.8957893500e-01  1.5698210720e-02 
1642.000  1.8934151700e-01  1.5720366480e-02 
1643.000  1.9413984600e-01  1.6153484340e-02 
1644.000  1.9106902100e-01  1.5928718570e-02 
1645.000  1.9136805100e-01  1.5979492190e-02 
1646.000  1.9366751200e-01  1.6207723620e-02 
1647.000  1.9546794600e-01  1.6362951280e-02 
1648.000  1.9458448300e-01  1.6283021930e-02 
1649.000  1.9011401800e-01  1.5910875320e-02 
1650.000  1.9493113800e-01  1.6320276260e-02 
1651.000  1.9057933200e-01  1.5955883980e-02 
1652.000  1.9436840800e-01  1.6265598300e-02 
1653.000  1.9236755700e-01  1.6108072280e-02 
1654.000  1.9452538200e-01  1.6293506620e-02 
1655.000  1.9084085600e-01  1.5998988150e-02 
1656.000  1.9466212700e-01  1.6329267500e-02 
1657.000  1.9324911900e-01  1.6214538570e-02 
1658.000  1.9446810500e-01  1.6330690380e-02 
1659.000  1.9093088200e-01  1.6037450790e-02 
1660.000  1.9313756200e-01  1.6216632840e-02 
1661.000  1.9389246100e-01  1.6271240230e-02 
1662.000  1.9243457900e-01  1.6114971160e-02 
1663.000  1.9116044900e-01  1.5986425400e-02 
1664.000  1.9026939300e-01  1.5888916020e-02 
1665.000  1.8832830700e-01  1.5699063300e-02 
1666.000  1.8755904400e-01  1.5641456600e-02 
1667.000  1.8947429400e-01  1.5846726420e-02 
1668.000  1.8626411500e-01  1.5599208830e-02 
1669.000  1.8678918900e-01  1.5671895030e-02 
1670.000  1.9098890300e-01  1.6056804660e-02 
1671.000  1.8959227900e-01  1.5959978100e-02 
1672.000  1.8061221300e-01  1.5232550620e-02 
1673.000  1.8577142500e-01  1.5681961060e-02 
1674.000  1.8652126400e-01  1.5765135770e-02 
1675.000  1.8479037000e-01  1.5647934910e-02 
1676.000  1.8180212600e-01  1.5401265140e-02 
1677.000  1.8273165300e-01  1.5481526370e-02 
1678.000  1.8374476400e-01  1.5575815200e-02 
1679.000  1.8130345300e-01  1.5366397860e-02 
1680.000  1.7508885100e-01  1.4847930910e-02 
1681.000  1.6902066600e-01  1.4336911200e-02 
1682.000  1.7390204200e-01  1.4748881340e-02 
1683.000  1.7819145000e-01  1.5105369570e-02 
1684.000  1.8148464000e-01  1.5377968790e-02 
1685.000  1.8200432800e-01  1.5399865150e-02 
1686.000  1.7980857200e-01  1.5206346510e-02 
1687.000  1.8050436000e-01  1.5223805430e-02 
1688.000  1.8059737000e-01  1.5196631430e-02 
1689.000  1.7841879300e-01  1.5003017430e-02 
1690.000  1.7827381100e-01  1.4951799390e-02 
1691.000  1.8058019600e-01  1.5145895000e-02 
1692.000  1.8090581900e-01  1.5180112840e-02 
1693.000  1.8026703200e-01  1.5138485910e-02 
1694.000  1.7999779800e-01  1.5122938160e-02 
1695.000  1.8004360100e-01  1.5116185190e-02 
1696.000  1.7899013000e-01  1.5007615090e-02 
1697.000  1.7786444700e-01  1.4879667280e-02 
1698.000  1.7891941400e-01  1.4939580920e-02 
1699.000  1.7776368100e-01  1.4820719720e-02 
1700.000  1.7551293800e-01  1.4612284660e-02 
