 lambda   Irr_dw            Rad_up 
 550.000  1.5273032000e+00  1.0971101380e-01 
 551.000  1.5172408000e+00  1.0890688320e-01 
 552.000  1.5820499000e+00  1.1356851200e-01 
 553.000  1.5195671000e+00  1.0898236080e-01 
 554.000  1.5687193000e+00  1.1249595640e-01 
 555.000  1.5726457000e+00  1.1265044400e-01 
 556.000  1.5288513000e+00  1.0939205930e-01 
 557.000  1.4830961000e+00  1.0611477660e-01 
 558.000  1.5390304000e+00  1.0999447630e-01 
 559.000  1.4543620000e+00  1.0387848660e-01 
 560.000  1.4604223000e+00  1.0430129240e-01 
 561.000  1.6047109000e+00  1.1447619630e-01 
 562.000  1.4727092000e+00  1.0502484130e-01 
 563.000  1.5404730000e+00  1.0973856350e-01 
 564.000  1.5184961000e+00  1.0800649260e-01 
 565.000  1.5363033000e+00  1.0924920650e-01 
 566.000  1.4161955000e+00  1.0060326390e-01 
 567.000  1.5188406000e+00  1.0766893010e-01 
 568.000  1.5145748000e+00  1.0683016200e-01 
 569.000  1.4835095000e+00  1.0349150090e-01 
 570.000  1.4911515000e+00  1.0412221530e-01 
 571.000  1.4385610000e+00  1.0113964080e-01 
 572.000  1.5198784000e+00  1.0611515050e-01 
 573.000  1.5359202000e+00  1.0740425870e-01 
 574.000  1.5273728000e+00  1.0678695680e-01 
 575.000  1.4898549000e+00  1.0403684230e-01 
 576.000  1.4626848000e+00  1.0206230160e-01 
 577.000  1.5233708000e+00  1.0639305880e-01 
 578.000  1.4789651000e+00  1.0357736970e-01 
 579.000  1.4676335000e+00  1.0283300780e-01 
 580.000  1.5181484000e+00  1.0653728490e-01 
 581.000  1.4906973000e+00  1.0475196080e-01 
 582.000  1.5129383000e+00  1.0624419400e-01 
 583.000  1.5233554000e+00  1.0701317600e-01 
 584.000  1.5183856000e+00  1.0652716060e-01 
 585.000  1.5082614000e+00  1.0570391850e-01 
 586.000  1.4433322000e+00  1.0112461850e-01 
 587.000  1.4996060000e+00  1.0454219820e-01 
 588.000  1.4838321000e+00  1.0197618100e-01 
 589.000  1.3151913000e+00  8.8568702700e-02 
 590.000  1.3731712000e+00  9.2360458370e-02 
 591.000  1.4590715000e+00  9.9352561950e-02 
 592.000  1.4310571000e+00  9.6647499080e-02 
 593.000  1.4460804000e+00  9.9054061890e-02 
 594.000  1.4592467000e+00  9.9600326540e-02 
 595.000  1.4313084000e+00  9.6613441470e-02 
 596.000  1.4667222000e+00  1.0048129270e-01 
 597.000  1.4711118000e+00  1.0033380130e-01 
 598.000  1.4409710000e+00  9.8897064210e-02 
 599.000  1.4413346000e+00  9.9157234190e-02 
 600.000  1.4416364000e+00  9.9751609800e-02 
 601.000  1.4335159000e+00  9.9625801090e-02 
 602.000  1.4178385000e+00  9.8611930850e-02 
 603.000  1.4263920000e+00  9.9364799500e-02 
 604.000  1.4715740000e+00  1.0267907710e-01 
 605.000  1.4678002000e+00  1.0234368900e-01 
 606.000  1.4507846000e+00  1.0121856690e-01 
 607.000  1.4426152000e+00  1.0059894560e-01 
 608.000  1.4373081000e+00  1.0015518950e-01 
 609.000  1.4225462000e+00  9.9125694270e-02 
 610.000  1.3997493000e+00  9.7466445920e-02 
 611.000  1.4224617000e+00  9.9032608030e-02 
 612.000  1.4039276000e+00  9.7734275820e-02 
 613.000  1.3833996000e+00  9.6244277950e-02 
 614.000  1.3329672000e+00  9.2743835450e-02 
 615.000  1.3973351000e+00  9.7128005980e-02 
 616.000  1.3285848000e+00  9.2365997310e-02 
 617.000  1.3360788000e+00  9.2870033260e-02 
 618.000  1.3991016000e+00  9.7137046810e-02 
 619.000  1.3862812000e+00  9.6282722470e-02 
 620.000  1.4067476000e+00  9.7587440490e-02 
 621.000  1.4309300000e+00  9.9236808780e-02 
 622.000  1.3554487000e+00  9.3927894590e-02 
 623.000  1.3659985000e+00  9.4502868650e-02 
 624.000  1.3674608000e+00  9.4640007020e-02 
 625.000  1.3304186000e+00  9.2050796510e-02 
 626.000  1.3371543000e+00  9.2316703800e-02 
 627.000  1.3595399000e+00  9.3321105960e-02 
 628.000  1.3413585000e+00  9.1089073180e-02 
 629.000  1.3750292000e+00  9.3649291990e-02 
 630.000  1.3294045000e+00  9.0995948790e-02 
 631.000  1.3781803000e+00  9.4413482670e-02 
 632.000  1.2837263500e+00  8.7573921200e-02 
 633.000  1.3779795000e+00  9.4445152280e-02 
 634.000  1.3365988000e+00  9.1770797730e-02 
 635.000  1.3610442000e+00  9.3452438350e-02 
 636.000  1.3130938900e+00  9.0244323730e-02 
 637.000  1.3564290000e+00  9.3283073430e-02 
 638.000  1.3775333000e+00  9.4927932740e-02 
 639.000  1.3661566000e+00  9.4029739380e-02 
 640.000  1.3232971100e+00  9.1306686400e-02 
 641.000  1.3424147000e+00  9.2585556030e-02 
 642.000  1.3263055300e+00  9.1521453860e-02 
 643.000  1.3495229000e+00  9.2930297850e-02 
 644.000  1.3340537300e+00  9.1769378660e-02 
 645.000  1.3457112200e+00  9.2359397890e-02 
 646.000  1.2944341700e+00  8.7753746030e-02 
 647.000  1.3119927800e+00  8.8199638370e-02 
 648.000  1.3096637500e+00  8.7397872920e-02 
 649.000  1.3356622200e+00  8.9612258910e-02 
 650.000  1.2377439100e+00  8.4181610110e-02 
 651.000  1.3332987300e+00  9.0666435240e-02 
 652.000  1.3075850700e+00  8.7852752690e-02 
 653.000  1.3339841300e+00  9.0844551090e-02 
 654.000  1.3165284400e+00  8.9405235290e-02 
 655.000  1.2818249700e+00  8.6586677550e-02 
 656.000  1.0882730900e+00  7.3611198430e-02 
 657.000  1.1615278700e+00  7.8780059810e-02 
 658.000  1.2938124200e+00  8.8231208800e-02 
 659.000  1.2969427800e+00  8.8650169370e-02 
 660.000  1.3071312200e+00  8.9462677000e-02 
 661.000  1.3129005100e+00  9.0217178340e-02 
 662.000  1.3318088500e+00  9.1652961730e-02 
 663.000  1.3170214700e+00  9.0545265200e-02 
 664.000  1.2961111100e+00  8.9139389040e-02 
 665.000  1.3017630300e+00  8.9540313720e-02 
 666.000  1.3174601000e+00  9.0740348820e-02 
 667.000  1.2913232900e+00  8.8892272950e-02 
 668.000  1.2986760600e+00  8.9515090940e-02 
 669.000  1.3172180800e+00  9.0845649720e-02 
 670.000  1.3017805900e+00  8.9674118040e-02 
 671.000  1.2877163900e+00  8.8738037110e-02 
 672.000  1.2836510900e+00  8.8437660220e-02 
 673.000  1.2928290600e+00  8.9038665770e-02 
 674.000  1.2953432300e+00  8.9217651370e-02 
 675.000  1.2755848600e+00  8.7809974670e-02 
 676.000  1.2996758800e+00  8.9475250240e-02 
 677.000  1.2738307000e+00  8.7706802370e-02 
 678.000  1.2949259300e+00  8.9124214170e-02 
 679.000  1.2766503700e+00  8.7801803590e-02 
 680.000  1.2668605000e+00  8.7093925480e-02 
 681.000  1.2682284200e+00  8.7114677430e-02 
 682.000  1.2656063800e+00  8.6849655150e-02 
 683.000  1.2739182000e+00  8.7329315190e-02 
 684.000  1.2509257700e+00  8.5706169130e-02 
 685.000  1.2650501600e+00  8.6664001460e-02 
 686.000  1.2094195600e+00  8.2563217160e-02 
 687.000  1.1189149900e+00  7.3397468570e-02 
 688.000  1.1485624400e+00  7.6257820130e-02 
 689.000  1.1431598000e+00  7.5670173650e-02 
 690.000  1.1636022500e+00  7.7513885500e-02 
 691.000  1.1871173500e+00  7.9569641110e-02 
 692.000  1.1901304700e+00  7.9799507140e-02 
 693.000  1.1892062700e+00  7.8353836060e-02 
 694.000  1.1913628200e+00  7.7383705140e-02 
 695.000  1.1784959600e+00  7.7065750120e-02 
 696.000  1.1968344000e+00  7.8608200070e-02 
 697.000  1.2194631500e+00  8.2135452270e-02 
 698.000  1.1925152400e+00  7.9814865110e-02 
 699.000  1.1960492500e+00  7.8311683650e-02 
 700.000  1.1849869900e+00  7.7826995850e-02 
 701.000  1.1543710900e+00  7.5402992250e-02 
 702.000  1.1515330900e+00  7.5479461670e-02 
 703.000  1.1827812300e+00  7.8903961180e-02 
 704.000  1.1867335700e+00  7.9244338990e-02 
 705.000  1.1894871100e+00  7.8813461300e-02 
 706.000  1.1779994400e+00  7.8166320800e-02 
 707.000  1.1623833600e+00  7.7343765260e-02 
 708.000  1.1984928700e+00  7.9983413700e-02 
 709.000  1.1606136500e+00  7.7907722470e-02 
 710.000  1.1819415100e+00  7.8768791200e-02 
 711.000  1.1753150800e+00  7.8826065060e-02 
 712.000  1.1633222600e+00  7.8493400570e-02 
 713.000  1.1547042000e+00  7.7516845700e-02 
 714.000  1.1729981600e+00  7.8551223750e-02 
 715.000  1.1260287300e+00  7.4788536070e-02 
 716.000  1.1493216200e+00  7.5683662410e-02 
 717.000  1.0775100400e+00  6.7696441650e-02 
 718.000  1.0452420600e+00  6.3713790890e-02 
 719.000  1.0236294200e+00  6.1634120940e-02 
 720.000  1.0168596600e+00  6.0292350770e-02 
 721.000  1.0774907700e+00  6.8494972230e-02 
 722.000  1.1147772600e+00  7.2477035520e-02 
 723.000  1.0996582200e+00  7.0515258790e-02 
 724.000  1.0699432200e+00  6.5990966800e-02 
 725.000  1.0634699200e+00  6.5960716250e-02 
 726.000  1.0597004400e+00  6.5612617490e-02 
 727.000  1.0803890200e+00  6.7220985410e-02 
 728.000  1.0561621200e+00  6.5358497620e-02 
 729.000  1.0271794800e+00  6.4492599490e-02 
 730.000  1.0625952700e+00  6.6557289120e-02 
 731.000  1.0420983600e+00  6.5144241330e-02 
 732.000  1.0843813200e+00  6.9429756160e-02 
 733.000  1.0889084800e+00  7.1435600280e-02 
 734.000  1.1216953300e+00  7.4412178040e-02 
 735.000  1.1089196900e+00  7.3234771730e-02 
 736.000  1.0816001400e+00  7.0910720830e-02 
 737.000  1.1007118500e+00  7.2534393310e-02 
 738.000  1.1043905400e+00  7.3350975040e-02 
 739.000  1.0713973300e+00  7.1436195370e-02 
 740.000  1.0877015800e+00  7.3085456850e-02 
 741.000  1.0825534200e+00  7.3140365600e-02 
 742.000  1.0661500000e+00  7.2188964840e-02 
 743.000  1.1006957100e+00  7.4878906250e-02 
 744.000  1.1125035500e+00  7.5859336850e-02 
 745.000  1.0846320400e+00  7.4101127620e-02 
 746.000  1.1005380000e+00  7.5249252320e-02 
 747.000  1.1171332500e+00  7.6362556460e-02 
 748.000  1.0978139900e+00  7.5074363710e-02 
 749.000  1.0983143300e+00  7.5136344910e-02 
 750.000  1.0818653300e+00  7.3934715270e-02 
 751.000  1.0791017500e+00  7.3745826720e-02 
 752.000  1.0961149800e+00  7.4974296570e-02 
 753.000  1.0859221400e+00  7.4295082090e-02 
 754.000  1.1030399700e+00  7.5475753780e-02 
 755.000  1.0967364700e+00  7.5045394900e-02 
 756.000  1.0752956900e+00  7.3579551700e-02 
 757.000  1.0832317300e+00  7.4121925350e-02 
 758.000  1.0809924600e+00  7.3925392150e-02 
 759.000  9.9937595000e-01  6.6852500920e-02 
 760.000  5.1114574000e-01  2.7824825290e-02 
 761.000  4.6179446000e-01  2.4422712330e-02 
 762.000  7.3683482000e-01  4.4897670750e-02 
 763.000  6.6874421000e-01  3.9191219330e-02 
 764.000  7.1475106000e-01  4.2695709230e-02 
 765.000  8.1597188000e-01  5.0959140780e-02 
 766.000  8.8225838000e-01  5.7595657350e-02 
 767.000  9.4550589000e-01  6.2880191800e-02 
 768.000  1.0159668100e+00  6.8421531680e-02 
 769.000  1.0333422900e+00  7.0194854740e-02 
 770.000  1.0382693500e+00  7.0821075440e-02 
 771.000  1.0437753100e+00  7.1366531370e-02 
 772.000  1.0408571400e+00  7.1210037230e-02 
 773.000  1.0369602500e+00  7.0963699340e-02 
 774.000  1.0483881000e+00  7.1765716550e-02 
 775.000  1.0091597200e+00  6.9095550540e-02 
 776.000  1.0508303700e+00  7.1993598940e-02 
 777.000  1.0435516400e+00  7.1487014770e-02 
 778.000  1.0379427200e+00  7.1075233460e-02 
 779.000  1.0413057300e+00  7.1268356320e-02 
 780.000  1.0284082900e+00  7.0408187870e-02 
 781.000  1.0268246300e+00  7.0306175230e-02 
 782.000  1.0391859300e+00  7.1090187070e-02 
 783.000  1.0148933400e+00  6.9493446350e-02 
 784.000  1.0204439000e+00  6.9827514650e-02 
 785.000  1.0223186400e+00  6.9759765620e-02 
 786.000  1.0034417400e+00  6.8291618350e-02 
 787.000  1.0153571200e+00  6.8586174010e-02 
 788.000  9.9859304000e-01  6.7245536800e-02 
 789.000  9.9878372000e-01  6.6481285100e-02 
 790.000  9.8819785000e-01  6.5678253170e-02 
 791.000  9.8418115000e-01  6.5569709780e-02 
 792.000  9.6954848000e-01  6.4686492920e-02 
 793.000  9.7082068000e-01  6.5071243290e-02 
 794.000  9.6558503000e-01  6.5405746460e-02 
 795.000  9.5745662000e-01  6.4367416380e-02 
 796.000  9.6589168000e-01  6.4002288820e-02 
 797.000  9.7422895000e-01  6.4862762450e-02 
 798.000  9.7973810000e-01  6.5872711180e-02 
 799.000  9.7780372000e-01  6.5558265690e-02 
 800.000  9.4871441000e-01  6.3140563960e-02 
 801.000  9.6686435000e-01  6.4408073430e-02 
 802.000  9.6454898000e-01  6.4181427000e-02 
 803.000  9.5132163000e-01  6.3389205930e-02 
 804.000  9.6160727000e-01  6.4340522770e-02 
 805.000  9.3846219000e-01  6.3236419680e-02 
 806.000  9.6581553000e-01  6.5312095640e-02 
 807.000  9.5992940000e-01  6.4959472660e-02 
 808.000  9.5316054000e-01  6.4324867250e-02 
 809.000  9.3560643000e-01  6.2950695040e-02 
 810.000  9.2985468000e-01  6.2350177760e-02 
 811.000  9.4145972000e-01  6.2746047970e-02 
 812.000  9.3376607000e-01  6.1753875730e-02 
 813.000  9.2403660000e-01  6.0477676390e-02 
 814.000  9.1506936000e-01  5.9209201810e-02 
 815.000  8.9547224000e-01  5.7105484010e-02 
 816.000  8.7462375000e-01  5.4766296390e-02 
 817.000  8.8064977000e-01  5.5183773040e-02 
 818.000  8.7635608000e-01  5.4937709810e-02 
 819.000  8.5687910000e-01  5.4101375580e-02 
 820.000  8.5432984000e-01  5.5045326230e-02 
 821.000  8.9919237000e-01  5.9263580320e-02 
 822.000  8.6159897000e-01  5.5726264950e-02 
 823.000  8.3787889000e-01  5.1671798710e-02 
 824.000  8.8083070000e-01  5.6568099980e-02 
 825.000  8.9836862000e-01  5.9383197780e-02 
 826.000  9.0072955000e-01  5.9219985960e-02 
 827.000  8.9540969000e-01  5.8640476230e-02 
 828.000  8.8121613000e-01  5.6674568180e-02 
 829.000  8.8522144000e-01  5.7269081120e-02 
 830.000  8.7602033000e-01  5.7087162020e-02 
 831.000  8.6171418000e-01  5.6243171690e-02 
 832.000  8.7977359000e-01  5.7448123930e-02 
 833.000  8.5504804000e-01  5.6141551970e-02 
 834.000  8.7073558000e-01  5.7468967440e-02 
 835.000  8.7800416000e-01  5.8443698880e-02 
 836.000  8.8643073000e-01  5.8920227050e-02 
 837.000  8.7887562000e-01  5.8370048520e-02 
 838.000  8.8463175000e-01  5.9062160490e-02 
 839.000  8.5847041000e-01  5.7467426300e-02 
 840.000  8.8195991000e-01  5.9060153960e-02 
 841.000  8.8278160000e-01  5.8908737180e-02 
 842.000  8.7853292000e-01  5.8779495240e-02 
 843.000  8.7545161000e-01  5.9076591490e-02 
 844.000  8.6219401000e-01  5.8390483860e-02 
 845.000  8.7583627000e-01  5.9410465240e-02 
 846.000  8.8419896000e-01  6.0126548770e-02 
 847.000  8.5430292000e-01  5.8251808170e-02 
 848.000  8.7847894000e-01  5.9685192110e-02 
 849.000  8.8020566000e-01  5.9892318730e-02 
 850.000  7.6061383000e-01  5.1618366240e-02 
 851.000  8.7085924000e-01  5.8959659580e-02 
 852.000  8.3787619000e-01  5.6786827090e-02 
 853.000  8.4833740000e-01  5.7607997890e-02 
 854.000  6.8198472000e-01  4.6335411070e-02 
 855.000  7.5103844000e-01  5.1142711640e-02 
 856.000  8.5283116000e-01  5.8191139220e-02 
 857.000  8.6666998000e-01  5.9284191130e-02 
 858.000  8.5288514000e-01  5.8362663270e-02 
 859.000  8.5295723000e-01  5.8449939730e-02 
 860.000  8.4542511000e-01  5.8018688200e-02 
 861.000  8.4532047000e-01  5.8005599980e-02 
 862.000  8.4255829000e-01  5.7787300110e-02 
 863.000  8.5866619000e-01  5.8971656800e-02 
 864.000  8.5695216000e-01  5.8761337280e-02 
 865.000  8.4099532000e-01  5.7773757930e-02 
 866.000  7.0542281000e-01  4.8497825620e-02 
 867.000  7.5119260000e-01  5.1499286650e-02 
 868.000  8.1470445000e-01  5.5922790530e-02 
 869.000  8.0327297000e-01  5.5137474060e-02 
 870.000  8.3640299000e-01  5.7499073030e-02 
 871.000  8.3522303000e-01  5.7379329680e-02 
 872.000  8.3185890000e-01  5.6999172210e-02 
 873.000  8.3519187000e-01  5.7323471070e-02 
 874.000  8.1687792000e-01  5.6014827730e-02 
 875.000  8.0936784000e-01  5.5612945560e-02 
 876.000  8.1608062000e-01  5.6016235350e-02 
 877.000  8.3233822000e-01  5.7031570430e-02 
 878.000  8.1799794000e-01  5.6086509700e-02 
 879.000  8.1989710000e-01  5.6265155790e-02 
 880.000  8.1510428000e-01  5.5790477750e-02 
 881.000  7.7272180000e-01  5.2915210720e-02 
 882.000  8.1536759000e-01  5.5689777370e-02 
 883.000  7.9677829000e-01  5.4568222050e-02 
 884.000  8.0355400000e-01  5.5194553380e-02 
 885.000  8.1174671000e-01  5.5386417390e-02 
 886.000  7.8506756000e-01  5.3534111020e-02 
 887.000  7.7707267000e-01  5.3030345920e-02 
 888.000  8.0032788000e-01  5.4487419130e-02 
 889.000  8.0575666000e-01  5.5078136440e-02 
 890.000  8.0312699000e-01  5.4797714230e-02 
 891.000  7.9836683000e-01  5.4245315550e-02 
 892.000  7.9409971000e-01  5.3647411350e-02 
 893.000  7.5828519000e-01  5.0213665010e-02 
 894.000  7.8041853000e-01  5.1280456540e-02 
 895.000  7.3074677000e-01  4.6967391970e-02 
 896.000  7.4484344000e-01  4.6728385930e-02 
 897.000  7.1238174000e-01  4.3786918640e-02 
 898.000  7.0636962000e-01  4.2892238620e-02 
 899.000  6.8507266000e-01  4.0309761050e-02 
 900.000  6.7091423000e-01  3.9574958800e-02 
 901.000  6.5138306000e-01  3.8140438080e-02 
 902.000  6.4023254000e-01  3.7559951780e-02 
 903.000  7.0543234000e-01  4.3501258850e-02 
 904.000  7.3948438000e-01  4.6935237880e-02 
 905.000  7.3671289000e-01  4.6919570920e-02 
 906.000  7.0451626000e-01  4.4063938140e-02 
 907.000  6.9351045000e-01  4.1911365510e-02 
 908.000  6.6177301000e-01  3.9050075530e-02 
 909.000  6.4932774000e-01  3.8335231780e-02 
 910.000  6.5922130000e-01  3.9048542020e-02 
 911.000  6.6724629000e-01  4.0243267060e-02 
 912.000  6.6391314000e-01  3.9594619750e-02 
 913.000  6.5822915000e-01  3.8073131560e-02 
 914.000  6.6437269000e-01  3.9004680630e-02 
 915.000  6.6155968000e-01  3.9470489500e-02 
 916.000  6.7096927000e-01  4.0122570040e-02 
 917.000  6.6474432000e-01  4.0011825560e-02 
 918.000  6.6687857000e-01  4.0498954770e-02 
 919.000  6.9464299000e-01  4.3683498380e-02 
 920.000  7.0208637000e-01  4.4911342620e-02 
 921.000  6.8364257000e-01  4.3523040770e-02 
 922.000  6.7724324000e-01  4.3175632480e-02 
 923.000  6.4518934000e-01  4.0640007020e-02 
 924.000  6.6329067000e-01  4.1396560670e-02 
 925.000  6.7136127000e-01  4.1787231450e-02 
 926.000  6.4728026000e-01  4.0134944920e-02 
 927.000  6.6059673000e-01  4.0411720280e-02 
 928.000  6.4782046000e-01  3.8433506010e-02 
 929.000  6.1454433000e-01  3.4907890320e-02 
 930.000  5.8170513000e-01  3.1211755750e-02 
 931.000  5.4565820000e-01  2.7361890790e-02 
 932.000  4.9301489000e-01  2.2442863460e-02 
 933.000  4.5735605000e-01  1.9423202510e-02 
 934.000  4.1425371000e-01  1.6355003360e-02 
 935.000  4.0406441000e-01  1.5805227280e-02 
 936.000  4.1669783000e-01  1.6759836200e-02 
 937.000  4.2182632000e-01  1.6865047450e-02 
 938.000  4.5986606000e-01  1.9948097230e-02 
 939.000  5.6936149000e-01  2.9946498870e-02 
 940.000  5.8124443000e-01  3.1343578340e-02 
 941.000  5.5533786000e-01  2.9357057570e-02 
 942.000  5.0385540000e-01  2.5172760010e-02 
 943.000  4.7610540000e-01  2.1476922990e-02 
 944.000  4.5930138000e-01  2.0555721280e-02 
 945.000  4.8348231000e-01  2.2424186710e-02 
 946.000  4.9103253000e-01  2.2837797160e-02 
 947.000  5.0526392000e-01  2.4316699980e-02 
 948.000  5.1836399000e-01  2.5447216030e-02 
 949.000  5.1855024000e-01  2.5414426800e-02 
 950.000  5.1764399000e-01  2.5504262920e-02 
 951.000  5.3666147000e-01  2.7592037200e-02 
 952.000  5.1273440000e-01  2.5233249660e-02 
 953.000  5.2779739000e-01  2.6843343730e-02 
 954.000  5.3994937000e-01  2.8405605320e-02 
 955.000  4.9101412000e-01  2.5193361280e-02 
 956.000  5.2038426000e-01  2.6590145110e-02 
 957.000  5.6335702000e-01  3.1163896560e-02 
 958.000  5.7309570000e-01  3.2037670140e-02 
 959.000  5.6801974000e-01  3.1419206620e-02 
 960.000  5.6048843000e-01  3.0922691350e-02 
 961.000  5.5085866000e-01  3.0229087830e-02 
 962.000  5.5676144000e-01  3.0744358060e-02 
 963.000  5.7865192000e-01  3.3234443660e-02 
 964.000  5.7521422000e-01  3.3238975520e-02 
 965.000  5.7998604000e-01  3.3415931700e-02 
 966.000  5.6437080000e-01  3.2607418060e-02 
 967.000  5.9730814000e-01  3.5492904660e-02 
 968.000  6.1704028000e-01  3.8332256320e-02 
 969.000  6.3257878000e-01  4.0058700560e-02 
 970.000  6.3489958000e-01  4.0259395600e-02 
 971.000  6.2897976000e-01  3.9870857240e-02 
 972.000  6.3015230000e-01  3.9731395720e-02 
 973.000  6.1652490000e-01  3.8397892000e-02 
 974.000  5.9777347000e-01  3.6671913150e-02 
 975.000  5.9472281000e-01  3.6121616360e-02 
 976.000  6.0938902000e-01  3.7470890050e-02 
 977.000  6.0584307000e-01  3.7988826750e-02 
 978.000  6.1979018000e-01  3.8816387180e-02 
 979.000  6.0477786000e-01  3.8080379490e-02 
 980.000  6.2547818000e-01  4.0178253170e-02 
 981.000  6.3243796000e-01  4.0817401890e-02 
 982.000  6.2833374000e-01  4.0382427220e-02 
 983.000  6.3282091000e-01  4.1107498170e-02 
 984.000  6.3492792000e-01  4.1714462280e-02 
 985.000  6.3821450000e-01  4.2212413790e-02 
 986.000  6.3761858000e-01  4.2551754000e-02 
 987.000  6.4693205000e-01  4.3347927090e-02 
 988.000  6.3933255000e-01  4.2880001070e-02 
 989.000  6.3148103000e-01  4.2379020690e-02 
 990.000  6.3732967000e-01  4.2813152310e-02 
 991.000  6.4422594000e-01  4.3429977420e-02 
 992.000  6.3872886000e-01  4.3102813720e-02 
 993.000  6.3885588000e-01  4.3127525330e-02 
 994.000  6.4356226000e-01  4.3580421450e-02 
 995.000  6.3983670000e-01  4.3430076600e-02 
 996.000  6.3969882000e-01  4.3419036870e-02 
 997.000  6.3972961000e-01  4.3354915620e-02 
 998.000  6.3662825000e-01  4.3076667790e-02 
 999.000  6.3477167000e-01  4.2923767090e-02 
1000.000  6.2992608000e-01  4.2615917210e-02 
1001.000  6.3195090000e-01  4.2608642580e-02 
1002.000  6.2863502000e-01  4.2161170960e-02 
1003.000  6.2184332000e-01  4.1758750920e-02 
1004.000  6.1794438000e-01  4.1625736240e-02 
1005.000  5.7789270000e-01  3.8983642580e-02 
1006.000  6.0825087000e-01  4.1053520200e-02 
1007.000  6.1890174000e-01  4.1730468750e-02 
1008.000  6.1968268000e-01  4.1603813170e-02 
1009.000  6.1343225000e-01  4.0956127170e-02 
1010.000  6.1680659000e-01  4.1285968780e-02 
1011.000  6.1608488000e-01  4.1487937930e-02 
1012.000  6.1723685000e-01  4.1664012910e-02 
1013.000  6.1353194000e-01  4.1492427830e-02 
1014.000  6.1775835000e-01  4.1839885710e-02 
1015.000  6.0640393000e-01  4.1107776640e-02 
1016.000  6.1061583000e-01  4.1460075380e-02 
1017.000  6.0471362000e-01  4.1104064940e-02 
1018.000  6.1225186000e-01  4.1607849120e-02 
1019.000  5.9749972000e-01  4.0544605260e-02 
1020.000  5.9650355000e-01  4.0483417510e-02 
1021.000  6.0297965000e-01  4.0936820980e-02 
1022.000  5.9302319000e-01  4.0103057860e-02 
1023.000  6.0364000000e-01  4.0680896760e-02 
1024.000  6.0011881000e-01  4.0341629030e-02 
1025.000  6.0124810000e-01  4.0528560640e-02 
1026.000  6.0251601000e-01  4.0678703310e-02 
1027.000  5.9863417000e-01  4.0426723480e-02 
1028.000  6.0023500000e-01  4.0602275850e-02 
1029.000  5.9162888000e-01  4.0128776550e-02 
1030.000  5.9806477000e-01  4.0679420470e-02 
1031.000  5.9642521000e-01  4.0649982450e-02 
1032.000  5.9451406000e-01  4.0578681950e-02 
1033.000  5.8360426000e-01  3.9829353330e-02 
1034.000  5.8930681000e-01  4.0224861150e-02 
1035.000  5.8160980000e-01  3.9677536010e-02 
1036.000  5.9122505000e-01  4.0338802340e-02 
1037.000  5.7877557000e-01  3.9482173920e-02 
1038.000  5.8449988000e-01  3.9863628390e-02 
1039.000  5.8688516000e-01  4.0005729680e-02 
1040.000  5.7993792000e-01  3.9514541630e-02 
1041.000  5.8296039000e-01  3.9700885770e-02 
1042.000  5.8468860000e-01  3.9802925110e-02 
1043.000  5.7459444000e-01  3.9102371220e-02 
1044.000  5.8030937000e-01  3.9474029540e-02 
1045.000  5.7777243000e-01  3.9327018740e-02 
1046.000  5.6096638000e-01  3.8218696590e-02 
1047.000  5.7126044000e-01  3.8955451970e-02 
1048.000  5.7692489000e-01  3.9381702420e-02 
1049.000  5.7322158000e-01  3.9173553470e-02 
1050.000  5.7081500000e-01  3.9040275570e-02 
1051.000  5.6980160000e-01  3.8938983920e-02 
1052.000  5.6712998000e-01  3.8725292210e-02 
1053.000  5.6569792000e-01  3.8604747770e-02 
1054.000  5.6148630000e-01  3.8283920290e-02 
1055.000  5.6557711000e-01  3.8515563960e-02 
1056.000  5.6405462000e-01  3.8377925870e-02 
1057.000  5.6300007000e-01  3.8256896970e-02 
1058.000  5.5696076000e-01  3.7763687130e-02 
1059.000  5.3945709000e-01  3.6603584290e-02 
1060.000  5.5897153000e-01  3.8001934050e-02 
1061.000  5.3936406000e-01  3.6677402500e-02 
1062.000  5.5423578000e-01  3.7648689270e-02 
1063.000  5.4485145000e-01  3.6993782040e-02 
1064.000  5.5157835000e-01  3.7374881740e-02 
1065.000  5.5075232000e-01  3.7221572880e-02 
1066.000  5.3388235000e-01  3.6057697300e-02 
1067.000  5.4648262000e-01  3.6853267670e-02 
1068.000  5.4375338000e-01  3.6514873500e-02 
1069.000  5.0253272000e-01  3.3667896270e-02 
1070.000  5.3241296000e-01  3.5704723360e-02 
1071.000  5.3289856000e-01  3.5683574680e-02 
1072.000  5.3428723000e-01  3.5725959780e-02 
1073.000  5.1663241000e-01  3.4554080960e-02 
1074.000  5.3479551000e-01  3.5803211210e-02 
1075.000  5.1876813000e-01  3.4853736880e-02 
1076.000  5.2980070000e-01  3.5534271240e-02 
1077.000  5.2811644000e-01  3.5340084080e-02 
1078.000  5.2888452000e-01  3.5296245570e-02 
1079.000  5.0843763000e-01  3.3925819400e-02 
1080.000  5.2186614000e-01  3.4567337040e-02 
1081.000  5.0257187000e-01  3.3274116520e-02 
1082.000  5.0970036000e-01  3.3825557710e-02 
1083.000  4.9509470000e-01  3.2694595340e-02 
1084.000  5.1298343000e-01  3.3701007840e-02 
1085.000  5.0379579000e-01  3.2746063230e-02 
1086.000  5.1097438000e-01  3.3257534030e-02 
1087.000  4.8226151000e-01  3.1712226870e-02 
1088.000  5.1157586000e-01  3.3696693420e-02 
1089.000  4.8881726000e-01  3.1814779280e-02 
1090.000  4.9879617000e-01  3.2422168730e-02 
1091.000  5.0269597000e-01  3.2792942050e-02 
1092.000  4.8936901000e-01  3.1754188540e-02 
1093.000  4.7953222300e-01  3.0709644320e-02 
1094.000  4.3478843000e-01  2.7652999880e-02 
1095.000  4.7090025200e-01  2.9949064250e-02 
1096.000  4.7222720000e-01  3.0044342040e-02 
1097.000  4.6218257200e-01  2.9270170210e-02 
1098.000  4.4491399300e-01  2.7197345730e-02 
1099.000  4.3464301800e-01  2.5730121610e-02 
1100.000  4.4292806600e-01  2.6275600430e-02 
1101.000  4.4358436700e-01  2.6426511760e-02 
1102.000  4.2445644000e-01  2.5225788120e-02 
1103.000  4.4237875400e-01  2.6359632490e-02 
1104.000  4.3718972100e-01  2.5907007220e-02 
1105.000  4.3145747500e-01  2.5222930910e-02 
1106.000  4.2265613200e-01  2.4387187960e-02 
1107.000  4.2349084500e-01  2.4498174670e-02 
1108.000  4.2315928800e-01  2.4511585240e-02 
1109.000  4.2964057900e-01  2.5130678180e-02 
1110.000  4.3140218100e-01  2.5147302630e-02 
1111.000  4.2345115400e-01  2.4504116060e-02 
1112.000  4.0713331700e-01  2.2883438110e-02 
1113.000  3.8849072900e-01  2.0905256270e-02 
1114.000  3.8830269400e-01  2.0564559940e-02 
1115.000  3.6277719200e-01  1.8062791820e-02 
1116.000  3.4465923800e-01  1.6496780400e-02 
1117.000  3.1574645800e-01  1.3849163060e-02 
1118.000  2.8185985500e-01  1.1349213600e-02 
1119.000  2.5804723900e-01  9.8654670720e-03 
1120.000  2.3791005500e-01  8.5156497960e-03 
1121.000  2.3483338300e-01  8.2682552340e-03 
1122.000  2.1109178400e-01  6.8872227670e-03 
1123.000  2.2493035600e-01  7.6290621760e-03 
1124.000  2.3387559800e-01  8.1273908620e-03 
1125.000  2.2472532700e-01  7.7040610310e-03 
1126.000  2.1868081700e-01  7.4602298740e-03 
1127.000  2.2784419700e-01  7.8329415320e-03 
1128.000  2.2705779900e-01  7.9183654790e-03 
1129.000  2.4984603000e-01  9.3065414430e-03 
1130.000  2.9857607100e-01  1.2642395970e-02 
1131.000  3.1548532600e-01  1.3836020470e-02 
1132.000  2.9755508800e-01  1.2421708110e-02 
1133.000  2.5539346000e-01  9.7407493590e-03 
1134.000  1.8682002100e-01  5.7393813130e-03 
1135.000  1.9446460700e-01  6.1060490610e-03 
1136.000  2.6154348700e-01  1.0150740620e-02 
1137.000  2.9974677900e-01  1.2744085310e-02 
1138.000  3.2019049200e-01  1.4857630730e-02 
1139.000  3.3619013900e-01  1.6090354920e-02 
1140.000  3.3118712900e-01  1.5597647670e-02 
1141.000  3.0966639100e-01  1.4145570760e-02 
1142.000  3.1380959900e-01  1.4164975170e-02 
1143.000  2.9493619200e-01  1.2833614350e-02 
1144.000  2.7768714800e-01  1.1599734310e-02 
1145.000  2.5685688800e-01  1.0079536440e-02 
1146.000  2.6485838100e-01  1.0554293630e-02 
1147.000  2.8393317500e-01  1.1875966070e-02 
1148.000  2.9652125700e-01  1.2929011340e-02 
1149.000  3.0343340600e-01  1.3461559300e-02 
1150.000  3.0218174400e-01  1.3461413380e-02 
1151.000  3.1002175500e-01  1.4196716310e-02 
1152.000  3.1364966100e-01  1.4556777000e-02 
1153.000  3.1931992200e-01  1.5104212760e-02 
1154.000  3.1957100300e-01  1.5077689170e-02 
1155.000  3.3236491000e-01  1.6263032910e-02 
1156.000  3.4078246300e-01  1.7329425810e-02 
1157.000  3.7010816600e-01  2.0206815720e-02 
1158.000  3.8044134100e-01  2.1370275500e-02 
1159.000  3.8364078100e-01  2.2081821440e-02 
1160.000  3.8222065500e-01  2.2234205250e-02 
1161.000  3.8273171300e-01  2.2792604450e-02 
1162.000  4.0300736900e-01  2.4444988250e-02 
1163.000  4.1254737000e-01  2.5548667910e-02 
1164.000  4.0598879900e-01  2.5253438950e-02 
1165.000  4.1432523600e-01  2.5856222150e-02 
1166.000  4.0513133100e-01  2.5414810180e-02 
1167.000  4.1266049800e-01  2.5972282410e-02 
1168.000  4.1586932600e-01  2.6155944820e-02 
1169.000  4.0255295400e-01  2.5400991440e-02 
1170.000  4.1438464600e-01  2.6222042080e-02 
1171.000  4.1904644600e-01  2.6692884450e-02 
1172.000  4.1610794900e-01  2.6412567140e-02 
1173.000  4.1161371400e-01  2.6040349960e-02 
1174.000  4.1191636900e-01  2.6070091250e-02 
1175.000  4.1135781100e-01  2.6295993800e-02 
1176.000  4.0524245800e-01  2.6144449230e-02 
1177.000  4.1590977900e-01  2.6720487590e-02 
1178.000  4.0515574000e-01  2.5805404660e-02 
1179.000  4.0334716500e-01  2.5694843290e-02 
1180.000  4.0765627600e-01  2.5890739440e-02 
1181.000  4.0205714100e-01  2.5327919010e-02 
1182.000  3.9906227300e-01  2.4933198930e-02 
1183.000  3.7629951400e-01  2.3533018110e-02 
1184.000  3.9524152600e-01  2.4832843780e-02 
1185.000  4.0536917100e-01  2.5761821750e-02 
1186.000  4.0151668500e-01  2.5428922650e-02 
1187.000  3.9666724800e-01  2.4829204560e-02 
1188.000  3.9348632300e-01  2.4555274960e-02 
1189.000  3.7338071000e-01  2.3457038880e-02 
1190.000  3.9945466800e-01  2.5538536070e-02 
1191.000  4.0799553900e-01  2.6208358760e-02 
1192.000  4.0906105400e-01  2.6465566640e-02 
1193.000  4.0850666100e-01  2.6363489150e-02 
1194.000  4.0723041000e-01  2.6253780360e-02 
1195.000  3.9944546100e-01  2.5564092640e-02 
1196.000  3.9963573500e-01  2.5612037660e-02 
1197.000  3.9796346200e-01  2.5418195720e-02 
1198.000  3.8425815600e-01  2.4529861450e-02 
1199.000  3.6814520400e-01  2.3399358750e-02 
1200.000  3.9246053800e-01  2.5016901020e-02 
1201.000  3.9571450900e-01  2.5261142730e-02 
1202.000  3.9662259100e-01  2.5375326160e-02 
1203.000  3.7621623500e-01  2.4038696290e-02 
1204.000  3.8306147300e-01  2.4541004180e-02 
1205.000  3.9722321800e-01  2.5783361430e-02 
1206.000  3.9726762000e-01  2.5938991550e-02 
1207.000  4.0094197600e-01  2.6242204670e-02 
1208.000  3.9438387200e-01  2.5761503220e-02 
1209.000  3.6861737600e-01  2.4000600810e-02 
1210.000  3.9242463100e-01  2.5411037450e-02 
1211.000  3.7903077900e-01  2.4530015950e-02 
1212.000  3.9145470500e-01  2.5378887180e-02 
1213.000  3.9504320700e-01  2.5754653930e-02 
1214.000  3.9298333900e-01  2.5613222120e-02 
1215.000  3.9505953200e-01  2.5812049870e-02 
1216.000  3.9682095100e-01  2.6158342360e-02 
1217.000  3.9842504800e-01  2.6463939670e-02 
1218.000  3.9800105900e-01  2.6533819200e-02 
1219.000  3.9477325100e-01  2.6378965380e-02 
1220.000  3.9750662100e-01  2.6559509280e-02 
1221.000  3.9703315800e-01  2.6540775300e-02 
1222.000  3.9501901900e-01  2.6406930920e-02 
1223.000  3.9335539700e-01  2.6330825810e-02 
1224.000  3.9787620500e-01  2.6764600750e-02 
1225.000  3.9600189000e-01  2.6678960800e-02 
1226.000  3.9780171400e-01  2.6853960040e-02 
1227.000  3.8498446500e-01  2.6065080640e-02 
1228.000  3.9783140400e-01  2.7030309680e-02 
1229.000  3.9797699500e-01  2.7112285610e-02 
1230.000  3.9727943700e-01  2.7146917340e-02 
1231.000  3.9764859400e-01  2.7222068790e-02 
1232.000  3.9330071800e-01  2.6949123380e-02 
1233.000  3.9647924900e-01  2.7185581210e-02 
1234.000  3.9614420100e-01  2.7265174870e-02 
1235.000  3.9370243700e-01  2.7134651180e-02 
1236.000  3.9619627000e-01  2.7332017900e-02 
1237.000  3.9644597600e-01  2.7385841370e-02 
1238.000  3.9628980700e-01  2.7391910550e-02 
1239.000  3.9181934700e-01  2.7094118120e-02 
1240.000  3.9004629800e-01  2.7007274630e-02 
1241.000  3.9345368500e-01  2.7272754670e-02 
1242.000  3.9106355000e-01  2.7133281710e-02 
1243.000  3.8661543200e-01  2.6851888660e-02 
1244.000  3.8298194500e-01  2.6615671160e-02 
1245.000  3.8945287200e-01  2.7080236430e-02 
1246.000  3.8629959500e-01  2.6830205920e-02 
1247.000  3.8422037800e-01  2.6653779980e-02 
1248.000  3.8702958800e-01  2.6816699980e-02 
1249.000  3.8552764900e-01  2.6691146850e-02 
1250.000  3.8385266700e-01  2.6545024870e-02 
1251.000  3.8102849900e-01  2.6328304290e-02 
1252.000  3.7959473800e-01  2.6198589320e-02 
1253.000  3.7614774600e-01  2.5927373890e-02 
1254.000  3.7650925000e-01  2.5887247090e-02 
1255.000  3.7542901800e-01  2.5771976470e-02 
1256.000  3.7423713300e-01  2.5658922200e-02 
1257.000  3.6939681500e-01  2.5259256360e-02 
1258.000  3.6948157400e-01  2.5145719530e-02 
1259.000  3.6425780600e-01  2.4691930770e-02 
1260.000  3.6339682200e-01  2.4524702070e-02 
1261.000  3.6118627300e-01  2.4265785220e-02 
1262.000  3.5017373600e-01  2.3370983120e-02 
1263.000  3.5315108900e-01  2.3548835750e-02 
1264.000  3.4681889800e-01  2.3124393460e-02 
1265.000  3.4714264000e-01  2.3155138020e-02 
1266.000  3.4800402700e-01  2.3176460270e-02 
1267.000  3.3994012500e-01  2.2604768750e-02 
1268.000  3.3486192900e-01  2.2231916430e-02 
1269.000  3.3721396800e-01  2.2373617170e-02 
1270.000  3.4538103200e-01  2.3036415100e-02 
1271.000  3.4929418900e-01  2.3346729280e-02 
1272.000  3.4987697600e-01  2.3444158550e-02 
1273.000  3.5103428000e-01  2.3596475600e-02 
1274.000  3.5073073300e-01  2.3662117000e-02 
1275.000  3.5366599700e-01  2.3885746000e-02 
1276.000  3.5474786800e-01  2.3959289550e-02 
1277.000  3.5478900500e-01  2.3941211700e-02 
1278.000  3.5410148500e-01  2.3864500050e-02 
1279.000  3.5207954100e-01  2.3737075810e-02 
1280.000  3.5098008500e-01  2.3751598360e-02 
1281.000  3.4191053400e-01  2.3221094130e-02 
1282.000  3.0438256300e-01  2.0747383120e-02 
1283.000  3.3456942500e-01  2.2849658970e-02 
1284.000  3.4843942800e-01  2.3817686080e-02 
1285.000  3.5127617700e-01  2.4027416230e-02 
1286.000  3.5073560700e-01  2.3942644120e-02 
1287.000  3.5200791300e-01  2.3949131010e-02 
1288.000  3.4653301900e-01  2.3314718250e-02 
1289.000  3.4758572000e-01  2.3303037640e-02 
1290.000  3.3947582600e-01  2.2738975520e-02 
1291.000  3.4470317100e-01  2.3089559560e-02 
1292.000  3.4756983600e-01  2.3340753560e-02 
1293.000  3.4800889000e-01  2.3340856550e-02 
1294.000  3.4107708600e-01  2.2728281020e-02 
1295.000  3.4242753500e-01  2.2620019910e-02 
1296.000  3.4024329100e-01  2.2296123500e-02 
1297.000  3.3615389800e-01  2.1900276180e-02 
1298.000  3.3296930300e-01  2.1679403310e-02 
1299.000  3.3619129200e-01  2.1874277110e-02 
1300.000  3.3450287400e-01  2.1749450680e-02 
1301.000  3.3352349700e-01  2.1645298000e-02 
1302.000  3.2785365100e-01  2.1159311290e-02 
1303.000  3.2189201500e-01  2.0491222380e-02 
1304.000  3.2052474000e-01  2.0272390370e-02 
1305.000  3.2177730600e-01  2.0288301470e-02 
1306.000  3.2155882400e-01  2.0205860140e-02 
1307.000  3.1955002600e-01  2.0014604570e-02 
1308.000  3.1658535900e-01  1.9662443160e-02 
1309.000  3.1265932800e-01  1.9197626110e-02 
1310.000  3.1094008000e-01  1.9074901580e-02 
1311.000  3.1008628000e-01  1.9021177290e-02 
1312.000  3.0466686300e-01  1.8441101070e-02 
1313.000  2.8858194800e-01  1.7191867830e-02 
1314.000  2.9310291200e-01  1.7209470750e-02 
1315.000  2.8533365400e-01  1.6862365720e-02 
1316.000  2.9530076100e-01  1.7621065140e-02 
1317.000  2.9830366400e-01  1.7791528700e-02 
1318.000  2.8892498700e-01  1.6936321260e-02 
1319.000  2.8529265700e-01  1.6331228260e-02 
1320.000  2.7459670600e-01  1.5275661470e-02 
1321.000  2.7007120600e-01  1.4844825740e-02 
1322.000  2.7513257000e-01  1.5394596100e-02 
1323.000  2.8201071800e-01  1.6064128880e-02 
1324.000  2.8526702900e-01  1.6403831480e-02 
1325.000  2.8289027900e-01  1.6154762270e-02 
1326.000  2.7582271900e-01  1.5465126990e-02 
1327.000  2.6131562500e-01  1.4016129490e-02 
1328.000  2.4821398500e-01  1.2609076500e-02 
1329.000  2.1416866100e-01  9.8306283950e-03 
1330.000  2.0813436500e-01  9.1944465640e-03 
1331.000  2.0265341300e-01  8.7325124740e-03 
1332.000  2.0045776900e-01  8.6963796620e-03 
1333.000  2.1146294900e-01  9.3715333940e-03 
1334.000  2.1987529900e-01  1.0021430020e-02 
1335.000  2.2581547000e-01  1.0503932950e-02 
1336.000  2.2570762800e-01  1.0573270800e-02 
1337.000  2.2826263900e-01  1.0720368390e-02 
1338.000  2.3201178900e-01  1.1061798100e-02 
1339.000  2.3252549500e-01  1.1137685780e-02 
1340.000  2.3414382800e-01  1.1361184120e-02 
1341.000  2.3810179000e-01  1.1427576070e-02 
1342.000  2.3800517100e-01  1.1435271260e-02 
1343.000  2.2898487000e-01  1.0421388630e-02 
1344.000  2.1514340700e-01  9.2050771710e-03 
1345.000  1.7801822700e-01  6.5442781450e-03 
1346.000  1.5185700800e-01  4.8870468140e-03 
1347.000  1.3469607300e-01  3.9776806830e-03 
1348.000  1.1167120800e-01  2.7737660410e-03 
1349.000  1.0156969540e-01  2.3508102890e-03 
1350.000  7.9119435500e-02  1.4531497960e-03 
1351.000  6.8304674000e-02  1.1228386160e-03 
1352.000  5.2245296800e-02  6.6666990520e-04 
1353.000  3.7031173300e-02  3.6603409050e-04 
1354.000  2.9609881200e-02  2.4477253850e-04 
1355.000  2.2989600500e-02  1.5706361830e-04 
1356.000  1.7384915900e-02  9.5666475590e-05 
1357.000  1.1883074770e-02  4.8244573180e-05 
1358.000  8.7943008300e-03  2.9472080990e-05 
1359.000  4.6371897900e-03  1.0006924160e-05 
1360.000  3.0667192400e-03  5.2610361020e-06 
1361.000  2.2822901500e-03  3.1313584190e-06 
1362.000  2.1000785500e-03  2.7549446090e-06 
1363.000  3.0298718100e-03  4.8117805270e-06 
1364.000  3.5132260700e-03  6.0283956120e-06 
1365.000  3.6785380500e-03  6.3630924560e-06 
1366.000  4.2480985300e-03  7.9521639270e-06 
1367.000  3.5684709500e-03  6.2315077520e-06 
1368.000  3.1641443500e-03  5.3882226350e-06 
1369.000  3.2446885400e-03  5.6713777590e-06 
1370.000  5.3662024900e-03  1.3175553640e-05 
1371.000  9.5567395900e-03  3.3050026740e-05 
1372.000  1.7696152000e-02  9.1463491320e-05 
1373.000  2.5103431300e-02  1.6156554220e-04 
1374.000  3.0483395500e-02  2.2369757290e-04 
1375.000  3.2500629600e-02  2.5135421750e-04 
1376.000  3.0145694200e-02  2.2309039530e-04 
1377.000  2.6837184800e-02  1.8241128330e-04 
1378.000  2.0455538600e-02  1.1637657880e-04 
1379.000  1.4046694450e-02  6.2848277390e-05 
1380.000  7.9668927200e-03  2.5094499810e-05 
1381.000  4.6085463100e-03  1.0461946950e-05 
1382.000  3.2226940600e-03  5.9045213270e-06 
1383.000  3.1180831900e-03  5.5195908060e-06 
1384.000  5.0718353300e-03  1.1930637060e-05 
1385.000  7.2001142700e-03  2.0949596540e-05 
1386.000  1.0997422030e-02  4.1396569460e-05 
1387.000  2.0206222700e-02  1.1417919400e-04 
1388.000  2.6781493800e-02  1.7957812550e-04 
1389.000  3.0763815700e-02  2.2917693850e-04 
1390.000  3.1403131300e-02  2.3982815440e-04 
1391.000  2.9315219000e-02  2.1364420650e-04 
1392.000  2.2163594200e-02  1.3523997370e-04 
1393.000  1.6942337500e-02  8.8247150180e-05 
1394.000  1.2979772590e-02  5.7631541040e-05 
1395.000  1.4631298300e-02  6.9996170700e-05 
1396.000  2.0077353600e-02  1.1603857580e-04 
1397.000  2.5909671700e-02  1.7706328630e-04 
1398.000  2.6682462500e-02  1.8541784580e-04 
1399.000  2.4913527400e-02  1.6836802660e-04 
1400.000  2.3296268200e-02  1.5320487320e-04 
1401.000  2.4765118800e-02  1.7245395480e-04 
1402.000  3.0701999600e-02  2.4168458580e-04 
1403.000  3.5348309000e-02  3.1471565370e-04 
1404.000  3.3248266600e-02  2.8390216830e-04 
1405.000  3.4826787500e-02  3.1488743420e-04 
1406.000  3.2294249700e-02  2.7622020240e-04 
1407.000  3.3492323800e-02  3.0258500580e-04 
1408.000  4.0142818400e-02  4.0765360000e-04 
1409.000  4.7056380600e-02  5.4232853650e-04 
1410.000  5.7713939100e-02  7.6536023620e-04 
1411.000  6.8647980400e-02  1.0567239520e-03 
1412.000  6.6321842700e-02  1.0217884780e-03 
1413.000  7.3146462100e-02  1.2262206080e-03 
1414.000  7.2117548900e-02  1.1794334650e-03 
1415.000  7.9724416900e-02  1.4415618180e-03 
1416.000  8.5657769000e-02  1.6363595720e-03 
1417.000  8.7863007400e-02  1.7290222640e-03 
1418.000  8.8645971100e-02  1.7500321870e-03 
1419.000  8.8461253800e-02  1.7812461850e-03 
1420.000  9.0562076400e-02  1.8545740840e-03 
1421.000  1.0185430600e-01  2.2823164460e-03 
1422.000  1.0427692070e-01  2.4165427680e-03 
1423.000  1.0543961680e-01  2.4936535360e-03 
1424.000  1.0508136090e-01  2.4731366630e-03 
1425.000  1.0388869530e-01  2.4003062250e-03 
1426.000  1.0016313900e-01  2.3191869260e-03 
1427.000  1.0609237530e-01  2.5437712670e-03 
1428.000  1.1205386360e-01  2.7533164020e-03 
1429.000  1.1365477800e-01  2.8813700680e-03 
1430.000  1.1089109210e-01  2.8144128320e-03 
1431.000  1.0330933680e-01  2.5086138250e-03 
1432.000  1.0101541510e-01  2.3845841880e-03 
1433.000  1.0073077320e-01  2.3714919090e-03 
1434.000  9.6079529400e-02  2.2105214600e-03 
1435.000  1.0314936690e-01  2.4821994300e-03 
1436.000  1.0571775830e-01  2.5914433000e-03 
1437.000  1.0740276320e-01  2.6580276490e-03 
1438.000  1.1386451740e-01  2.9467899800e-03 
1439.000  1.1596580680e-01  3.0133709910e-03 
1440.000  1.1119281600e-01  2.9289820190e-03 
1441.000  1.1809894280e-01  3.1340866090e-03 
1442.000  1.1328422970e-01  2.9639725690e-03 
1443.000  1.1532032660e-01  3.0243887900e-03 
1444.000  1.1791997810e-01  3.1312916280e-03 
1445.000  1.1815599880e-01  3.1494505410e-03 
1446.000  1.2367176830e-01  3.3809471130e-03 
1447.000  1.2705134500e-01  3.5526831150e-03 
1448.000  1.2849926400e-01  3.6088957790e-03 
1449.000  1.2597665110e-01  3.4887158870e-03 
1450.000  1.2046470570e-01  3.2613976000e-03 
1451.000  1.2181329110e-01  3.3397316930e-03 
1452.000  1.2714366420e-01  3.6438140870e-03 
1453.000  1.4167477300e-01  4.3214225770e-03 
1454.000  1.5416267800e-01  5.0024333000e-03 
1455.000  1.6013486000e-01  5.3942122460e-03 
1456.000  1.6723674200e-01  5.8438544270e-03 
1457.000  1.6992637500e-01  5.9706988330e-03 
1458.000  1.7324966500e-01  6.1354804040e-03 
1459.000  1.6838304000e-01  5.8213143350e-03 
1460.000  1.6070802200e-01  5.4409046170e-03 
1461.000  1.5762556800e-01  5.2786870000e-03 
1462.000  1.4913904400e-01  4.8349933620e-03 
1463.000  1.4815026200e-01  4.8113808630e-03 
1464.000  1.4623684400e-01  4.7073469160e-03 
1465.000  1.4299291400e-01  4.4934735300e-03 
1466.000  1.3326647700e-01  4.0613713260e-03 
1467.000  1.3230039200e-01  3.9435322280e-03 
1468.000  1.2415984850e-01  3.6093068120e-03 
1469.000  1.1778062730e-01  3.2776725290e-03 
1470.000  1.1436997570e-01  3.1353116040e-03 
1471.000  1.2136857610e-01  3.5224404340e-03 
1472.000  1.3364590100e-01  4.1426372530e-03 
1473.000  1.5018984000e-01  5.0401644710e-03 
1474.000  1.5742372400e-01  5.5975193980e-03 
1475.000  1.6022267600e-01  5.7124290470e-03 
1476.000  1.6048330200e-01  5.7364730830e-03 
1477.000  1.5704368200e-01  5.5378313060e-03 
1478.000  1.5090262100e-01  5.2516994480e-03 
1479.000  1.4791017700e-01  5.0433669090e-03 
1480.000  1.5099074900e-01  5.2445273400e-03 
1481.000  1.5381286100e-01  5.4894871710e-03 
1482.000  1.6076035200e-01  5.9151115420e-03 
1483.000  1.5898150400e-01  5.9074320790e-03 
1484.000  1.6001217300e-01  5.9731469150e-03 
1485.000  1.6231263700e-01  6.0520987510e-03 
1486.000  1.6368453200e-01  6.2704167370e-03 
1487.000  1.7370247300e-01  6.9969153400e-03 
1488.000  1.5222507300e-01  6.1773352620e-03 
1489.000  1.8680435300e-01  8.0846052170e-03 
1490.000  1.9763320400e-01  9.0258216860e-03 
1491.000  2.0469282800e-01  9.6310920720e-03 
1492.000  2.0098106800e-01  9.5282220840e-03 
1493.000  2.0840802000e-01  1.0070686340e-02 
1494.000  2.0810481200e-01  1.0104980470e-02 
1495.000  2.0982647300e-01  1.0378137590e-02 
1496.000  2.0946191400e-01  1.0638652800e-02 
1497.000  2.1456896200e-01  1.0940227510e-02 
1498.000  2.2164628200e-01  1.1561836240e-02 
1499.000  2.2263349100e-01  1.1861693380e-02 
1500.000  2.2949807700e-01  1.2424844740e-02 
1501.000  2.2819239000e-01  1.2318215370e-02 
1502.000  2.2451185900e-01  1.2055063250e-02 
1503.000  2.0056199400e-01  1.0730241780e-02 
1504.000  2.0989238800e-01  1.1301341060e-02 
1505.000  2.1251332900e-01  1.1637394910e-02 
1506.000  2.1544416300e-01  1.1843836780e-02 
1507.000  2.2825592100e-01  1.2738972660e-02 
1508.000  2.2624846000e-01  1.2745063780e-02 
1509.000  2.2877089300e-01  1.3016164780e-02 
1510.000  2.3286969400e-01  1.3318772320e-02 
1511.000  2.3501514900e-01  1.3542793270e-02 
1512.000  2.3133046700e-01  1.3403012280e-02 
1513.000  2.3124052000e-01  1.3456729890e-02 
1514.000  2.2807490300e-01  1.3306194310e-02 
1515.000  2.3337803500e-01  1.3679467200e-02 
1516.000  2.3147200200e-01  1.3582751270e-02 
1517.000  2.3085067800e-01  1.3584948540e-02 
1518.000  2.3656959900e-01  1.4006534580e-02 
1519.000  2.3478706400e-01  1.3997592930e-02 
1520.000  2.3838395100e-01  1.4363073350e-02 
1521.000  2.3499529100e-01  1.4276803020e-02 
1522.000  2.3363606600e-01  1.4241304400e-02 
1523.000  2.3966033000e-01  1.4679993630e-02 
1524.000  2.3757719400e-01  1.4575629230e-02 
1525.000  2.3184378400e-01  1.4234940530e-02 
1526.000  2.3847659000e-01  1.4652495380e-02 
1527.000  2.3636387500e-01  1.4560189250e-02 
1528.000  2.3846300900e-01  1.4740430830e-02 
1529.000  2.3771673100e-01  1.4695349690e-02 
1530.000  2.2286842600e-01  1.3819367410e-02 
1531.000  2.3850524100e-01  1.4811701770e-02 
1532.000  2.3736821300e-01  1.4767982480e-02 
1533.000  2.3640672200e-01  1.4717202190e-02 
1534.000  2.3292954700e-01  1.4505963330e-02 
1535.000  2.3391633200e-01  1.4572826390e-02 
1536.000  2.3704773900e-01  1.4806181910e-02 
1537.000  2.3798369800e-01  1.4923143390e-02 
1538.000  2.3165918800e-01  1.4587718960e-02 
1539.000  2.3667232500e-01  1.4962435720e-02 
1540.000  2.2812651900e-01  1.4467682840e-02 
1541.000  2.3293740800e-01  1.4791022300e-02 
1542.000  2.3432358300e-01  1.4887802120e-02 
1543.000  2.3368577700e-01  1.4864713670e-02 
1544.000  2.3668709300e-01  1.5079337120e-02 
1545.000  2.3759446600e-01  1.5173341750e-02 
1546.000  2.3781264100e-01  1.5230956080e-02 
1547.000  2.3550316700e-01  1.5123090740e-02 
1548.000  2.2854696600e-01  1.4710662840e-02 
1549.000  2.3440469200e-01  1.5111477850e-02 
1550.000  2.3308748000e-01  1.5046093940e-02 
1551.000  2.3186018100e-01  1.4969450950e-02 
1552.000  2.3581216500e-01  1.5220814700e-02 
1553.000  2.3457921400e-01  1.5144580840e-02 
1554.000  2.2598410000e-01  1.4585368160e-02 
1555.000  2.2975478600e-01  1.4836386680e-02 
1556.000  2.2536828300e-01  1.4582198140e-02 
1557.000  2.3274736900e-01  1.5108043670e-02 
1558.000  2.3090499000e-01  1.5025504110e-02 
1559.000  2.3092330500e-01  1.5061412810e-02 
1560.000  2.2693557400e-01  1.4842984200e-02 
1561.000  2.3223196500e-01  1.5201161380e-02 
1562.000  2.3212426400e-01  1.5177067760e-02 
1563.000  2.2865534200e-01  1.4942046170e-02 
1564.000  2.2399859500e-01  1.4621822360e-02 
1565.000  2.2725079200e-01  1.4812944410e-02 
1566.000  2.2294476500e-01  1.4543399810e-02 
1567.000  2.2258844000e-01  1.4521646500e-02 
1568.000  2.1743665000e-01  1.4174431800e-02 
1569.000  2.1761942400e-01  1.4170427320e-02 
1570.000  2.1156666200e-01  1.3772438050e-02 
1571.000  2.1723543200e-01  1.4165552140e-02 
1572.000  2.1706979100e-01  1.4165812490e-02 
1573.000  2.1377256800e-01  1.3980996130e-02 
1574.000  2.1461486600e-01  1.4074766160e-02 
1575.000  1.9939692000e-01  1.3105132100e-02 
1576.000  2.1421816000e-01  1.4086537360e-02 
1577.000  1.9350549200e-01  1.2709630970e-02 
1578.000  2.1184707400e-01  1.3898062710e-02 
1579.000  2.1316926300e-01  1.3974698070e-02 
1580.000  2.1771624000e-01  1.4272968290e-02 
1581.000  2.1627233400e-01  1.4165080070e-02 
1582.000  2.1212315700e-01  1.3929932590e-02 
1583.000  2.1492647500e-01  1.4148654940e-02 
1584.000  2.1319433500e-01  1.4070916180e-02 
1585.000  2.1963846000e-01  1.4526297570e-02 
1586.000  2.1687987400e-01  1.4359251980e-02 
1587.000  2.1461882400e-01  1.4240134240e-02 
1588.000  2.1147025500e-01  1.4059460640e-02 
1589.000  1.9347349500e-01  1.2874148370e-02 
1590.000  2.0843848000e-01  1.3880388260e-02 
1591.000  2.0376863900e-01  1.3582763670e-02 
1592.000  2.1443892200e-01  1.4297204020e-02 
1593.000  2.1905324100e-01  1.4603272440e-02 
1594.000  2.1717925000e-01  1.4478298190e-02 
1595.000  2.1815284100e-01  1.4545745850e-02 
1596.000  2.0435102700e-01  1.3640440940e-02 
1597.000  2.1193883300e-01  1.4143715860e-02 
1598.000  2.1485372000e-01  1.4328403470e-02 
1599.000  2.0642084200e-01  1.3750092510e-02 
1600.000  2.0887314200e-01  1.3903175350e-02 
1601.000  2.0008009300e-01  1.3332859990e-02 
1602.000  2.0494544900e-01  1.3686694150e-02 
1603.000  2.0371799300e-01  1.3650997160e-02 
1604.000  2.0676095400e-01  1.3906542780e-02 
1605.000  2.0370384100e-01  1.3731873510e-02 
1606.000  2.0306537800e-01  1.3722867970e-02 
1607.000  2.0375260300e-01  1.3747260090e-02 
1608.000  2.0594613300e-01  1.3873983380e-02 
1609.000  2.0515417400e-01  1.3807136540e-02 
1610.000  1.9249919100e-01  1.2946156500e-02 
1611.000  1.9864280800e-01  1.3367557530e-02 
1612.000  2.0110929600e-01  1.3544180870e-02 
1613.000  2.0612599700e-01  1.3890775680e-02 
1614.000  2.0410241400e-01  1.3739472390e-02 
1615.000  2.0787149200e-01  1.3997593880e-02 
1616.000  1.9515779400e-01  1.3140197750e-02 
1617.000  2.0125857400e-01  1.3593835830e-02 
1618.000  2.0752908000e-01  1.4037778850e-02 
1619.000  2.0724805700e-01  1.4066809650e-02 
1620.000  2.0235850200e-01  1.3775149350e-02 
1621.000  1.9963286200e-01  1.3625351910e-02 
1622.000  2.0465716500e-01  1.3977913860e-02 
1623.000  2.0893569500e-01  1.4282627110e-02 
1624.000  2.1046293700e-01  1.4399262430e-02 
1625.000  2.0544995200e-01  1.4088756560e-02 
1626.000  2.0775029700e-01  1.4234189030e-02 
1627.000  2.0751195600e-01  1.4236489300e-02 
1628.000  2.0908894100e-01  1.4352135660e-02 
1629.000  2.0895281600e-01  1.4347761150e-02 
1630.000  2.0309311300e-01  1.3941359520e-02 
1631.000  2.0626919400e-01  1.4169937130e-02 
1632.000  2.0609716500e-01  1.4114150050e-02 
1633.000  2.0337791500e-01  1.3904536250e-02 
1634.000  1.9841871200e-01  1.3535836220e-02 
1635.000  2.0373763400e-01  1.3877412800e-02 
1636.000  2.0297282600e-01  1.3798203470e-02 
1637.000  1.9366632700e-01  1.3140989300e-02 
1638.000  1.9225103200e-01  1.3027129170e-02 
1639.000  1.8996947200e-01  1.2838315010e-02 
1640.000  1.9091537400e-01  1.2881609920e-02 
1641.000  1.8955246500e-01  1.2771845820e-02 
1642.000  1.8931522400e-01  1.2802038190e-02 
1643.000  1.9411306800e-01  1.3168110850e-02 
1644.000  1.9104266400e-01  1.2996533390e-02 
1645.000  1.9134195600e-01  1.3049336430e-02 
1646.000  1.9364120000e-01  1.3245066640e-02 
1647.000  1.9544139500e-01  1.3368942260e-02 
1648.000  1.9455798800e-01  1.3298624990e-02 
1649.000  1.9008820200e-01  1.2993503570e-02 
1650.000  1.9490463600e-01  1.3323520660e-02 
1651.000  1.9055351800e-01  1.3024590490e-02 
1652.000  1.9434203200e-01  1.3275195120e-02 
1653.000  1.9234157000e-01  1.3146468160e-02 
1654.000  1.9449916200e-01  1.3297466280e-02 
1655.000  1.9081494000e-01  1.3057226180e-02 
1656.000  1.9463533300e-01  1.3326398850e-02 
1657.000  1.9322282200e-01  1.3231961250e-02 
1658.000  1.9444178900e-01  1.3326575280e-02 
1659.000  1.9090491100e-01  1.3086231230e-02 
1660.000  1.9311132000e-01  1.3230601310e-02 
1661.000  1.9386675500e-01  1.3271026610e-02 
1662.000  1.9240874900e-01  1.3130437850e-02 
1663.000  1.9113468800e-01  1.3013782500e-02 
1664.000  1.9024401400e-01  1.2922328000e-02 
1665.000  1.8830269300e-01  1.2755459790e-02 
1666.000  1.8753360900e-01  1.2705958370e-02 
1667.000  1.8944848100e-01  1.2883363720e-02 
1668.000  1.8623875700e-01  1.2690953250e-02 
1669.000  1.8676385700e-01  1.2759235380e-02 
1670.000  1.9096317600e-01  1.3082690240e-02 
1671.000  1.8956695900e-01  1.3014557840e-02 
1672.000  1.8058797300e-01  1.2434373860e-02 
1673.000  1.8574642800e-01  1.2813261990e-02 
1674.000  1.8649652400e-01  1.2893757820e-02 
1675.000  1.8476635500e-01  1.2811139110e-02 
1676.000  1.8177828500e-01  1.2613927840e-02 
1677.000  1.8270738800e-01  1.2678895950e-02 
1678.000  1.8372077300e-01  1.2756189350e-02 
1679.000  1.8127938400e-01  1.2583363530e-02 
1680.000  1.7506544400e-01  1.2158739090e-02 
1681.000  1.6899846100e-01  1.1740556720e-02 
1682.000  1.7387907200e-01  1.2077870370e-02 
1683.000  1.7816812500e-01  1.2369234090e-02 
1684.000  1.8146089000e-01  1.2591952320e-02 
1685.000  1.8198065600e-01  1.2607859610e-02 
1686.000  1.7978511900e-01  1.2446987150e-02 
1687.000  1.8048126100e-01  1.2454869270e-02 
1688.000  1.8057429700e-01  1.2426913260e-02 
1689.000  1.7839594500e-01  1.2265169140e-02 
1690.000  1.7825116200e-01  1.2217379570e-02 
1691.000  1.8055725700e-01  1.2378629680e-02 
1692.000  1.8088299700e-01  1.2410941120e-02 
1693.000  1.8024464800e-01  1.2381790160e-02 
1694.000  1.7997543900e-01  1.2373424530e-02 
1695.000  1.8002116700e-01  1.2370553970e-02 
1696.000  1.7896785300e-01  1.2274048810e-02 
1697.000  1.7784256300e-01  1.2159853940e-02 
1698.000  1.7889742100e-01  1.2199529650e-02 
1699.000  1.7774167100e-01  1.2093924520e-02 
1700.000  1.7549117000e-01  1.1915650370e-02 
