 lambda   Irr_dw            Rad_up 
 550.000  1.5531540000e+00  2.4498696900e-01 
 551.000  1.5427755000e+00  2.4332371520e-01 
 552.000  1.6085153000e+00  2.5370828250e-01 
 553.000  1.5448445000e+00  2.4362719730e-01 
 554.000  1.5946587000e+00  2.5148928830e-01 
 555.000  1.5985064000e+00  2.5204747010e-01 
 556.000  1.5538519000e+00  2.4495823670e-01 
 557.000  1.5072006000e+00  2.3761059570e-01 
 558.000  1.5639027000e+00  2.4649931340e-01 
 559.000  1.4777289000e+00  2.3289234920e-01 
 560.000  1.4837402000e+00  2.3383755490e-01 
 561.000  1.6301825000e+00  2.5686431880e-01 
 562.000  1.4959166000e+00  2.3566548160e-01 
 563.000  1.5645996000e+00  2.4643197630e-01 
 564.000  1.5421298000e+00  2.4280691530e-01 
 565.000  1.5600344000e+00  2.4558193970e-01 
 566.000  1.4379326000e+00  2.2631399540e-01 
 567.000  1.5419328000e+00  2.4246679690e-01 
 568.000  1.5371613000e+00  2.4098786930e-01 
 569.000  1.5050153000e+00  2.3438368230e-01 
 570.000  1.5127013000e+00  2.3581622310e-01 
 571.000  1.4595572000e+00  2.2861940000e-01 
 572.000  1.5415693000e+00  2.4039819340e-01 
 573.000  1.5577929000e+00  2.4323661800e-01 
 574.000  1.5490165000e+00  2.4193571470e-01 
 575.000  1.5108124000e+00  2.3586994930e-01 
 576.000  1.4831308000e+00  2.3150395200e-01 
 577.000  1.5446275000e+00  2.4136114500e-01 
 578.000  1.4996461000e+00  2.3475369260e-01 
 579.000  1.4881742000e+00  2.3316957090e-01 
 580.000  1.5393755000e+00  2.4138179020e-01 
 581.000  1.5115985000e+00  2.3730590820e-01 
 582.000  1.5341451000e+00  2.4091966250e-01 
 583.000  1.5446249000e+00  2.4259571840e-01 
 584.000  1.5395125000e+00  2.4174668880e-01 
 585.000  1.5291515000e+00  2.4005541990e-01 
 586.000  1.4632279000e+00  2.2969201660e-01 
 587.000  1.5200144000e+00  2.3798162840e-01 
 588.000  1.5033135000e+00  2.3317884830e-01 
 589.000  1.3317615000e+00  2.0376889040e-01 
 590.000  1.3903485000e+00  2.1254702760e-01 
 591.000  1.4776538000e+00  2.2789898680e-01 
 592.000  1.4489644000e+00  2.2234077450e-01 
 593.000  1.4646059000e+00  2.2703874210e-01 
 594.000  1.4777122000e+00  2.2852413940e-01 
 595.000  1.4489786000e+00  2.2242593380e-01 
 596.000  1.4852581000e+00  2.3037666320e-01 
 597.000  1.4894902000e+00  2.3047937010e-01 
 598.000  1.4591183000e+00  2.2678179930e-01 
 599.000  1.4595018000e+00  2.2726441960e-01 
 600.000  1.4599745000e+00  2.2827151490e-01 
 601.000  1.4518368000e+00  2.2766610720e-01 
 602.000  1.4359499000e+00  2.2538687130e-01 
 603.000  1.4445973000e+00  2.2698455810e-01 
 604.000  1.4903255000e+00  2.3437585450e-01 
 605.000  1.4864509000e+00  2.3380142210e-01 
 606.000  1.4691327000e+00  2.3113090520e-01 
 607.000  1.4607808000e+00  2.2981745910e-01 
 608.000  1.4553264000e+00  2.2894311520e-01 
 609.000  1.4402933000e+00  2.2659062190e-01 
 610.000  1.4171319000e+00  2.2292741390e-01 
 611.000  1.4400428000e+00  2.2653839110e-01 
 612.000  1.4211954000e+00  2.2358134460e-01 
 613.000  1.4003348000e+00  2.2028338620e-01 
 614.000  1.3492022000e+00  2.1225350950e-01 
 615.000  1.4142761000e+00  2.2245710750e-01 
 616.000  1.3446096000e+00  2.1151583860e-01 
 617.000  1.3521112000e+00  2.1269165040e-01 
 618.000  1.4158086000e+00  2.2266436770e-01 
 619.000  1.4027402000e+00  2.2062486270e-01 
 620.000  1.4233626000e+00  2.2381211850e-01 
 621.000  1.4477327000e+00  2.2761199950e-01 
 622.000  1.3712707000e+00  2.1553247070e-01 
 623.000  1.3818502000e+00  2.1709576420e-01 
 624.000  1.3832244000e+00  2.1729922490e-01 
 625.000  1.3456545000e+00  2.1135462950e-01 
 626.000  1.3523459000e+00  2.1221656800e-01 
 627.000  1.3746513000e+00  2.1492819210e-01 
 628.000  1.3554278000e+00  2.1044801330e-01 
 629.000  1.3897622000e+00  2.1629811100e-01 
 630.000  1.3437078000e+00  2.0978321840e-01 
 631.000  1.3930933000e+00  2.1773187260e-01 
 632.000  1.2974568000e+00  2.0217684940e-01 
 633.000  1.3929048000e+00  2.1783161930e-01 
 634.000  1.3510916000e+00  2.1153456120e-01 
 635.000  1.3757448000e+00  2.1538026430e-01 
 636.000  1.3272683000e+00  2.0793119810e-01 
 637.000  1.3710422000e+00  2.1488035580e-01 
 638.000  1.3924407000e+00  2.1859825130e-01 
 639.000  1.3808894000e+00  2.1674125670e-01 
 640.000  1.3375630000e+00  2.1018086240e-01 
 641.000  1.3568258000e+00  2.1318588260e-01 
 642.000  1.3405265000e+00  2.1074412540e-01 
 643.000  1.3638415000e+00  2.1413131710e-01 
 644.000  1.3481497000e+00  2.1162719730e-01 
 645.000  1.3597659000e+00  2.1307832340e-01 
 646.000  1.3075333000e+00  2.0329783630e-01 
 647.000  1.3250032000e+00  2.0491682430e-01 
 648.000  1.3223858000e+00  2.0339053340e-01 
 649.000  1.3487584000e+00  2.0838363650e-01 
 650.000  1.2501973000e+00  1.9499856570e-01 
 651.000  1.3466486000e+00  2.1002984620e-01 
 652.000  1.3202685000e+00  2.0418922420e-01 
 653.000  1.3472746000e+00  2.1036943050e-01 
 654.000  1.3295372000e+00  2.0732122800e-01 
 655.000  1.2942810000e+00  2.0109785460e-01 
 656.000  1.0988430300e+00  1.7092466740e-01 
 657.000  1.1728281100e+00  1.8277998350e-01 
 658.000  1.3064899000e+00  2.0431536870e-01 
 659.000  1.3096900000e+00  2.0519429020e-01 
 660.000  1.3199602000e+00  2.0697816470e-01 
 661.000  1.3258546000e+00  2.0844248960e-01 
 662.000  1.3449592000e+00  2.1167657470e-01 
 663.000  1.3299502000e+00  2.0923893740e-01 
 664.000  1.3088020000e+00  2.0599009700e-01 
 665.000  1.3144707000e+00  2.0694033810e-01 
 666.000  1.3302865000e+00  2.0955003360e-01 
 667.000  1.3038616000e+00  2.0541827390e-01 
 668.000  1.3112505000e+00  2.0670266720e-01 
 669.000  1.3299233000e+00  2.0970266720e-01 
 670.000  1.3142931000e+00  2.0721090700e-01 
 671.000  1.3000445700e+00  2.0499972530e-01 
 672.000  1.2958910300e+00  2.0434725950e-01 
 673.000  1.3051064000e+00  2.0579513550e-01 
 674.000  1.3075927400e+00  2.0620075990e-01 
 675.000  1.2875997000e+00  2.0303645320e-01 
 676.000  1.3118657400e+00  2.0687384030e-01 
 677.000  1.2857272400e+00  2.0276419070e-01 
 678.000  1.3069704700e+00  2.0610913090e-01 
 679.000  1.2884735700e+00  2.0316278080e-01 
 680.000  1.2785189500e+00  2.0153053280e-01 
 681.000  1.2798223500e+00  2.0165782170e-01 
 682.000  1.2771207700e+00  2.0118901060e-01 
 683.000  1.2854457400e+00  2.0243574520e-01 
 684.000  1.2621481000e+00  1.9864979550e-01 
 685.000  1.2763823900e+00  2.0096856690e-01 
 686.000  1.2200883300e+00  1.9182475280e-01 
 687.000  1.1273507800e+00  1.7203927610e-01 
 688.000  1.1574789700e+00  1.7837222290e-01 
 689.000  1.1518949000e+00  1.7696899410e-01 
 690.000  1.1726233900e+00  1.8108419800e-01 
 691.000  1.1965273800e+00  1.8568418880e-01 
 692.000  1.1996716200e+00  1.8622827150e-01 
 693.000  1.1985089400e+00  1.8383760070e-01 
 694.000  1.2004434600e+00  1.8213851930e-01 
 695.000  1.1875805700e+00  1.8117224120e-01 
 696.000  1.2061143500e+00  1.8463107300e-01 
 697.000  1.2294105300e+00  1.9159840390e-01 
 698.000  1.2020715400e+00  1.8655940250e-01 
 699.000  1.2051567600e+00  1.8402043150e-01 
 700.000  1.1940314300e+00  1.8276707460e-01 
 701.000  1.1630678000e+00  1.7735729980e-01 
 702.000  1.1602276700e+00  1.7737007140e-01 
 703.000  1.1920245300e+00  1.8466542050e-01 
 704.000  1.1959863300e+00  1.8537977600e-01 
 705.000  1.1985626100e+00  1.8472706600e-01 
 706.000  1.1869804600e+00  1.8313139340e-01 
 707.000  1.1712684900e+00  1.8106250000e-01 
 708.000  1.2076682200e+00  1.8708378600e-01 
 709.000  1.1695942500e+00  1.8197625730e-01 
 710.000  1.1909071100e+00  1.8437837220e-01 
 711.000  1.1843377400e+00  1.8423361210e-01 
 712.000  1.1723488800e+00  1.8313262940e-01 
 713.000  1.1635173200e+00  1.8111862180e-01 
 714.000  1.1818811000e+00  1.8372409060e-01 
 715.000  1.1343978900e+00  1.7533827210e-01 
 716.000  1.1576609100e+00  1.7787448120e-01 
 717.000  1.0847132600e+00  1.6099368290e-01 
 718.000  1.0519321800e+00  1.5281649780e-01 
 719.000  1.0300522000e+00  1.4842869570e-01 
 720.000  1.0230763800e+00  1.4576185610e-01 
 721.000  1.0847060900e+00  1.6245288090e-01 
 722.000  1.1225202800e+00  1.7107414250e-01 
 723.000  1.1070896100e+00  1.6701333620e-01 
 724.000  1.0767585300e+00  1.5788354490e-01 
 725.000  1.0702633700e+00  1.5755657960e-01 
 726.000  1.0664281100e+00  1.5678700260e-01 
 727.000  1.0872746000e+00  1.6046855160e-01 
 728.000  1.0628182000e+00  1.5619828800e-01 
 729.000  1.0337599400e+00  1.5356500240e-01 
 730.000  1.0693557400e+00  1.5857072450e-01 
 731.000  1.0486812900e+00  1.5520011900e-01 
 732.000  1.0914574100e+00  1.6446998600e-01 
 733.000  1.0962927400e+00  1.6816749570e-01 
 734.000  1.1294786600e+00  1.7475143430e-01 
 735.000  1.1165058000e+00  1.7220336910e-01 
 736.000  1.0888564400e+00  1.6699942020e-01 
 737.000  1.1081559300e+00  1.7066476440e-01 
 738.000  1.1119633300e+00  1.7226164250e-01 
 739.000  1.0787792700e+00  1.6756057740e-01 
 740.000  1.0953192700e+00  1.7110537720e-01 
 741.000  1.0902030000e+00  1.7090946960e-01 
 742.000  1.0736981900e+00  1.6856942750e-01 
 743.000  1.1085659500e+00  1.7460229490e-01 
 744.000  1.1204701400e+00  1.7673982240e-01 
 745.000  1.0924147900e+00  1.7251974490e-01 
 746.000  1.1084416300e+00  1.7518908690e-01 
 747.000  1.1251336800e+00  1.7783593750e-01 
 748.000  1.1056777900e+00  1.7486643980e-01 
 749.000  1.1061665200e+00  1.7499908450e-01 
 750.000  1.0895582300e+00  1.7230065920e-01 
 751.000  1.0867490900e+00  1.7186697390e-01 
 752.000  1.1038809900e+00  1.7468838500e-01 
 753.000  1.0935959700e+00  1.7309858700e-01 
 754.000  1.1108122200e+00  1.7584935000e-01 
 755.000  1.1044382500e+00  1.7485127260e-01 
 756.000  1.0828219200e+00  1.7144139100e-01 
 757.000  1.0907873100e+00  1.7271124270e-01 
 758.000  1.0884691400e+00  1.7228666690e-01 
 759.000  1.0055401900e+00  1.5663656620e-01 
 760.000  5.1266131000e-01  6.7756156920e-02 
 761.000  4.6303632000e-01  5.9779388430e-02 
 762.000  7.4013797000e-01  1.0738856510e-01 
 763.000  6.7126180000e-01  9.4327751160e-02 
 764.000  7.1765815000e-01  1.0246036530e-01 
 765.000  8.1998578000e-01  1.2128881070e-01 
 766.000  8.8720440000e-01  1.3563534550e-01 
 767.000  9.5107083000e-01  1.4755183410e-01 
 768.000  1.0222014000e+00  1.6012142940e-01 
 769.000  1.0399266100e+00  1.6393756100e-01 
 770.000  1.0450337500e+00  1.6523344420e-01 
 771.000  1.0506622600e+00  1.6640930180e-01 
 772.000  1.0477325500e+00  1.6602403260e-01 
 773.000  1.0437992600e+00  1.6544354250e-01 
 774.000  1.0552943600e+00  1.6730581670e-01 
 775.000  1.0157941100e+00  1.6107872010e-01 
 776.000  1.0577207500e+00  1.6777204900e-01 
 777.000  1.0503720300e+00  1.6661418150e-01 
 778.000  1.0447000700e+00  1.6570620730e-01 
 779.000  1.0480630400e+00  1.6622698970e-01 
 780.000  1.0350546900e+00  1.6417765810e-01 
 781.000  1.0334489800e+00  1.6396356200e-01 
 782.000  1.0458651100e+00  1.6590335080e-01 
 783.000  1.0213889900e+00  1.6204853820e-01 
 784.000  1.0269428000e+00  1.6288244630e-01 
 785.000  1.0287590900e+00  1.6293591310e-01 
 786.000  1.0096872700e+00  1.5960369870e-01 
 787.000  1.0215272000e+00  1.6073112490e-01 
 788.000  1.0045809900e+00  1.5770896910e-01 
 789.000  1.0045840800e+00  1.5643908690e-01 
 790.000  9.9390294000e-01  1.5465309140e-01 
 791.000  9.8986860000e-01  1.5427262880e-01 
 792.000  9.7516328000e-01  1.5218522640e-01 
 793.000  9.7648974000e-01  1.5290011600e-01 
 794.000  9.7136157000e-01  1.5319087220e-01 
 795.000  9.6306391000e-01  1.5119471740e-01 
 796.000  9.7131001000e-01  1.5082968140e-01 
 797.000  9.7972751000e-01  1.5263653560e-01 
 798.000  9.8539446000e-01  1.5461650090e-01 
 799.000  9.8339653000e-01  1.5404362490e-01 
 800.000  9.5403141000e-01  1.4867785640e-01 
 801.000  9.7226869000e-01  1.5161819460e-01 
 802.000  9.6991389000e-01  1.5116787720e-01 
 803.000  9.5660673000e-01  1.4922052000e-01 
 804.000  9.6698260000e-01  1.5123365780e-01 
 805.000  9.4378997000e-01  1.4831712340e-01 
 806.000  9.7133022000e-01  1.5307157900e-01 
 807.000  9.6540006000e-01  1.5217755130e-01 
 808.000  9.5853331000e-01  1.5084306340e-01 
 809.000  9.4082892000e-01  1.4776420590e-01 
 810.000  9.3497967000e-01  1.4652406310e-01 
 811.000  9.4655000000e-01  1.4771299740e-01 
 812.000  9.3870329000e-01  1.4562948610e-01 
 813.000  9.2881596000e-01  1.4306399540e-01 
 814.000  9.1967003000e-01  1.4038568120e-01 
 815.000  8.9984722000e-01  1.3582856750e-01 
 816.000  8.7876037000e-01  1.3079835510e-01 
 817.000  8.8480283000e-01  1.3178794860e-01 
 818.000  8.8049116000e-01  1.3127149960e-01 
 819.000  8.6094744000e-01  1.2899176030e-01 
 820.000  8.5850375000e-01  1.3064901730e-01 
 821.000  9.0378686000e-01  1.4002317810e-01 
 822.000  8.6583077000e-01  1.3229431150e-01 
 823.000  8.4167929000e-01  1.2393383790e-01 
 824.000  8.8507273000e-01  1.3446099850e-01 
 825.000  9.0291577000e-01  1.4009503170e-01 
 826.000  9.0523517000e-01  1.3995393370e-01 
 827.000  8.9983529000e-01  1.3874400330e-01 
 828.000  8.8541389000e-01  1.3467211910e-01 
 829.000  8.8947090000e-01  1.3594073490e-01 
 830.000  8.8026907000e-01  1.3528288270e-01 
 831.000  8.6589907000e-01  1.3324659730e-01 
 832.000  8.8404532000e-01  1.3611952210e-01 
 833.000  8.5921880000e-01  1.3275544740e-01 
 834.000  8.7502192000e-01  1.3571929930e-01 
 835.000  8.8241624000e-01  1.3787133790e-01 
 836.000  8.9083769000e-01  1.3889738460e-01 
 837.000  8.8322453000e-01  1.3766488650e-01 
 838.000  8.8904519000e-01  1.3909457400e-01 
 839.000  8.6277656000e-01  1.3528234860e-01 
 840.000  8.8638856000e-01  1.3907934570e-01 
 841.000  8.8715850000e-01  1.3885815430e-01 
 842.000  8.8291378000e-01  1.3849244690e-01 
 843.000  8.7988873000e-01  1.3878842160e-01 
 844.000  8.6659515000e-01  1.3703359990e-01 
 845.000  8.8032025000e-01  1.3936653140e-01 
 846.000  8.8873496000e-01  1.4089231870e-01 
 847.000  8.5870401000e-01  1.3633705140e-01 
 848.000  8.8293706000e-01  1.3986589050e-01 
 849.000  8.8465903000e-01  1.4020976260e-01 
 850.000  7.6443622000e-01  1.2100143430e-01 
 851.000  8.7519421000e-01  1.3834445190e-01 
 852.000  8.4203336000e-01  1.3314549260e-01 
 853.000  8.5257347000e-01  1.3507807920e-01 
 854.000  6.8537697000e-01  1.0859328460e-01 
 855.000  7.5478583000e-01  1.1974057010e-01 
 856.000  8.5711041000e-01  1.3625135800e-01 
 857.000  8.7102740000e-01  1.3863208010e-01 
 858.000  8.5717245000e-01  1.3649128720e-01 
 859.000  8.5725872000e-01  1.3665539550e-01 
 860.000  8.4968810000e-01  1.3554017640e-01 
 861.000  8.4957242000e-01  1.3553413390e-01 
 862.000  8.4679193000e-01  1.3511276250e-01 
 863.000  8.6296618000e-01  1.3773867800e-01 
 864.000  8.6123857000e-01  1.3744892880e-01 
 865.000  8.4518959000e-01  1.3495674130e-01 
 866.000  7.0893318000e-01  1.1322554780e-01 
 867.000  7.5491894000e-01  1.2050888060e-01 
 868.000  8.1872905000e-01  1.3073477170e-01 
 869.000  8.0723103000e-01  1.2890852360e-01 
 870.000  8.4050923000e-01  1.3426402280e-01 
 871.000  8.3931177000e-01  1.3406690980e-01 
 872.000  8.3592840000e-01  1.3347915650e-01 
 873.000  8.3925755000e-01  1.3404702760e-01 
 874.000  8.2084167000e-01  1.3108146670e-01 
 875.000  8.1327842000e-01  1.2992906190e-01 
 876.000  8.2000695000e-01  1.3096336360e-01 
 877.000  8.3633076000e-01  1.3352584840e-01 
 878.000  8.2188979000e-01  1.3117544560e-01 
 879.000  8.2378431000e-01  1.3150071720e-01 
 880.000  8.1894434000e-01  1.3061172490e-01 
 881.000  7.7634235000e-01  1.2380272670e-01 
 882.000  8.1917125000e-01  1.3054238890e-01 
 883.000  8.0048771000e-01  1.2766508480e-01 
 884.000  8.0728202000e-01  1.2883680730e-01 
 885.000  8.1547974000e-01  1.2986862180e-01 
 886.000  7.8863691000e-01  1.2543022160e-01 
 887.000  7.8061462000e-01  1.2429396820e-01 
 888.000  8.0396603000e-01  1.2795216370e-01 
 889.000  8.0941204000e-01  1.2895710750e-01 
 890.000  8.0674523000e-01  1.2839878850e-01 
 891.000  8.0191965000e-01  1.2733952330e-01 
 892.000  7.9756451000e-01  1.2610987850e-01 
 893.000  7.6142539000e-01  1.1880654140e-01 
 894.000  7.8357576000e-01  1.2150418850e-01 
 895.000  7.3355299000e-01  1.1168603520e-01 
 896.000  7.4759077000e-01  1.1188700100e-01 
 897.000  7.1491636000e-01  1.0518021390e-01 
 898.000  7.0884089000e-01  1.0341040800e-01 
 899.000  6.8737208000e-01  9.8035621640e-02 
 900.000  6.7316871000e-01  9.6276412960e-02 
 901.000  6.5354748000e-01  9.2946044920e-02 
 902.000  6.4235936000e-01  9.1486427310e-02 
 903.000  7.0792673000e-01  1.0469007870e-01 
 904.000  7.4221198000e-01  1.1230854030e-01 
 905.000  7.3941153000e-01  1.1189968870e-01 
 906.000  7.0701999000e-01  1.0547392270e-01 
 907.000  6.9586218000e-01  1.0119892120e-01 
 908.000  6.6394731000e-01  9.4942634580e-02 
 909.000  6.5145461000e-01  9.3205924990e-02 
 910.000  6.6138646000e-01  9.4862411500e-02 
 911.000  6.6946889000e-01  9.7133392330e-02 
 912.000  6.6609830000e-01  9.6063194270e-02 
 913.000  6.6030704000e-01  9.3054611210e-02 
 914.000  6.6651006000e-01  9.5008834840e-02 
 915.000  6.6371351000e-01  9.5544548030e-02 
 916.000  6.7315555000e-01  9.7124076840e-02 
 917.000  6.6691904000e-01  9.6705238340e-02 
 918.000  6.6908107000e-01  9.7650550840e-02 
 919.000  6.9701219000e-01  1.0407465360e-01 
 920.000  7.0456377000e-01  1.0688686370e-01 
 921.000  6.8603199000e-01  1.0368991090e-01 
 922.000  6.7959755000e-01  1.0270950320e-01 
 923.000  6.4740709000e-01  9.7275451660e-02 
 924.000  6.6551393000e-01  9.8971885680e-02 
 925.000  6.7360028000e-01  1.0002061460e-01 
 926.000  6.4942475000e-01  9.6273628230e-02 
 927.000  6.6271701000e-01  9.6977516170e-02 
 928.000  6.4981204000e-01  9.3064125060e-02 
 929.000  6.1631983000e-01  8.5550857540e-02 
 930.000  5.8321824000e-01  7.7455848690e-02 
 931.000  5.4688051000e-01  6.8389488220e-02 
 932.000  4.9389342000e-01  5.6603950500e-02 
 933.000  4.5804425000e-01  4.9300159450e-02 
 934.000  4.1478057000e-01  4.1769084930e-02 
 935.000  4.0456599000e-01  4.0389019010e-02 
 936.000  4.1724697000e-01  4.2734931950e-02 
 937.000  4.2237366000e-01  4.3019840240e-02 
 938.000  4.6058304000e-01  5.0511936190e-02 
 939.000  5.7073282000e-01  7.4656967160e-02 
 940.000  5.8270566000e-01  7.7830200200e-02 
 941.000  5.5668359000e-01  7.3100608830e-02 
 942.000  5.0493564000e-01  6.2994583130e-02 
 943.000  4.7690902000e-01  5.4143337250e-02 
 944.000  4.6006097000e-01  5.1857475280e-02 
 945.000  4.8434700000e-01  5.6406536100e-02 
 946.000  4.9191187000e-01  5.7419792180e-02 
 947.000  5.0624519000e-01  6.0963321690e-02 
 948.000  5.1941142000e-01  6.3694976810e-02 
 949.000  5.1959184000e-01  6.3596717830e-02 
 950.000  5.1869373000e-01  6.3784667970e-02 
 951.000  5.3785620000e-01  6.8775650020e-02 
 952.000  5.1376346000e-01  6.3067928310e-02 
 953.000  5.2893745000e-01  6.6910049440e-02 
 954.000  5.4120116000e-01  7.0562667850e-02 
 955.000  4.9208899000e-01  6.2696434020e-02 
 956.000  5.2151309000e-01  6.6148368840e-02 
 957.000  5.6478826000e-01  7.6764251710e-02 
 958.000  5.7457652000e-01  7.8733711240e-02 
 959.000  5.6945765000e-01  7.7353401180e-02 
 960.000  5.6189771000e-01  7.6148498540e-02 
 961.000  5.5222810000e-01  7.4498779300e-02 
 962.000  5.5815611000e-01  7.5682556150e-02 
 963.000  5.8019444000e-01  8.1136917110e-02 
 964.000  5.7676122000e-01  8.1024711610e-02 
 965.000  5.8153587000e-01  8.1513442990e-02 
 966.000  5.6587814000e-01  7.9482719420e-02 
 967.000  5.9896118000e-01  8.5884376530e-02 
 968.000  6.1884906000e-01  9.1794525150e-02 
 969.000  6.3448813000e-01  9.5581970210e-02 
 970.000  6.3681820000e-01  9.6032539370e-02 
 971.000  6.3087025000e-01  9.5115188600e-02 
 972.000  6.3202161000e-01  9.4884002690e-02 
 973.000  6.1831273000e-01  9.1915718080e-02 
 974.000  5.9946395000e-01  8.8059997560e-02 
 975.000  5.9638166000e-01  8.6944618230e-02 
 976.000  6.1111376000e-01  8.9947769170e-02 
 977.000  6.0759983000e-01  9.0848022460e-02 
 978.000  6.2157469000e-01  9.2844779970e-02 
 979.000  6.0653259000e-01  9.0993385310e-02 
 980.000  6.2735560000e-01  9.5663162230e-02 
 981.000  6.3435397000e-01  9.7101554870e-02 
 982.000  6.3021197000e-01  9.6144348140e-02 
 983.000  6.3475372000e-01  9.7672286990e-02 
 984.000  6.3691544000e-01  9.8884910580e-02 
 985.000  6.4024198000e-01  9.9920318600e-02 
 986.000  6.3968839000e-01  1.0051161190e-01 
 987.000  6.4908245000e-01  1.0229313660e-01 
 988.000  6.4142497000e-01  1.0117210390e-01 
 989.000  6.3354425000e-01  9.9983825680e-02 
 990.000  6.3941048000e-01  1.0099164580e-01 
 991.000  6.4634931000e-01  1.0236061860e-01 
 992.000  6.4083514000e-01  1.0157409670e-01 
 993.000  6.4096491000e-01  1.0163533020e-01 
 994.000  6.4568944000e-01  1.0262973790e-01 
 995.000  6.4197268000e-01  1.0221604160e-01 
 996.000  6.4182855000e-01  1.0220494840e-01 
 997.000  6.4183986000e-01  1.0211587520e-01 
 998.000  6.3871559000e-01  1.0151660920e-01 
 999.000  6.3683847000e-01  1.0118776700e-01 
1000.000  6.3197482000e-01  1.0046244050e-01 
1001.000  6.3397732000e-01  1.0055665590e-01 
1002.000  6.3061946000e-01  9.9659645080e-02 
1003.000  6.2379823000e-01  9.8690422060e-02 
1004.000  6.1990854000e-01  9.8311096190e-02 
1005.000  5.7972682000e-01  9.2047660830e-02 
1006.000  6.1017810000e-01  9.6937080380e-02 
1007.000  6.2085172000e-01  9.8578697200e-02 
1008.000  6.2159598000e-01  9.8409103390e-02 
1009.000  6.1529549000e-01  9.7028320310e-02 
1010.000  6.1869299000e-01  9.7763946530e-02 
1011.000  6.1798785000e-01  9.8099807740e-02 
1012.000  6.1916699000e-01  9.8468627930e-02 
1013.000  6.1544788000e-01  9.8024429320e-02 
1014.000  6.1969539000e-01  9.8784065250e-02 
1015.000  6.0829844000e-01  9.7005996700e-02 
1016.000  6.1252167000e-01  9.7766845700e-02 
1017.000  6.0658240000e-01  9.6877464290e-02 
1018.000  6.1414585000e-01  9.8042144780e-02 
1019.000  5.9932836000e-01  9.5553710940e-02 
1020.000  5.9832952000e-01  9.5450813290e-02 
1021.000  6.0482753000e-01  9.6589561460e-02 
1022.000  5.9482017000e-01  9.4806365970e-02 
1023.000  6.0545597000e-01  9.6344177250e-02 
1024.000  6.0190666000e-01  9.5684928890e-02 
1025.000  6.0306084000e-01  9.6138023380e-02 
1026.000  6.0434431000e-01  9.6479164120e-02 
1027.000  6.0044240000e-01  9.5837600710e-02 
1028.000  6.0205343000e-01  9.6172912600e-02 
1029.000  5.9340922000e-01  9.4941963200e-02 
1030.000  5.9987243000e-01  9.6128166200e-02 
1031.000  5.9822813000e-01  9.5962821960e-02 
1032.000  5.9631297000e-01  9.5734588620e-02 
1033.000  5.8536643000e-01  9.4002670290e-02 
1034.000  5.9108334000e-01  9.4960868840e-02 
1035.000  5.8336009000e-01  9.3735809330e-02 
1036.000  5.9299880000e-01  9.5311599730e-02 
1037.000  5.8050868000e-01  9.3325950620e-02 
1038.000  5.8624598000e-01  9.4267433170e-02 
1039.000  5.8863184000e-01  9.4649131770e-02 
1040.000  5.8165691000e-01  9.3529678340e-02 
1041.000  5.8468260000e-01  9.4015670780e-02 
1042.000  5.8641039000e-01  9.4299728390e-02 
1043.000  5.7628180000e-01  9.2680435180e-02 
1044.000  5.8200683000e-01  9.3603927610e-02 
1045.000  5.7945414000e-01  9.3201171880e-02 
1046.000  5.6259134000e-01  9.0507644650e-02 
1047.000  5.7290734000e-01  9.2184989930e-02 
1048.000  5.7857855000e-01  9.3122688290e-02 
1049.000  5.7485559000e-01  9.2555374150e-02 
1050.000  5.7243266000e-01  9.2167999270e-02 
1051.000  5.7141250000e-01  9.1972427370e-02 
1052.000  5.6875046000e-01  9.1519805910e-02 
1053.000  5.6728747000e-01  9.1284057620e-02 
1054.000  5.6304912000e-01  9.0564163210e-02 
1055.000  5.6714249000e-01  9.1186706540e-02 
1056.000  5.6560563000e-01  9.0914093020e-02 
1057.000  5.6453244000e-01  9.0666336060e-02 
1058.000  5.5845367000e-01  8.9544036870e-02 
1059.000  5.4089954000e-01  8.6764205930e-02 
1060.000  5.6047031000e-01  9.0015892030e-02 
1061.000  5.4080493000e-01  8.6858047490e-02 
1062.000  5.5570341000e-01  8.9170654300e-02 
1063.000  5.4628839000e-01  8.7645553590e-02 
1064.000  5.5302215000e-01  8.8647277830e-02 
1065.000  5.5218054000e-01  8.8393898010e-02 
1066.000  5.3526547000e-01  8.5689895630e-02 
1067.000  5.4789629000e-01  8.7658454900e-02 
1068.000  5.4514610000e-01  8.6996940610e-02 
1069.000  5.0380652000e-01  8.0273437500e-02 
1070.000  5.3376693000e-01  8.5070503230e-02 
1071.000  5.3423203000e-01  8.5011917110e-02 
1072.000  5.3561477000e-01  8.5102691650e-02 
1073.000  5.1791291000e-01  8.2268646240e-02 
1074.000  5.3612519000e-01  8.5184097290e-02 
1075.000  5.2006902000e-01  8.2822807310e-02 
1076.000  5.3109743000e-01  8.4455497740e-02 
1077.000  5.2940437000e-01  8.4025314330e-02 
1078.000  5.3016679000e-01  8.3959526060e-02 
1079.000  5.0966559000e-01  8.0686935420e-02 
1080.000  5.2310224000e-01  8.2329978940e-02 
1081.000  5.0376726000e-01  7.9256126400e-02 
1082.000  5.1091871000e-01  8.0570808410e-02 
1083.000  4.9625969000e-01  7.7998725890e-02 
1084.000  5.1418267000e-01  8.0526893620e-02 
1085.000  5.0494154000e-01  7.8440650940e-02 
1086.000  5.1214013000e-01  7.9688964840e-02 
1087.000  4.8337933000e-01  7.5861557010e-02 
1088.000  5.1276458000e-01  8.0516639710e-02 
1089.000  4.8991231000e-01  7.6128631590e-02 
1090.000  4.9991013000e-01  7.7540611270e-02 
1091.000  5.0382595000e-01  7.8314880370e-02 
1092.000  4.9044840000e-01  7.5846168520e-02 
1093.000  4.8054785000e-01  7.3470870970e-02 
1094.000  4.3570690100e-01  6.6272796630e-02 
1095.000  4.7189912000e-01  7.1817718510e-02 
1096.000  4.7322429000e-01  7.2077606200e-02 
1097.000  4.6315380000e-01  7.0328163150e-02 
1098.000  4.4580423800e-01  6.5834968570e-02 
1099.000  4.3547400800e-01  6.2795478820e-02 
1100.000  4.4376907200e-01  6.4088607790e-02 
1101.000  4.4442878900e-01  6.4382728580e-02 
1102.000  4.2525300600e-01  6.1489280700e-02 
1103.000  4.4321236300e-01  6.4207550050e-02 
1104.000  4.3800791600e-01  6.3186599730e-02 
1105.000  4.3224717400e-01  6.1715351100e-02 
1106.000  4.2341701500e-01  5.9839809420e-02 
1107.000  4.2425233800e-01  6.0077098850e-02 
1108.000  4.2391927300e-01  6.0092884060e-02 
1109.000  4.3042110700e-01  6.1475448610e-02 
1110.000  4.3217816400e-01  6.1569881440e-02 
1111.000  4.2419903100e-01  6.0091049190e-02 
1112.000  4.0781875600e-01  5.6451557160e-02 
1113.000  3.8908550300e-01  5.1909683230e-02 
1114.000  3.8887316500e-01  5.1186599730e-02 
1115.000  3.6323924100e-01  4.5192325590e-02 
1116.000  3.4505757200e-01  4.1380325320e-02 
1117.000  3.1604148400e-01  3.4945194240e-02 
1118.000  2.8207440200e-01  2.8815610890e-02 
1119.000  2.5821924300e-01  2.5115083690e-02 
1120.000  2.3804542800e-01  2.1723108290e-02 
1121.000  2.3495986600e-01  2.1094545360e-02 
1122.000  2.1118559600e-01  1.7574861530e-02 
1123.000  2.2504067500e-01  1.9464147570e-02 
1124.000  2.3399711400e-01  2.0725965500e-02 
1125.000  2.2483807700e-01  1.9645788190e-02 
1126.000  2.1878896400e-01  1.9021083830e-02 
1127.000  2.2795874300e-01  1.9965818410e-02 
1128.000  2.2717619100e-01  2.0176071170e-02 
1129.000  2.4999833100e-01  2.3667453770e-02 
1130.000  2.9881996100e-01  3.1936100010e-02 
1131.000  3.1576593400e-01  3.4882144930e-02 
1132.000  2.9778977100e-01  3.1383581160e-02 
1133.000  2.5555601300e-01  2.4719034190e-02 
1134.000  1.8688860200e-01  1.4593989370e-02 
1135.000  1.9454044900e-01  1.5526934620e-02 
1136.000  2.6171629500e-01  2.5714315410e-02 
1137.000  2.9999177700e-01  3.2101177220e-02 
1138.000  3.2051205800e-01  3.7235351560e-02 
1139.000  3.3655652000e-01  4.0215034480e-02 
1140.000  3.3153309800e-01  3.8995761870e-02 
1141.000  3.0996656200e-01  3.5385692600e-02 
1142.000  3.1410362200e-01  3.5442489620e-02 
1143.000  2.9518751800e-01  3.2174388890e-02 
1144.000  2.7790216600e-01  2.9151302340e-02 
1145.000  2.5702869500e-01  2.5427268980e-02 
1146.000  2.6504156200e-01  2.6583887100e-02 
1147.000  2.8415101400e-01  2.9796596530e-02 
1148.000  2.9677154700e-01  3.2322696690e-02 
1149.000  3.0370076100e-01  3.3593860630e-02 
1150.000  3.0245047200e-01  3.3551326750e-02 
1151.000  3.1031554300e-01  3.5287448880e-02 
1152.000  3.1395698400e-01  3.6127983090e-02 
1153.000  3.1964815100e-01  3.7416404720e-02 
1154.000  3.1989465100e-01  3.7314937590e-02 
1155.000  3.3273272400e-01  4.0116138460e-02 
1156.000  3.4119521100e-01  4.2609882350e-02 
1157.000  3.7062935800e-01  4.9327846530e-02 
1158.000  3.8100808300e-01  5.1880107880e-02 
1159.000  3.8423207400e-01  5.3298229220e-02 
1160.000  3.8282250700e-01  5.3507301330e-02 
1161.000  3.8335309400e-01  5.4523193360e-02 
1162.000  4.0368137600e-01  5.8192070010e-02 
1163.000  4.1325335300e-01  6.0513889310e-02 
1164.000  4.0668923800e-01  5.9754306790e-02 
1165.000  4.1504202600e-01  6.1106067660e-02 
1166.000  4.0583525300e-01  5.9973571780e-02 
1167.000  4.1338269900e-01  6.1228664400e-02 
1168.000  4.1659467800e-01  6.1659152980e-02 
1169.000  4.0325686500e-01  5.9824768070e-02 
1170.000  4.1511232500e-01  6.1710994720e-02 
1171.000  4.1978900000e-01  6.2735008240e-02 
1172.000  4.1683567700e-01  6.2108325960e-02 
1173.000  4.1233029500e-01  6.1261646270e-02 
1174.000  4.1263186400e-01  6.1320617680e-02 
1175.000  4.1208417000e-01  6.1737232210e-02 
1176.000  4.0596921300e-01  6.1278785710e-02 
1177.000  4.1664488400e-01  6.2669246670e-02 
1178.000  4.0585874600e-01  6.0609550480e-02 
1179.000  4.0404830000e-01  6.0342418670e-02 
1180.000  4.0835897700e-01  6.0830299380e-02 
1181.000  4.0273923900e-01  5.9593963620e-02 
1182.000  3.9973034000e-01  5.8760501860e-02 
1183.000  3.7692834600e-01  5.5453777310e-02 
1184.000  3.9590714200e-01  5.8466777800e-02 
1185.000  4.0606323900e-01  6.0528942110e-02 
1186.000  4.0219582100e-01  5.9787715910e-02 
1187.000  3.9732966800e-01  5.8511890410e-02 
1188.000  3.9413819400e-01  5.7918910980e-02 
1189.000  3.7400670500e-01  5.5282947540e-02 
1190.000  4.0014128400e-01  6.0034343720e-02 
1191.000  4.0870607200e-01  6.1595470430e-02 
1192.000  4.0978229900e-01  6.2159957890e-02 
1193.000  4.0922562100e-01  6.1985099790e-02 
1194.000  4.0793986300e-01  6.1738922120e-02 
1195.000  4.0013075200e-01  6.0180946350e-02 
1196.000  4.0032069100e-01  6.0270568850e-02 
1197.000  3.9864286600e-01  5.9840404510e-02 
1198.000  3.8490921100e-01  5.7745956420e-02 
1199.000  3.6876425500e-01  5.5117221830e-02 
1200.000  3.9312082800e-01  5.8893363950e-02 
1201.000  3.9637673500e-01  5.9450138090e-02 
1202.000  3.9729044200e-01  5.9689018250e-02 
1203.000  3.7684738900e-01  5.6553352360e-02 
1204.000  3.8370526800e-01  5.7702613830e-02 
1205.000  3.9790670100e-01  6.0478027340e-02 
1206.000  3.9795689300e-01  6.0777301790e-02 
1207.000  4.0164018500e-01  6.1458404540e-02 
1208.000  3.9506567700e-01  6.0352016450e-02 
1209.000  3.6924833700e-01  5.6259254460e-02 
1210.000  3.9308848900e-01  5.9621257780e-02 
1211.000  3.7966957300e-01  5.7551013950e-02 
1212.000  3.9211275500e-01  5.9506832120e-02 
1213.000  3.9571376800e-01  6.0312244420e-02 
1214.000  3.9364701900e-01  5.9964679720e-02 
1215.000  3.9572890600e-01  6.0384960170e-02 
1216.000  3.9750235800e-01  6.1072528840e-02 
1217.000  3.9912040200e-01  6.1688869480e-02 
1218.000  3.9869988200e-01  6.1808444980e-02 
1219.000  3.9546817600e-01  6.1423011780e-02 
1220.000  3.9820514200e-01  6.1855209350e-02 
1221.000  3.9773078700e-01  6.1817169190e-02 
1222.000  3.9571153800e-01  6.1516807560e-02 
1223.000  3.9404496800e-01  6.1306808470e-02 
1224.000  3.9857966300e-01  6.2235313420e-02 
1225.000  3.9670143000e-01  6.2000156400e-02 
1226.000  3.9850696200e-01  6.2363216400e-02 
1227.000  3.8566869600e-01  6.0474845890e-02 
1228.000  3.9854219200e-01  6.2649356840e-02 
1229.000  3.9869413600e-01  6.2796695710e-02 
1230.000  3.9799806900e-01  6.2826507570e-02 
1231.000  3.9836813000e-01  6.2968837740e-02 
1232.000  3.9401227600e-01  6.2320240020e-02 
1233.000  3.9719723800e-01  6.2854648590e-02 
1234.000  3.9687063500e-01  6.2976783750e-02 
1235.000  3.9442151300e-01  6.2656581880e-02 
1236.000  3.9692168400e-01  6.3105457310e-02 
1237.000  3.9717475400e-01  6.3210754390e-02 
1238.000  3.9701891200e-01  6.3218894960e-02 
1239.000  3.9253972700e-01  6.2530036930e-02 
1240.000  3.9076207000e-01  6.2273075100e-02 
1241.000  3.9417231700e-01  6.2831409450e-02 
1242.000  3.9177388200e-01  6.2458824160e-02 
1243.000  3.8731479400e-01  6.1759963990e-02 
1244.000  3.8367003300e-01  6.1173114780e-02 
1245.000  3.9014898700e-01  6.2210334780e-02 
1246.000  3.8698667200e-01  6.1687709810e-02 
1247.000  3.8489998400e-01  6.1332271580e-02 
1248.000  3.8771030700e-01  6.1761199950e-02 
1249.000  3.8620318400e-01  6.1516803740e-02 
1250.000  3.8452161100e-01  6.1230899810e-02 
1251.000  3.8168868200e-01  6.0763053890e-02 
1252.000  3.8024725700e-01  6.0495327000e-02 
1253.000  3.7678891900e-01  5.9902614590e-02 
1254.000  3.7714189700e-01  5.9864067080e-02 
1255.000  3.7605323400e-01  5.9634765620e-02 
1256.000  3.7485364200e-01  5.9404064180e-02 
1257.000  3.7000192100e-01  5.8567131040e-02 
1258.000  3.7007512300e-01  5.8428108220e-02 
1259.000  3.6483359800e-01  5.7484207150e-02 
1260.000  3.6396098600e-01  5.7210025790e-02 
1261.000  3.6173932600e-01  5.6716381070e-02 
1262.000  3.5069441800e-01  5.4731723790e-02 
1263.000  3.5367096800e-01  5.5125289920e-02 
1264.000  3.4732603900e-01  5.4100273130e-02 
1265.000  3.4764773800e-01  5.4137565610e-02 
1266.000  3.4850442900e-01  5.4173606870e-02 
1267.000  3.4042419500e-01  5.2821788790e-02 
1268.000  3.3533319600e-01  5.1945636750e-02 
1269.000  3.3768588800e-01  5.2272319790e-02 
1270.000  3.4587362100e-01  5.3767776490e-02 
1271.000  3.4979708200e-01  5.4462421420e-02 
1272.000  3.5038375100e-01  5.4650211330e-02 
1273.000  3.5154818100e-01  5.4954082490e-02 
1274.000  3.5125130600e-01  5.5063873290e-02 
1275.000  3.5419481100e-01  5.5574161530e-02 
1276.000  3.5528097800e-01  5.5749626160e-02 
1277.000  3.5532126400e-01  5.5723865510e-02 
1278.000  3.5463335800e-01  5.5567855830e-02 
1279.000  3.5260941800e-01  5.5250247960e-02 
1280.000  3.5151174400e-01  5.5187210080e-02 
1281.000  3.4243206800e-01  5.3860137940e-02 
1282.000  3.0485083200e-01  4.8036334990e-02 
1283.000  3.3508630300e-01  5.2832202910e-02 
1284.000  3.4897553300e-01  5.5010414120e-02 
1285.000  3.5182074900e-01  5.5471168520e-02 
1286.000  3.5127328700e-01  5.5297019960e-02 
1287.000  3.5254084100e-01  5.5350479130e-02 
1288.000  3.4704293600e-01  5.4014438630e-02 
1289.000  3.4809389200e-01  5.4021183010e-02 
1290.000  3.3997051600e-01  5.2725315090e-02 
1291.000  3.4520869600e-01  5.3571861270e-02 
1292.000  3.4808291600e-01  5.4160415650e-02 
1293.000  3.4852225100e-01  5.4205867770e-02 
1294.000  3.4157425200e-01  5.2888431550e-02 
1295.000  3.4291735200e-01  5.2754959110e-02 
1296.000  3.4072138300e-01  5.2068836210e-02 
1297.000  3.3662004200e-01  5.1166992190e-02 
1298.000  3.3342732000e-01  5.0629318240e-02 
1299.000  3.3665242000e-01  5.1068237300e-02 
1300.000  3.3496163800e-01  5.0752834320e-02 
1301.000  3.3398089300e-01  5.0503509520e-02 
1302.000  3.2829317600e-01  4.9428565980e-02 
1303.000  3.2231158500e-01  4.7987926480e-02 
1304.000  3.2094251300e-01  4.7545913700e-02 
1305.000  3.2219006800e-01  4.7616355900e-02 
1306.000  3.2197390800e-01  4.7468696590e-02 
1307.000  3.1995789500e-01  4.7027851100e-02 
1308.000  3.1698053800e-01  4.6248054500e-02 
1309.000  3.1304500300e-01  4.5236026760e-02 
1310.000  3.1131864800e-01  4.4924533840e-02 
1311.000  3.1046653800e-01  4.4779968260e-02 
1312.000  3.0503367700e-01  4.3525638580e-02 
1313.000  2.8892115400e-01  4.0711963650e-02 
1314.000  2.9344024500e-01  4.0889614110e-02 
1315.000  2.8566351800e-01  3.9987747190e-02 
1316.000  2.9564520900e-01  4.1673576350e-02 
1317.000  2.9864988800e-01  4.2062786100e-02 
1318.000  2.8925259800e-01  4.0195293430e-02 
1319.000  2.8560322300e-01  3.8945026400e-02 
1320.000  2.7488024400e-01  3.6594322200e-02 
1321.000  2.7034247400e-01  3.5600879670e-02 
1322.000  2.7541769900e-01  3.6815887450e-02 
1323.000  2.8231100700e-01  3.8285827640e-02 
1324.000  2.8557817700e-01  3.8999008180e-02 
1325.000  2.8319168700e-01  3.8448463440e-02 
1326.000  2.7610472700e-01  3.6912704470e-02 
1327.000  2.6156211100e-01  3.3640468600e-02 
1328.000  2.4841709300e-01  3.0382812500e-02 
1329.000  2.1430932100e-01  2.3877643590e-02 
1330.000  2.0825507400e-01  2.2408134460e-02 
1331.000  2.0276478900e-01  2.1314647670e-02 
1332.000  2.0057035800e-01  2.1196268080e-02 
1333.000  2.1158856200e-01  2.2775503160e-02 
1334.000  2.2001490900e-01  2.4274915700e-02 
1335.000  2.2596369300e-01  2.5380249020e-02 
1336.000  2.2585887600e-01  2.5516834260e-02 
1337.000  2.2841509500e-01  2.5859992980e-02 
1338.000  2.3217252300e-01  2.6632755280e-02 
1339.000  2.3268665200e-01  2.6817665100e-02 
1340.000  2.3431052100e-01  2.7311893460e-02 
1341.000  2.3826593400e-01  2.7510396960e-02 
1342.000  2.3816781200e-01  2.7489116670e-02 
1343.000  2.2912111500e-01  2.5148609160e-02 
1344.000  2.1525339900e-01  2.2263412480e-02 
1345.000  1.7808005000e-01  1.5921554570e-02 
1346.000  1.5189520900e-01  1.1913537980e-02 
1347.000  1.3472352000e-01  9.6904945370e-03 
1348.000  1.1168609600e-01  6.7448987960e-03 
1349.000  1.0158083410e-01  5.7064967160e-03 
1350.000  7.9124289400e-02  3.5193576810e-03 
1351.000  6.8307716900e-02  2.7172765730e-03 
1352.000  5.2246529600e-02  1.6129664180e-03 
1353.000  3.7031650700e-02  8.8616424800e-04 
1354.000  2.9610139400e-02  5.9304797650e-04 
1355.000  2.2989737200e-02  3.8098025320e-04 
1356.000  1.7384986500e-02  2.3244722190e-04 
1357.000  1.1883103450e-02  1.1756885800e-04 
1358.000  8.7943160400e-03  7.1963004770e-05 
1359.000  4.6371939100e-03  2.4558912960e-05 
1360.000  3.0667211000e-03  1.2944587510e-05 
1361.000  2.2822912700e-03  7.7213295740e-06 
1362.000  2.1000794900e-03  6.7938305440e-06 
1363.000  3.0298736700e-03  1.1834761130e-05 
1364.000  3.5132282700e-03  1.4806631020e-05 
1365.000  3.6785402400e-03  1.5620317310e-05 
1366.000  4.2481016600e-03  1.9492929800e-05 
1367.000  3.5684731100e-03  1.5282023700e-05 
1368.000  3.1641462300e-03  1.3212413530e-05 
1369.000  3.2446906800e-03  1.3895937240e-05 
1370.000  5.3662086200e-03  3.2121680680e-05 
1371.000  9.5567567600e-03  8.0125704410e-05 
1372.000  1.7696215400e-02  2.2034128010e-04 
1373.000  2.5103570100e-02  3.8772565130e-04 
1374.000  3.0483616700e-02  5.3535926340e-04 
1375.000  3.2500900600e-02  6.0045355560e-04 
1376.000  3.0145918500e-02  5.3259664770e-04 
1377.000  2.6837348900e-02  4.3545785550e-04 
1378.000  2.0455625000e-02  2.7819168570e-04 
1379.000  1.4046731440e-02  1.5060961250e-04 
1380.000  7.9669049200e-03  6.0408532620e-05 
1381.000  4.6085506000e-03  2.5285199280e-05 
1382.000  3.2226961600e-03  1.4302465130e-05 
1383.000  3.1180850100e-03  1.3362234460e-05 
1384.000  5.0718401900e-03  2.8714653100e-05 
1385.000  7.2001239000e-03  5.0175532700e-05 
1386.000  1.0997443930e-02  9.8569624130e-05 
1387.000  2.0206304300e-02  2.6953539250e-04 
1388.000  2.6781648500e-02  4.2199027540e-04 
1389.000  3.0764036400e-02  5.3668409590e-04 
1390.000  3.1403371500e-02  5.6046593190e-04 
1391.000  2.9315411900e-02  4.9841520190e-04 
1392.000  2.2163695300e-02  3.1580272320e-04 
1393.000  1.6942393900e-02  2.0623488720e-04 
1394.000  1.2979804650e-02  1.3482807580e-04 
1395.000  1.4631339800e-02  1.6311673820e-04 
1396.000  2.0077434800e-02  2.6863521340e-04 
1397.000  2.5909814900e-02  4.0732523800e-04 
1398.000  2.6682617600e-02  4.2530298230e-04 
1399.000  2.4913658300e-02  3.8549482820e-04 
1400.000  2.3296386300e-02  3.5014963150e-04 
1401.000  2.4765253600e-02  3.9163994790e-04 
1402.000  3.0702218800e-02  5.4428422450e-04 
1403.000  3.5348634200e-02  7.0261090990e-04 
1404.000  3.3248536700e-02  6.3139903550e-04 
1405.000  3.4827106700e-02  6.9550341370e-04 
1406.000  3.2294508900e-02  6.0814976690e-04 
1407.000  3.3492613800e-02  6.6162979600e-04 
1408.000  4.0143278800e-02  8.8298815490e-04 
1409.000  4.7057109800e-02  1.1627813580e-03 
1410.000  5.7715226500e-02  1.6218136550e-03 
1411.000  6.8650218600e-02  2.2159302230e-03 
1412.000  6.6323970400e-02  2.1350505350e-03 
1413.000  7.3149268000e-02  2.5427820680e-03 
1414.000  7.2120168700e-02  2.4404721260e-03 
1415.000  7.9728093100e-02  2.9564054010e-03 
1416.000  8.5662364400e-02  3.3325359820e-03 
1417.000  8.7867974000e-02  3.5030405520e-03 
1418.000  8.8651049000e-02  3.5317974090e-03 
1419.000  8.8466505000e-02  3.5778293610e-03 
1420.000  9.0567672800e-02  3.7071371080e-03 
1421.000  1.0186214570e-01  4.5266675950e-03 
1422.000  1.0428561890e-01  4.7731156350e-03 
1423.000  1.0544871490e-01  4.9095253940e-03 
1424.000  1.0509034340e-01  4.8619670870e-03 
1425.000  1.0389712960e-01  4.7166156770e-03 
1426.000  1.0017133620e-01  4.5483040810e-03 
1427.000  1.0610182270e-01  4.9669141770e-03 
1428.000  1.1206427820e-01  5.3566880230e-03 
1429.000  1.1366609860e-01  5.5826478000e-03 
1430.000  1.1090197640e-01  5.4431271550e-03 
1431.000  1.0331827480e-01  4.8673410420e-03 
1432.000  1.0102347550e-01  4.6357192990e-03 
1433.000  1.0073874190e-01  4.6094198230e-03 
1434.000  9.6086714100e-02  4.3024797440e-03 
1435.000  1.0315800210e-01  4.8121294980e-03 
1436.000  1.0572700800e-01  5.0146617890e-03 
1437.000  1.0741233440e-01  5.1376442910e-03 
1438.000  1.1387578690e-01  5.6734628680e-03 
1439.000  1.1597739590e-01  5.7972373960e-03 
1440.000  1.1120430870e-01  5.6263461110e-03 
1441.000  1.1811141190e-01  6.0168390270e-03 
1442.000  1.1329582240e-01  5.6969451900e-03 
1443.000  1.1533212200e-01  5.8123149870e-03 
1444.000  1.1793236470e-01  6.0120134350e-03 
1445.000  1.1816855780e-01  6.0452957150e-03 
1446.000  1.2368570180e-01  6.4765686990e-03 
1447.000  1.2706642400e-01  6.7930011750e-03 
1448.000  1.2851463600e-01  6.8978466990e-03 
1449.000  1.2599117900e-01  6.6764955520e-03 
1450.000  1.2047802980e-01  6.2527928350e-03 
1451.000  1.2182700050e-01  6.3989515300e-03 
1452.000  1.2715969900e-01  6.9567222600e-03 
1453.000  1.4169517500e-01  8.2051839830e-03 
1454.000  1.5418755400e-01  9.4348106380e-03 
1455.000  1.6016267900e-01  1.0130919460e-02 
1456.000  1.6726864900e-01  1.0924221040e-02 
1457.000  1.6995879100e-01  1.1158253670e-02 
1458.000  1.7328371100e-01  1.1455995560e-02 
1459.000  1.6841429800e-01  1.0910832410e-02 
1460.000  1.6073635700e-01  1.0231104850e-02 
1461.000  1.5765279200e-01  9.9565505980e-03 
1462.000  1.4916295800e-01  9.1726293560e-03 
1463.000  1.4817397000e-01  9.1406040190e-03 
1464.000  1.4625965900e-01  8.9675302510e-03 
1465.000  1.4301433900e-01  8.5974941250e-03 
1466.000  1.3328517600e-01  7.8074302670e-03 
1467.000  1.3231802800e-01  7.6093611720e-03 
1468.000  1.2417547160e-01  6.9908242230e-03 
1469.000  1.1779388140e-01  6.3815088270e-03 
1470.000  1.1438241510e-01  6.1210637090e-03 
1471.000  1.2138382440e-01  6.8608136180e-03 
1472.000  1.3366524500e-01  8.0403575900e-03 
1473.000  1.5021539400e-01  9.7230911250e-03 
1474.000  1.5745395400e-01  1.0748980520e-02 
1475.000  1.6025383800e-01  1.0991215710e-02 
1476.000  1.6051455400e-01  1.1062326430e-02 
1477.000  1.5707363200e-01  1.0723196980e-02 
1478.000  1.5093045600e-01  1.0210264210e-02 
1479.000  1.4793642400e-01  9.8550891880e-03 
1480.000  1.5101843400e-01  1.0248689650e-02 
1481.000  1.5384305900e-01  1.0717825890e-02 
1482.000  1.6079449500e-01  1.1528099060e-02 
1483.000  1.5901543900e-01  1.1527953150e-02 
1484.000  1.6004717900e-01  1.1675362590e-02 
1485.000  1.6234756800e-01  1.1863367080e-02 
1486.000  1.6372205500e-01  1.2271057130e-02 
1487.000  1.7374697300e-01  1.3629198070e-02 
1488.000  1.5226492100e-01  1.2048074720e-02 
1489.000  1.8686075600e-01  1.5656892780e-02 
1490.000  1.9770015400e-01  1.7383024220e-02 
1491.000  2.0476593500e-01  1.8496416090e-02 
1492.000  2.0105349600e-01  1.8334079740e-02 
1493.000  2.0848714400e-01  1.9356348040e-02 
1494.000  2.0818288000e-01  1.9472772600e-02 
1495.000  2.0990874800e-01  1.9991426470e-02 
1496.000  2.0954764200e-01  2.0446491240e-02 
1497.000  2.1465827400e-01  2.1095872880e-02 
1498.000  2.2174066500e-01  2.2254156110e-02 
1499.000  2.2273160500e-01  2.2804874420e-02 
1500.000  2.2960161200e-01  2.3887264250e-02 
1501.000  2.2829568900e-01  2.3779428480e-02 
1502.000  2.2461468900e-01  2.3376726150e-02 
1503.000  2.0065231400e-01  2.0898155210e-02 
1504.000  2.0998945000e-01  2.2044578550e-02 
1505.000  2.1261358200e-01  2.2658065800e-02 
1506.000  2.1554558700e-01  2.3085977550e-02 
1507.000  2.2836724100e-01  2.4796640400e-02 
1508.000  2.2635929500e-01  2.4811244960e-02 
1509.000  2.2888481500e-01  2.5334676740e-02 
1510.000  2.3298726800e-01  2.5951829910e-02 
1511.000  2.3513570200e-01  2.6381616590e-02 
1512.000  2.3144952800e-01  2.6119319920e-02 
1513.000  2.3135944300e-01  2.6234563830e-02 
1514.000  2.2819207300e-01  2.5966714860e-02 
1515.000  2.3349945300e-01  2.6733398440e-02 
1516.000  2.3159348900e-01  2.6626159670e-02 
1517.000  2.3097317500e-01  2.6705135350e-02 
1518.000  2.3669712100e-01  2.7589698790e-02 
1519.000  2.3491599800e-01  2.7626302720e-02 
1520.000  2.3851820200e-01  2.8349807740e-02 
1521.000  2.3512889900e-01  2.8131162640e-02 
1522.000  2.3376892700e-01  2.8045581820e-02 
1523.000  2.3979598500e-01  2.8881942750e-02 
1524.000  2.3771195700e-01  2.8674411770e-02 
1525.000  2.3197490400e-01  2.8018974300e-02 
1526.000  2.3861163900e-01  2.8901039120e-02 
1527.000  2.3649951800e-01  2.8763854980e-02 
1528.000  2.3860192700e-01  2.9160099030e-02 
1529.000  2.3785576300e-01  2.9136531830e-02 
1530.000  2.2299941400e-01  2.7441667560e-02 
1531.000  2.3864664100e-01  2.9489675520e-02 
1532.000  2.3751004600e-01  2.9477403640e-02 
1533.000  2.3654893000e-01  2.9461879730e-02 
1534.000  2.3307106300e-01  2.9126359940e-02 
1535.000  2.3405913400e-01  2.9350002290e-02 
1536.000  2.3719251400e-01  2.9826105120e-02 
1537.000  2.3813026100e-01  3.0057218550e-02 
1538.000  2.3180279500e-01  2.9374528880e-02 
1539.000  2.3681951000e-01  3.0123132710e-02 
1540.000  2.2826958900e-01  2.9128499980e-02 
1541.000  2.3308351700e-01  2.9819063190e-02 
1542.000  2.3447126800e-01  3.0063810350e-02 
1543.000  2.3383376900e-01  3.0062612530e-02 
1544.000  2.3683820800e-01  3.0539524080e-02 
1545.000  2.3774821600e-01  3.0765985490e-02 
1546.000  2.3796761800e-01  3.0900840760e-02 
1547.000  2.3565716400e-01  3.0699514390e-02 
1548.000  2.2869744300e-01  2.9879716870e-02 
1549.000  2.3455930200e-01  3.0718975070e-02 
1550.000  2.3324142300e-01  3.0614482880e-02 
1551.000  2.3201364700e-01  3.0504112240e-02 
1552.000  2.3596858700e-01  3.1076808930e-02 
1553.000  2.3473558100e-01  3.0976816180e-02 
1554.000  2.2613504500e-01  2.9891429900e-02 
1555.000  2.2990918800e-01  3.0458045960e-02 
1556.000  2.2552026800e-01  2.9943988800e-02 
1557.000  2.3290464700e-01  3.0997442250e-02 
1558.000  2.3106077000e-01  3.0809349060e-02 
1559.000  2.3107874600e-01  3.0866027830e-02 
1560.000  2.2708828100e-01  3.0396924970e-02 
1561.000  2.3238807300e-01  3.1149513240e-02 
1562.000  2.3227972300e-01  3.1162929530e-02 
1563.000  2.2880722200e-01  3.0734603880e-02 
1564.000  2.2414805600e-01  3.0134920120e-02 
1565.000  2.2740159600e-01  3.0590120320e-02 
1566.000  2.2309320200e-01  3.0061388020e-02 
1567.000  2.2273472400e-01  3.0023265840e-02 
1568.000  2.1757690800e-01  2.9317903520e-02 
1569.000  2.1775763800e-01  2.9323894500e-02 
1570.000  2.1169953100e-01  2.8508996960e-02 
1571.000  2.1737211800e-01  2.9314002990e-02 
1572.000  2.1720562800e-01  2.9318067550e-02 
1573.000  2.1390683400e-01  2.8930313110e-02 
1574.000  2.1475050300e-01  2.9115886690e-02 
1575.000  1.9952337000e-01  2.7105438230e-02 
1576.000  2.1435411800e-01  2.9156343460e-02 
1577.000  1.9362880700e-01  2.6371412280e-02 
1578.000  2.1198286800e-01  2.8908468250e-02 
1579.000  2.1330642500e-01  2.9137012480e-02 
1580.000  2.1785767900e-01  2.9825151440e-02 
1581.000  2.1641324800e-01  2.9670677190e-02 
1582.000  2.1226289600e-01  2.9189250950e-02 
1583.000  2.1506954200e-01  2.9660137180e-02 
1584.000  2.1333779500e-01  2.9507812500e-02 
1585.000  2.1978720600e-01  3.0477455140e-02 
1586.000  2.1702719500e-01  3.0147615430e-02 
1587.000  2.1476625700e-01  2.9907596590e-02 
1588.000  2.1161560300e-01  2.9538930890e-02 
1589.000  1.9360613700e-01  2.7069156650e-02 
1590.000  2.0858042300e-01  2.9203725810e-02 
1591.000  2.0390835800e-01  2.8581415180e-02 
1592.000  2.1458637400e-01  3.0093498230e-02 
1593.000  2.1920246500e-01  3.0748909000e-02 
1594.000  2.1732669500e-01  3.0495254520e-02 
1595.000  2.1829916400e-01  3.0644046780e-02 
1596.000  2.0448822100e-01  2.8737691880e-02 
1597.000  2.1208045500e-01  2.9806669240e-02 
1598.000  2.1499502800e-01  3.0206457140e-02 
1599.000  2.0655508500e-01  2.9000814440e-02 
1600.000  2.0900730800e-01  2.9335102080e-02 
1601.000  2.0020848000e-01  2.8130542760e-02 
1602.000  2.0507658900e-01  2.8847141270e-02 
1603.000  2.0384864600e-01  2.8735225680e-02 
1604.000  2.0689428000e-01  2.9233688350e-02 
1605.000  2.0383493200e-01  2.8837593080e-02 
1606.000  2.0319628400e-01  2.8791887280e-02 
1607.000  2.0388386100e-01  2.8897718430e-02 
1608.000  2.0607848400e-01  2.9218763350e-02 
1609.000  2.0528621300e-01  2.9129142760e-02 
1610.000  1.9262333400e-01  2.7358171460e-02 
1611.000  1.9877201800e-01  2.8286201480e-02 
1612.000  2.0124138800e-01  2.8696517940e-02 
1613.000  2.0626274000e-01  2.9470666890e-02 
1614.000  2.0423772400e-01  2.9200204850e-02 
1615.000  2.0801047300e-01  2.9790132520e-02 
1616.000  1.9528922100e-01  2.8006141660e-02 
1617.000  2.0139530200e-01  2.8946529390e-02 
1618.000  2.0766992700e-01  2.9879653930e-02 
1619.000  2.0738859000e-01  2.9904935840e-02 
1620.000  2.0249768400e-01  2.9262166980e-02 
1621.000  1.9977044900e-01  2.8916801450e-02 
1622.000  2.0479811500e-01  2.9665510180e-02 
1623.000  2.0908022100e-01  3.0320205690e-02 
1624.000  2.1060882600e-01  3.0569398880e-02 
1625.000  2.0559344000e-01  2.9897888180e-02 
1626.000  2.0789430000e-01  3.0224149700e-02 
1627.000  2.0765576100e-01  3.0217790600e-02 
1628.000  2.0923327400e-01  3.0460786820e-02 
1629.000  2.0909645000e-01  3.0449888230e-02 
1630.000  2.0323173400e-01  2.9592561720e-02 
1631.000  2.0640978200e-01  3.0069599150e-02 
1632.000  2.0623667900e-01  3.0017213820e-02 
1633.000  2.0351533400e-01  2.9621206280e-02 
1634.000  1.9855301500e-01  2.8888162610e-02 
1635.000  2.0387506700e-01  2.9665838240e-02 
1636.000  2.0310854500e-01  2.9547431950e-02 
1637.000  1.9379509300e-01  2.8185489650e-02 
1638.000  1.9237933900e-01  2.7986457820e-02 
1639.000  1.9009605800e-01  2.7629734040e-02 
1640.000  1.9104217500e-01  2.7758049010e-02 
1641.000  1.8967835900e-01  2.7578042980e-02 
1642.000  1.8944011700e-01  2.7563602450e-02 
1643.000  1.9424055900e-01  2.8287078860e-02 
1644.000  1.9116796900e-01  2.7858446120e-02 
1645.000  1.9146636900e-01  2.7914672850e-02 
1646.000  1.9376665400e-01  2.8280818940e-02 
1647.000  1.9556779800e-01  2.8563005450e-02 
1648.000  1.9468424700e-01  2.8436820980e-02 
1649.000  1.9021072200e-01  2.7796934130e-02 
1650.000  1.9503048600e-01  2.8533475880e-02 
1651.000  1.9067599800e-01  2.7891328810e-02 
1652.000  1.9446716700e-01  2.8441120150e-02 
1653.000  1.9246495900e-01  2.8167799000e-02 
1654.000  1.9462358600e-01  2.8494850160e-02 
1655.000  1.9093791000e-01  2.7980031970e-02 
1656.000  1.9476261400e-01  2.8560083390e-02 
1657.000  1.9334761500e-01  2.8363142010e-02 
1658.000  1.9456655400e-01  2.8567274090e-02 
1659.000  1.9102803500e-01  2.8058746340e-02 
1660.000  1.9323573300e-01  2.8379806520e-02 
1661.000  1.9398881900e-01  2.8488616940e-02 
1662.000  1.9253113800e-01  2.8256532670e-02 
1663.000  1.9125660800e-01  2.8068117140e-02 
1664.000  1.9036399900e-01  2.7933944700e-02 
1665.000  1.8842379000e-01  2.7640001300e-02 
1666.000  1.8765382400e-01  2.7546461110e-02 
1667.000  1.8957067800e-01  2.7873634340e-02 
1668.000  1.8635885400e-01  2.7411800380e-02 
1669.000  1.8688391200e-01  2.7510761260e-02 
1670.000  1.9108529100e-01  2.8150228500e-02 
1671.000  1.8968723200e-01  2.7954187390e-02 
1672.000  1.8070310300e-01  2.6641658780e-02 
1673.000  1.8586529200e-01  2.7393461230e-02 
1674.000  1.8661433400e-01  2.7502258300e-02 
1675.000  1.8488088600e-01  2.7258308410e-02 
1676.000  1.8189200200e-01  2.6816257480e-02 
1677.000  1.8282300000e-01  2.6959791180e-02 
1678.000  1.8383534700e-01  2.7126308440e-02 
1679.000  1.8139420300e-01  2.6765857700e-02 
1680.000  1.7517704400e-01  2.5863779070e-02 
1681.000  1.6910453800e-01  2.4973323820e-02 
1682.000  1.7398879000e-01  2.5692005160e-02 
1683.000  1.7827954800e-01  2.6316278460e-02 
1684.000  1.8157429400e-01  2.6794569020e-02 
1685.000  1.8209360200e-01  2.6841363910e-02 
1686.000  1.7989707800e-01  2.6512678150e-02 
1687.000  1.8059155800e-01  2.6566421510e-02 
1688.000  1.8068438800e-01  2.6539638520e-02 
1689.000  1.7850493600e-01  2.6213260650e-02 
1690.000  1.7835922200e-01  2.6145465850e-02 
1691.000  1.8066674400e-01  2.6475473400e-02 
1692.000  1.8099193000e-01  2.6520618440e-02 
1693.000  1.8035160300e-01  2.6431262970e-02 
1694.000  1.8008230300e-01  2.6389308930e-02 
1695.000  1.8012854200e-01  2.6369548800e-02 
1696.000  1.7907422400e-01  2.6202194210e-02 
1697.000  1.7794719500e-01  2.6008005140e-02 
1698.000  1.7900251300e-01  2.6140537260e-02 
1699.000  1.7784678900e-01  2.5958110810e-02 
1700.000  1.7559512500e-01  2.5616989140e-02 
