 lambda     Rad_up_noisy   Rad_up_pure    Rad_up_noise
 405.248    2.08310e-01    2.08073e-01    2.36930e-04
 406.081    2.05682e-01    2.05767e-01   -8.47586e-05
 406.913    2.05925e-01    2.06617e-01   -6.91998e-04
 407.746    2.11005e-01    2.10278e-01    7.27492e-04
 408.578    2.14507e-01    2.14155e-01    3.51662e-04
 409.411    2.16617e-01    2.16584e-01    3.29549e-05
 410.243    2.18731e-01    2.18934e-01   -2.02588e-04
 411.075    2.22711e-01    2.22376e-01    3.34563e-04
 411.907    2.24869e-01    2.25173e-01   -3.03763e-04
 412.739    2.25303e-01    2.25702e-01   -3.99248e-04
 413.571    2.25293e-01    2.25177e-01    1.15656e-04
 414.403    2.25993e-01    2.25364e-01    6.28689e-04
 415.235    2.26162e-01    2.25874e-01    2.88113e-04
 416.067    2.25688e-01    2.25130e-01    5.58342e-04
 416.899    2.22017e-01    2.22613e-01   -5.95601e-04
 417.730    2.19200e-01    2.18970e-01    2.30381e-04
 418.562    2.14824e-01    2.15122e-01   -2.98260e-04
 419.393    2.12310e-01    2.12524e-01   -2.13830e-04
 420.225    2.12154e-01    2.12459e-01   -3.05114e-04
 421.056    2.13637e-01    2.13359e-01    2.78451e-04
 421.888    2.11298e-01    2.11885e-01   -5.86879e-04
 422.719    2.07281e-01    2.08065e-01   -7.83619e-04
 423.550    2.05823e-01    2.05256e-01    5.66729e-04
 424.382    2.04911e-01    2.04730e-01    1.81003e-04
 425.213    2.04091e-01    2.04311e-01   -2.20324e-04
 426.044    2.01989e-01    2.01954e-01    3.52974e-05
 426.875    1.96797e-01    1.97318e-01   -5.20571e-04
 427.706    1.90358e-01    1.90096e-01    2.61906e-04
 428.537    1.79117e-01    1.79813e-01   -6.95958e-04
 429.368    1.68938e-01    1.68949e-01   -1.11002e-05
 430.199    1.64720e-01    1.64195e-01    5.25084e-04
 431.030    1.70629e-01    1.70657e-01   -2.75408e-05
 431.860    1.84575e-01    1.84503e-01    7.18881e-05
 432.691    1.97288e-01    1.96516e-01    7.72119e-04
 433.522    2.03522e-01    2.03078e-01    4.44449e-04
 434.352    2.08062e-01    2.07968e-01    9.40256e-05
 435.183    2.14322e-01    2.14201e-01    1.20808e-04
 436.013    2.19321e-01    2.19707e-01   -3.86227e-04
 436.844    2.21565e-01    2.21009e-01    5.55564e-04
 437.674    2.18572e-01    2.18264e-01    3.08072e-04
 438.504    2.15452e-01    2.15493e-01   -4.08230e-05
 439.335    2.17205e-01    2.16261e-01    9.44351e-04
 440.165    2.20559e-01    2.20472e-01    8.71921e-05
 440.995    2.25978e-01    2.25794e-01    1.83964e-04
 441.825    2.29084e-01    2.30409e-01   -1.32468e-03
 442.655    2.33428e-01    2.33662e-01   -2.33947e-04
 443.486    2.34953e-01    2.35507e-01   -5.54253e-04
 444.316    2.35466e-01    2.36128e-01   -6.61667e-04
 445.146    2.36071e-01    2.36244e-01   -1.72623e-04
 445.976    2.38119e-01    2.37593e-01    5.25678e-04
 446.805    2.41587e-01    2.41451e-01    1.36067e-04
 447.635    2.46017e-01    2.46882e-01   -8.64960e-04
 448.465    2.52840e-01    2.52208e-01    6.31743e-04
 449.295    2.56983e-01    2.56966e-01    1.68915e-05
 450.125    2.59504e-01    2.60722e-01   -1.21812e-03
 450.954    2.60588e-01    2.61764e-01   -1.17631e-03
 451.784    2.59364e-01    2.59131e-01    2.32691e-04
 452.613    2.56062e-01    2.55025e-01    1.03730e-03
 453.443    2.54180e-01    2.52924e-01    1.25570e-03
 454.273    2.54230e-01    2.53921e-01    3.09324e-04
 455.102    2.57088e-01    2.56476e-01    6.11978e-04
 455.931    2.57530e-01    2.58694e-01   -1.16376e-03
 456.761    2.59731e-01    2.59601e-01    1.30443e-04
 457.590    2.60222e-01    2.59217e-01    1.00477e-03
 458.420    2.58483e-01    2.58326e-01    1.56922e-04
 459.249    2.58088e-01    2.57880e-01    2.08395e-04
 460.078    2.58591e-01    2.58255e-01    3.36026e-04
 460.907    2.59455e-01    2.58939e-01    5.16197e-04
 461.737    2.57916e-01    2.59146e-01   -1.22960e-03
 462.566    2.60131e-01    2.58702e-01    1.42940e-03
 463.395    2.58038e-01    2.58014e-01    2.36498e-05
 464.224    2.58132e-01    2.57497e-01    6.34536e-04
 465.053    2.56756e-01    2.57367e-01   -6.11479e-04
 465.882    2.56767e-01    2.57704e-01   -9.37150e-04
 466.711    2.57233e-01    2.58604e-01   -1.37091e-03
 467.540    2.58556e-01    2.59979e-01   -1.42329e-03
 468.369    2.59374e-01    2.61117e-01   -1.74287e-03
 469.198    2.62452e-01    2.61256e-01    1.19603e-03
 470.027    2.60699e-01    2.60575e-01    1.24143e-04
 470.855    2.57909e-01    2.59852e-01   -1.94299e-03
 471.684    2.58747e-01    2.59528e-01   -7.80751e-04
 472.513    2.58976e-01    2.59676e-01   -7.00493e-04
 473.342    2.63211e-01    2.60406e-01    2.80454e-03
 474.170    2.61947e-01    2.61542e-01    4.04672e-04
 474.999    2.64024e-01    2.62328e-01    1.69610e-03
 475.828    2.61348e-01    2.62322e-01   -9.73528e-04
 476.656    2.62221e-01    2.62067e-01    1.53652e-04
 477.485    2.61738e-01    2.62040e-01   -3.01580e-04
 478.313    2.60375e-01    2.61895e-01   -1.51950e-03
 479.142    2.61859e-01    2.61437e-01    4.22204e-04
 479.970    2.60059e-01    2.61171e-01   -1.11241e-03
 480.799    2.63140e-01    2.61427e-01    1.71293e-03
 481.627    2.58774e-01    2.61707e-01   -2.93345e-03
 482.456    2.60650e-01    2.60888e-01   -2.37844e-04
 483.284    2.56361e-01    2.57761e-01   -1.40043e-03
 484.112    2.49974e-01    2.51629e-01   -1.65488e-03
 484.941    2.44281e-01    2.43270e-01    1.01093e-03
 485.769    2.36307e-01    2.35975e-01    3.32331e-04
 486.597    2.30800e-01    2.33599e-01   -2.79947e-03
 487.426    2.33944e-01    2.36427e-01   -2.48334e-03
 488.254    2.41468e-01    2.41355e-01    1.12829e-04
 489.082    2.45165e-01    2.45785e-01   -6.19597e-04
 489.910    2.46606e-01    2.48496e-01   -1.89019e-03
 490.738    2.50581e-01    2.48938e-01    1.64310e-03
 491.567    2.49569e-01    2.48195e-01    1.37394e-03
 492.395    2.48837e-01    2.48362e-01    4.75203e-04
 493.223    2.50292e-01    2.50140e-01    1.51597e-04
 494.051    2.52301e-01    2.52570e-01   -2.68731e-04
 494.879    2.52721e-01    2.54172e-01   -1.45075e-03
 495.707    2.54016e-01    2.53691e-01    3.25351e-04
 496.535    2.50974e-01    2.50969e-01    5.39459e-06
 497.363    2.47895e-01    2.47181e-01    7.13763e-04
 498.191    2.44104e-01    2.43674e-01    4.30481e-04
 499.019    2.41210e-01    2.40918e-01    2.92274e-04
 499.847    2.38662e-01    2.38700e-01   -3.80072e-05
 500.675    2.37375e-01    2.37017e-01    3.57567e-04
 501.502    2.36265e-01    2.36287e-01   -2.19348e-05
 502.330    2.37263e-01    2.36631e-01    6.31937e-04
 503.158    2.38844e-01    2.37812e-01    1.03180e-03
 503.986    2.41197e-01    2.40135e-01    1.06155e-03
 504.814    2.43099e-01    2.43726e-01   -6.27317e-04
 505.642    2.47836e-01    2.46823e-01    1.01267e-03
 506.469    2.46912e-01    2.47234e-01   -3.22104e-04
 507.297    2.48225e-01    2.45484e-01    2.74051e-03
 508.125    2.43789e-01    2.44094e-01   -3.04832e-04
 508.953    2.43583e-01    2.44159e-01   -5.76211e-04
 509.780    2.44523e-01    2.44796e-01   -2.72509e-04
 510.608    2.46219e-01    2.45043e-01    1.17635e-03
 511.436    2.44565e-01    2.44174e-01    3.90573e-04
 512.263    2.42660e-01    2.41442e-01    1.21755e-03
 513.091    2.38436e-01    2.37333e-01    1.10312e-03
 513.918    2.34080e-01    2.33476e-01    6.03902e-04
 514.746    2.30339e-01    2.30009e-01    3.29951e-04
 515.574    2.26309e-01    2.24988e-01    1.32122e-03
 516.401    2.18095e-01    2.18170e-01   -7.49884e-05
 517.229    2.12830e-01    2.13094e-01   -2.64349e-04
 518.056    2.14794e-01    2.12924e-01    1.87036e-03
 518.884    2.16531e-01    2.16926e-01   -3.95225e-04
 519.711    2.23344e-01    2.22470e-01    8.73721e-04
 520.539    2.27623e-01    2.27446e-01    1.76644e-04
 521.366    2.30053e-01    2.30671e-01   -6.17875e-04
 522.194    2.32260e-01    2.32202e-01    5.75126e-05
 523.021    2.32342e-01    2.33087e-01   -7.45390e-04
 523.849    2.33771e-01    2.33649e-01    1.21998e-04
 524.676    2.32254e-01    2.32502e-01   -2.47945e-04
 525.503    2.27738e-01    2.28827e-01   -1.08890e-03
 526.331    2.24199e-01    2.25008e-01   -8.08905e-04
 527.158    2.25408e-01    2.24908e-01    5.00121e-04
 527.986    2.29183e-01    2.29173e-01    9.95024e-06
 528.813    2.34836e-01    2.34525e-01    3.10691e-04
 529.640    2.38800e-01    2.38043e-01    7.56946e-04
 530.468    2.39719e-01    2.39006e-01    7.13031e-04
 531.295    2.37076e-01    2.37076e-01    3.90212e-07
 532.122    2.32880e-01    2.32660e-01    2.19738e-04
 532.949    2.28297e-01    2.28590e-01   -2.92612e-04
 533.777    2.27059e-01    2.27966e-01   -9.07272e-04
 534.604    2.30822e-01    2.30700e-01    1.21785e-04
 535.431    2.33248e-01    2.34057e-01   -8.08650e-04
 536.259    2.35947e-01    2.35845e-01    1.02374e-04
 537.086    2.35205e-01    2.36075e-01   -8.70127e-04
 537.913    2.35685e-01    2.35602e-01    8.32803e-05
 538.740    2.34659e-01    2.34291e-01    3.67756e-04
 539.567    2.32305e-01    2.31736e-01    5.69175e-04
 540.395    2.28796e-01    2.29007e-01   -2.10921e-04
 541.222    2.28126e-01    2.28021e-01    1.05410e-04
 542.049    2.29225e-01    2.29247e-01   -2.15479e-05
 542.876    2.30744e-01    2.31444e-01   -7.00217e-04
 543.703    2.32615e-01    2.33299e-01   -6.84194e-04
 544.530    2.33389e-01    2.34172e-01   -7.83240e-04
 545.358    2.33657e-01    2.34041e-01   -3.84055e-04
 546.185    2.33362e-01    2.33247e-01    1.15223e-04
 547.012    2.32016e-01    2.32033e-01   -1.70352e-05
 547.839    2.30538e-01    2.30722e-01   -1.84390e-04
 548.666    2.29858e-01    2.29837e-01    2.07917e-05
 549.493    2.29913e-01    2.29535e-01    3.77652e-04
 550.320    2.29940e-01    2.29683e-01    2.56809e-04
 551.147    2.30898e-01    2.30222e-01    6.75584e-04
 551.974    2.31557e-01    2.30915e-01    6.41785e-04
 552.801    2.32348e-01    2.31490e-01    8.58015e-04
 553.628    2.33073e-01    2.31868e-01    1.20500e-03
 554.455    2.30511e-01    2.31700e-01   -1.18926e-03
 555.283    2.28104e-01    2.30464e-01   -2.36000e-03
 556.110    2.28833e-01    2.28355e-01    4.77687e-04
 556.937    2.27551e-01    2.26194e-01    1.35722e-03
 557.764    2.25471e-01    2.24446e-01    1.02534e-03
 558.591    2.22148e-01    2.23309e-01   -1.16124e-03
 559.418    2.24746e-01    2.23396e-01    1.35034e-03
 560.245    2.25308e-01    2.24845e-01    4.63154e-04
 561.072    2.24937e-01    2.26416e-01   -1.47948e-03
 561.898    2.28881e-01    2.27006e-01    1.87548e-03
 562.725    2.27725e-01    2.26861e-01    8.63880e-04
 563.552    2.27341e-01    2.26329e-01    1.01160e-03
 564.379    2.27682e-01    2.25085e-01    2.59661e-03
 565.206    2.23194e-01    2.23222e-01   -2.76185e-05
 566.033    2.23113e-01    2.21780e-01    1.33321e-03
 566.860    2.21751e-01    2.21373e-01    3.77664e-04
 567.687    2.24176e-01    2.21200e-01    2.97563e-03
 568.514    2.19357e-01    2.20316e-01   -9.58924e-04
 569.341    2.16127e-01    2.18968e-01   -2.84081e-03
 570.168    2.18954e-01    2.18156e-01    7.98402e-04
 570.995    2.19890e-01    2.18649e-01    1.24106e-03
 571.822    2.20934e-01    2.20320e-01    6.13611e-04
 572.648    2.22869e-01    2.22043e-01    8.26372e-04
 573.475    2.20123e-01    2.22582e-01   -2.45862e-03
 574.302    2.19659e-01    2.21721e-01   -2.06198e-03
 575.129    2.20234e-01    2.20375e-01   -1.41452e-04
 575.956    2.21566e-01    2.19608e-01    1.95784e-03
 576.783    2.19206e-01    2.19566e-01   -3.60341e-04
 577.609    2.18575e-01    2.19720e-01   -1.14509e-03
 578.436    2.18288e-01    2.19962e-01   -1.67444e-03
 579.263    2.22711e-01    2.20626e-01    2.08537e-03
 580.090    2.20010e-01    2.21684e-01   -1.67405e-03
 580.917    2.22334e-01    2.22790e-01   -4.56293e-04
 581.744    2.24400e-01    2.23767e-01    6.32748e-04
 582.570    2.20454e-01    2.24449e-01   -3.99469e-03
 583.397    2.24565e-01    2.24445e-01    1.20499e-04
 584.224    2.21981e-01    2.23434e-01   -1.45335e-03
 585.051    2.23475e-01    2.21564e-01    1.91076e-03
 585.877    2.18351e-01    2.19251e-01   -8.99941e-04
 586.704    2.20953e-01    2.16276e-01    4.67693e-03
 587.531    2.14366e-01    2.11727e-01    2.63929e-03
 588.358    2.04036e-01    2.05942e-01   -1.90586e-03
 589.184    2.00166e-01    2.01524e-01   -1.35795e-03
 590.011    2.02054e-01    2.00730e-01    1.32402e-03
 590.838    2.03223e-01    2.02847e-01    3.75818e-04
 591.665    2.04581e-01    2.05548e-01   -9.67090e-04
 592.491    2.07273e-01    2.07492e-01   -2.19371e-04
 593.318    2.08499e-01    2.08573e-01   -7.41665e-05
 594.145    2.09911e-01    2.09111e-01    8.00492e-04
 594.971    2.11314e-01    2.09650e-01    1.66439e-03
 595.798    2.11484e-01    2.10504e-01    9.80496e-04
 596.625    2.13043e-01    2.11306e-01    1.73684e-03
 597.451    2.09015e-01    2.11627e-01   -2.61220e-03
 598.278    2.09935e-01    2.11629e-01   -1.69399e-03
 599.105    2.11536e-01    2.11692e-01   -1.55653e-04
 599.931    2.14524e-01    2.11864e-01    2.66006e-03
 600.758    2.10826e-01    2.12013e-01   -1.18701e-03
 601.585    2.06970e-01    2.12302e-01   -5.33240e-03
 602.411    2.13164e-01    2.13160e-01    3.84487e-06
 603.238    2.15021e-01    2.14666e-01    3.54505e-04
 604.065    2.16996e-01    2.16192e-01    8.03549e-04
 604.891    2.17516e-01    2.16935e-01    5.80958e-04
 605.718    2.17787e-01    2.16680e-01    1.10668e-03
 606.544    2.16250e-01    2.15791e-01    4.59371e-04
 607.371    2.13785e-01    2.14643e-01   -8.57837e-04
 608.198    2.08417e-01    2.13382e-01   -4.96490e-03
 609.024    2.15600e-01    2.12134e-01    3.46646e-03
 609.851    2.11857e-01    2.11105e-01    7.51679e-04
 610.677    2.04577e-01    2.10256e-01   -5.67879e-03
 611.504    2.11493e-01    2.09154e-01    2.33884e-03
 612.330    2.08662e-01    2.07485e-01    1.17661e-03
 613.157    2.04219e-01    2.05573e-01   -1.35352e-03
 613.983    2.06568e-01    2.04038e-01    2.53004e-03
 614.810    1.98204e-01    2.03022e-01   -4.81764e-03
 615.636    2.02303e-01    2.02368e-01   -6.49703e-05
 616.463    2.01880e-01    2.02405e-01   -5.25197e-04
 617.289    2.03217e-01    2.03564e-01   -3.47458e-04
 618.116    2.03161e-01    2.05470e-01   -2.30873e-03
 618.942    2.10433e-01    2.07276e-01    3.15713e-03
 619.769    2.10140e-01    2.08370e-01    1.77034e-03
 620.595    2.04307e-01    2.08334e-01   -4.02718e-03
 621.422    2.07210e-01    2.07078e-01    1.31553e-04
 622.248    2.01020e-01    2.05209e-01   -4.18945e-03
 623.075    2.05091e-01    2.03468e-01    1.62255e-03
 623.901    2.00997e-01    2.02010e-01   -1.01258e-03
 624.727    2.04221e-01    2.00747e-01    3.47405e-03
 625.554    2.00223e-01    1.99820e-01    4.03052e-04
 626.380    1.95664e-01    1.99312e-01   -3.64832e-03
 627.206    1.95559e-01    1.99059e-01   -3.50014e-03
 628.033    2.00885e-01    1.98940e-01    1.94537e-03
 628.859    1.98448e-01    1.98908e-01   -4.60498e-04
 629.686    1.97032e-01    1.98786e-01   -1.75376e-03
 630.512    2.00093e-01    1.98388e-01    1.70498e-03
 631.338    1.90613e-01    1.97889e-01   -7.27589e-03
 632.164    1.97326e-01    1.97853e-01   -5.26549e-04
 632.991    2.03556e-01    1.98452e-01    5.10427e-03
 633.817    2.00977e-01    1.99081e-01    1.89619e-03
 634.643    1.96721e-01    1.99251e-01   -2.53046e-03
 635.470    1.98440e-01    1.99272e-01   -8.31890e-04
 636.296    2.03376e-01    1.99797e-01    3.57944e-03
 637.122    1.98903e-01    2.00889e-01   -1.98581e-03
 637.948    2.02107e-01    2.01755e-01    3.51546e-04
 638.775    2.03613e-01    2.01653e-01    1.96031e-03
 639.601    1.98469e-01    2.00746e-01   -2.27694e-03
 640.427    2.00459e-01    1.99805e-01    6.54404e-04
 641.253    2.01220e-01    1.99321e-01    1.89908e-03
 642.079    1.94137e-01    1.99225e-01   -5.08791e-03
 642.905    1.99385e-01    1.99130e-01    2.54593e-04
 643.732    1.97010e-01    1.98559e-01   -1.54898e-03
 644.558    2.00814e-01    1.97145e-01    3.66885e-03
 645.384    1.98731e-01    1.94962e-01    3.76879e-03
 646.210    1.93460e-01    1.92677e-01    7.82827e-04
 647.036    1.93496e-01    1.91036e-01    2.45955e-03
 647.862    1.89282e-01    1.90184e-01   -9.02316e-04
 648.688    1.90790e-01    1.89782e-01    1.00816e-03
 649.514    1.92120e-01    1.89732e-01    2.38756e-03
 650.340    1.91619e-01    1.90309e-01    1.31049e-03
 651.166    1.91218e-01    1.91441e-01   -2.23332e-04
 651.992    1.93329e-01    1.92475e-01    8.53643e-04
 652.818    1.92673e-01    1.92521e-01    1.51986e-04
 653.644    1.90930e-01    1.90525e-01    4.05478e-04
 654.470    1.86956e-01    1.85925e-01    1.03062e-03
 655.296    1.81054e-01    1.80139e-01    9.14564e-04
 656.122    1.77814e-01    1.76585e-01    1.22939e-03
 656.948    1.77250e-01    1.77776e-01   -5.26230e-04
 657.774    1.82524e-01    1.82682e-01   -1.57615e-04
 658.599    1.88000e-01    1.88115e-01   -1.14629e-04
 659.425    1.92962e-01    1.92035e-01    9.26752e-04
 660.251    1.94815e-01    1.94433e-01    3.82104e-04
 661.077    1.96704e-01    1.95895e-01    8.09108e-04
 661.903    1.95731e-01    1.96584e-01   -8.52587e-04
 662.728    1.96538e-01    1.96482e-01    5.58910e-05
 663.554    1.95468e-01    1.95922e-01   -4.53661e-04
 664.380    1.95314e-01    1.95461e-01   -1.47388e-04
 665.206    1.95095e-01    1.95313e-01   -2.18350e-04
 666.031    1.94980e-01    1.95271e-01   -2.90894e-04
 666.857    1.95185e-01    1.95213e-01   -2.82773e-05
 667.683    1.94680e-01    1.95282e-01   -6.01505e-04
 668.508    1.95763e-01    1.95445e-01    3.17770e-04
 669.334    1.95254e-01    1.95350e-01   -9.60566e-05
 670.159    1.95382e-01    1.94817e-01    5.64580e-04
 670.985    1.94110e-01    1.94121e-01   -1.11973e-05
 671.811    1.93503e-01    1.93662e-01   -1.58986e-04
 672.636    1.93147e-01    1.93528e-01   -3.81370e-04
 673.462    1.93347e-01    1.93498e-01   -1.51219e-04
 674.287    1.93484e-01    1.93395e-01    8.93288e-05
 675.113    1.93253e-01    1.93256e-01   -3.12438e-06
 675.938    1.93414e-01    1.93138e-01    2.75503e-04
 676.763    1.92843e-01    1.92994e-01   -1.50818e-04
 677.589    1.91946e-01    1.92731e-01   -7.84653e-04
 678.414    1.92417e-01    1.92246e-01    1.71498e-04
 679.239    1.91263e-01    1.91545e-01   -2.81810e-04
 680.065    1.91188e-01    1.90838e-01    3.49843e-04
 680.890    1.89907e-01    1.90331e-01   -4.24407e-04
 681.715    1.90404e-01    1.89994e-01    4.09652e-04
 682.541    1.89601e-01    1.89581e-01    2.04031e-05
 683.366    1.88492e-01    1.88741e-01   -2.49318e-04
 684.191    1.86910e-01    1.86945e-01   -3.54247e-05
 685.016    1.83585e-01    1.83468e-01    1.16678e-04
 685.841    1.78076e-01    1.78146e-01   -6.96853e-05
 686.666    1.71841e-01    1.72329e-01   -4.88103e-04
 687.491    1.68324e-01    1.68168e-01    1.56113e-04
 688.316    1.66192e-01    1.66693e-01   -5.01233e-04
 689.141    1.67687e-01    1.67374e-01    3.12708e-04
 689.966    1.69050e-01    1.69120e-01   -6.96511e-05
 690.791    1.70335e-01    1.70861e-01   -5.25861e-04
 691.616    1.71967e-01    1.71724e-01    2.43401e-04
 692.441    1.71229e-01    1.71420e-01   -1.90688e-04
 693.266    1.70388e-01    1.70444e-01   -5.64279e-05
 694.091    1.70092e-01    1.69754e-01    3.38484e-04
 694.916    1.70794e-01    1.70131e-01    6.62585e-04
 695.741    1.71835e-01    1.71610e-01    2.24844e-04
 696.565    1.72848e-01    1.73272e-01   -4.24021e-04
 697.390    1.73925e-01    1.73885e-01    4.00589e-05
 698.215    1.72998e-01    1.72977e-01    2.14858e-05
 699.039    1.71003e-01    1.71073e-01   -7.02719e-05
 699.864    1.68595e-01    1.69011e-01   -4.16321e-04
 700.689    1.67962e-01    1.67540e-01    4.21869e-04
 701.513    1.67301e-01    1.67306e-01   -5.08586e-06
 702.338    1.68640e-01    1.68418e-01    2.21501e-04
 703.162    1.69549e-01    1.70102e-01   -5.53043e-04
 703.987    1.71943e-01    1.71297e-01    6.45960e-04
 704.811    1.71791e-01    1.71585e-01    2.06338e-04
 705.635    1.71006e-01    1.71337e-01   -3.31342e-04
 706.460    1.71618e-01    1.71178e-01    4.40235e-04
 707.284    1.71170e-01    1.71383e-01   -2.12523e-04
 708.108    1.71753e-01    1.71725e-01    2.84414e-05
 708.933    1.71555e-01    1.71921e-01   -3.65787e-04
 709.757    1.72277e-01    1.71980e-01    2.96859e-04
 710.581    1.71535e-01    1.71958e-01   -4.23388e-04
 711.405    1.71331e-01    1.71744e-01   -4.12818e-04
 712.229    1.70979e-01    1.71213e-01   -2.34059e-04
 713.053    1.70354e-01    1.70255e-01    9.91975e-05
 713.877    1.68582e-01    1.68589e-01   -6.82389e-06
 714.701    1.66230e-01    1.65758e-01    4.71785e-04
 715.525    1.61846e-01    1.61280e-01    5.66364e-04
 716.349    1.54836e-01    1.55018e-01   -1.82078e-04
 717.173    1.47527e-01    1.47798e-01   -2.70919e-04
 717.997    1.41840e-01    1.41413e-01    4.26688e-04
 718.820    1.38039e-01    1.37740e-01    2.98661e-04
 719.644    1.37813e-01    1.37925e-01   -1.12117e-04
 720.468    1.41336e-01    1.41654e-01   -3.18029e-04
 721.291    1.46504e-01    1.46645e-01   -1.41266e-04
 722.115    1.49025e-01    1.49853e-01   -8.28294e-04
 722.939    1.50085e-01    1.49831e-01    2.53687e-04
 723.762    1.47091e-01    1.47592e-01   -5.00708e-04
 724.586    1.45745e-01    1.45169e-01    5.76254e-04
 725.409    1.43378e-01    1.43768e-01   -3.89674e-04
 726.232    1.43558e-01    1.43274e-01    2.83838e-04
 727.056    1.42817e-01    1.42997e-01   -1.79709e-04
 727.879    1.42674e-01    1.42599e-01    7.48247e-05
 728.702    1.41784e-01    1.42380e-01   -5.95926e-04
 729.525    1.42709e-01    1.42825e-01   -1.15817e-04
 730.348    1.44907e-01    1.44261e-01    6.46286e-04
 731.171    1.47392e-01    1.46909e-01    4.83327e-04
 731.994    1.50724e-01    1.50642e-01    8.18000e-05
 732.817    1.54353e-01    1.54650e-01   -2.97473e-04
 733.640    1.58059e-01    1.57747e-01    3.12081e-04
 734.463    1.59835e-01    1.59177e-01    6.58428e-04
 735.286    1.59873e-01    1.59214e-01    6.58702e-04
 736.109    1.58729e-01    1.58886e-01   -1.57289e-04
 736.932    1.59305e-01    1.58914e-01    3.91253e-04
 737.754    1.58813e-01    1.59214e-01   -4.01457e-04
 738.577    1.59454e-01    1.59503e-01   -4.92042e-05
 739.399    1.59582e-01    1.59827e-01   -2.44674e-04
 740.222    1.60318e-01    1.60302e-01    1.59875e-05
 741.044    1.60113e-01    1.60960e-01   -8.47455e-04
 741.867    1.61956e-01    1.61932e-01    2.42361e-05
 742.689    1.62384e-01    1.63239e-01   -8.55071e-04
 743.511    1.65300e-01    1.64483e-01    8.17157e-04
 744.334    1.64816e-01    1.65273e-01   -4.57125e-04
 745.156    1.65164e-01    1.65747e-01   -5.83301e-04
 745.978    1.66123e-01    1.66213e-01   -9.03696e-05
 746.800    1.67127e-01    1.66571e-01    5.56042e-04
 747.622    1.66449e-01    1.66511e-01   -6.16762e-05
 748.444    1.65372e-01    1.65983e-01   -6.11384e-04
 749.266    1.65335e-01    1.65247e-01    8.81433e-05
 750.088    1.64275e-01    1.64662e-01   -3.86885e-04
 750.909    1.63867e-01    1.64493e-01   -6.25626e-04
 751.731    1.64126e-01    1.64735e-01   -6.09070e-04
 752.553    1.65276e-01    1.65161e-01    1.14645e-04
 753.374    1.64722e-01    1.65511e-01   -7.88938e-04
 754.196    1.65285e-01    1.65550e-01   -2.65232e-04
 755.017    1.64422e-01    1.65110e-01   -6.88444e-04
 755.839    1.63521e-01    1.64054e-01   -5.33205e-04
 756.660    1.60776e-01    1.61529e-01   -7.52780e-04
 757.481    1.54720e-01    1.54915e-01   -1.94508e-04
 758.302    1.40381e-01    1.40694e-01   -3.12878e-04
 759.123    1.19270e-01    1.18754e-01    5.15888e-04
 759.945    9.57928e-02    9.59948e-02   -2.02001e-04
 760.765    8.23627e-02    8.19543e-02    4.08440e-04
 761.586    7.94780e-02    7.96666e-02   -1.88617e-04
 762.407    8.44866e-02    8.44088e-02    7.77985e-05
 763.228    9.16271e-02    9.12487e-02    3.78439e-04
 764.049    9.95117e-02    9.93678e-02    1.43914e-04
 764.869    1.09474e-01    1.09349e-01    1.25074e-04
 765.690    1.20754e-01    1.20470e-01    2.84147e-04
 766.510    1.31609e-01    1.31264e-01    3.44729e-04
 767.331    1.39718e-01    1.40595e-01   -8.76623e-04
 768.151    1.47899e-01    1.47799e-01    9.99143e-05
 768.971    1.53180e-01    1.52663e-01    5.16923e-04
 769.792    1.55327e-01    1.55515e-01   -1.87634e-04
 770.612    1.56571e-01    1.56979e-01   -4.08100e-04
 771.432    1.57275e-01    1.57617e-01   -3.41771e-04
 772.252    1.57684e-01    1.57789e-01   -1.05129e-04
 773.072    1.57980e-01    1.57679e-01    3.01447e-04
 773.892    1.56696e-01    1.57416e-01   -7.20452e-04
 774.711    1.56910e-01    1.57260e-01   -3.50493e-04
 775.531    1.57626e-01    1.57461e-01    1.65390e-04
 776.351    1.57578e-01    1.57873e-01   -2.95181e-04
 777.170    1.58556e-01    1.58104e-01    4.52152e-04
 777.989    1.58523e-01    1.57995e-01    5.28265e-04
 778.809    1.57457e-01    1.57648e-01   -1.90682e-04
 779.628    1.57703e-01    1.57225e-01    4.77686e-04
 780.447    1.56802e-01    1.56864e-01   -6.23462e-05
 781.266    1.57316e-01    1.56566e-01    7.50078e-04
 782.085    1.55567e-01    1.56187e-01   -6.20222e-04
 782.904    1.55904e-01    1.55658e-01    2.46215e-04
 783.723    1.53660e-01    1.55049e-01   -1.38945e-03
 784.542    1.54880e-01    1.54358e-01    5.21921e-04
 785.361    1.53310e-01    1.53491e-01   -1.81495e-04
 786.179    1.52148e-01    1.52428e-01   -2.79959e-04
 786.998    1.51295e-01    1.51196e-01    9.89159e-05
 787.816    1.49656e-01    1.49810e-01   -1.54152e-04
 788.634    1.47681e-01    1.48363e-01   -6.81899e-04
 789.453    1.47755e-01    1.47041e-01    7.14374e-04
 790.271    1.46293e-01    1.45975e-01    3.18005e-04
 791.089    1.46404e-01    1.45203e-01    1.20082e-03
 791.907    1.45578e-01    1.44733e-01    8.44856e-04
 792.725    1.44632e-01    1.44512e-01    1.19761e-04
 793.542    1.45050e-01    1.44337e-01    7.13303e-04
 794.360    1.44257e-01    1.44011e-01    2.46105e-04
 795.178    1.42693e-01    1.43638e-01   -9.44549e-04
 795.995    1.42840e-01    1.43563e-01   -7.22878e-04
 796.813    1.43859e-01    1.43923e-01   -6.43631e-05
 797.630    1.44056e-01    1.44360e-01   -3.03526e-04
 798.447    1.44939e-01    1.44332e-01    6.07128e-04
 799.264    1.43372e-01    1.43716e-01   -3.43626e-04
 800.081    1.43133e-01    1.42937e-01    1.95916e-04
 800.898    1.42410e-01    1.42416e-01   -5.53236e-06
 801.715    1.42786e-01    1.42157e-01    6.29284e-04
 802.532    1.42857e-01    1.42007e-01    8.49608e-04
 803.348    1.41790e-01    1.41977e-01   -1.87406e-04
 804.165    1.42686e-01    1.42181e-01    5.04519e-04
 804.981    1.43242e-01    1.42657e-01    5.84953e-04
 805.797    1.43742e-01    1.43218e-01    5.23789e-04
 806.614    1.43219e-01    1.43439e-01   -2.19927e-04
 807.430    1.43210e-01    1.42990e-01    2.20382e-04
 808.246    1.41452e-01    1.41948e-01   -4.96348e-04
 809.062    1.41803e-01    1.40695e-01    1.10821e-03
 809.877    1.39504e-01    1.39547e-01   -4.33921e-05
 810.693    1.39474e-01    1.38471e-01    1.00297e-03
 811.509    1.36922e-01    1.37152e-01   -2.29821e-04
 812.324    1.34677e-01    1.35313e-01   -6.35939e-04
 813.139    1.32973e-01    1.32885e-01    8.75478e-05
 813.955    1.28912e-01    1.29967e-01   -1.05456e-03
 814.770    1.27426e-01    1.26849e-01    5.76609e-04
 815.585    1.24476e-01    1.24052e-01    4.23696e-04
 816.400    1.21646e-01    1.22058e-01   -4.12165e-04
 817.215    1.21998e-01    1.20975e-01    1.02320e-03
 818.029    1.21776e-01    1.20671e-01    1.10483e-03
 818.844    1.20498e-01    1.21163e-01   -6.64584e-04
 819.658    1.21215e-01    1.22399e-01   -1.18378e-03
 820.473    1.23527e-01    1.23625e-01   -9.82154e-05
 821.287    1.24424e-01    1.23738e-01    6.85956e-04
 822.101    1.23748e-01    1.22767e-01    9.81126e-04
 822.915    1.20448e-01    1.22301e-01   -1.85276e-03
 823.729    1.22592e-01    1.23665e-01   -1.07250e-03
 824.542    1.25934e-01    1.26306e-01   -3.72446e-04
 825.356    1.28322e-01    1.28549e-01   -2.27449e-04
 826.169    1.29859e-01    1.29331e-01    5.27820e-04
 826.983    1.29173e-01    1.28799e-01    3.74180e-04
 827.796    1.27907e-01    1.27748e-01    1.59302e-04
 828.609    1.26442e-01    1.26873e-01   -4.31412e-04
 829.422    1.26029e-01    1.26376e-01   -3.46706e-04
 830.235    1.25712e-01    1.26139e-01   -4.27205e-04
 831.048    1.25176e-01    1.26069e-01   -8.93183e-04
 831.860    1.25266e-01    1.26170e-01   -9.04127e-04
 832.673    1.26425e-01    1.26524e-01   -9.88699e-05
 833.485    1.27498e-01    1.27262e-01    2.35512e-04
 834.297    1.28496e-01    1.28338e-01    1.58059e-04
 835.110    1.29887e-01    1.29414e-01    4.72568e-04
 835.922    1.28175e-01    1.30143e-01   -1.96790e-03
 836.733    1.29508e-01    1.30447e-01   -9.39237e-04
 837.545    1.30418e-01    1.30470e-01   -5.17491e-05
 838.357    1.30158e-01    1.30431e-01   -2.72859e-04
 839.168    1.29998e-01    1.30545e-01   -5.46891e-04
 839.979    1.32701e-01    1.30864e-01    1.83663e-03
 840.791    1.30594e-01    1.31220e-01   -6.25763e-04
 841.602    1.31608e-01    1.31453e-01    1.54756e-04
 842.412    1.30556e-01    1.31575e-01   -1.01930e-03
 843.223    1.32769e-01    1.31709e-01    1.06015e-03
 844.034    1.31259e-01    1.31979e-01   -7.20305e-04
 844.844    1.33450e-01    1.32346e-01    1.10406e-03
 845.655    1.32174e-01    1.32578e-01   -4.03821e-04
 846.465    1.31659e-01    1.32493e-01   -8.34345e-04
 847.275    1.30763e-01    1.32028e-01   -1.26527e-03
 848.085    1.31767e-01    1.30956e-01    8.10752e-04
 848.894    1.29006e-01    1.29160e-01   -1.53848e-04
 849.704    1.26963e-01    1.27352e-01   -3.89215e-04
 850.513    1.27381e-01    1.26461e-01    9.19965e-04
 851.323    1.27116e-01    1.26075e-01    1.04143e-03
 852.132    1.23898e-01    1.24668e-01   -7.70121e-04
 852.941    1.20868e-01    1.21655e-01   -7.87031e-04
 853.750    1.17773e-01    1.18682e-01   -9.08901e-04
 854.559    1.19257e-01    1.18324e-01    9.32940e-04
 855.367    1.20214e-01    1.21277e-01   -1.06272e-03
 856.175    1.24081e-01    1.25606e-01   -1.52488e-03
 856.984    1.29211e-01    1.28932e-01    2.78773e-04
 857.792    1.30863e-01    1.30451e-01    4.12270e-04
 858.600    1.30870e-01    1.30722e-01    1.47937e-04
 859.408    1.31348e-01    1.30518e-01    8.29883e-04
 860.215    1.31811e-01    1.30291e-01    1.51978e-03
 861.023    1.31769e-01    1.30245e-01    1.52446e-03
 861.830    1.30500e-01    1.30409e-01    9.05206e-05
 862.637    1.29393e-01    1.30497e-01   -1.10429e-03
 863.444    1.30093e-01    1.29793e-01    3.00081e-04
 864.251    1.28025e-01    1.27525e-01    5.00328e-04
 865.058    1.24556e-01    1.23825e-01    7.30819e-04
 865.864    1.21215e-01    1.20323e-01    8.91884e-04
 866.670    1.17880e-01    1.18993e-01   -1.11268e-03
 867.477    1.20250e-01    1.20202e-01    4.79783e-05
 868.283    1.22946e-01    1.22644e-01    3.01541e-04
 869.089    1.25249e-01    1.24976e-01    2.73295e-04
 869.894    1.25375e-01    1.26682e-01   -1.30737e-03
 870.700    1.28450e-01    1.27694e-01    7.55633e-04
 871.505    1.27120e-01    1.28061e-01   -9.41207e-04
 872.310    1.27660e-01    1.27893e-01   -2.32568e-04
 873.115    1.27432e-01    1.27337e-01    9.54541e-05
 873.920    1.27003e-01    1.26630e-01    3.73230e-04
 874.725    1.26163e-01    1.26120e-01    4.30076e-05
 875.529    1.25980e-01    1.26037e-01   -5.67008e-05
 876.333    1.24846e-01    1.26254e-01   -1.40838e-03
 877.138    1.26096e-01    1.26402e-01   -3.06472e-04
 877.941    1.26192e-01    1.26201e-01   -9.49929e-06
 878.745    1.25755e-01    1.25583e-01    1.72408e-04
 879.549    1.24831e-01    1.24627e-01    2.03609e-04
 880.352    1.23345e-01    1.23625e-01   -2.80440e-04
 881.155    1.23532e-01    1.23016e-01    5.16148e-04
 881.958    1.22839e-01    1.22945e-01   -1.06320e-04
 882.761    1.23732e-01    1.23127e-01    6.04780e-04
 883.564    1.23058e-01    1.23211e-01   -1.52993e-04
 884.366    1.22833e-01    1.22985e-01   -1.52025e-04
 885.169    1.21672e-01    1.22385e-01   -7.13233e-04
 885.971    1.22124e-01    1.21667e-01    4.57272e-04
 886.773    1.21559e-01    1.21325e-01    2.34363e-04
 887.575    1.22203e-01    1.21596e-01    6.07438e-04
 888.376    1.21069e-01    1.22170e-01   -1.10108e-03
 889.177    1.21920e-01    1.22511e-01   -5.90670e-04
 889.979    1.21957e-01    1.22252e-01   -2.94835e-04
 890.780    1.22511e-01    1.21250e-01    1.26126e-03
 891.580    1.18672e-01    1.19479e-01   -8.07011e-04
 892.381    1.16377e-01    1.17055e-01   -6.77926e-04
 893.181    1.14260e-01    1.14195e-01    6.48109e-05
 893.982    1.11651e-01    1.11002e-01    6.49103e-04
 894.782    1.07570e-01    1.07501e-01    6.92126e-05
 895.581    1.04328e-01    1.03840e-01    4.87871e-04
 896.381    9.99307e-02    1.00209e-01   -2.78297e-04
 897.180    9.57014e-02    9.67023e-02   -1.00089e-03
 897.980    9.36665e-02    9.33857e-02    2.80842e-04
 898.778    8.90059e-02    9.03788e-02   -1.37286e-03
 899.577    8.81662e-02    8.79058e-02    2.60415e-04
 900.376    8.55180e-02    8.63747e-02   -8.56696e-04
 901.174    8.53969e-02    8.64470e-02   -1.05014e-03
 901.972    8.73094e-02    8.86877e-02   -1.37831e-03
 902.770    9.30883e-02    9.27198e-02    3.68541e-04
 903.568    9.62185e-02    9.69201e-02   -7.01563e-04
 904.366    9.84082e-02    9.93855e-02   -9.77327e-04
 905.163    9.78832e-02    9.92062e-02   -1.32302e-03
 905.960    9.68907e-02    9.67858e-02    1.04888e-04
 906.757    9.21225e-02    9.32499e-02   -1.12740e-03
 907.554    9.03973e-02    8.97777e-02    6.19611e-04
 908.350    8.93401e-02    8.72506e-02    2.08954e-03
 909.146    8.53144e-02    8.60427e-02   -7.28322e-04
 909.942    8.58739e-02    8.58948e-02   -2.09034e-05
 910.738    8.62132e-02    8.61024e-02    1.10793e-04
 911.534    8.47629e-02    8.60362e-02   -1.27334e-03
 912.329    8.51270e-02    8.56204e-02   -4.93422e-04
 913.124    8.55973e-02    8.52856e-02    3.11661e-04
 913.919    8.65808e-02    8.54273e-02    1.15351e-03
 914.714    8.56981e-02    8.60347e-02   -3.36616e-04
 915.508    8.71096e-02    8.68668e-02    2.42787e-04
 916.303    8.89154e-02    8.78359e-02    1.07950e-03
 917.097    8.98047e-02    8.91495e-02    6.55173e-04
 917.890    8.91151e-02    9.10517e-02   -1.93662e-03
 918.684    9.27628e-02    9.33577e-02   -5.94905e-04
 919.477    9.71929e-02    9.53439e-02    1.84899e-03
 920.270    9.89772e-02    9.62628e-02    2.71440e-03
 921.063    9.54942e-02    9.59187e-02   -4.24523e-04
 921.856    9.67224e-02    9.47042e-02    2.01823e-03
 922.648    9.29807e-02    9.32573e-02   -2.76602e-04
 923.441    8.96104e-02    9.20834e-02   -2.47300e-03
 924.232    9.32609e-02    9.12571e-02    2.00377e-03
 925.024    9.28547e-02    9.04472e-02    2.40754e-03
 925.816    9.15423e-02    8.92484e-02    2.29390e-03
 926.607    9.00732e-02    8.73312e-02    2.74204e-03
 927.398    8.54311e-02    8.43407e-02    1.09043e-03
 928.188    8.14303e-02    7.99748e-02    1.45546e-03
 928.979    7.65708e-02    7.42218e-02    2.34898e-03
 929.769    6.76031e-02    6.73769e-02    2.26160e-04
 930.559    5.90978e-02    5.98793e-02   -7.81539e-04
 931.349    5.15736e-02    5.22512e-02   -6.77595e-04
 932.138    4.56323e-02    4.51080e-02    5.24325e-04
 932.928    4.06062e-02    3.90609e-02    1.54527e-03
 933.717    3.51412e-02    3.45852e-02    5.56039e-04
 934.505    3.17318e-02    3.19420e-02   -2.10189e-04
 935.294    3.18095e-02    3.11694e-02    6.40133e-04
 936.082    3.08691e-02    3.22966e-02   -1.42754e-03
 936.870    3.58359e-02    3.56406e-02    1.95346e-04
 937.658    4.19329e-02    4.14501e-02    4.82790e-04
 938.445    4.85867e-02    4.88398e-02   -2.53142e-04
 939.232    5.45060e-02    5.54577e-02   -9.51750e-04
 940.019    5.78504e-02    5.88684e-02   -1.01802e-03
 940.806    5.78973e-02    5.82295e-02   -3.32235e-04
 941.593    5.39507e-02    5.45597e-02   -6.08967e-04
 942.379    5.01430e-02    4.98456e-02    2.97429e-04
 943.165    4.58882e-02    4.59834e-02   -9.52247e-05
 943.950    4.39846e-02    4.40255e-02   -4.09372e-05
 944.736    4.41395e-02    4.39615e-02    1.78026e-04
 945.521    4.44904e-02    4.51309e-02   -6.40494e-04
 946.305    4.70267e-02    4.68464e-02    1.80265e-04
 947.090    4.86552e-02    4.86300e-02    2.51914e-05
 947.874    5.03299e-02    5.01775e-02    1.52442e-04
 948.658    5.15851e-02    5.13985e-02    1.86631e-04
 949.442    5.26707e-02    5.24048e-02    2.65920e-04
 950.226    5.35837e-02    5.32701e-02    3.13554e-04
 951.009    5.35726e-02    5.39295e-02   -3.56854e-04
 951.792    5.52412e-02    5.44365e-02    8.04691e-04
 952.574    5.51382e-02    5.49956e-02    1.42616e-04
 953.357    5.49950e-02    5.55802e-02   -5.85179e-04
 954.139    5.64823e-02    5.60325e-02    4.49784e-04
 954.920    5.68672e-02    5.67093e-02    1.57883e-04
 955.702    5.90612e-02    5.83814e-02    6.79794e-04
 956.483    6.03571e-02    6.11925e-02   -8.35374e-04
 957.264    6.35681e-02    6.42056e-02   -6.37489e-04
 958.045    6.56029e-02    6.62698e-02   -6.66922e-04
 958.825    6.63175e-02    6.70074e-02   -6.89923e-04
 959.605    6.64951e-02    6.68759e-02   -3.80760e-04
 960.385    6.54305e-02    6.66450e-02   -1.21455e-03
 961.164    6.61930e-02    6.69645e-02   -7.71485e-04
 961.943    6.86991e-02    6.80814e-02    6.17653e-04
 962.722    6.86070e-02    6.96980e-02   -1.09097e-03
 963.501    7.02093e-02    7.12218e-02   -1.01252e-03
 964.279    7.31393e-02    7.23342e-02    8.05146e-04
 965.057    7.36510e-02    7.33269e-02    3.24136e-04
 965.835    7.49514e-02    7.48778e-02    7.35550e-05
 966.612    7.71267e-02    7.74563e-02   -3.29580e-04
 967.389    8.22038e-02    8.08578e-02    1.34604e-03
 968.166    8.45109e-02    8.43029e-02    2.08001e-04
 968.943    8.64038e-02    8.69864e-02   -5.82637e-04
 969.719    8.88150e-02    8.85179e-02    2.97051e-04
 970.495    8.91075e-02    8.89469e-02    1.60570e-04
 971.270    8.81416e-02    8.84922e-02   -3.50642e-04
 972.046    8.74442e-02    8.73406e-02    1.03628e-04
 972.821    8.58977e-02    8.57110e-02    1.86740e-04
 973.595    8.37100e-02    8.40269e-02   -3.16923e-04
 974.369    8.20313e-02    8.28564e-02   -8.25062e-04
 975.143    8.22683e-02    8.25855e-02   -3.17160e-04
 975.917    8.41631e-02    8.31591e-02    1.00397e-03
 976.690    8.40891e-02    8.41781e-02   -8.89832e-05
 977.464    8.49456e-02    8.52658e-02   -3.20185e-04
 978.236    8.67286e-02    8.63388e-02    3.89776e-04
 979.009    8.74279e-02    8.75370e-02   -1.09076e-04
 979.781    8.90181e-02    8.88949e-02    1.23229e-04
 980.552    8.96063e-02    9.01946e-02   -5.88312e-04
 981.324    9.18075e-02    9.12320e-02    5.75454e-04
 982.095    9.10516e-02    9.20796e-02   -1.02801e-03
 982.866    9.29618e-02    9.29522e-02    9.58264e-06
 983.636    9.39695e-02    9.39396e-02    2.99099e-05
 984.406    9.48796e-02    9.49739e-02   -9.43118e-05
 985.176    9.46599e-02    9.59520e-02   -1.29208e-03
 985.946    9.76683e-02    9.67804e-02    8.87882e-04
 986.715    9.82229e-02    9.73482e-02    8.74705e-04
 987.484    9.60944e-02    9.75881e-02   -1.49368e-03
 988.252    9.71448e-02    9.75970e-02   -4.52237e-04
 989.020    9.63570e-02    9.76110e-02   -1.25400e-03
 989.788    9.62209e-02    9.77964e-02   -1.57551e-03
 990.555    9.83918e-02    9.81101e-02    2.81674e-04
 991.322    9.90694e-02    9.84043e-02    6.65114e-04
 992.089    9.85951e-02    9.86189e-02   -2.37908e-05
 992.855    9.96783e-02    9.88046e-02    8.73723e-04
 993.622    9.84348e-02    9.89955e-02   -5.60712e-04
 994.387    9.79548e-02    9.91468e-02   -1.19201e-03
 995.153    1.00161e-01    9.92002e-02    9.61191e-04
 995.918    9.71753e-02    9.91391e-02   -1.96378e-03
 996.682    9.93690e-02    9.89740e-02    3.94985e-04
 997.447    9.97321e-02    9.87207e-02    1.01138e-03
 998.210    9.93656e-02    9.84040e-02    9.61611e-04
 998.974    9.67903e-02    9.80534e-02   -1.26311e-03
 999.737    9.81943e-02    9.76832e-02    5.11113e-04
1000.500    9.78472e-02    9.72759e-02    5.71267e-04
1001.263    9.63551e-02    9.67901e-02   -4.35027e-04
1002.025    9.53520e-02    9.61787e-02   -8.26737e-04
1002.787    9.63732e-02    9.53977e-02    9.75455e-04
1003.548    9.50014e-02    9.44628e-02    5.38589e-04
1004.309    9.18502e-02    9.35864e-02   -1.73624e-03
1005.070    9.21643e-02    9.31516e-02   -9.87263e-04
1005.830    9.33182e-02    9.33483e-02   -3.00897e-05
1006.590    9.41241e-02    9.39058e-02    2.18349e-04
1007.350    9.33849e-02    9.43573e-02   -9.72382e-04
1008.109    9.32611e-02    9.44908e-02   -1.22967e-03
1008.868    9.45653e-02    9.44446e-02    1.20665e-04
1009.626    9.29655e-02    9.44534e-02   -1.48788e-03
1010.384    9.41622e-02    9.46094e-02   -4.47209e-04
1011.142    9.56952e-02    9.48435e-02    8.51691e-04
1011.899    9.65085e-02    9.50461e-02    1.46243e-03
1012.656    9.35365e-02    9.51515e-02   -1.61499e-03
1013.413    9.51688e-02    9.51363e-02    3.24589e-05
1014.169    9.40120e-02    9.50075e-02   -9.95474e-04
1014.924    9.24995e-02    9.48163e-02   -2.31677e-03
1015.680    9.43674e-02    9.46333e-02   -2.65913e-04
1016.435    9.47935e-02    9.44769e-02    3.16553e-04
1017.190    9.54994e-02    9.42881e-02    1.21133e-03
1017.944    9.45553e-02    9.39952e-02    5.60078e-04
1018.698    9.40393e-02    9.36148e-02    4.24533e-04
1019.451    9.14371e-02    9.32645e-02   -1.82736e-03
1020.204    9.36034e-02    9.30355e-02    5.67897e-04
1020.957    9.24814e-02    9.29075e-02   -4.26090e-04
1021.709    9.35485e-02    9.28305e-02    7.17989e-04
1022.461    9.21342e-02    9.28051e-02   -6.70906e-04
1023.212    9.26763e-02    9.28458e-02   -1.69473e-04
