 lambda   Irr_dw       Irr_up       Rad_dw       Rad_up       Act_dw       Act_up       Irr_dw_dir   Irr_up_diff  Act_dw_dir   Act_up_diff
 894.195  7.60863e-01  3.59433e-01  8.14470e-03  1.12308e-01  7.40179e-02  5.37962e-02  7.31228e-01  2.96348e-02  6.71918e-02  6.82607e-03
 900.842  6.67906e-01  2.77641e-01  6.95939e-03  8.78327e-02  6.41820e-02  4.07543e-02  6.44104e-01  2.38026e-02  5.91860e-02  4.99596e-03
 907.472  6.82485e-01  2.90632e-01  7.00868e-03  9.17665e-02  6.56733e-02  4.28086e-02  6.57572e-01  2.49123e-02  6.04236e-02  5.24965e-03
 914.084  6.64899e-01  2.74944e-01  6.69561e-03  8.70127e-02  6.38043e-02  4.03278e-02  6.41617e-01  2.32811e-02  5.89575e-02  4.84674e-03
 920.678  6.87262e-01  3.11171e-01  6.85030e-03  9.77902e-02  6.63729e-02  4.62080e-02  6.62870e-01  2.43926e-02  6.09104e-02  5.46248e-03
 927.255  6.47758e-01  2.72428e-01  6.31362e-03  8.62034e-02  6.21469e-02  4.00023e-02  6.25902e-01  2.18567e-02  5.75134e-02  4.63356e-03
 933.815  4.38214e-01  1.01009e-01  4.08723e-03  3.45515e-02  4.10129e-02  1.36477e-02  4.26278e-01  1.19359e-02  3.91702e-02  1.84264e-03
 940.358  5.46824e-01  1.83167e-01  5.07039e-03  5.96647e-02  5.17243e-02  2.58608e-02  5.30482e-01  1.63417e-02  4.87453e-02  2.97895e-03
 946.883  5.02736e-01  1.45543e-01  4.54524e-03  4.85639e-02  4.73178e-02  2.00984e-02  4.88561e-01  1.41755e-02  4.48933e-02  2.42451e-03
 953.391  5.24231e-01  1.70884e-01  4.68782e-03  5.59785e-02  4.95335e-02  2.40053e-02  5.09168e-01  1.50630e-02  4.67869e-02  2.74664e-03
 959.883  5.62663e-01  2.09549e-01  4.98942e-03  6.71408e-02  5.34587e-02  3.01568e-02  5.46050e-01  1.66125e-02  5.01759e-02  3.28279e-03
 966.357  5.88938e-01  2.42840e-01  5.16618e-03  7.68618e-02  5.62577e-02  3.55872e-02  5.71161e-01  1.77763e-02  5.24833e-02  3.77441e-03
 972.814  6.17992e-01  2.73440e-01  5.34961e-03  8.60620e-02  5.92888e-02  4.04724e-02  5.99086e-01  1.89053e-02  5.50493e-02  4.23951e-03
 979.255  6.19252e-01  2.80945e-01  5.27528e-03  8.82164e-02  5.94898e-02  4.17194e-02  6.00444e-01  1.88080e-02  5.51740e-02  4.31577e-03
 985.679  6.40787e-01  3.11002e-01  5.39715e-03  9.67593e-02  6.19343e-02  4.67352e-02  6.20894e-01  1.98936e-02  5.70531e-02  4.88126e-03
 992.086  6.42208e-01  3.18967e-01  5.33172e-03  9.88433e-02  6.22490e-02  4.82237e-02  6.22279e-01  1.99285e-02  5.71804e-02  5.06866e-03
 998.476  6.37419e-01  3.18076e-01  5.19879e-03  9.85087e-02  6.17918e-02  4.81426e-02  6.17924e-01  1.94947e-02  5.67802e-02  5.01155e-03
1004.850  6.06829e-01  3.01242e-01  4.85126e-03  9.34124e-02  5.87062e-02  4.54817e-02  5.88685e-01  1.81431e-02  5.40935e-02  4.61265e-03
1011.208  6.17859e-01  3.06387e-01  4.84651e-03  9.50548e-02  5.97057e-02  4.62158e-02  5.99803e-01  1.80559e-02  5.51151e-02  4.59060e-03
1017.548  6.08032e-01  3.04486e-01  4.68694e-03  9.43489e-02  5.88033e-02  4.60404e-02  5.90462e-01  1.75698e-02  5.42567e-02  4.54649e-03
1023.873  6.02349e-01  3.00235e-01  4.54990e-03  9.31153e-02  5.81494e-02  4.53089e-02  5.85357e-01  1.69928e-02  5.37876e-02  4.36181e-03
1030.181  5.97319e-01  3.00968e-01  4.43303e-03  9.31999e-02  5.77371e-02  4.55634e-02  5.80624e-01  1.66946e-02  5.33527e-02  4.38442e-03
1036.473  5.86348e-01  2.96931e-01  4.27103e-03  9.18860e-02  5.67009e-02  4.50229e-02  5.70553e-01  1.57946e-02  5.24273e-02  4.27355e-03
1042.749  5.81241e-01  2.94379e-01  4.15002e-03  9.11116e-02  5.61472e-02  4.46119e-02  5.65560e-01  1.56808e-02  5.19685e-02  4.17873e-03
1049.009  5.74083e-01  2.90692e-01  4.01442e-03  9.00371e-02  5.53688e-02  4.39986e-02  5.58730e-01  1.53534e-02  5.13409e-02  4.02798e-03
1055.253  5.65119e-01  2.85154e-01  3.86848e-03  8.84055e-02  5.43721e-02  4.30674e-02  5.50732e-01  1.43871e-02  5.06059e-02  3.76619e-03
1061.481  5.49808e-01  2.76291e-01  3.69151e-03  8.57531e-02  5.27711e-02  4.16265e-02  5.36052e-01  1.37565e-02  4.92570e-02  3.51417e-03
1067.693  5.36186e-01  2.66832e-01  3.55537e-03  8.29565e-02  5.13457e-02  4.00581e-02  5.23055e-01  1.31307e-02  4.80627e-02  3.28295e-03
1073.889  5.27558e-01  2.59770e-01  3.45745e-03  8.09294e-02  5.04604e-02  3.88776e-02  5.14865e-01  1.26940e-02  4.73101e-02  3.15027e-03
1080.069  5.14302e-01  2.49152e-01  3.33047e-03  7.78352e-02  4.91195e-02  3.71561e-02  5.02181e-01  1.21219e-02  4.61446e-02  2.97493e-03
1086.234  5.02463e-01  2.38877e-01  3.21454e-03  7.48035e-02  4.79151e-02  3.55108e-02  4.90863e-01  1.16000e-02  4.51046e-02  2.81049e-03
1092.383  4.81783e-01  2.22719e-01  3.04478e-03  6.99972e-02  4.58440e-02  3.29646e-02  4.70897e-01  1.08862e-02  4.32700e-02  2.57405e-03
1098.516  4.46524e-01  1.90522e-01  2.77939e-03  6.02554e-02  4.22815e-02  2.79079e-02  4.36757e-01  9.76707e-03  4.01329e-02  2.14859e-03
1104.634  4.32799e-01  1.76000e-01  2.65838e-03  5.58958e-02  4.08706e-02  2.55856e-02  4.23764e-01  9.03480e-03  3.89390e-02  1.93161e-03
1110.737  4.20565e-01  1.64686e-01  2.54919e-03  5.25862e-02  3.96201e-02  2.37446e-02  4.12029e-01  8.53608e-03  3.78607e-02  1.75938e-03
1116.824  3.18279e-01  8.17596e-02  1.87394e-03  2.76688e-02  2.96457e-02  1.11104e-02  3.12606e-01  5.67328e-03  2.87248e-02  9.20820e-04
1122.896  2.25033e-01  3.41271e-02  1.31515e-03  1.23370e-02  2.08411e-02  4.39011e-03  2.21565e-01  3.46818e-03  2.03593e-02  4.81861e-04
1128.953  2.59299e-01  4.98968e-02  1.49355e-03  1.75059e-02  2.40563e-02  6.57407e-03  2.55172e-01  4.12803e-03  2.34473e-02  6.09032e-04
1134.995  2.30527e-01  3.95665e-02  1.31816e-03  1.40679e-02  2.13683e-02  5.16643e-03  2.26958e-01  3.56921e-03  2.08548e-02  5.13546e-04
1141.021  3.15820e-01  8.19898e-02  1.78183e-03  2.77780e-02  2.94044e-02  1.11149e-02  3.10482e-01  5.33818e-03  2.85297e-02  8.74728e-04
1147.033  2.82590e-01  6.32466e-02  1.57761e-03  2.17341e-02  2.62488e-02  8.47453e-03  2.78089e-01  4.50206e-03  2.55531e-02  6.95734e-04
1153.030  3.19026e-01  8.68605e-02  1.76614e-03  2.91872e-02  2.97297e-02  1.18756e-02  3.13467e-01  5.55870e-03  2.88040e-02  9.25753e-04
1159.012  3.81019e-01  1.44759e-01  2.12395e-03  4.62312e-02  3.58164e-02  2.08520e-02  3.73978e-01  7.04095e-03  3.43642e-02  1.45219e-03
1164.979  4.10224e-01  1.75664e-01  2.28011e-03  5.54462e-02  3.87785e-02  2.58098e-02  4.02301e-01  7.92382e-03  3.69667e-02  1.81170e-03
1170.931  4.15237e-01  1.81509e-01  2.28746e-03  5.71708e-02  3.92978e-02  2.67698e-02  4.07213e-01  8.02325e-03  3.74182e-02  1.87964e-03
1176.869  4.09806e-01  1.81478e-01  2.23589e-03  5.70979e-02  3.88017e-02  2.68060e-02  4.01927e-01  7.87884e-03  3.69324e-02  1.86929e-03
1182.792  3.93357e-01  1.69136e-01  2.12076e-03  5.33464e-02  3.71757e-02  2.48931e-02  3.85962e-01  7.39437e-03  3.54654e-02  1.71029e-03
1188.701  3.91360e-01  1.69669e-01  2.08912e-03  5.34684e-02  3.69953e-02  2.50003e-02  3.84062e-01  7.29824e-03  3.52908e-02  1.70451e-03
1194.595  4.03710e-01  1.80456e-01  2.13651e-03  5.67083e-02  3.82178e-02  2.66916e-02  3.96155e-01  7.55491e-03  3.64020e-02  1.81580e-03
1200.475  3.89339e-01  1.71885e-01  2.03744e-03  5.40869e-02  3.68202e-02  2.53802e-02  3.82193e-01  7.14616e-03  3.51191e-02  1.70107e-03
1206.341  3.95998e-01  1.80199e-01  2.05492e-03  5.65179e-02  3.75001e-02  2.67193e-02  3.88680e-01  7.31739e-03  3.57152e-02  1.78498e-03
1212.193  3.90448e-01  1.76475e-01  2.00357e-03  5.54157e-02  3.69493e-02  2.61300e-02  3.83333e-01  7.11570e-03  3.52238e-02  1.72546e-03
1218.030  3.97687e-01  1.85863e-01  2.02389e-03  5.81280e-02  3.76990e-02  2.76649e-02  3.90388e-01  7.29958e-03  3.58721e-02  1.82690e-03
1223.854  3.96407e-01  1.87676e-01  1.99918e-03  5.86042e-02  3.75947e-02  2.79897e-02  3.89153e-01  7.25404e-03  3.57586e-02  1.83608e-03
1229.663  3.97477e-01  1.91900e-01  1.98760e-03  5.97661e-02  3.77379e-02  2.87293e-02  3.90192e-01  7.28471e-03  3.58541e-02  1.88385e-03
1235.458  3.96132e-01  1.93956e-01  1.96390e-03  6.02743e-02  3.76473e-02  2.91465e-02  3.88873e-01  7.25877e-03  3.57329e-02  1.91441e-03
1241.240  3.91511e-01  1.92638e-01  1.92108e-03  5.98355e-02  3.72104e-02  2.89830e-02  3.84393e-01  7.11818e-03  3.53212e-02  1.88911e-03
1247.008  3.86539e-01  1.89718e-01  1.87434e-03  5.89929e-02  3.66779e-02  2.84813e-02  3.79605e-01  6.93465e-03  3.48812e-02  1.79671e-03
1252.762  3.78519e-01  1.84792e-01  1.81298e-03  5.75313e-02  3.58375e-02  2.76612e-02  3.71901e-01  6.61863e-03  3.41733e-02  1.66419e-03
1258.503  3.67234e-01  1.76587e-01  1.73424e-03  5.51346e-02  3.46570e-02  2.62747e-02  3.61019e-01  6.21534e-03  3.31734e-02  1.48355e-03
1264.230  3.48933e-01  1.63791e-01  1.62397e-03  5.13623e-02  3.28263e-02  2.41911e-02  3.43245e-01  5.68765e-03  3.15402e-02  1.28613e-03
1269.944  3.44086e-01  1.60537e-01  1.58274e-03  5.04057e-02  3.23471e-02  2.36688e-02  3.38574e-01  5.51257e-03  3.11110e-02  1.23612e-03
1275.644  3.54089e-01  1.68074e-01  1.61510e-03  5.25926e-02  3.33524e-02  2.49056e-02  3.48354e-01  5.73549e-03  3.20096e-02  1.34278e-03
1281.331  3.34318e-01  1.59522e-01  1.51050e-03  4.98551e-02  3.15338e-02  2.36964e-02  3.28893e-01  5.42447e-03  3.02214e-02  1.31233e-03
1287.004  3.49954e-01  1.65469e-01  1.56310e-03  5.17859e-02  3.30137e-02  2.45546e-02  3.44339e-01  5.61452e-03  3.16408e-02  1.37297e-03
1292.665  3.45780e-01  1.60776e-01  1.52542e-03  5.04073e-02  3.26029e-02  2.38049e-02  3.40326e-01  5.45414e-03  3.12720e-02  1.33097e-03
1298.312  3.35611e-01  1.49973e-01  1.45992e-03  4.72173e-02  3.15922e-02  2.20915e-02  3.30466e-01  5.14541e-03  3.03659e-02  1.22627e-03
1303.947  3.22684e-01  1.38674e-01  1.38528e-03  4.37973e-02  3.03283e-02  2.03393e-02  3.17851e-01  4.83204e-03  2.92069e-02  1.12142e-03
1309.568  3.12297e-01  1.28307e-01  1.32214e-03  4.06386e-02  2.93007e-02  1.87270e-02  3.07750e-01  4.54684e-03  2.82786e-02  1.02211e-03
1315.177  2.91923e-01  1.13655e-01  1.21879e-03  3.61227e-02  2.73370e-02  1.64706e-02  2.87743e-01  4.18059e-03  2.64402e-02  8.96872e-04
1320.772  2.76276e-01  9.77362e-02  1.13460e-03  3.14168e-02  2.58029e-02  1.39411e-02  2.72567e-01  3.70844e-03  2.50457e-02  7.57138e-04
1326.355  2.67057e-01  9.04302e-02  1.08137e-03  2.92308e-02  2.49123e-02  1.28225e-02  2.63557e-01  3.49970e-03  2.42178e-02  6.94472e-04
1331.926  2.07162e-01  4.82931e-02  8.18668e-04  1.63928e-02  1.92012e-02  6.53047e-03  2.04756e-01  2.40500e-03  1.88147e-02  3.86554e-04
1337.483  2.29799e-01  5.96756e-02  8.98281e-04  2.00555e-02  2.13318e-02  8.13863e-03  2.27071e-01  2.72771e-03  2.08652e-02  4.66633e-04
1343.029  2.21397e-01  5.16531e-02  8.52896e-04  1.75794e-02  2.05243e-02  6.95783e-03  2.18874e-01  2.52328e-03  2.01119e-02  4.12390e-04
1348.562  1.06224e-01  7.93850e-03  4.13086e-04  3.12417e-03  9.79795e-03  9.71806e-04  1.05228e-01  9.96684e-04  9.66919e-03  1.28753e-04
1354.082  3.07351e-02  3.34687e-04  1.27860e-04  1.68648e-04  2.82921e-03  3.75667e-05  3.04893e-02  2.45713e-04  2.80161e-03  2.76013e-05
1359.590  4.68027e-03  5.35352e-06  2.26768e-05  3.07090e-06  4.30441e-04  6.56728e-07  4.64706e-03  3.32087e-05  4.27010e-04  3.43105e-06
1365.086  3.65590e-03  1.99010e-06  1.81187e-05  1.09966e-06  3.36186e-04  2.77046e-07  3.63070e-03  2.52044e-05  3.33618e-04  2.56774e-06
1370.570  9.63864e-03  2.48257e-05  4.22538e-05  1.39777e-05  8.86679e-04  2.84505e-06  9.56925e-03  6.93910e-05  8.79302e-04  7.37711e-06
1376.042  2.82789e-02  1.65825e-04  1.12971e-04  8.95230e-05  2.60254e-03  1.85008e-05  2.80662e-02  2.12654e-04  2.57896e-03  2.35800e-05
1381.502  5.24229e-03  6.59280e-06  2.38911e-05  3.77660e-06  4.82127e-04  7.99814e-07  5.20679e-03  3.54953e-05  4.78443e-04  3.68371e-06
1386.950  1.89540e-02  8.12162e-05  7.58147e-05  4.45282e-05  1.74399e-03  9.12998e-06  1.88182e-02  1.35794e-04  1.72917e-03  1.48233e-05
1392.386  2.10123e-02  9.50757e-05  8.26972e-05  5.20083e-05  1.93340e-03  1.06728e-05  2.08623e-02  1.49988e-04  1.91700e-03  1.63933e-05
1397.810  2.45872e-02  1.26615e-04  9.42075e-05  6.85926e-05  2.26245e-03  1.41831e-05  2.44133e-02  1.73875e-04  2.24330e-03  1.91566e-05
1403.223  3.27147e-02  2.63504e-04  1.20435e-04  1.36252e-04  3.01099e-03  2.95247e-05  3.24775e-02  2.37263e-04  2.98429e-03  2.66877e-05
1408.624  4.60058e-02  6.98595e-04  1.62316e-04  3.31621e-04  4.23587e-03  7.96864e-05  4.56654e-02  3.40462e-04  4.19611e-03  3.97639e-05
1414.014  7.51776e-02  2.40295e-03  2.53757e-04  1.02760e-03  6.92677e-03  2.83547e-04  7.45904e-02  5.87151e-04  6.85398e-03  7.27866e-05
1419.392  9.17672e-02  4.25733e-03  3.02595e-04  1.70487e-03  8.45905e-03  5.17327e-04  9.10402e-02  7.27093e-04  8.36552e-03  9.35295e-05
1424.759  1.03967e-01  6.17660e-03  3.35588e-04  2.35954e-03  9.58717e-03  7.69034e-04  1.03133e-01  8.33992e-04  9.47668e-03  1.10487e-04
1430.115  1.08174e-01  7.18912e-03  3.43495e-04  2.68517e-03  9.97659e-03  9.07206e-04  1.07309e-01  8.64918e-04  9.86042e-03  1.16164e-04
1435.459  1.03836e-01  6.56914e-03  3.25695e-04  2.47898e-03  9.57509e-03  8.23745e-04  1.03021e-01  8.14662e-04  9.46641e-03  1.08673e-04
1440.792  1.14732e-01  8.55762e-03  3.53385e-04  3.12323e-03  1.05830e-02  1.09576e-03  1.13828e-01  9.03818e-04  1.04594e-02  1.23529e-04
1446.114  1.23215e-01  9.94131e-03  3.73116e-04  3.57440e-03  1.13673e-02  1.28623e-03  1.22247e-01  9.68063e-04  1.12331e-02  1.34218e-04
1451.426  1.28196e-01  1.12532e-02  3.81814e-04  3.98956e-03  1.18292e-02  1.47165e-03  1.27191e-01  1.00487e-03  1.16874e-02  1.41833e-04
1456.726  1.67534e-01  2.04959e-02  4.86109e-04  6.96321e-03  1.54821e-02  2.77879e-03  1.66145e-01  1.38877e-03  1.52668e-02  2.15369e-04
1462.016  1.51955e-01  1.70469e-02  4.36578e-04  5.84893e-03  1.40328e-02  2.29002e-03  1.50747e-01  1.20803e-03  1.38519e-02  1.80845e-04
1467.294  1.28644e-01  1.20914e-02  3.67191e-04  4.26336e-03  1.18700e-02  1.58622e-03  1.27670e-01  9.74222e-04  1.17313e-02  1.38664e-04
1472.562  1.41219e-01  1.57315e-02  3.95040e-04  5.44517e-03  1.30371e-02  2.09663e-03  1.40140e-01  1.07894e-03  1.28772e-02  1.59877e-04
1477.820  1.53365e-01  1.93820e-02  4.21632e-04  6.62489e-03  1.41639e-02  2.60991e-03  1.52182e-01  1.18236e-03  1.39837e-02  1.80132e-04
1483.067  1.59471e-01  2.23749e-02  4.31544e-04  7.57309e-03  1.47338e-02  3.03889e-03  1.58231e-01  1.23981e-03  1.45395e-02  1.94281e-04
1488.304  1.74631e-01  3.06870e-02  4.65857e-04  1.01129e-02  1.61623e-02  4.26884e-03  1.73219e-01  1.41156e-03  1.59168e-02  2.45540e-04
1493.530  2.07257e-01  4.64117e-02  5.48150e-04  1.47665e-02  1.92291e-02  6.68494e-03  2.05509e-01  1.74849e-03  1.88838e-02  3.45222e-04
1498.746  2.22546e-01  5.75342e-02  5.82064e-04  1.80687e-02  2.06870e-02  8.45316e-03  2.20618e-01  1.92745e-03  2.02722e-02  4.14798e-04
1503.952  2.11393e-01  5.75118e-02  5.45666e-04  1.80289e-02  1.96611e-02  8.48099e-03  2.09571e-01  1.82226e-03  1.92571e-02  4.04041e-04
1509.148  2.29782e-01  6.72992e-02  5.85201e-04  2.10358e-02  2.13941e-02  9.97684e-03  2.27798e-01  1.98430e-03  2.09320e-02  4.62190e-04
1514.333  2.31072e-01  7.07227e-02  5.80445e-04  2.20721e-02  2.15256e-02  1.05100e-02  2.29080e-01  1.99162e-03  2.10498e-02  4.75814e-04
1519.509  2.35939e-01  7.63229e-02  5.84757e-04  2.37217e-02  2.19998e-02  1.13980e-02  2.33899e-01  2.04039e-03  2.14926e-02  5.07166e-04
1524.675  2.36206e-01  7.89154e-02  5.77300e-04  2.44870e-02  2.20335e-02  1.18125e-02  2.34165e-01  2.04130e-03  2.15170e-02  5.16498e-04
1529.831  2.33559e-01  8.01399e-02  5.62669e-04  2.48236e-02  2.17937e-02  1.20240e-02  2.31561e-01  1.99873e-03  2.12777e-02  5.15988e-04
1534.978  2.35178e-01  8.31412e-02  5.58634e-04  2.56927e-02  2.19551e-02  1.25161e-02  2.33172e-01  2.00621e-03  2.14257e-02  5.29412e-04
1540.114  2.32592e-01  8.42596e-02  5.48094e-04  2.60190e-02  2.17229e-02  1.27054e-02  2.30609e-01  1.98336e-03  2.11902e-02  5.32690e-04
1545.242  2.36628e-01  8.75247e-02  5.53835e-04  2.70065e-02  2.21101e-02  1.32173e-02  2.34606e-01  2.02243e-03  2.15575e-02  5.52599e-04
1550.360  2.33251e-01  8.78955e-02  5.42808e-04  2.71125e-02  2.18000e-02  1.32832e-02  2.31264e-01  1.98744e-03  2.12504e-02  5.49569e-04
1555.468  2.28900e-01  8.74134e-02  5.29062e-04  2.69611e-02  2.13985e-02  1.32171e-02  2.26954e-01  1.94576e-03  2.08544e-02  5.44087e-04
1560.567  2.30322e-01  8.89525e-02  5.28472e-04  2.74588e-02  2.15282e-02  1.34368e-02  2.28382e-01  1.93958e-03  2.09856e-02  5.42547e-04
1565.657  2.24141e-01  8.69468e-02  5.10068e-04  2.68776e-02  2.09372e-02  1.31014e-02  2.22274e-01  1.86726e-03  2.04244e-02  5.12872e-04
1570.738  2.15624e-01  8.33739e-02  4.86122e-04  2.58549e-02  2.01131e-02  1.25031e-02  2.13872e-01  1.75171e-03  1.96523e-02  4.60746e-04
1575.809  2.06331e-01  8.06674e-02  4.61827e-04  2.50128e-02  1.92488e-02  1.21021e-02  2.04661e-01  1.66988e-03  1.88059e-02  4.42888e-04
1580.872  2.15112e-01  8.52236e-02  4.78098e-04  2.63963e-02  2.00767e-02  1.28041e-02  2.13369e-01  1.74212e-03  1.96061e-02  4.70596e-04
1585.926  2.15678e-01  8.70576e-02  4.76464e-04  2.69296e-02  2.01468e-02  1.31099e-02  2.13924e-01  1.75487e-03  1.96570e-02  4.89779e-04
1590.971  2.08314e-01  8.49874e-02  4.56961e-04  2.62960e-02  1.94605e-02  1.27943e-02  2.06631e-01  1.68274e-03  1.89870e-02  4.73530e-04
1596.007  2.12006e-01  8.65418e-02  4.60952e-04  2.68186e-02  1.97922e-02  1.29959e-02  2.10309e-01  1.69691e-03  1.93249e-02  4.67302e-04
1601.035  2.04769e-01  8.33842e-02  4.41164e-04  2.58956e-02  1.90962e-02  1.24834e-02  2.03166e-01  1.60261e-03  1.86686e-02  4.27646e-04
1606.054  2.04137e-01  8.39317e-02  4.36414e-04  2.60655e-02  1.90390e-02  1.25703e-02  2.02547e-01  1.59040e-03  1.86117e-02  4.27265e-04
1611.064  1.99716e-01  8.27209e-02  4.23759e-04  2.56780e-02  1.86294e-02  1.23947e-02  1.98165e-01  1.55032e-03  1.82091e-02  4.20266e-04
1616.066  2.02171e-01  8.48270e-02  4.26169e-04  2.62897e-02  1.88713e-02  1.27415e-02  2.00596e-01  1.57558e-03  1.84324e-02  4.38957e-04
1621.060  2.03665e-01  8.65698e-02  4.26433e-04  2.68007e-02  1.90224e-02  1.30356e-02  2.02073e-01  1.59123e-03  1.85681e-02  4.54250e-04
1626.045  2.07723e-01  8.89132e-02  4.31719e-04  2.75166e-02  1.94080e-02  1.34019e-02  2.06105e-01  1.61879e-03  1.89386e-02  4.69384e-04
1631.023  2.05463e-01  8.79213e-02  4.23188e-04  2.72373e-02  1.91839e-02  1.32231e-02  2.03884e-01  1.57986e-03  1.87345e-02  4.49450e-04
1635.992  1.99345e-01  8.51294e-02  4.06937e-04  2.63838e-02  1.86066e-02  1.27883e-02  1.97831e-01  1.51356e-03  1.81784e-02  4.28251e-04
1640.954  1.90511e-01  8.12120e-02  3.85271e-04  2.51865e-02  1.77730e-02  1.21816e-02  1.89084e-01  1.42692e-03  1.73746e-02  3.98428e-04
1645.907  1.93304e-01  8.25572e-02  3.87540e-04  2.56382e-02  1.80282e-02  1.23624e-02  1.91871e-01  1.43332e-03  1.76307e-02  3.97576e-04
1650.852  1.92810e-01  8.24955e-02  3.83258e-04  2.56334e-02  1.79787e-02  1.23415e-02  1.91393e-01  1.41686e-03  1.75868e-02  3.91912e-04
1655.790  1.93320e-01  8.29633e-02  3.81087e-04  2.57772e-02  1.80262e-02  1.24115e-02  1.91909e-01  1.41067e-03  1.76342e-02  3.92027e-04
1660.720  1.92871e-01  8.29367e-02  3.76832e-04  2.57671e-02  1.79833e-02  1.24072e-02  1.91469e-01  1.40199e-03  1.75937e-02  3.89506e-04
1665.643  1.88663e-01  8.12208e-02  3.65520e-04  2.52165e-02  1.75895e-02  1.21588e-02  1.87306e-01  1.35678e-03  1.72112e-02  3.78322e-04
1670.558  1.87703e-01  8.12104e-02  3.60302e-04  2.52021e-02  1.75082e-02  1.21716e-02  1.86323e-01  1.38104e-03  1.71208e-02  3.87430e-04
1675.466  1.83924e-01  7.94944e-02  3.50326e-04  2.46921e-02  1.71474e-02  1.19020e-02  1.82623e-01  1.30073e-03  1.67809e-02  3.66544e-04
1680.366  1.75303e-01  7.59583e-02  3.31088e-04  2.35804e-02  1.63450e-02  1.13834e-02  1.74072e-01  1.23037e-03  1.59952e-02  3.49783e-04
1685.259  1.80720e-01  7.80708e-02  3.38137e-04  2.42444e-02  1.68455e-02  1.16906e-02  1.79462e-01  1.25757e-03  1.64905e-02  3.55023e-04
1690.145  1.79536e-01  7.68498e-02  3.32516e-04  2.38956e-02  1.67256e-02  1.14782e-02  1.78304e-01  1.23181e-03  1.63841e-02  3.41547e-04
1695.024  1.79641e-01  7.66229e-02  3.29541e-04  2.38352e-02  1.67314e-02  1.14358e-02  1.78427e-01  1.21383e-03  1.63953e-02  3.36103e-04
1699.896  1.76523e-01  7.49689e-02  3.20735e-04  2.33185e-02  1.64379e-02  1.11840e-02  1.75341e-01  1.18128e-03  1.61118e-02  3.26135e-04
1704.761  1.74151e-01  7.33646e-02  3.13261e-04  2.28420e-02  1.62110e-02  1.09264e-02  1.72997e-01  1.15352e-03  1.58964e-02  3.14612e-04
1709.619  1.69460e-01  7.09291e-02  3.01780e-04  2.21043e-02  1.57695e-02  1.05496e-02  1.68356e-01  1.10446e-03  1.54699e-02  2.99547e-04
1714.471  1.71584e-01  7.14841e-02  3.02578e-04  2.22745e-02  1.59643e-02  1.06293e-02  1.70475e-01  1.10899e-03  1.56647e-02  2.99652e-04
1719.315  1.67735e-01  6.92277e-02  2.92800e-04  2.15905e-02  1.56010e-02  1.02797e-02  1.66673e-01  1.06192e-03  1.53153e-02  2.85671e-04
1724.153  1.61783e-01  6.53838e-02  2.79204e-04  2.04648e-02  1.50382e-02  9.67074e-03  1.60709e-01  1.07393e-03  1.47673e-02  2.70916e-04
1728.985  1.62528e-01  6.58342e-02  2.78019e-04  2.06016e-02  1.51066e-02  9.74329e-03  1.61516e-01  1.01180e-03  1.48414e-02  2.65209e-04
1733.811  1.52289e-01  6.02232e-02  2.57490e-04  1.88785e-02  1.41470e-02  8.88747e-03  1.51363e-01  9.25615e-04  1.39085e-02  2.38466e-04
1738.630  1.50689e-01  5.83495e-02  2.51983e-04  1.83214e-02  1.39914e-02  8.59006e-03  1.49792e-01  8.96085e-04  1.37642e-02  2.27247e-04
1743.442  1.52482e-01  5.79495e-02  2.52119e-04  1.82095e-02  1.41526e-02  8.51785e-03  1.51590e-01  8.91996e-04  1.39293e-02  2.23209e-04
1748.249  1.50577e-01  5.66594e-02  2.46485e-04  1.78124e-02  1.39725e-02  8.32096e-03  1.49704e-01  8.72511e-04  1.37560e-02  2.16464e-04
1753.050  1.49458e-01  5.56122e-02  2.42074e-04  1.74915e-02  1.38651e-02  8.15848e-03  1.48605e-01  8.52248e-04  1.36551e-02  2.09999e-04
1757.844  1.48530e-01  5.46842e-02  2.37970e-04  1.72140e-02  1.37752e-02  8.01074e-03  1.47695e-01  8.34953e-04  1.35715e-02  2.03763e-04
1762.633  1.41898e-01  5.05297e-02  2.24882e-04  1.59500e-02  1.31521e-02  7.37503e-03  1.41118e-01  7.80358e-04  1.29671e-02  1.85038e-04
1767.416  1.39604e-01  4.79269e-02  2.18652e-04  1.51497e-02  1.29319e-02  6.97087e-03  1.38853e-01  7.50870e-04  1.27590e-02  1.72924e-04
1772.193  1.36320e-01  4.53355e-02  2.11045e-04  1.43573e-02  1.26213e-02  6.56881e-03  1.35601e-01  7.18390e-04  1.24602e-02  1.61132e-04
1776.965  1.25121e-01  3.78602e-02  1.91005e-04  1.20867e-02  1.15716e-02  5.41324e-03  1.24491e-01  6.30351e-04  1.14393e-02  1.32266e-04
1781.731  1.19882e-01  3.36668e-02  1.80480e-04  1.08542e-02  1.10789e-02  4.75444e-03  1.19297e-01  5.84984e-04  1.09620e-02  1.16852e-04
1786.492  1.18128e-01  3.17782e-02  1.75611e-04  1.03045e-02  1.09114e-02  4.45544e-03  1.17566e-01  5.62531e-04  1.08029e-02  1.08490e-04
1791.247  1.08718e-01  2.52957e-02  1.59063e-04  8.39458e-03  1.00325e-02  3.46967e-03  1.08225e-01  4.93007e-04  9.94455e-03  8.79462e-05
1795.997  9.19707e-02  1.65367e-02  1.32583e-04  5.68186e-03  8.47717e-03  2.20408e-03  9.15837e-02  3.87024e-04  8.41546e-03  6.17041e-05
1800.742  7.14394e-02  9.03647e-03  1.02636e-04  3.23418e-03  6.57881e-03  1.16537e-03  7.11637e-02  2.75643e-04  6.53910e-03  3.97087e-05
1805.481  6.07248e-02  5.70256e-03  8.67988e-05  2.13018e-03  5.58989e-03  7.14013e-04  6.05002e-02  2.24624e-04  5.55925e-03  3.06344e-05
1810.216  4.57485e-02  2.61391e-03  6.55427e-05  1.05502e-03  4.20962e-03  3.13955e-04  4.55911e-02  1.57382e-04  4.18929e-03  2.03346e-05
1814.946  3.14879e-02  9.45628e-04  4.54237e-05  4.20193e-04  2.89657e-03  1.08998e-04  3.13851e-02  1.02783e-04  2.88392e-03  1.26429e-05
1819.671  2.15631e-02  3.35276e-04  3.14486e-05  1.62694e-04  1.98311e-03  3.75546e-05  2.14968e-02  6.63474e-05  1.97530e-03  7.81482e-06
1824.391  1.62562e-02  1.49612e-04  2.40402e-05  7.65800e-05  1.49484e-03  1.65866e-05  1.62087e-02  4.74918e-05  1.48939e-03  5.44167e-06
1829.106  6.80977e-03  2.02646e-05  1.07283e-05  1.14015e-05  6.26039e-04  2.26122e-06  6.79152e-03  1.82536e-05  6.24061e-04  1.97821e-06
1833.817  2.39550e-03  2.04124e-06  4.10935e-06  1.19916e-06  2.20192e-04  2.49075e-07  2.38952e-03  5.97966e-06  2.19569e-04  6.23523e-07
1838.524  1.06817e-03  3.57051e-07  1.95918e-06  1.92473e-07  9.81778e-05  5.17562e-08  1.06561e-03  2.56200e-06  9.79173e-05  2.60602e-07
1843.226  2.08002e-03  1.10808e-06  3.54759e-06  6.37457e-07  1.91187e-04  1.45535e-07  2.07496e-03  5.06281e-06  1.90664e-04  5.22970e-07
1847.924  1.66875e-03  7.20337e-07  2.87158e-06  4.04645e-07  1.53381e-04  9.86050e-08  1.66476e-03  3.98619e-06  1.52972e-04  4.09267e-07
1852.617  1.55056e-03  6.34467e-07  2.65619e-06  3.53254e-07  1.42517e-04  8.78896e-08  1.54694e-03  3.62505e-06  1.42145e-04  3.71791e-07
1857.307  2.03231e-03  1.13288e-06  3.34027e-06  6.48202e-07  1.86800e-04  1.47773e-07  2.02752e-03  4.79479e-06  1.86305e-04  4.95725e-07
1861.992  4.23070e-03  4.25989e-06  6.42366e-06  2.48151e-06  3.88894e-04  5.12240e-07  4.22054e-03  1.01580e-05  3.87818e-04  1.07572e-06
1866.673  2.38091e-03  1.58488e-06  3.73876e-06  9.06312e-07  2.18846e-04  2.01454e-07  2.37537e-03  5.53567e-06  2.18269e-04  5.77095e-07
1871.351  3.48605e-04  6.50190e-08  6.36742e-07  2.83883e-08  3.20387e-05  1.10846e-08  3.47839e-04  7.65789e-07  3.19623e-05  7.64174e-08
1876.025  1.82311e-03  1.37115e-06  2.78618e-06  7.69171e-07  1.67575e-04  1.72144e-07  1.81896e-03  4.15084e-06  1.67141e-04  4.34153e-07
1880.695  6.68739e-03  1.16727e-05  9.20634e-06  6.50316e-06  6.14755e-04  1.35513e-06  6.67153e-03  1.58637e-05  6.13035e-04  1.72069e-06
1885.361  9.00494e-03  2.23270e-05  1.19292e-05  1.21305e-05  8.27845e-04  2.55347e-06  8.98333e-03  2.16077e-05  8.25462e-04  2.38300e-06
1890.024  7.73134e-03  1.61635e-05  1.02386e-05  8.82186e-06  7.10736e-04  1.86647e-06  7.71329e-03  1.80546e-05  7.08760e-04  1.97562e-06
1894.684  5.68642e-03  8.14533e-06  7.63475e-06  4.50257e-06  5.22720e-04  9.64650e-07  5.67352e-03  1.28985e-05  5.21330e-04  1.39033e-06
1899.340  2.70451e-03  1.87448e-06  3.83437e-06  1.03015e-06  2.48588e-04  2.40835e-07  2.69874e-03  5.77805e-06  2.47982e-04  6.06445e-07
1903.993  2.49950e-03  1.41117e-06  3.53203e-06  7.56779e-07  2.29741e-04  1.88568e-07  2.49429e-03  5.20928e-06  2.29196e-04  5.45091e-07
1908.643  4.10420e-03  3.27601e-06  5.46732e-06  1.76060e-06  3.77253e-04  4.17809e-07  4.09556e-03  8.64357e-06  3.76333e-04  9.19512e-07
1913.290  5.73663e-03  6.77671e-06  7.28660e-06  3.60252e-06  5.27327e-04  8.30010e-07  5.72424e-03  1.23836e-05  5.25990e-04  1.33683e-06
1917.934  1.08556e-02  2.66970e-05  1.28270e-05  1.36252e-05  9.98005e-04  3.13350e-06  1.08316e-02  2.40063e-05  9.95295e-04  2.70807e-06
1922.575  1.59318e-02  6.49369e-05  1.79713e-05  3.15813e-05  1.46483e-03  7.56652e-06  1.58954e-02  3.63330e-05  1.46060e-03  4.22641e-06
1927.213  1.87334e-02  1.03499e-04  2.05431e-05  4.85428e-05  1.72253e-03  1.20972e-05  1.86901e-02  4.32566e-05  1.71740e-03  5.12838e-06
1931.849  2.43752e-02  2.13963e-04  2.58612e-05  9.39112e-05  2.24159e-03  2.53998e-05  2.43169e-02  5.82817e-05  2.23444e-03  7.15670e-06
1936.481  3.10746e-02  4.14521e-04  3.20504e-05  1.70111e-04  2.85805e-03  5.03782e-05  3.09989e-02  7.56470e-05  2.84844e-03  9.61665e-06
1941.112  3.65869e-02  7.05131e-04  3.67952e-05  2.70655e-04  3.36550e-03  8.83996e-05  3.64965e-02  9.03981e-05  3.35360e-03  1.18999e-05
1945.740  3.99001e-02  1.07883e-03  3.91639e-05  3.89594e-04  3.67081e-03  1.40132e-04  3.98003e-02  9.97782e-05  3.65718e-03  1.36310e-05
1950.366  4.52660e-02  1.54695e-03  4.35548e-05  5.38511e-04  4.16492e-03  2.05944e-04  4.51521e-02  1.13857e-04  4.14895e-03  1.59797e-05
1954.989  4.51217e-02  1.71680e-03  4.28444e-05  5.92552e-04  4.15169e-03  2.29604e-04  4.50093e-02  1.12405e-04  4.13582e-03  1.58703e-05
1959.610  5.00582e-02  2.26643e-03  4.64698e-05  7.61815e-04  4.60649e-03  3.09896e-04  4.99330e-02  1.25189e-04  4.58826e-03  1.82393e-05
1964.229  6.04596e-02  3.58922e-03  5.47806e-05  1.16392e-03  5.56547e-03  5.07649e-04  6.03036e-02  1.55990e-04  5.54119e-03  2.42779e-05
1968.847  7.20104e-02  5.13912e-03  6.37817e-05  1.63253e-03  6.63159e-03  7.41054e-04  7.18190e-02  1.91400e-04  6.59932e-03  3.22695e-05
1973.462  7.76954e-02  6.19184e-03  6.76831e-05  1.93427e-03  7.15850e-03  9.07823e-04  7.74850e-02  2.10339e-04  7.11996e-03  3.85368e-05
1978.076  8.27081e-02  7.25303e-03  7.09724e-05  2.22835e-03  7.62300e-03  1.08405e-03  8.24839e-02  2.24171e-04  7.57929e-03  4.37075e-05
1982.688  8.68491e-02  8.27135e-03  7.34228e-05  2.52314e-03  8.00646e-03  1.25003e-03  8.66141e-02  2.35006e-04  7.95881e-03  4.76438e-05
1987.298  8.71200e-02  8.86530e-03  7.25526e-05  2.70296e-03  8.03210e-03  1.34258e-03  8.68864e-02  2.33672e-04  7.98383e-03  4.82707e-05
1991.907  8.54380e-02  9.20718e-03  7.00657e-05  2.81145e-03  7.87674e-03  1.39013e-03  8.52121e-02  2.25941e-04  7.82998e-03  4.67595e-05
