 lambda     Rad_up_noisy   Rad_up_pure    Rad_up_noise
 405.248    1.09459e-01    1.09744e-01   -2.85361e-04
 406.081    1.08103e-01    1.08429e-01   -3.26486e-04
 406.913    1.09003e-01    1.08767e-01    2.35663e-04
 407.746    1.10367e-01    1.10578e-01   -2.10518e-04
 408.578    1.11995e-01    1.12500e-01   -5.05077e-04
 409.411    1.13724e-01    1.13664e-01    5.99869e-05
 410.243    1.14860e-01    1.14793e-01    6.72966e-05
 411.075    1.17007e-01    1.16507e-01    4.99723e-04
 411.907    1.18329e-01    1.17893e-01    4.35737e-04
 412.739    1.18162e-01    1.18103e-01    5.89785e-05
 413.571    1.17579e-01    1.17773e-01   -1.93833e-04
 414.403    1.18023e-01    1.17819e-01    2.04304e-04
 415.235    1.17760e-01    1.18023e-01   -2.63447e-04
 416.067    1.17613e-01    1.17558e-01    5.48376e-05
 416.899    1.16251e-01    1.16153e-01    9.76028e-05
 417.730    1.14460e-01    1.14158e-01    3.01554e-04
 418.562    1.12084e-01    1.12069e-01    1.48261e-05
 419.393    1.10397e-01    1.10648e-01   -2.50904e-04
 420.225    1.10625e-01    1.10557e-01    6.83924e-05
 421.056    1.10738e-01    1.10964e-01   -2.26326e-04
 421.888    1.10388e-01    1.10123e-01    2.64795e-04
 422.719    1.07902e-01    1.08046e-01   -1.44357e-04
 423.550    1.05977e-01    1.06490e-01   -5.13205e-04
 424.382    1.06387e-01    1.06133e-01    2.53648e-04
 425.213    1.05426e-01    1.05850e-01   -4.23739e-04
 426.044    1.04814e-01    1.04567e-01    2.47227e-04
 426.875    1.02095e-01    1.02105e-01   -1.03018e-05
 427.706    9.82278e-02    9.83045e-02   -7.67486e-05
 428.537    9.24101e-02    9.29280e-02   -5.17889e-04
 429.368    8.72554e-02    8.72626e-02   -7.20142e-06
 430.199    8.44792e-02    8.47697e-02   -2.90492e-04
 431.030    8.80702e-02    8.80745e-02   -4.34179e-06
 431.860    9.52377e-02    9.51686e-02    6.91124e-05
 432.691    1.01306e-01    1.01280e-01    2.61248e-05
 433.522    1.04195e-01    1.04566e-01   -3.70924e-04
 434.352    1.07106e-01    1.06998e-01    1.07691e-04
 435.183    1.10070e-01    1.10135e-01   -6.52977e-05
 436.013    1.12636e-01    1.12897e-01   -2.61296e-04
 436.844    1.13553e-01    1.13493e-01    6.04990e-05
 437.674    1.12011e-01    1.12009e-01    1.65670e-06
 438.504    1.10738e-01    1.10515e-01    2.22645e-04
 439.335    1.10719e-01    1.10843e-01   -1.23559e-04
 440.165    1.13203e-01    1.12938e-01    2.65128e-04
 440.995    1.15133e-01    1.15593e-01   -4.59827e-04
 441.825    1.17779e-01    1.17868e-01   -8.87437e-05
 442.655    1.19456e-01    1.19429e-01    2.66859e-05
 443.486    1.20339e-01    1.20260e-01    7.92697e-05
 444.316    1.20800e-01    1.20465e-01    3.34648e-04
 445.146    1.20172e-01    1.20419e-01   -2.46705e-04
 445.976    1.20352e-01    1.21014e-01   -6.61708e-04
 446.805    1.22993e-01    1.22898e-01    9.50802e-05
 447.635    1.25704e-01    1.25588e-01    1.16492e-04
 448.465    1.28291e-01    1.28226e-01    6.46203e-05
 449.295    1.30969e-01    1.30572e-01    3.97374e-04
 450.125    1.32119e-01    1.32400e-01   -2.81192e-04
 450.954    1.33053e-01    1.32839e-01    2.13552e-04
 451.784    1.31384e-01    1.31406e-01   -2.17118e-05
 452.613    1.28981e-01    1.29229e-01   -2.48392e-04
 453.443    1.28348e-01    1.28081e-01    2.67323e-04
 454.273    1.28408e-01    1.28521e-01   -1.12985e-04
 455.102    1.29405e-01    1.29763e-01   -3.57756e-04
 455.931    1.30113e-01    1.30836e-01   -7.22758e-04
 456.761    1.31176e-01    1.31242e-01   -6.61923e-05
 457.590    1.30746e-01    1.30993e-01   -2.47364e-04
 458.420    1.30022e-01    1.30484e-01   -4.61651e-04
 459.249    1.30295e-01    1.30201e-01    9.41252e-05
 460.078    1.30065e-01    1.30339e-01   -2.74289e-04
 460.907    1.30454e-01    1.30637e-01   -1.83097e-04
 461.737    1.30904e-01    1.30686e-01    2.18430e-04
 462.566    1.30299e-01    1.30390e-01   -9.08091e-05
 463.395    1.29429e-01    1.29960e-01   -5.30879e-04
 464.224    1.29978e-01    1.29616e-01    3.62285e-04
 465.053    1.29928e-01    1.29475e-01    4.52980e-04
 465.882    1.29771e-01    1.29579e-01    1.92296e-04
 466.711    1.30293e-01    1.29968e-01    3.25129e-04
 467.540    1.30588e-01    1.30590e-01   -1.99805e-06
 468.369    1.32489e-01    1.31080e-01    1.40900e-03
 469.198    1.29826e-01    1.31059e-01   -1.23319e-03
 470.027    1.29125e-01    1.30624e-01   -1.49936e-03
 470.855    1.29819e-01    1.30173e-01   -3.54476e-04
 471.684    1.29838e-01    1.29921e-01   -8.26202e-05
 472.513    1.30298e-01    1.29901e-01    3.96976e-04
 473.342    1.32037e-01    1.30164e-01    1.87282e-03
 474.170    1.29211e-01    1.30625e-01   -1.41353e-03
 474.999    1.31267e-01    1.30911e-01    3.56064e-04
 475.828    1.29686e-01    1.30802e-01   -1.11620e-03
 476.656    1.28694e-01    1.30573e-01   -1.87861e-03
 477.485    1.30157e-01    1.30472e-01   -3.15330e-04
 478.313    1.28730e-01    1.30333e-01   -1.60276e-03
 479.142    1.30522e-01    1.30056e-01    4.66127e-04
 479.970    1.29030e-01    1.29877e-01   -8.47141e-04
 480.799    1.30951e-01    1.29950e-01    1.00113e-03
 481.627    1.30015e-01    1.30026e-01   -1.09925e-05
 482.456    1.29632e-01    1.29548e-01    8.39656e-05
 483.284    1.27299e-01    1.27918e-01   -6.19188e-04
 484.112    1.24108e-01    1.24794e-01   -6.85524e-04
 484.941    1.19602e-01    1.20571e-01   -9.68665e-04
 485.769    1.15982e-01    1.16886e-01   -9.03815e-04
 486.597    1.15731e-01    1.15649e-01    8.22243e-05
 487.426    1.16738e-01    1.16998e-01   -2.60229e-04
 488.254    1.19064e-01    1.19381e-01   -3.17192e-04
 489.082    1.21202e-01    1.21500e-01   -2.97723e-04
 489.910    1.22555e-01    1.22753e-01   -1.98168e-04
 490.738    1.23657e-01    1.22871e-01    7.85666e-04
 491.567    1.23218e-01    1.22399e-01    8.18702e-04
 492.395    1.22269e-01    1.22379e-01   -1.10289e-04
 493.223    1.22860e-01    1.23163e-01   -3.03237e-04
 494.051    1.24793e-01    1.24273e-01    5.20491e-04
 494.879    1.24879e-01    1.24981e-01   -1.02363e-04
 495.707    1.24627e-01    1.24670e-01   -4.29835e-05
 496.535    1.23476e-01    1.23261e-01    2.14944e-04
 497.363    1.21496e-01    1.21321e-01    1.74726e-04
 498.191    1.19493e-01    1.19506e-01   -1.25957e-05
 499.019    1.17587e-01    1.18053e-01   -4.65797e-04
 499.847    1.16494e-01    1.16862e-01   -3.67929e-04
 500.675    1.15878e-01    1.15927e-01   -4.93850e-05
 501.502    1.15709e-01    1.15452e-01    2.56604e-04
 502.330    1.15249e-01    1.15500e-01   -2.50733e-04
 503.158    1.15990e-01    1.15961e-01    2.90992e-05
 503.986    1.16929e-01    1.16982e-01   -5.27313e-05
 504.814    1.18377e-01    1.18620e-01   -2.43173e-04
 505.642    1.19470e-01    1.20014e-01   -5.43768e-04
 506.469    1.19754e-01    1.20097e-01   -3.43201e-04
 507.297    1.18639e-01    1.19126e-01   -4.86927e-04
 508.125    1.18306e-01    1.18333e-01   -2.73711e-05
 508.953    1.18322e-01    1.18245e-01    7.67786e-05
 509.780    1.18723e-01    1.18432e-01    2.91164e-04
 510.608    1.18914e-01    1.18431e-01    4.82697e-04
 511.436    1.17607e-01    1.17898e-01   -2.90953e-04
 512.263    1.15907e-01    1.16477e-01   -5.69561e-04
 513.091    1.13994e-01    1.14404e-01   -4.09836e-04
 513.918    1.12798e-01    1.12463e-01    3.35142e-04
 514.746    1.10821e-01    1.10719e-01    1.01857e-04
 515.574    1.08599e-01    1.08228e-01    3.71211e-04
 516.401    1.05357e-01    1.04873e-01    4.83916e-04
 517.229    1.02282e-01    1.02359e-01   -7.74146e-05
 518.056    1.02014e-01    1.02214e-01   -2.00472e-04
 518.884    1.03864e-01    1.04086e-01   -2.21793e-04
 519.711    1.07210e-01    1.06703e-01    5.07016e-04
 520.539    1.09109e-01    1.09042e-01    6.70118e-05
 521.366    1.10479e-01    1.10528e-01   -4.90918e-05
 522.194    1.10437e-01    1.11193e-01   -7.56483e-04
 523.021    1.11855e-01    1.11554e-01    3.01371e-04
 523.849    1.11821e-01    1.11765e-01    5.56111e-05
 524.676    1.11638e-01    1.11156e-01    4.82046e-04
 525.503    1.08994e-01    1.09331e-01   -3.36880e-04
 526.331    1.06904e-01    1.07436e-01   -5.31588e-04
 527.158    1.07647e-01    1.07324e-01    3.22729e-04
 527.986    1.09110e-01    1.09300e-01   -1.90305e-04
 528.813    1.11563e-01    1.11793e-01   -2.29710e-04
 529.640    1.13431e-01    1.13404e-01    2.68200e-05
 530.468    1.14079e-01    1.13791e-01    2.88137e-04
 531.295    1.13083e-01    1.12797e-01    2.86113e-04
 532.122    1.10907e-01    1.10624e-01    2.82616e-04
 532.949    1.08214e-01    1.08623e-01   -4.09186e-04
 533.777    1.08691e-01    1.08270e-01    4.20671e-04
 534.604    1.09669e-01    1.09519e-01    1.50074e-04
 535.431    1.10346e-01    1.11062e-01   -7.15589e-04
 536.259    1.11863e-01    1.11857e-01    5.80595e-06
 537.086    1.12130e-01    1.11904e-01    2.25585e-04
 537.913    1.11427e-01    1.11614e-01   -1.86771e-04
 538.740    1.11303e-01    1.10927e-01    3.75707e-04
 539.567    1.09354e-01    1.09655e-01   -3.01206e-04
 540.395    1.08369e-01    1.08304e-01    6.50811e-05
 541.222    1.07629e-01    1.07783e-01   -1.54137e-04
 542.049    1.07915e-01    1.08312e-01   -3.96798e-04
 542.876    1.09348e-01    1.09303e-01    4.54401e-05
 543.703    1.10299e-01    1.10128e-01    1.71186e-04
 544.530    1.10437e-01    1.10479e-01   -4.22649e-05
 545.358    1.10564e-01    1.10348e-01    2.15769e-04
 546.185    1.09952e-01    1.09904e-01    4.78849e-05
 547.012    1.09181e-01    1.09271e-01   -8.98252e-05
 547.839    1.08502e-01    1.08600e-01   -9.80416e-05
 548.666    1.08208e-01    1.08134e-01    7.36963e-05
 549.493    1.07633e-01    1.07944e-01   -3.11165e-04
 550.320    1.07983e-01    1.07971e-01    1.20044e-05
 551.147    1.08199e-01    1.08189e-01    9.98090e-06
 551.974    1.08061e-01    1.08485e-01   -4.23690e-04
 552.801    1.08661e-01    1.08724e-01   -6.29473e-05
 553.628    1.09509e-01    1.08865e-01    6.44375e-04
 554.455    1.08457e-01    1.08744e-01   -2.87106e-04
 555.283    1.07697e-01    1.08116e-01   -4.18818e-04
 556.110    1.07082e-01    1.07081e-01    1.21951e-06
 556.937    1.06333e-01    1.06026e-01    3.07059e-04
 557.764    1.03560e-01    1.05167e-01   -1.60655e-03
 558.591    1.04102e-01    1.04597e-01   -4.95069e-04
 559.418    1.04433e-01    1.04600e-01   -1.66820e-04
 560.245    1.05374e-01    1.05238e-01    1.36306e-04
 561.072    1.06314e-01    1.05927e-01    3.86987e-04
 561.898    1.05935e-01    1.06148e-01   -2.13106e-04
 562.725    1.05789e-01    1.06018e-01   -2.29468e-04
 563.552    1.05938e-01    1.05703e-01    2.34856e-04
 564.379    1.05139e-01    1.05057e-01    8.20701e-05
 565.206    1.05185e-01    1.04121e-01    1.06418e-03
 566.033    1.01981e-01    1.03369e-01   -1.38781e-03
 566.860    1.02825e-01    1.03079e-01   -2.53616e-04
 567.687    1.04034e-01    1.02877e-01    1.15696e-03
 568.514    1.02923e-01    1.02341e-01    5.82340e-04
 569.341    1.00686e-01    1.01613e-01   -9.27014e-04
 570.168    1.02883e-01    1.01172e-01    1.71070e-03
 570.995    9.90220e-02    1.01362e-01   -2.33995e-03
 571.822    1.01090e-01    1.02103e-01   -1.01282e-03
 572.648    1.01968e-01    1.02864e-01   -8.95989e-04
 573.475    1.02384e-01    1.03073e-01   -6.88760e-04
 574.302    1.02173e-01    1.02631e-01   -4.57916e-04
 575.129    1.01174e-01    1.01966e-01   -7.91947e-04
 575.956    1.01024e-01    1.01575e-01   -5.50501e-04
 576.783    1.01616e-01    1.01532e-01    8.43302e-05
 577.609    1.01738e-01    1.01592e-01    1.46332e-04
 578.436    1.02868e-01    1.01698e-01    1.17044e-03
 579.263    1.02174e-01    1.02001e-01    1.72507e-04
 580.090    1.02934e-01    1.02481e-01    4.52962e-04
 580.917    1.03210e-01    1.02971e-01    2.38741e-04
 581.744    1.03336e-01    1.03388e-01   -5.22816e-05
 582.570    1.03644e-01    1.03659e-01   -1.52493e-05
 583.397    1.04892e-01    1.03606e-01    1.28635e-03
 584.224    1.01519e-01    1.03079e-01   -1.55995e-03
 585.051    1.01597e-01    1.02144e-01   -5.46584e-04
 585.877    1.01081e-01    1.00981e-01    1.00361e-04
 586.704    9.93358e-02    9.94732e-02   -1.37361e-04
 587.531    9.66663e-02    9.72035e-02   -5.37211e-04
 588.358    9.47683e-02    9.43590e-02    4.09265e-04
 589.184    9.31037e-02    9.21802e-02    9.23485e-04
 590.011    9.22354e-02    9.17286e-02    5.06849e-04
 590.838    9.23881e-02    9.26650e-02   -2.76877e-04
 591.665    9.35816e-02    9.38925e-02   -3.10893e-04
 592.491    9.51277e-02    9.47784e-02    3.49335e-04
 593.318    9.60413e-02    9.52600e-02    7.81324e-04
 594.145    9.49866e-02    9.54802e-02   -4.93594e-04
 594.971    9.56882e-02    9.57013e-02   -1.30681e-05
 595.798    9.77821e-02    9.60805e-02    1.70156e-03
 596.625    9.69055e-02    9.64498e-02    4.55718e-04
 597.451    9.73334e-02    9.66092e-02    7.24164e-04
 598.278    9.78412e-02    9.66342e-02    1.20701e-03
 599.105    9.48488e-02    9.66984e-02   -1.84965e-03
 599.931    9.66638e-02    9.68149e-02   -1.51149e-04
 600.758    9.63277e-02    9.69139e-02   -5.86178e-04
 601.585    9.75556e-02    9.70641e-02    4.91499e-04
 602.411    9.91788e-02    9.74632e-02    1.71561e-03
 603.238    9.78003e-02    9.81512e-02   -3.50931e-04
 604.065    1.00363e-01    9.88397e-02    1.52342e-03
 604.891    9.89581e-02    9.91604e-02   -2.02347e-04
 605.718    9.92241e-02    9.90169e-02    2.07181e-04
 606.544    9.66450e-02    9.85771e-02   -1.93213e-03
 607.371    9.69377e-02    9.80140e-02   -1.07633e-03
 608.198    9.94266e-02    9.73971e-02    2.02947e-03
 609.024    9.67465e-02    9.67879e-02   -4.14230e-05
 609.851    9.69671e-02    9.62820e-02    6.85058e-04
 610.677    9.37160e-02    9.58628e-02   -2.14677e-03
 611.504    9.53872e-02    9.53319e-02    5.53182e-05
 612.330    9.63222e-02    9.45434e-02    1.77876e-03
 613.157    9.49874e-02    9.36436e-02    1.34379e-03
 613.983    9.34654e-02    9.29149e-02    5.50515e-04
 614.810    9.24361e-02    9.24237e-02    1.24416e-05
 615.636    9.01458e-02    9.20990e-02   -1.95318e-03
 616.463    9.37371e-02    9.20885e-02    1.64857e-03
 617.289    9.29759e-02    9.25858e-02    3.90135e-04
 618.116    9.31979e-02    9.34206e-02   -2.22744e-04
 618.942    9.32811e-02    9.42095e-02   -9.28439e-04
 619.769    9.41579e-02    9.46732e-02   -5.15338e-04
 620.595    9.49556e-02    9.46214e-02    3.34189e-04
 621.422    9.37339e-02    9.40144e-02   -2.80532e-04
 622.248    9.07684e-02    9.31295e-02   -2.36109e-03
 623.075    9.29080e-02    9.23092e-02    5.98764e-04
 623.901    9.04565e-02    9.16234e-02   -1.16688e-03
 624.727    9.16058e-02    9.10198e-02    5.85957e-04
 625.554    9.01305e-02    9.05469e-02   -4.16355e-04
 626.380    8.92926e-02    9.02392e-02   -9.46560e-04
 627.206    8.96521e-02    9.00364e-02   -3.84337e-04
 628.033    9.04331e-02    8.99104e-02    5.22695e-04
 628.859    8.86066e-02    8.98589e-02   -1.25226e-03
 629.686    9.01316e-02    8.97960e-02    3.35645e-04
 630.512    8.86416e-02    8.96154e-02   -9.73834e-04
 631.338    9.02300e-02    8.93841e-02    8.45917e-04
 632.164    8.91026e-02    8.93615e-02   -2.58873e-04
 632.991    9.04317e-02    8.96335e-02    7.98154e-04
 633.817    9.19822e-02    8.99272e-02    2.05501e-03
 634.643    9.12430e-02    9.00149e-02    1.22814e-03
 635.470    8.88544e-02    9.00323e-02   -1.17786e-03
 636.296    8.90403e-02    9.02725e-02   -1.23216e-03
 637.122    8.81920e-02    9.07612e-02   -2.56921e-03
 637.948    9.32728e-02    9.11424e-02    2.13041e-03
 638.775    9.33621e-02    9.10860e-02    2.27613e-03
 639.601    8.97309e-02    9.06722e-02   -9.41328e-04
 640.427    8.92770e-02    9.02434e-02   -9.66396e-04
 641.253    8.91149e-02    9.00129e-02   -8.98037e-04
 642.079    9.24247e-02    8.99434e-02    2.48132e-03
 642.905    8.80509e-02    8.98604e-02   -1.80949e-03
 643.732    9.00643e-02    8.95454e-02    5.18851e-04
 644.558    8.80254e-02    8.88253e-02   -7.99860e-04
 645.384    8.78345e-02    8.77296e-02    1.04930e-04
 646.210    8.89353e-02    8.65717e-02    2.36359e-03
 647.036    8.59035e-02    8.57185e-02    1.85035e-04
 647.862    8.56639e-02    8.52656e-02    3.98334e-04
 648.688    8.58703e-02    8.50707e-02    7.99598e-04
 649.514    8.61831e-02    8.50714e-02    1.11165e-03
 650.340    8.53239e-02    8.53556e-02   -3.17361e-05
 651.166    8.54414e-02    8.58680e-02   -4.26565e-04
 651.992    8.62495e-02    8.63215e-02   -7.19858e-05
 652.818    8.62798e-02    8.63272e-02   -4.73831e-05
 653.644    8.48811e-02    8.54102e-02   -5.29062e-04
 654.470    8.35921e-02    8.33173e-02    2.74762e-04
 655.296    7.99237e-02    8.06989e-02   -7.75198e-04
 656.122    7.90527e-02    7.91026e-02   -4.98776e-05
 656.948    7.94240e-02    7.96570e-02   -2.32966e-04
 657.774    8.19724e-02    8.18897e-02    8.26667e-05
 658.599    8.44553e-02    8.43589e-02    9.64373e-05
 659.425    8.65013e-02    8.61466e-02    3.54651e-04
 660.251    8.74277e-02    8.72476e-02    1.80138e-04
 661.077    8.78526e-02    8.79212e-02   -6.86414e-05
 661.903    8.80953e-02    8.82344e-02   -1.39133e-04
 662.728    8.82478e-02    8.81779e-02    6.98956e-05
 663.554    8.82051e-02    8.79094e-02    2.95730e-04
 664.380    8.74607e-02    8.76875e-02   -2.26805e-04
 665.206    8.76948e-02    8.76121e-02    8.27492e-05
 666.031    8.75165e-02    8.75876e-02   -7.10579e-05
 666.857    8.73335e-02    8.75572e-02   -2.23668e-04
 667.683    8.78757e-02    8.75837e-02    2.91997e-04
 668.508    8.75070e-02    8.76483e-02   -1.41313e-04
 669.334    8.75526e-02    8.75888e-02   -3.62155e-05
 670.159    8.72927e-02    8.73258e-02   -3.31188e-05
 670.985    8.67268e-02    8.69894e-02   -2.62612e-04
 671.811    8.67036e-02    8.67611e-02   -5.75440e-05
 672.636    8.66061e-02    8.66794e-02   -7.33354e-05
 673.462    8.67955e-02    8.66449e-02    1.50643e-04
 674.287    8.64755e-02    8.65777e-02   -1.02233e-04
 675.113    8.62549e-02    8.64962e-02   -2.41299e-04
 675.938    8.60616e-02    8.64266e-02   -3.65017e-04
 676.763    8.63114e-02    8.63443e-02   -3.29343e-05
 677.589    8.63026e-02    8.62047e-02    9.79331e-05
 678.414    8.58963e-02    8.59611e-02   -6.48393e-05
 679.239    8.56610e-02    8.56189e-02    4.20787e-05
 680.065    8.50702e-02    8.52727e-02   -2.02451e-04
 680.890    8.49681e-02    8.50116e-02   -4.34579e-05
 681.715    8.45906e-02    8.48221e-02   -2.31476e-04
 682.541    8.43451e-02    8.45985e-02   -2.53409e-04
 683.366    8.43129e-02    8.41833e-02    1.29572e-04
 684.191    8.32518e-02    8.33292e-02   -7.73794e-05
 685.016    8.17470e-02    8.16946e-02    5.23773e-05
 685.841    7.91962e-02    7.92015e-02   -5.34422e-06
 686.666    7.67652e-02    7.64794e-02    2.85848e-04
 687.491    7.45270e-02    7.45282e-02   -1.24118e-06
 688.316    7.37839e-02    7.38284e-02   -4.45428e-05
 689.141    7.42837e-02    7.41286e-02    1.55055e-04
 689.966    7.48748e-02    7.49140e-02   -3.92173e-05
 690.791    7.56803e-02    7.56811e-02   -7.82817e-07
 691.616    7.59724e-02    7.60198e-02   -4.73669e-05
 692.441    7.55669e-02    7.57982e-02   -2.31319e-04
 693.266    7.49507e-02    7.52647e-02   -3.14018e-04
 694.091    7.47461e-02    7.48865e-02   -1.40380e-04
 694.916    7.51840e-02    7.50398e-02    1.44225e-04
 695.741    7.56193e-02    7.57345e-02   -1.15222e-04
 696.565    7.66211e-02    7.65272e-02    9.39085e-05
 697.390    7.67192e-02    7.68211e-02   -1.01863e-04
 698.215    7.66514e-02    7.63836e-02    2.67767e-04
 699.039    7.56498e-02    7.54716e-02    1.78225e-04
 699.864    7.45749e-02    7.44971e-02    7.77998e-05
 700.689    7.36839e-02    7.38173e-02   -1.33429e-04
 701.513    7.36515e-02    7.37229e-02   -7.14337e-05
 702.338    7.43839e-02    7.42527e-02    1.31201e-04
 703.162    7.51037e-02    7.50394e-02    6.43292e-05
 703.987    7.56885e-02    7.55914e-02    9.70698e-05
 704.811    7.55664e-02    7.57221e-02   -1.55732e-04
 705.635    7.55362e-02    7.56128e-02   -7.66034e-05
 706.460    7.55807e-02    7.55528e-02    2.79301e-05
 707.284    7.58937e-02    7.56635e-02    2.30229e-04
 708.108    7.59502e-02    7.58338e-02    1.16415e-04
 708.933    7.58791e-02    7.59293e-02   -5.01951e-05
 709.757    7.58491e-02    7.59571e-02   -1.08009e-04
 710.581    7.57859e-02    7.59508e-02   -1.64931e-04
 711.405    7.58151e-02    7.58607e-02   -4.55757e-05
 712.229    7.54820e-02    7.56164e-02   -1.34441e-04
 713.053    7.51647e-02    7.51539e-02    1.07537e-05
 713.877    7.44805e-02    7.43425e-02    1.38022e-04
 714.701    7.25405e-02    7.29742e-02   -4.33698e-04
 715.525    7.10245e-02    7.08245e-02    2.00005e-04
 716.349    6.77479e-02    6.78310e-02   -8.30559e-05
 717.173    6.44429e-02    6.43891e-02    5.38157e-05
 717.997    6.11331e-02    6.13487e-02   -2.15616e-04
 718.820    5.96292e-02    5.95985e-02    3.06877e-05
 719.644    5.97242e-02    5.96816e-02    4.25547e-05
 720.468    6.11786e-02    6.14429e-02   -2.64263e-04
 721.291    6.39080e-02    6.37913e-02    1.16704e-04
 722.115    6.56758e-02    6.52827e-02    3.93111e-04
 722.939    6.50773e-02    6.52407e-02   -1.63430e-04
 723.762    6.40220e-02    6.41575e-02   -1.35495e-04
 724.586    6.30559e-02    6.30007e-02    5.52402e-05
 725.409    6.23390e-02    6.23346e-02    4.44176e-06
 726.232    6.21803e-02    6.21031e-02    7.71524e-05
 727.056    6.19926e-02    6.19887e-02    3.93821e-06
 727.879    6.17444e-02    6.18363e-02   -9.19266e-05
 728.702    6.19882e-02    6.17727e-02    2.15460e-04
 729.525    6.20924e-02    6.20068e-02    8.55634e-05
 730.348    6.28075e-02    6.26897e-02    1.17781e-04
 731.171    6.38907e-02    6.39371e-02   -4.63588e-05
 731.994    6.57141e-02    6.56951e-02    1.89598e-05
 732.817    6.77337e-02    6.75798e-02    1.53930e-04
 733.640    6.91348e-02    6.90313e-02    1.03469e-04
 734.463    6.97805e-02    6.96983e-02    8.21894e-05
 735.286    6.99563e-02    6.97152e-02    2.41051e-04
 736.109    6.96738e-02    6.95635e-02    1.10319e-04
 736.932    6.98271e-02    6.95849e-02    2.42198e-04
 737.754    7.01820e-02    6.97476e-02    4.34372e-04
 738.577    7.00880e-02    6.99226e-02    1.65399e-04
 739.399    7.01472e-02    7.01230e-02    2.41663e-05
 740.222    7.04164e-02    7.03952e-02    2.12190e-05
 741.044    7.07603e-02    7.07471e-02    1.32027e-05
 741.867    7.12016e-02    7.12336e-02   -3.19886e-05
 742.689    7.18277e-02    7.18620e-02   -3.42542e-05
 743.511    7.22436e-02    7.24553e-02   -2.11676e-04
 744.334    7.27626e-02    7.28389e-02   -7.62554e-05
 745.156    7.27642e-02    7.30702e-02   -3.05962e-04
 745.978    7.29274e-02    7.32832e-02   -3.55843e-04
 746.800    7.34811e-02    7.34390e-02    4.21039e-05
 747.622    7.33346e-02    7.34051e-02   -7.04864e-05
 748.444    7.31750e-02    7.31636e-02    1.14229e-05
 749.266    7.28182e-02    7.28289e-02   -1.06647e-05
 750.088    7.31825e-02    7.25602e-02    6.22264e-04
 750.909    7.26534e-02    7.24759e-02    1.77505e-04
 751.731    7.28284e-02    7.25751e-02    2.53254e-04
 752.553    7.25420e-02    7.27564e-02   -2.14448e-04
 753.374    7.28527e-02    7.29038e-02   -5.11292e-05
 754.196    7.26773e-02    7.29123e-02   -2.35049e-04
 755.017    7.26305e-02    7.27082e-02   -7.77457e-05
 755.839    7.20601e-02    7.22280e-02   -1.67946e-04
 756.660    7.12459e-02    7.10854e-02    1.60501e-04
 757.481    6.78843e-02    6.81047e-02   -2.20360e-04
 758.302    6.18776e-02    6.17180e-02    1.59636e-04
 759.123    5.18279e-02    5.18816e-02   -5.36984e-05
 759.945    4.18067e-02    4.16799e-02    1.26793e-04
 760.765    3.51814e-02    3.53616e-02   -1.80181e-04
 761.586    3.43989e-02    3.42766e-02    1.22333e-04
 762.407    3.65272e-02    3.63297e-02    1.97477e-04
 763.228    3.93620e-02    3.93388e-02    2.32131e-05
 764.049    4.29278e-02    4.29501e-02   -2.23360e-05
 764.869    4.75447e-02    4.74262e-02    1.18548e-04
 765.690    5.28107e-02    5.24356e-02    3.75099e-04
 766.510    5.67520e-02    5.73046e-02   -5.52625e-04
 767.331    6.13011e-02    6.15109e-02   -2.09764e-04
 768.151    6.46584e-02    6.47572e-02   -9.88395e-05
 768.971    6.69257e-02    6.69531e-02   -2.74097e-05
 769.792    6.89278e-02    6.82463e-02    6.81510e-04
 770.612    6.89377e-02    6.89140e-02    2.36868e-05
 771.432    6.90305e-02    6.92065e-02   -1.76005e-04
 772.252    6.98457e-02    6.92858e-02    5.59856e-04
 773.072    6.88865e-02    6.92367e-02   -3.50198e-04
 773.892    6.90552e-02    6.91192e-02   -6.40497e-05
 774.711    6.90621e-02    6.90497e-02    1.23659e-05
 775.531    6.92271e-02    6.91365e-02    9.05738e-05
 776.351    6.94667e-02    6.93124e-02    1.54278e-04
 777.170    6.95144e-02    6.94035e-02    1.10889e-04
 777.989    6.88530e-02    6.93408e-02   -4.87840e-04
 778.809    6.88038e-02    6.91732e-02   -3.69353e-04
 779.628    6.86295e-02    6.89737e-02   -3.44186e-04
 780.447    6.83390e-02    6.88005e-02   -4.61507e-04
 781.266    6.87225e-02    6.86547e-02    6.78158e-05
 782.085    6.84949e-02    6.84744e-02    2.04835e-05
 782.904    6.86555e-02    6.82270e-02    4.28509e-04
 783.723    6.75848e-02    6.79366e-02   -3.51773e-04
 784.542    6.80626e-02    6.75965e-02    4.66112e-04
 785.361    6.69833e-02    6.71640e-02   -1.80662e-04
 786.179    6.70492e-02    6.66330e-02    4.16168e-04
 786.998    6.61408e-02    6.60196e-02    1.21247e-04
 787.816    6.51258e-02    6.53350e-02   -2.09202e-04
 788.634    6.48960e-02    6.46299e-02    2.66052e-04
 789.453    6.33708e-02    6.39963e-02   -6.25451e-04
 790.271    6.34261e-02    6.35009e-02   -7.47936e-05
 791.089    6.29322e-02    6.31598e-02   -2.27613e-04
 791.907    6.24064e-02    6.29703e-02   -5.63931e-04
 792.725    6.33891e-02    6.28993e-02    4.89762e-04
 793.542    6.30083e-02    6.28406e-02    1.67696e-04
 794.360    6.22777e-02    6.26907e-02   -4.13046e-04
 795.178    6.20295e-02    6.24973e-02   -4.67837e-04
 795.995    6.24453e-02    6.24357e-02    9.59885e-06
 796.813    6.28960e-02    6.25845e-02    3.11519e-04
 797.630    6.24239e-02    6.27807e-02   -3.56844e-04
 798.447    6.19794e-02    6.27668e-02   -7.87448e-04
 799.264    6.22082e-02    6.24783e-02   -2.70082e-04
 800.081    6.20926e-02    6.21095e-02   -1.69402e-05
 800.898    6.18689e-02    6.18579e-02    1.09539e-05
 801.715    6.13867e-02    6.17344e-02   -3.47696e-04
 802.532    6.18361e-02    6.16770e-02    1.59110e-04
 803.348    6.18653e-02    6.16917e-02    1.73612e-04
 804.165    6.17201e-02    6.18209e-02   -1.00846e-04
 804.981    6.18296e-02    6.20688e-02   -2.39191e-04
 805.797    6.26370e-02    6.23410e-02    2.95998e-04
 806.614    6.25783e-02    6.24451e-02    1.33165e-04
 807.430    6.25743e-02    6.22363e-02    3.37983e-04
 808.246    6.21294e-02    6.17508e-02    3.78624e-04
 809.062    6.06417e-02    6.11600e-02   -5.18262e-04
 809.877    6.08723e-02    6.06057e-02    2.66598e-04
 810.693    5.98629e-02    6.00739e-02   -2.11011e-04
 811.509    5.87720e-02    5.94275e-02   -6.55506e-04
 812.324    5.86162e-02    5.85469e-02    6.92723e-05
 813.139    5.74891e-02    5.74050e-02    8.41102e-05
 813.955    5.64184e-02    5.60484e-02    3.70002e-04
 814.770    5.40786e-02    5.46084e-02   -5.29781e-04
 815.585    5.38571e-02    5.33178e-02    5.39304e-04
 816.400    5.22909e-02    5.23970e-02   -1.06092e-04
 817.215    5.22265e-02    5.19031e-02    3.23388e-04
 818.029    5.17360e-02    5.17842e-02   -4.81661e-05
 818.844    5.21902e-02    5.20438e-02    1.46410e-04
 819.658    5.30792e-02    5.26395e-02    4.39728e-04
 820.473    5.28635e-02    5.32093e-02   -3.45791e-04
 821.287    5.35829e-02    5.32461e-02    3.36760e-04
 822.101    5.30454e-02    5.27767e-02    2.68700e-04
 822.915    5.28968e-02    5.25422e-02    3.54558e-04
 823.729    5.30516e-02    5.31597e-02   -1.08116e-04
 824.542    5.41727e-02    5.43730e-02   -2.00334e-04
 825.356    5.54097e-02    5.54000e-02    9.68546e-06
 826.169    5.54360e-02    5.57450e-02   -3.09003e-04
 826.983    5.55857e-02    5.54781e-02    1.07552e-04
 827.796    5.54971e-02    5.49757e-02    5.21371e-04
 828.609    5.46416e-02    5.45663e-02    7.53238e-05
 829.422    5.46335e-02    5.43456e-02    2.87921e-04
 830.235    5.36252e-02    5.42536e-02   -6.28351e-04
 831.048    5.44032e-02    5.42404e-02    1.62829e-04
 831.860    5.37032e-02    5.43072e-02   -6.04012e-04
 832.673    5.48493e-02    5.44911e-02    3.58239e-04
 833.485    5.46869e-02    5.48451e-02   -1.58215e-04
 834.297    5.53270e-02    5.53426e-02   -1.55847e-05
 835.110    5.58725e-02    5.58337e-02    3.87632e-05
 835.922    5.65031e-02    5.61687e-02    3.34429e-04
 836.733    5.63334e-02    5.63163e-02    1.71453e-05
 837.545    5.60580e-02    5.63396e-02   -2.81563e-04
 838.357    5.70571e-02    5.63312e-02    7.25935e-04
 839.168    5.68360e-02    5.63800e-02    4.55986e-04
 839.979    5.69048e-02    5.65095e-02    3.95298e-04
 840.791    5.65331e-02    5.66573e-02   -1.24238e-04
 841.602    5.65513e-02    5.67671e-02   -2.15816e-04
 842.412    5.66795e-02    5.68473e-02   -1.67849e-04
 843.223    5.67056e-02    5.69434e-02   -2.37833e-04
 844.034    5.74503e-02    5.70968e-02    3.53472e-04
 844.844    5.70402e-02    5.72865e-02   -2.46315e-04
 845.655    5.79001e-02    5.74119e-02    4.88219e-04
 846.465    5.72091e-02    5.73935e-02   -1.84378e-04
 847.275    5.77781e-02    5.72004e-02    5.77654e-04
 848.085    5.67715e-02    5.67335e-02    3.79682e-05
 848.894    5.60353e-02    5.59438e-02    9.15326e-05
 849.704    5.49316e-02    5.51410e-02   -2.09373e-04
 850.513    5.50228e-02    5.47336e-02    2.89234e-04
 851.323    5.46228e-02    5.45522e-02    7.06164e-05
 852.132    5.36050e-02    5.39384e-02   -3.33360e-04
 852.941    5.22221e-02    5.26378e-02   -4.15702e-04
 853.750    5.12026e-02    5.13607e-02   -1.58147e-04
 854.559    5.09416e-02    5.12183e-02   -2.76687e-04
 855.367    5.25467e-02    5.25106e-02    3.61397e-05
 856.175    5.47216e-02    5.43976e-02    3.23996e-04
 856.984    5.58880e-02    5.58499e-02    3.80718e-05
 857.792    5.64572e-02    5.65167e-02   -5.95108e-05
 858.600    5.60851e-02    5.66410e-02   -5.55884e-04
 859.408    5.67793e-02    5.65579e-02    2.21437e-04
 860.215    5.63283e-02    5.64603e-02   -1.32031e-04
 861.023    5.66728e-02    5.64356e-02    2.37239e-04
 861.830    5.71622e-02    5.64988e-02    6.63394e-04
 862.637    5.67921e-02    5.65282e-02    2.63903e-04
 863.444    5.58151e-02    5.62165e-02   -4.01360e-04
 864.251    5.50282e-02    5.52302e-02   -2.01995e-04
 865.058    5.40268e-02    5.36247e-02    4.02067e-04
 865.864    5.23525e-02    5.21002e-02    2.52320e-04
 866.670    5.14512e-02    5.15096e-02   -5.84276e-05
 867.477    5.20686e-02    5.20207e-02    4.79425e-05
 868.283    5.26786e-02    5.30742e-02   -3.95629e-04
 869.089    5.40849e-02    5.40862e-02   -1.30790e-06
 869.894    5.51843e-02    5.48216e-02    3.62665e-04
 870.700    5.54619e-02    5.52440e-02    2.17896e-04
 871.505    5.52232e-02    5.53773e-02   -1.54066e-04
 872.310    5.47494e-02    5.52833e-02   -5.33947e-04
 873.115    5.51581e-02    5.50344e-02    1.23721e-04
 873.920    5.47106e-02    5.47301e-02   -1.94516e-05
 874.725    5.44492e-02    5.45117e-02   -6.25192e-05
 875.529    5.49419e-02    5.44707e-02    4.71160e-04
 876.333    5.44212e-02    5.45527e-02   -1.31483e-04
 877.138    5.48059e-02    5.46061e-02    1.99761e-04
 877.941    5.44933e-02    5.45147e-02   -2.14460e-05
 878.745    5.46061e-02    5.42430e-02    3.63127e-04
 879.549    5.41508e-02    5.38176e-02    3.33216e-04
 880.352    5.32547e-02    5.33664e-02   -1.11691e-04
 881.155    5.27105e-02    5.30873e-02   -3.76801e-04
 881.958    5.27981e-02    5.30522e-02   -2.54138e-04
 882.761    5.29579e-02    5.31370e-02   -1.79114e-04
 883.564    5.30842e-02    5.31762e-02   -9.20132e-05
 884.366    5.34231e-02    5.30625e-02    3.60643e-04
 885.169    5.27387e-02    5.27714e-02   -3.27191e-05
 885.971    5.29789e-02    5.24268e-02    5.52070e-04
 886.773    5.26737e-02    5.22519e-02    4.21805e-04
 887.575    5.20467e-02    5.23520e-02   -3.05313e-04
 888.376    5.24795e-02    5.25944e-02   -1.14917e-04
 889.177    5.28407e-02    5.27369e-02    1.03798e-04
 889.979    5.21545e-02    5.26054e-02   -4.50891e-04
 890.780    5.18220e-02    5.21270e-02   -3.05024e-04
 891.580    5.16411e-02    5.12903e-02    3.50832e-04
 892.381    5.00032e-02    5.01538e-02   -1.50625e-04
 893.181    4.84843e-02    4.88229e-02   -3.38625e-04
 893.982    4.73160e-02    4.73502e-02   -3.41538e-05
 894.782    4.59861e-02    4.57449e-02    2.41237e-04
 895.581    4.40686e-02    4.40671e-02    1.54804e-06
 896.381    4.34569e-02    4.24012e-02    1.05574e-03
 897.180    4.14219e-02    4.07919e-02    6.30009e-04
 897.980    3.93622e-02    3.92673e-02    9.48791e-05
 898.778    3.80188e-02    3.78862e-02    1.32621e-04
 899.577    3.71103e-02    3.67598e-02    3.50476e-04
 900.376    3.60740e-02    3.60748e-02   -7.64082e-07
 901.174    3.59231e-02    3.61189e-02   -1.95754e-04
 901.972    3.73352e-02    3.71334e-02    2.01759e-04
 902.770    3.92520e-02    3.89465e-02    3.05545e-04
 903.568    4.08490e-02    4.08395e-02    9.51231e-06
 904.366    4.18007e-02    4.19654e-02   -1.64719e-04
 905.163    4.14406e-02    4.19060e-02   -4.65423e-04
 905.960    4.12218e-02    4.08238e-02    3.98019e-04
 906.757    3.96652e-02    3.92195e-02    4.45734e-04
 907.554    3.70736e-02    3.76368e-02   -5.63205e-04
 908.350    3.74206e-02    3.64877e-02    9.32894e-04
 909.146    3.60542e-02    3.59445e-02    1.09746e-04
 909.942    3.58043e-02    3.58832e-02   -7.89255e-05
 910.738    3.60275e-02    3.59736e-02    5.38878e-05
 911.534    3.52999e-02    3.59239e-02   -6.23954e-04
 912.329    3.57943e-02    3.57071e-02    8.71627e-05
 913.124    3.46616e-02    3.55366e-02   -8.74969e-04
 913.919    3.56962e-02    3.56040e-02    9.22085e-05
 914.714    3.61848e-02    3.58996e-02    2.85156e-04
 915.508    3.65463e-02    3.63011e-02    2.45249e-04
 916.303    3.67530e-02    3.67646e-02   -1.15882e-05
 917.097    3.87878e-02    3.73908e-02    1.39697e-03
 917.890    3.83626e-02    3.82939e-02    6.87079e-05
 918.684    3.81510e-02    3.93813e-02   -1.23026e-03
 919.477    4.04330e-02    4.03130e-02    1.20039e-04
 920.270    4.19486e-02    4.07487e-02    1.19993e-03
 921.063    4.02936e-02    4.06056e-02   -3.12012e-04
 921.856    4.13153e-02    4.00627e-02    1.25259e-03
 922.648    3.87068e-02    3.94053e-02   -6.98453e-04
 923.441    3.89347e-02    3.88630e-02    7.17174e-05
 924.232    3.68943e-02    3.84742e-02   -1.57989e-03
 925.024    3.82063e-02    3.80929e-02    1.13398e-04
 925.816    3.78461e-02    3.75357e-02    3.10351e-04
 926.607    3.65204e-02    3.66494e-02   -1.28977e-04
 927.398    3.57044e-02    3.52729e-02    4.31473e-04
 928.188    3.33573e-02    3.32843e-02    7.30224e-05
 928.979    3.21748e-02    3.07056e-02    1.46918e-03
 929.769    2.81632e-02    2.76948e-02    4.68426e-04
 930.559    2.32027e-02    2.44568e-02   -1.25405e-03
 931.349    2.11176e-02    2.12115e-02   -9.38963e-05
 932.138    1.79380e-02    1.82049e-02   -2.66906e-04
 932.928    1.67728e-02    1.56789e-02    1.09387e-03
 933.717    1.41447e-02    1.38195e-02    3.25246e-04
 934.505    1.27951e-02    1.27253e-02    6.97648e-05
 935.294    1.26525e-02    1.24048e-02    2.47696e-04
 936.082    1.31748e-02    1.28681e-02    3.06715e-04
 936.870    1.43667e-02    1.42485e-02    1.18188e-04
 937.658    1.65236e-02    1.66527e-02   -1.29076e-04
 938.445    1.98561e-02    1.97165e-02    1.39642e-04
 939.232    2.29172e-02    2.24646e-02    4.52594e-04
 940.019    2.39252e-02    2.38838e-02    4.13763e-05
 940.806    2.42777e-02    2.36208e-02    6.56903e-04
 941.593    2.20385e-02    2.20965e-02   -5.80186e-05
 942.379    2.01326e-02    2.01359e-02   -3.29676e-06
 943.165    1.83205e-02    1.85280e-02   -2.07544e-04
 943.950    1.76349e-02    1.77107e-02   -7.57770e-05
 944.736    1.76430e-02    1.76800e-02   -3.70031e-05
 945.521    1.81066e-02    1.81619e-02   -5.52566e-05
 946.305    1.90417e-02    1.88712e-02    1.70455e-04
 947.090    1.97800e-02    1.96098e-02    1.70205e-04
 947.874    2.01163e-02    2.02513e-02   -1.34982e-04
 948.658    2.06851e-02    2.07581e-02   -7.29861e-05
 949.442    2.12236e-02    2.11768e-02    4.67975e-05
 950.226    2.15961e-02    2.15380e-02    5.81301e-05
 951.009    2.17997e-02    2.18149e-02   -1.51706e-05
 951.792    2.18735e-02    2.20301e-02   -1.56593e-04
 952.574    2.26232e-02    2.22693e-02    3.53936e-04
 953.357    2.26651e-02    2.25219e-02    1.43180e-04
 954.139    2.27892e-02    2.27219e-02    6.73118e-05
 954.920    2.34194e-02    2.30168e-02    4.02567e-04
 955.702    2.37854e-02    2.37272e-02    5.81839e-05
 956.483    2.48366e-02    2.49131e-02   -7.64531e-05
 957.264    2.61580e-02    2.61825e-02   -2.44780e-05
 958.045    2.70181e-02    2.70520e-02   -3.38792e-05
 958.825    2.70045e-02    2.73631e-02   -3.58619e-04
 959.605    2.75532e-02    2.73095e-02    2.43735e-04
 960.385    2.72816e-02    2.72175e-02    6.40595e-05
 961.164    2.74437e-02    2.73636e-02    8.01225e-05
 961.943    2.80414e-02    2.78535e-02    1.87949e-04
 962.722    2.84793e-02    2.85597e-02   -8.04079e-05
 963.501    2.92451e-02    2.92267e-02    1.83669e-05
 964.279    2.96209e-02    2.97180e-02   -9.70627e-05
 965.057    2.99625e-02    3.01640e-02   -2.01480e-04
 965.835    3.07108e-02    3.08639e-02   -1.53061e-04
 966.612    3.21758e-02    3.20237e-02    1.52115e-04
 967.389    3.30483e-02    3.35499e-02   -5.01605e-04
 968.166    3.54116e-02    3.50928e-02    3.18771e-04
 968.943    3.63867e-02    3.62916e-02    9.51215e-05
 969.719    3.69148e-02    3.69730e-02   -5.82283e-05
 970.495    3.75080e-02    3.71617e-02    3.46337e-04
 971.270    3.71343e-02    3.69573e-02    1.76990e-04
 972.046    3.62634e-02    3.64445e-02   -1.81118e-04
 972.821    3.58582e-02    3.57209e-02    1.37324e-04
 973.595    3.44680e-02    3.49724e-02   -5.04386e-04
 974.369    3.40184e-02    3.44490e-02   -4.30557e-04
 975.143    3.41715e-02    3.43228e-02   -1.51257e-04
 975.917    3.48217e-02    3.45726e-02    2.49060e-04
 976.690    3.53020e-02    3.50222e-02    2.79798e-04
 977.464    3.58039e-02    3.55032e-02    3.00740e-04
 978.236    3.64326e-02    3.59768e-02    4.55793e-04
 979.009    3.60534e-02    3.65031e-02   -4.49664e-04
 979.781    3.71851e-02    3.70964e-02    8.87424e-05
 980.552    3.79439e-02    3.76616e-02    2.82309e-04
 981.324    3.81304e-02    3.81124e-02    1.79771e-05
 982.095    3.80380e-02    3.84840e-02   -4.46039e-04
 982.866    3.87301e-02    3.88721e-02   -1.41997e-04
 983.636    3.95446e-02    3.93154e-02    2.29192e-04
 984.406    3.99303e-02    3.97820e-02    1.48292e-04
 985.176    3.97035e-02    4.02243e-02   -5.20773e-04
 985.946    4.05731e-02    4.05993e-02   -2.62292e-05
 986.715    4.04951e-02    4.08573e-02   -3.62225e-04
 987.484    4.13666e-02    4.09691e-02    3.97537e-04
 988.252    4.06438e-02    4.09774e-02   -3.33591e-04
 989.020    4.11969e-02    4.09851e-02    2.11775e-04
 989.788    4.10794e-02    4.10654e-02    1.39847e-05
 990.555    4.12006e-02    4.12011e-02   -5.44375e-07
 991.322    4.18180e-02    4.13295e-02    4.88481e-04
 992.089    4.16093e-02    4.14243e-02    1.84972e-04
 992.855    4.14092e-02    4.15072e-02   -9.79734e-05
 993.622    4.17245e-02    4.15929e-02    1.31585e-04
 994.387    4.16083e-02    4.16613e-02   -5.30205e-05
 995.153    4.16929e-02    4.16850e-02    7.88744e-06
 995.918    4.24195e-02    4.16553e-02    7.64214e-04
 996.682    4.19779e-02    4.15769e-02    4.00981e-04
 997.447    4.14050e-02    4.14586e-02   -5.35691e-05
 998.210    4.14560e-02    4.13130e-02    1.42995e-04
 998.974    4.12583e-02    4.11527e-02    1.05631e-04
 999.737    4.13791e-02    4.09820e-02    3.97114e-04
1000.500    4.14759e-02    4.07922e-02    6.83664e-04
1001.263    4.10970e-02    4.05679e-02    5.29094e-04
1002.025    4.04820e-02    4.02940e-02    1.87967e-04
1002.787    3.95266e-02    3.99562e-02   -4.29613e-04
1003.548    3.94478e-02    3.95610e-02   -1.13189e-04
1004.309    3.89097e-02    3.91935e-02   -2.83799e-04
1005.070    3.86971e-02    3.90096e-02   -3.12528e-04
1005.830    3.88361e-02    3.90852e-02   -2.49121e-04
1006.590    3.92404e-02    3.93054e-02   -6.50428e-05
1007.350    3.92066e-02    3.94753e-02   -2.68733e-04
1008.109    4.01187e-02    3.95103e-02    6.08421e-04
1008.868    3.93639e-02    3.94748e-02   -1.10946e-04
1009.626    3.90239e-02    3.94724e-02   -4.48486e-04
1010.384    3.98503e-02    3.95422e-02    3.08147e-04
1011.142    4.02772e-02    3.96512e-02    6.26045e-04
1011.899    4.00679e-02    3.97490e-02    3.18908e-04
1012.656    4.02239e-02    3.98062e-02    4.17657e-04
1013.413    3.99440e-02    3.98133e-02    1.30723e-04
1014.169    3.91778e-02    3.97740e-02   -5.96171e-04
1014.924    3.95561e-02    3.97098e-02   -1.53668e-04
1015.680    4.00963e-02    3.96490e-02    4.47347e-04
1016.435    3.96971e-02    3.95978e-02    9.93305e-05
1017.190    3.95047e-02    3.95293e-02   -2.46389e-05
1017.944    3.98715e-02    3.94110e-02    4.60465e-04
1018.698    3.90228e-02    3.92481e-02   -2.25297e-04
1019.451    3.96865e-02    3.90890e-02    5.97546e-04
1020.204    3.88348e-02    3.89717e-02   -1.36944e-04
1020.957    3.78513e-02    3.88880e-02   -1.03666e-03
1021.709    3.88692e-02    3.88182e-02    5.10175e-05
1022.461    3.92311e-02    3.87661e-02    4.64961e-04
1023.212    3.92550e-02    3.87434e-02    5.11618e-04
