   630.512         9.097780e-02         7.449264e-06         1.616914e-01         1.508659e-02        -1.527619e-03
   631.338         9.174220e-02         7.574968e-06         1.612334e-01         1.504249e-02        -1.527334e-03
   632.164         8.890290e-02         7.113353e-06         1.611570e-01         1.503403e-02        -1.529332e-03
   632.991         8.926530e-02         7.171464e-06         1.615837e-01         1.507063e-02        -1.535277e-03
   633.817         8.938720e-02         7.191064e-06         1.620308e-01         1.510760e-02        -1.540937e-03
   634.643         9.213520e-02         7.640006e-06         1.621160e-01         1.511095e-02        -1.543046e-03
   635.470         8.955440e-02         7.217992e-06         1.620898e-01         1.510483e-02        -1.544254e-03
   636.296         9.008730e-02         7.304149e-06         1.624709e-01         1.513749e-02        -1.549563e-03
   637.122         9.214650e-02         7.641880e-06         1.633014e-01         1.521267e-02        -1.559301e-03
   637.948         9.179430e-02         7.583574e-06         1.639447e-01         1.527102e-02        -1.567220e-03
   638.775         9.195190e-02         7.609637e-06         1.638062e-01         1.525662e-02        -1.567229e-03
   639.601         8.965110e-02         7.233588e-06         1.630278e-01         1.518211e-02        -1.560012e-03
   640.427         8.814580e-02         6.992714e-06         1.622331e-01         1.510621e-02        -1.551100e-03
   641.253         9.128480e-02         7.499623e-06         1.618230e-01         1.506786e-02        -1.544620e-03
   642.079         9.010510e-02         7.307036e-06         1.617451e-01         1.506337e-02        -1.540802e-03
   642.905         9.068390e-02         7.401213e-06         1.616975e-01         1.506522e-02        -1.537361e-03
   643.732         9.254970e-02         7.708902e-06         1.613103e-01         1.503987e-02        -1.531121e-03
   644.558         9.114400e-02         7.476506e-06         1.603135e-01         1.496393e-02        -1.519800e-03
   645.384         8.908040e-02         7.141786e-06         1.587786e-01         1.484486e-02        -1.504168e-03
   646.210         8.738170e-02         6.872005e-06         1.572095e-01         1.472628e-02        -1.488574e-03
   647.036         8.671830e-02         6.768057e-06         1.561250e-01         1.464911e-02        -1.477091e-03
   647.862         8.644900e-02         6.726087e-06         1.555450e-01         1.460774e-02        -1.469255e-03
   648.688         8.664170e-02         6.756106e-06         1.551506e-01         1.456984e-02        -1.462199e-03
   649.514         8.691910e-02         6.799437e-06         1.549279e-01         1.453908e-02        -1.456898e-03
   650.340         8.762210e-02         6.909869e-06         1.552318e-01         1.455787e-02        -1.458053e-03
   651.166         8.743110e-02         6.879778e-06         1.560722e-01         1.463241e-02        -1.466220e-03
   651.992         8.813250e-02         6.990604e-06         1.568746e-01         1.470683e-02        -1.475330e-03
   652.818         8.780050e-02         6.938035e-06         1.568582e-01         1.470490e-02        -1.477244e-03
   653.644         8.713280e-02         6.832912e-06         1.551824e-01         1.454879e-02        -1.463798e-03
   654.470         8.392800e-02         6.339518e-06         1.514188e-01         1.419916e-02        -1.430795e-03
   655.296         8.187940e-02         6.033813e-06         1.466969e-01         1.375882e-02        -1.388480e-03
   656.122         8.062470e-02         5.850308e-06         1.437530e-01         1.348050e-02        -1.362402e-03
   656.948         8.046760e-02         5.827531e-06         1.446190e-01         1.355393e-02        -1.371865e-03
   657.774         8.292660e-02         6.189139e-06         1.484756e-01         1.390452e-02        -1.409433e-03
   658.599         8.555840e-02         6.588216e-06         1.527490e-01         1.429372e-02        -1.451001e-03
   659.425         8.672390e-02         6.768931e-06         1.558082e-01         1.456995e-02        -1.481247e-03
   660.251         8.863080e-02         7.069877e-06         1.576403e-01         1.473208e-02        -1.500042e-03
   661.077         8.920910e-02         7.162437e-06         1.587260e-01         1.482583e-02        -1.511910e-03
   661.903         8.938120e-02         7.190099e-06         1.592076e-01         1.486584e-02        -1.518159e-03
   662.728         8.971710e-02         7.244242e-06         1.590724e-01         1.485127e-02        -1.518571e-03
   663.554         8.886230e-02         7.106858e-06         1.585821e-01         1.480521e-02        -1.515490e-03
   664.380         8.926130e-02         7.170822e-06         1.581775e-01         1.476701e-02        -1.513036e-03
   665.206         8.875290e-02         7.089370e-06         1.580281e-01         1.475161e-02        -1.512927e-03
   666.031         8.887870e-02         7.109481e-06         1.579646e-01         1.474351e-02        -1.513745e-03
   666.857         8.885950e-02         7.106410e-06         1.578892e-01         1.473410e-02        -1.514642e-03
   667.683         8.901370e-02         7.131095e-06         1.579185e-01         1.473458e-02        -1.516628e-03
   668.508         8.843510e-02         7.038690e-06         1.580261e-01         1.474317e-02        -1.519365e-03
   669.334         8.878050e-02         7.093779e-06         1.579270e-01         1.473410e-02        -1.520233e-03
  1503.952         1.014790e-02         9.268189e-08         1.867308e-02         1.271912e-03        -9.327424e-04
  1509.148         1.173810e-02         1.240047e-07         2.128010e-02         1.458260e-03        -1.029932e-03
  1514.333         1.228810e-02         1.358977e-07         2.200592e-02         1.521736e-03        -1.037171e-03
  1519.509         1.290740e-02         1.499409e-07         2.319199e-02         1.628200e-03        -1.067190e-03
  1524.675         1.337180e-02         1.609245e-07         2.371396e-02         1.668389e-03        -1.059920e-03
  1529.831         1.325020e-02         1.580110e-07         2.380482e-02         1.696578e-03        -1.036566e-03
  1534.978         1.362070e-02         1.669711e-07         2.434190e-02         1.765746e-03        -1.041414e-03
  1540.114         1.387820e-02         1.733440e-07         2.445419e-02         1.784640e-03        -1.023835e-03
  1545.242         1.429120e-02         1.838146e-07         2.518705e-02         1.857182e-03        -1.028232e-03
  1550.360         1.408190e-02         1.784699e-07         2.511603e-02         1.867292e-03        -1.000007e-03
  1555.468         1.404390e-02         1.775080e-07         2.482967e-02         1.866224e-03        -9.751358e-04
  1560.567         1.425130e-02         1.827896e-07         2.520133e-02         1.898111e-03        -9.734658e-04
  1565.657         1.375480e-02         1.702751e-07         2.459021e-02         1.872051e-03        -9.304837e-04
  1570.738         1.314950e-02         1.556184e-07         2.365460e-02         1.810235e-03        -8.911827e-04
  1575.809         1.269640e-02         1.450787e-07         2.280209e-02         1.749653e-03        -8.507618e-04
  1580.872         1.318320e-02         1.564171e-07         2.391408e-02         1.857903e-03        -8.871063e-04
  1585.926         1.328100e-02         1.587465e-07         2.424367e-02         1.894421e-03        -8.864618e-04
  1590.971         1.314400e-02         1.554883e-07         2.358218e-02         1.852004e-03        -8.512259e-04
  1596.007         1.296990e-02         1.513965e-07         2.403619e-02         1.893504e-03        -8.602178e-04
  1601.035         1.281410e-02         1.477810e-07         2.321203e-02         1.833164e-03        -8.238863e-04
  1606.054         1.286470e-02         1.489505e-07         2.331448e-02         1.836810e-03        -8.194437e-04
  1611.064         1.283430e-02         1.482473e-07         2.288174e-02         1.818518e-03        -8.010442e-04
  1616.066         1.282400e-02         1.480095e-07         2.330640e-02         1.865972e-03        -8.131203e-04
  1621.060         1.326680e-02         1.584072e-07         2.368116e-02         1.892883e-03        -8.199309e-04
  1626.045         1.336200e-02         1.606887e-07         2.426559e-02         1.943981e-03        -8.376777e-04
  1631.023         1.338530e-02         1.612496e-07         2.402207e-02         1.916326e-03        -8.204976e-04
  1635.992         1.276750e-02         1.467082e-07         2.324334e-02         1.884614e-03        -7.983012e-04
  1640.954         1.225390e-02         1.351423e-07         2.217036e-02         1.799639e-03        -7.628004e-04
  1645.907         1.243660e-02         1.392021e-07         2.259393e-02         1.825341e-03        -7.707821e-04
  1650.852         1.245890e-02         1.397018e-07         2.257124e-02         1.828310e-03        -7.669612e-04
  1655.790         1.248220e-02         1.402248e-07         2.267698e-02         1.839211e-03        -7.698476e-04
