   630.512         1.386940e-01         1.731242e-05         1.616914e-01         1.517250e-02        -1.562707e-03
   631.338         1.361060e-01         1.667236e-05         1.612334e-01         1.512814e-02        -1.562487e-03
   632.164         1.318280e-01         1.564076e-05         1.611570e-01         1.511985e-02        -1.564431e-03
   632.991         1.352180e-01         1.645552e-05         1.615837e-01         1.515681e-02        -1.570222e-03
   633.817         1.377750e-01         1.708376e-05         1.620308e-01         1.519401e-02        -1.575729e-03
   634.643         1.347670e-01         1.634593e-05         1.621160e-01         1.519730e-02        -1.577846e-03
   635.470         1.372400e-01         1.695134e-05         1.620898e-01         1.519108e-02        -1.579329e-03
   636.296         1.380980e-01         1.716395e-05         1.624709e-01         1.522396e-02        -1.585109e-03
   637.122         1.381390e-01         1.717414e-05         1.633014e-01         1.529979e-02        -1.595268e-03
   637.948         1.332500e-01         1.598001e-05         1.639447e-01         1.535883e-02        -1.603282e-03
   638.775         1.377360e-01         1.707409e-05         1.638062e-01         1.534473e-02        -1.603014e-03
   639.601         1.353660e-01         1.649156e-05         1.630278e-01         1.527008e-02        -1.595404e-03
   640.427         1.360670e-01         1.666281e-05         1.622331e-01         1.519385e-02        -1.586227e-03
   641.253         1.343580e-01         1.624686e-05         1.618230e-01         1.515526e-02        -1.579585e-03
   642.079         1.344460e-01         1.626815e-05         1.617451e-01         1.515075e-02        -1.575626e-03
   642.905         1.356080e-01         1.655058e-05         1.616975e-01         1.515255e-02        -1.572119e-03
   643.732         1.360240e-01         1.665228e-05         1.613103e-01         1.512692e-02        -1.565923e-03
   644.558         1.334760e-01         1.603426e-05         1.603135e-01         1.505048e-02        -1.554660e-03
   645.384         1.343230e-01         1.623840e-05         1.587786e-01         1.493086e-02        -1.538979e-03
   646.210         1.293920e-01         1.506806e-05         1.572095e-01         1.481174e-02        -1.523219e-03
   647.036         1.314570e-01         1.555285e-05         1.561250e-01         1.473400e-02        -1.511533e-03
   647.862         1.310940e-01         1.546707e-05         1.555450e-01         1.469198e-02        -1.503514e-03
   648.688         1.295440e-01         1.510348e-05         1.551506e-01         1.465337e-02        -1.496244e-03
   649.514         1.300410e-01         1.521960e-05         1.549279e-01         1.462205e-02        -1.490656e-03
   650.340         1.296810e-01         1.513545e-05         1.552318e-01         1.464075e-02        -1.491573e-03
   651.166         1.316000e-01         1.558670e-05         1.560722e-01         1.471575e-02        -1.499722e-03
   651.992         1.320420e-01         1.569158e-05         1.568746e-01         1.479081e-02        -1.509025e-03
   652.818         1.313230e-01         1.552116e-05         1.568582e-01         1.478914e-02        -1.511130e-03
   653.644         1.305720e-01         1.534414e-05         1.551824e-01         1.463235e-02        -1.497526e-03
   654.470         1.274450e-01         1.461801e-05         1.514188e-01         1.428080e-02        -1.463775e-03
   655.296         1.231470e-01         1.364867e-05         1.466969e-01         1.383794e-02        -1.420352e-03
   656.122         1.205160e-01         1.307170e-05         1.437530e-01         1.355799e-02        -1.393508e-03
   656.948         1.210250e-01         1.318235e-05         1.446190e-01         1.363187e-02        -1.403146e-03
   657.774         1.255620e-01         1.418923e-05         1.484756e-01         1.398457e-02        -1.441732e-03
   658.599         1.280100e-01         1.474790e-05         1.527490e-01         1.437605e-02        -1.484507e-03
   659.425         1.312440e-01         1.550249e-05         1.558082e-01         1.465372e-02        -1.515580e-03
   660.251         1.328790e-01         1.589115e-05         1.576403e-01         1.481666e-02        -1.534668e-03
   661.077         1.340710e-01         1.617753e-05         1.587260e-01         1.491107e-02        -1.546405e-03
   661.903         1.342580e-01         1.622269e-05         1.592076e-01         1.495166e-02        -1.552344e-03
   662.728         1.343890e-01         1.625436e-05         1.590724e-01         1.493726e-02        -1.552608e-03
   663.554         1.340080e-01         1.616233e-05         1.585821e-01         1.489084e-02        -1.549780e-03
   664.380         1.332770e-01         1.598648e-05         1.581775e-01         1.485215e-02        -1.547882e-03
   665.206         1.334730e-01         1.603354e-05         1.580281e-01         1.483651e-02        -1.548256e-03
   666.031         1.330520e-01         1.593255e-05         1.579646e-01         1.482845e-02        -1.549183e-03
   666.857         1.332640e-01         1.598336e-05         1.578892e-01         1.481922e-02        -1.549830e-03
   667.683         1.333200e-01         1.599680e-05         1.579185e-01         1.482005e-02        -1.551431e-03
   668.508         1.343570e-01         1.624662e-05         1.580261e-01         1.482918e-02        -1.553840e-03
   669.334         1.335650e-01         1.605565e-05         1.579270e-01         1.482056e-02        -1.554578e-03
  1503.952         1.852660e-02         3.089114e-07         1.867308e-02         1.288545e-03        -9.517125e-04
  1509.148         2.097310e-02         3.958838e-07         2.128010e-02         1.476908e-03        -1.051121e-03
  1514.333         2.221840e-02         4.442916e-07         2.200592e-02         1.540786e-03        -1.058711e-03
  1519.509         2.327360e-02         4.874944e-07         2.319199e-02         1.648205e-03        -1.089450e-03
  1524.675         2.406600e-02         5.212551e-07         2.371396e-02         1.688569e-03        -1.082148e-03
  1529.831         2.390670e-02         5.143773e-07         2.380482e-02         1.716826e-03        -1.058411e-03
  1534.978         2.479750e-02         5.534244e-07         2.434190e-02         1.786559e-03        -1.063482e-03
  1540.114         2.479570e-02         5.533441e-07         2.445419e-02         1.805327e-03        -1.045700e-03
  1545.242         2.536190e-02         5.789034e-07         2.518705e-02         1.878242e-03        -1.050178e-03
  1550.360         2.525420e-02         5.739972e-07         2.511603e-02         1.888288e-03        -1.021250e-03
  1555.468         2.459340e-02         5.443518e-07         2.482967e-02         1.886910e-03        -9.957566e-04
  1560.567         2.516270e-02         5.698453e-07         2.520133e-02         1.918964e-03        -9.946293e-04
  1565.657         2.486050e-02         5.562400e-07         2.459021e-02         1.892194e-03        -9.595232e-04
  1570.738         2.331760e-02         4.893394e-07         2.365460e-02         1.829469e-03        -9.110862e-04
  1575.809         2.249000e-02         4.552201e-07         2.280209e-02         1.768053e-03        -8.690693e-04
  1580.872         2.354790e-02         4.990532e-07         2.391408e-02         1.877397e-03        -9.061111e-04
  1585.926         2.382620e-02         5.109190e-07         2.424367e-02         1.913888e-03        -9.070123e-04
  1590.971         2.306850e-02         4.789401e-07         2.358218e-02         1.870813e-03        -8.705115e-04
  1596.007         2.356020e-02         4.995747e-07         2.403619e-02         1.912468e-03        -8.796761e-04
  1601.035         2.259330e-02         4.594115e-07         2.321203e-02         1.851573e-03        -8.446939e-04
  1606.054         2.264090e-02         4.613493e-07         2.331448e-02         1.854981e-03        -8.460551e-04
  1611.064         2.220560e-02         4.437798e-07         2.288174e-02         1.836955e-03        -8.189484e-04
  1616.066         2.293950e-02         4.735986e-07         2.330640e-02         1.883911e-03        -8.315445e-04
  1621.060         2.306880e-02         4.789526e-07         2.368116e-02         1.910312e-03        -8.384915e-04
  1626.045         2.360050e-02         5.012852e-07         2.426559e-02         1.961396e-03        -8.571995e-04
  1631.023         2.342240e-02         4.937479e-07         2.402207e-02         1.934526e-03        -8.370436e-04
  1635.992         2.265570e-02         4.619527e-07         2.324334e-02         1.895621e-03        -8.154492e-04
  1640.954         2.148490e-02         4.154408e-07         2.217036e-02         1.827801e-03        -7.795489e-04
  1645.907         2.223690e-02         4.450317e-07         2.259393e-02         1.842685e-03        -7.881968e-04
  1650.852         2.187370e-02         4.306129e-07         2.257124e-02         1.845914e-03        -7.845493e-04
  1655.790         2.194120e-02         4.332746e-07         2.267698e-02         1.856598e-03        -7.873169e-04
