   630.512         1.611500e-01         2.337239e-05         1.594814e-01         1.531421e-02        -1.118845e-03
   631.338         1.592580e-01         2.282680e-05         1.590277e-01         1.526929e-02        -1.116628e-03
   632.164         1.600610e-01         2.305757e-05         1.589484e-01         1.526054e-02        -1.116968e-03
   632.991         1.639930e-01         2.420433e-05         1.593649e-01         1.529775e-02        -1.120406e-03
   633.817         1.592260e-01         2.281763e-05         1.598013e-01         1.533556e-02        -1.123658e-03
   634.643         1.615360e-01         2.348449e-05         1.598809e-01         1.533909e-02        -1.124373e-03
   635.470         1.617400e-01         2.354384e-05         1.598504e-01         1.533259e-02        -1.124457e-03
   636.296         1.622570e-01         2.369460e-05         1.602216e-01         1.536521e-02        -1.127509e-03
   637.122         1.556070e-01         2.179218e-05         1.610359e-01         1.544110e-02        -1.133828e-03
   637.948         1.628530e-01         2.386899e-05         1.616654e-01         1.550002e-02        -1.139033e-03
   638.775         1.620640e-01         2.363827e-05         1.615242e-01         1.548494e-02        -1.138964e-03
   639.601         1.607720e-01         2.326287e-05         1.607525e-01         1.540859e-02        -1.134492e-03
   640.427         1.577840e-01         2.240621e-05         1.599654e-01         1.533094e-02        -1.129917e-03
   641.253         1.601610e-01         2.308639e-05         1.595580e-01         1.529209e-02        -1.128114e-03
   642.079         1.579750e-01         2.246049e-05         1.594782e-01         1.528839e-02        -1.128798e-03
   642.905         1.569430e-01         2.216799e-05         1.594281e-01         1.529127e-02        -1.129875e-03
   643.732         1.547780e-01         2.156061e-05         1.590427e-01         1.526608e-02        -1.128829e-03
   644.558         1.572510e-01         2.225509e-05         1.580554e-01         1.518885e-02        -1.123952e-03
   645.384         1.559310e-01         2.188303e-05         1.565364e-01         1.506738e-02        -1.115886e-03
   646.210         1.510220e-01         2.052688e-05         1.549830e-01         1.494635e-02        -1.107933e-03
   647.036         1.548990e-01         2.159433e-05         1.539078e-01         1.486768e-02        -1.103107e-03
   647.862         1.511260e-01         2.055516e-05         1.533319e-01         1.482588e-02        -1.100882e-03
   648.688         1.505480e-01         2.039823e-05         1.529408e-01         1.478798e-02        -1.098747e-03
   649.514         1.505680e-01         2.040365e-05         1.527203e-01         1.475736e-02        -1.097044e-03
   650.340         1.533850e-01         2.117426e-05         1.530185e-01         1.477678e-02        -1.099213e-03
   651.166         1.517370e-01         2.072171e-05         1.538442e-01         1.485240e-02        -1.105974e-03
   651.992         1.528770e-01         2.103424e-05         1.546314e-01         1.492746e-02        -1.113146e-03
   652.818         1.536320e-01         2.124251e-05         1.546112e-01         1.492476e-02        -1.114741e-03
   653.644         1.518330e-01         2.074793e-05         1.529553e-01         1.476576e-02        -1.104553e-03
   654.470         1.489790e-01         1.997527e-05         1.492412e-01         1.441082e-02        -1.079420e-03
   655.296         1.427620e-01         1.834289e-05         1.445829e-01         1.396418e-02        -1.047178e-03
   656.122         1.403910e-01         1.773867e-05         1.416777e-01         1.368202e-02        -1.027141e-03
   656.948         1.418970e-01         1.812128e-05         1.425285e-01         1.375671e-02        -1.033794e-03
   657.774         1.452180e-01         1.897944e-05         1.463273e-01         1.411253e-02        -1.061387e-03
   658.599         1.486160e-01         1.987804e-05         1.505370e-01         1.450743e-02        -1.091363e-03
   659.425         1.525760e-01         2.095149e-05         1.535506e-01         1.478758e-02        -1.111284e-03
   660.251         1.548270e-01         2.157426e-05         1.553554e-01         1.495182e-02        -1.120073e-03
   661.077         1.552350e-01         2.168811e-05         1.564252e-01         1.504659e-02        -1.121012e-03
   661.903         1.567630e-01         2.211717e-05         1.568998e-01         1.508689e-02        -1.116111e-03
   662.728         1.553450e-01         2.171886e-05         1.567663e-01         1.507177e-02        -1.106434e-03
   663.554         1.561150e-01         2.193470e-05         1.562826e-01         1.502446e-02        -1.094186e-03
   664.380         1.560880e-01         2.192712e-05         1.558835e-01         1.498508e-02        -1.082288e-03
   665.206         1.554340e-01         2.174376e-05         1.557361e-01         1.496931e-02        -1.071794e-03
   666.031         1.555380e-01         2.177286e-05         1.556737e-01         1.496158e-02        -1.061601e-03
   666.857         1.547820e-01         2.156172e-05         1.555996e-01         1.495271e-02        -1.051117e-03
   667.683         1.552130e-01         2.168197e-05         1.556287e-01         1.495361e-02        -1.041382e-03
   668.508         1.555460e-01         2.177510e-05         1.557345e-01         1.496244e-02        -1.032855e-03
   669.334         1.555220e-01         2.176838e-05         1.556362e-01         1.495326e-02        -1.024678e-03
  1503.952         1.605900e-02         2.321023e-07         1.697332e-02         1.187140e-03        -6.043357e-04
  1509.148         1.859890e-02         3.113272e-07         1.940602e-02         1.366190e-03        -6.665841e-04
  1514.333         1.993850e-02         3.577894e-07         2.011842e-02         1.430822e-03        -6.630678e-04
  1519.509         2.097380e-02         3.959103e-07         2.124750e-02         1.537427e-03        -6.725601e-04
  1524.675         2.155030e-02         4.179739e-07         2.175766e-02         1.578652e-03        -6.720054e-04
  1529.831         2.158330e-02         4.192550e-07         2.186704e-02         1.610445e-03        -6.624160e-04
  1534.978         2.256990e-02         4.584603e-07         2.239732e-02         1.682491e-03        -6.642123e-04
  1540.114         2.268940e-02         4.633280e-07         2.254516e-02         1.704941e-03        -6.519984e-04
  1545.242         2.369990e-02         5.055167e-07         2.325979e-02         1.778973e-03        -6.582734e-04
  1550.360         2.327260e-02         4.874525e-07         2.323264e-02         1.793047e-03        -6.432671e-04
  1555.468         2.362610e-02         5.023733e-07         2.299709e-02         1.796643e-03        -6.258855e-04
  1560.567         2.378140e-02         5.089995e-07         2.337503e-02         1.830262e-03        -6.237202e-04
  1565.657         2.305540e-02         4.783963e-07         2.283431e-02         1.809226e-03        -5.993488e-04
  1570.738         2.232640e-02         4.486213e-07         2.199278e-02         1.752094e-03        -5.669853e-04
  1575.809         2.151300e-02         4.165283e-07         2.121971e-02         1.695784e-03        -5.400695e-04
  1580.872         2.246400e-02         4.541682e-07         2.227111e-02         1.804477e-03        -5.607851e-04
  1585.926         2.300330e-02         4.762366e-07         2.260528e-02         1.843583e-03        -5.590820e-04
  1590.971         2.224340e-02         4.452920e-07         2.201402e-02         1.805108e-03        -5.349823e-04
  1596.007         2.238640e-02         4.510358e-07         2.245511e-02         1.847584e-03        -5.394187e-04
  1601.035         2.175720e-02         4.260382e-07         2.170180e-02         1.790435e-03        -5.151987e-04
  1606.054         2.180000e-02         4.277160e-07         2.181426e-02         1.795223e-03        -5.115739e-04
  1611.064         2.140380e-02         4.123104e-07         2.141932e-02         1.779677e-03        -4.983621e-04
  1616.066         2.211250e-02         4.400664e-07         2.182686e-02         1.828161e-03        -5.036565e-04
  1621.060         2.223340e-02         4.448917e-07         2.219246e-02         1.855542e-03        -5.062797e-04
  1626.045         2.293400e-02         4.733715e-07         2.275085e-02         1.903427e-03        -5.153733e-04
  1631.023         2.252700e-02         4.567192e-07         2.252715e-02         1.888566e-03        -5.073586e-04
  1635.992         2.169410e-02         4.235706e-07         2.179693e-02         1.844646e-03        -4.908133e-04
  1640.954         2.094640e-02         3.948765e-07         2.079276e-02         1.772910e-03        -4.672003e-04
  1645.907         2.165700e-02         4.221231e-07         2.120657e-02         1.795550e-03        -4.708970e-04
  1650.852         2.110970e-02         4.010575e-07         2.119416e-02         1.799606e-03        -4.674634e-04
  1655.790         2.130130e-02         4.083708e-07         2.129640e-02         1.811064e-03        -4.682226e-04
