    lambda          Rad_up_meas                   sy           Rad_up_mod             Kmat_tau            Kmat_reff
   630.512         2.156490e-01         4.185404e-05         1.616914e-01         1.517250e-02        -9.994799e-04
   631.338         2.148130e-01         4.153016e-05         1.612334e-01         1.512814e-02        -9.977604e-04
   632.164         2.118250e-01         4.038285e-05         1.611570e-01         1.511985e-02        -1.000235e-03
   632.991         2.157410e-01         4.188976e-05         1.615837e-01         1.515681e-02        -1.006352e-03
   633.817         2.102920e-01         3.980045e-05         1.620308e-01         1.519401e-02        -1.012551e-03
   634.643         2.133250e-01         4.095680e-05         1.621160e-01         1.519730e-02        -1.016441e-03
   635.470         2.120900e-01         4.048395e-05         1.620898e-01         1.519108e-02        -1.019659e-03
   636.296         2.171430e-01         4.243597e-05         1.624709e-01         1.522396e-02        -1.025454e-03
   637.122         2.186360e-01         4.302153e-05         1.633014e-01         1.529979e-02        -1.034135e-03
   637.948         2.145050e-01         4.141116e-05         1.639447e-01         1.535883e-02        -1.041707e-03
   638.775         2.131990e-01         4.090843e-05         1.638062e-01         1.534473e-02        -1.044233e-03
   639.601         2.150000e-01         4.160250e-05         1.630278e-01         1.527008e-02        -1.042319e-03
   640.427         2.150770e-01         4.163230e-05         1.622331e-01         1.519385e-02        -1.039785e-03
   641.253         2.124020e-01         4.060315e-05         1.618230e-01         1.515526e-02        -1.039205e-03
   642.079         2.186410e-01         4.302350e-05         1.617451e-01         1.515075e-02        -1.040407e-03
   642.905         2.137680e-01         4.112708e-05         1.616975e-01         1.515255e-02        -1.041699e-03
   643.732         2.170250e-01         4.238987e-05         1.613103e-01         1.512692e-02        -1.040904e-03
   644.558         2.084340e-01         3.910026e-05         1.603135e-01         1.505048e-02        -1.036444e-03
   645.384         2.089420e-01         3.929108e-05         1.587786e-01         1.493086e-02        -1.028906e-03
   646.210         2.084600e-01         3.911001e-05         1.572095e-01         1.481174e-02        -1.021428e-03
   647.036         2.091560e-01         3.937161e-05         1.561250e-01         1.473400e-02        -1.016965e-03
   647.862         1.991040e-01         3.567816e-05         1.555450e-01         1.469198e-02        -1.015207e-03
   648.688         2.039830e-01         3.744816e-05         1.551506e-01         1.465337e-02        -1.013884e-03
   649.514         2.055540e-01         3.802720e-05         1.549279e-01         1.462205e-02        -1.013172e-03
   650.340         2.048630e-01         3.777196e-05         1.552318e-01         1.464075e-02        -1.016088e-03
   651.166         2.052220e-01         3.790446e-05         1.560722e-01         1.471575e-02        -1.023197e-03
   651.992         2.063970e-01         3.833975e-05         1.568746e-01         1.479081e-02        -1.030555e-03
   652.818         2.048020e-01         3.774947e-05         1.568582e-01         1.478914e-02        -1.032678e-03
   653.644         2.041930e-01         3.752530e-05         1.551824e-01         1.463235e-02        -1.024052e-03
   654.470         1.991620e-01         3.569895e-05         1.514188e-01         1.428080e-02        -1.001916e-03
   655.296         1.939040e-01         3.383889e-05         1.466969e-01         1.383794e-02        -9.734668e-04
   656.122         1.901970e-01         3.255741e-05         1.437530e-01         1.355799e-02        -9.564648e-04
   656.948         1.914250e-01         3.297918e-05         1.446190e-01         1.363187e-02        -9.642544e-04
   657.774         1.963600e-01         3.470152e-05         1.484756e-01         1.398457e-02        -9.915638e-04
   658.599         2.011650e-01         3.642062e-05         1.527490e-01         1.437605e-02        -1.021607e-03
   659.425         2.052710e-01         3.792257e-05         1.558082e-01         1.465372e-02        -1.043771e-03
   660.251         2.087030e-01         3.920125e-05         1.576403e-01         1.481666e-02        -1.058064e-03
   661.077         2.101710e-01         3.975466e-05         1.587260e-01         1.491107e-02        -1.067795e-03
   661.903         2.112430e-01         4.016124e-05         1.592076e-01         1.495166e-02        -1.073958e-03
   662.728         2.107910e-01         3.998956e-05         1.590724e-01         1.493726e-02        -1.076333e-03
   663.554         2.101380e-01         3.974218e-05         1.585821e-01         1.489084e-02        -1.076517e-03
   664.380         2.092700e-01         3.941454e-05         1.581775e-01         1.485215e-02        -1.077429e-03
   665.206         2.089410e-01         3.929071e-05         1.580281e-01         1.483651e-02        -1.080197e-03
   666.031         2.089220e-01         3.928356e-05         1.579646e-01         1.482845e-02        -1.083592e-03
   666.857         2.086310e-01         3.917420e-05         1.578892e-01         1.481922e-02        -1.086879e-03
   667.683         2.095770e-01         3.953027e-05         1.579185e-01         1.482005e-02        -1.090803e-03
   668.508         2.095550e-01         3.952197e-05         1.580261e-01         1.482918e-02        -1.095136e-03
   669.334         2.087650e-01         3.922454e-05         1.579270e-01         1.482056e-02        -1.097796e-03
  1503.952         2.098970e-02         3.965108e-07         1.867308e-02         1.288545e-03        -7.273760e-04
  1509.148         2.452020e-02         5.411162e-07         2.128010e-02         1.476908e-03        -8.022581e-04
  1514.333         2.578410e-02         5.983378e-07         2.200592e-02         1.540786e-03        -8.069401e-04
  1519.509         2.713980e-02         6.629119e-07         2.319199e-02         1.648205e-03        -8.305322e-04
  1524.675         2.809560e-02         7.104265e-07         2.371396e-02         1.688569e-03        -8.403616e-04
  1529.831         2.830480e-02         7.210455e-07         2.380482e-02         1.716826e-03        -8.383724e-04
  1534.978         2.926630e-02         7.708647e-07         2.434190e-02         1.786559e-03        -8.432311e-04
  1540.114         2.927900e-02         7.715339e-07         2.445419e-02         1.805327e-03        -8.288280e-04
  1545.242         3.055110e-02         8.400327e-07         2.518705e-02         1.878242e-03        -8.375761e-04
  1550.360         3.090970e-02         8.598686e-07         2.511603e-02         1.888288e-03        -8.195093e-04
  1555.468         3.045690e-02         8.348605e-07         2.482967e-02         1.886910e-03        -7.985905e-04
  1560.567         3.080620e-02         8.541198e-07         2.520133e-02         1.918964e-03        -7.966701e-04
  1565.657         3.062470e-02         8.440850e-07         2.459021e-02         1.892194e-03        -7.672880e-04
  1570.738         2.923030e-02         7.689694e-07         2.365460e-02         1.829469e-03        -7.270391e-04
  1575.809         2.848120e-02         7.300609e-07         2.280209e-02         1.768053e-03        -6.925678e-04
  1580.872         2.944180e-02         7.801376e-07         2.391408e-02         1.877397e-03        -7.200009e-04
  1585.926         3.038290e-02         8.308086e-07         2.424367e-02         1.913888e-03        -7.191418e-04
  1590.971         2.934130e-02         7.748207e-07         2.358218e-02         1.870813e-03        -6.891388e-04
  1596.007         3.023640e-02         8.228159e-07         2.403619e-02         1.912468e-03        -6.954835e-04
  1601.035         2.897350e-02         7.555173e-07         2.321203e-02         1.851573e-03        -6.646970e-04
  1606.054         2.922370e-02         7.686222e-07         2.331448e-02         1.854981e-03        -6.608212e-04
  1611.064         2.839220e-02         7.255053e-07         2.288174e-02         1.836955e-03        -6.446901e-04
  1616.066         2.920220e-02         7.674916e-07         2.330640e-02         1.883911e-03        -6.528319e-04
  1621.060         2.965130e-02         7.912796e-07         2.368116e-02         1.910312e-03        -6.572826e-04
  1626.045         3.023290e-02         8.226254e-07         2.426559e-02         1.961396e-03        -6.673376e-04
  1631.023         2.995840e-02         8.077552e-07         2.402207e-02         1.934526e-03        -6.658433e-04
  1635.992         2.932600e-02         7.740128e-07         2.324334e-02         1.895621e-03        -6.423735e-04
  1640.954         2.787190e-02         6.991585e-07         2.217036e-02         1.827801e-03        -6.114185e-04
  1645.907         2.837940e-02         7.248513e-07         2.259393e-02         1.842685e-03        -6.146540e-04
  1650.852         2.803880e-02         7.075569e-07         2.257124e-02         1.845914e-03        -6.107358e-04
  1655.790         2.833820e-02         7.227482e-07         2.267698e-02         1.856598e-03        -6.123304e-04
