  lambda           Irr_dw           Rad_up
 550.000 1.5556622000e+00 2.5692053220e-01
 551.000 1.5452532000e+00 2.5519274900e-01
 552.000 1.6110859000e+00 2.6609640500e-01
 553.000 1.5473007000e+00 2.5554397580e-01
 554.000 1.5971804000e+00 2.6380142210e-01
 555.000 1.6010219000e+00 2.6440951540e-01
 556.000 1.5562852000e+00 2.5699432370e-01
 557.000 1.5095479000e+00 2.4929426570e-01
 558.000 1.5663265000e+00 2.5864404300e-01
 559.000 1.4800057000e+00 2.4438072200e-01
 560.000 1.4860144000e+00 2.4538694760e-01
 561.000 1.6326723000e+00 2.6959622190e-01
 562.000 1.4981910000e+00 2.4738345340e-01
 563.000 1.5669694000e+00 2.5872863770e-01
 564.000 1.5444563000e+00 2.5496926880e-01
 565.000 1.5623760000e+00 2.5792175290e-01
 566.000 1.4400831000e+00 2.3772607420e-01
 567.000 1.5442214000e+00 2.5474000550e-01
 568.000 1.5394032000e+00 2.5324087520e-01
 569.000 1.5071525000e+00 2.4637313840e-01
 570.000 1.5148481000e+00 2.4791455080e-01
 571.000 1.4616526000e+00 2.4034552000e-01
 572.000 1.5437339000e+00 2.5276689150e-01
 573.000 1.5599780000e+00 2.5576332090e-01
 574.000 1.5511812000e+00 2.5441477970e-01
 575.000 1.5129102000e+00 2.4805957030e-01
 576.000 1.4851789000e+00 2.4348605350e-01
 577.000 1.5467588000e+00 2.5387109380e-01
 578.000 1.5017230000e+00 2.4692805480e-01
 579.000 1.4902388000e+00 2.4528250120e-01
 580.000 1.5415122000e+00 2.5392991640e-01
 581.000 1.5137058000e+00 2.4966474910e-01
 582.000 1.5362865000e+00 2.5349748230e-01
 583.000 1.5467758000e+00 2.5528205870e-01
 584.000 1.5416502000e+00 2.5442037960e-01
 585.000 1.5312694000e+00 2.5267269900e-01
 586.000 1.4652467000e+00 2.4178726200e-01
 587.000 1.5220865000e+00 2.5055715940e-01
 588.000 1.5052917000e+00 2.4556736760e-01
 589.000 1.3334451000e+00 2.1466995240e-01
 590.000 1.3920941000e+00 2.2394073490e-01
 591.000 1.4795453000e+00 2.4010903930e-01
 592.000 1.4507897000e+00 2.3430628970e-01
 593.000 1.4665006000e+00 2.3924603270e-01
 594.000 1.4796036000e+00 2.4084931950e-01
 595.000 1.4507862000e+00 2.3448150630e-01
 596.000 1.4871637000e+00 2.4284654240e-01
 597.000 1.4913809000e+00 2.4299935910e-01
 598.000 1.4609886000e+00 2.3911026000e-01
 599.000 1.4613782000e+00 2.3963954160e-01
 600.000 1.4618735000e+00 2.4071345520e-01
 601.000 1.4537363000e+00 2.4008825680e-01
 602.000 1.4378317000e+00 2.3771125790e-01
 603.000 1.4464935000e+00 2.3941810610e-01
 604.000 1.4922821000e+00 2.4723504640e-01
 605.000 1.4884005000e+00 2.4666551210e-01
 606.000 1.4710534000e+00 2.4387266540e-01
 607.000 1.4626856000e+00 2.4251821900e-01
 608.000 1.4572185000e+00 2.4162686160e-01
 609.000 1.4421605000e+00 2.3917262270e-01
 610.000 1.4189633000e+00 2.3533674620e-01
 611.000 1.4418978000e+00 2.3917779540e-01
 612.000 1.4230207000e+00 2.3608544920e-01
 613.000 1.4021285000e+00 2.3263514710e-01
 614.000 1.3509251000e+00 2.2418107600e-01
 615.000 1.4160759000e+00 2.3499182130e-01
 616.000 1.3463150000e+00 2.2345881650e-01
 617.000 1.3538211000e+00 2.2473143010e-01
 618.000 1.4175927000e+00 2.3530268860e-01
 619.000 1.4045014000e+00 2.3317251590e-01
 620.000 1.4251424000e+00 2.3657650760e-01
 621.000 1.4495346000e+00 2.4063113400e-01
 622.000 1.3729702000e+00 2.2790188600e-01
 623.000 1.3835548000e+00 2.2959887700e-01
 624.000 1.3849216000e+00 2.2984646610e-01
 625.000 1.3472986000e+00 2.2359516910e-01
 626.000 1.3539851000e+00 2.2455215450e-01
 627.000 1.3762825000e+00 2.2747749330e-01
 628.000 1.3569457000e+00 2.2279727170e-01
 629.000 1.3913549000e+00 2.2902639770e-01
 630.000 1.3452565000e+00 2.2214505000e-01
 631.000 1.3947105000e+00 2.3057672120e-01
 632.000 1.2989465000e+00 2.1412950130e-01
 633.000 1.3945264000e+00 2.3071081540e-01
 634.000 1.3526688000e+00 2.2404862980e-01
 635.000 1.3773454000e+00 2.2813447570e-01
 636.000 1.3288138000e+00 2.2025305180e-01
 637.000 1.3726356000e+00 2.2762355040e-01
 638.000 1.3940698000e+00 2.3157093810e-01
 639.000 1.3825017000e+00 2.2962623600e-01
 640.000 1.3391257000e+00 2.2267408750e-01
 641.000 1.3584068000e+00 2.2588754270e-01
 642.000 1.3420897000e+00 2.2332749940e-01
 643.000 1.3654161000e+00 2.2694825740e-01
 644.000 1.3497038000e+00 2.2432859800e-01
 645.000 1.3613168000e+00 2.2589759830e-01
 646.000 1.3089779000e+00 2.1559518430e-01
 647.000 1.3264426000e+00 2.1736642460e-01
 648.000 1.3237920000e+00 2.1579061890e-01
 649.000 1.3502086000e+00 2.2110438540e-01
 650.000 1.2515813000e+00 2.0688671880e-01
 651.000 1.3481333000e+00 2.2285421750e-01
 652.000 1.3216765000e+00 2.1671162410e-01
 653.000 1.3487565000e+00 2.2324905400e-01
 654.000 1.3309892000e+00 2.2004844670e-01
 655.000 1.2956727000e+00 2.1347904970e-01
 656.000 1.1000247700e+00 1.8146159360e-01
 657.000 1.1740936100e+00 1.9405670170e-01
 658.000 1.3079122000e+00 2.1692131040e-01
 659.000 1.3111224000e+00 2.1786698910e-01
 660.000 1.3214042000e+00 2.1977690120e-01
 661.000 1.3273150000e+00 2.2133691410e-01
 662.000 1.3464444000e+00 2.2478894040e-01
 663.000 1.3314125000e+00 2.2222599790e-01
 664.000 1.3102391000e+00 2.1879362490e-01
 665.000 1.3159117000e+00 2.1982391360e-01
 666.000 1.3317428000e+00 2.2261097720e-01
 667.000 1.3052878000e+00 2.1824685670e-01
 668.000 1.3126828000e+00 2.1962361150e-01
 669.000 1.3313728000e+00 2.2283036800e-01
 670.000 1.3157224000e+00 2.2021131900e-01
 671.000 1.3014551000e+00 2.1788449100e-01
 672.000 1.2972936000e+00 2.1721580510e-01
 673.000 1.3065153000e+00 2.1878218080e-01
 674.000 1.3090003000e+00 2.1923686220e-01
 675.000 1.2889829000e+00 2.1590013120e-01
 676.000 1.3132709800e+00 2.2000482180e-01
 677.000 1.2871012300e+00 2.1565994260e-01
 678.000 1.3083634600e+00 2.1924420170e-01
 679.000 1.2898423200e+00 2.1613598630e-01
 680.000 1.2798710600e+00 2.1442535400e-01
 681.000 1.2811672100e+00 2.1458131410e-01
 682.000 1.2784578300e+00 2.1410510250e-01
 683.000 1.2867847600e+00 2.1545198060e-01
 684.000 1.2634535400e+00 2.1143968200e-01
 685.000 1.2777009000e+00 2.1392778020e-01
 686.000 1.2213296400e+00 2.0422468570e-01
 687.000 1.1283282100e+00 1.8325912480e-01
 688.000 1.1585146000e+00 1.8999516300e-01
 689.000 1.1529092000e+00 1.8851794430e-01
 690.000 1.1736735000e+00 1.9290260310e-01
 691.000 1.1976234400e+00 1.9780986020e-01
 692.000 1.2007855100e+00 1.9841148380e-01
 693.000 1.1995958100e+00 1.9593936160e-01
 694.000 1.2015044200e+00 1.9418423460e-01
 695.000 1.1886432400e+00 1.9315786740e-01
 696.000 1.2072021000e+00 1.9685461430e-01
 697.000 1.2305801800e+00 2.0422895810e-01
 698.000 1.2031969700e+00 1.9889765930e-01
 699.000 1.2062281300e+00 1.9626770020e-01
 700.000 1.1950979800e+00 1.9494267270e-01
 701.000 1.1640936000e+00 1.8920288090e-01
 702.000 1.1612545100e+00 1.8922187810e-01
 703.000 1.1931193200e+00 1.9697448730e-01
 704.000 1.1970809400e+00 1.9774778750e-01
 705.000 1.1996386200e+00 1.9708947750e-01
 706.000 1.1880453300e+00 1.9539727780e-01
 707.000 1.1723200100e+00 1.9320423890e-01
 708.000 1.2087582500e+00 1.9962895200e-01
 709.000 1.1706636800e+00 1.9417778020e-01
 710.000 1.1919749300e+00 1.9678019710e-01
 711.000 1.1854140600e+00 1.9662709050e-01
 712.000 1.1734276300e+00 1.9545224000e-01
 713.000 1.1645717400e+00 1.9333638000e-01
 714.000 1.1829444100e+00 1.9614587400e-01
 715.000 1.1354482800e+00 1.8723394780e-01
 716.000 1.1586597800e+00 1.8998587040e-01
 717.000 1.0855732800e+00 1.7208801270e-01
 718.000 1.0527279600e+00 1.6343934630e-01
 719.000 1.0308158700e+00 1.5879324340e-01
 720.000 1.0238168100e+00 1.5598789980e-01
 721.000 1.0855733000e+00 1.7369140620e-01
 722.000 1.1234541600e+00 1.8287734990e-01
 723.000 1.1079858700e+00 1.7859207150e-01
 724.000 1.0775777400e+00 1.6894746400e-01
 725.000 1.0710808900e+00 1.6860353090e-01
 726.000 1.0672372800e+00 1.6780451970e-01
 727.000 1.0881068500e+00 1.7175883480e-01
 728.000 1.0636215200e+00 1.6721635440e-01
 729.000 1.0345570100e+00 1.6438194270e-01
 730.000 1.0701758700e+00 1.6976687620e-01
 731.000 1.0494798600e+00 1.6617710880e-01
 732.000 1.0923198500e+00 1.7606033330e-01
 733.000 1.0971953900e+00 1.7997200010e-01
 734.000 1.1304249500e+00 1.8700875850e-01
 735.000 1.1174374900e+00 1.8431324770e-01
 736.000 1.0897466600e+00 1.7877960210e-01
 737.000 1.1090715900e+00 1.8271093750e-01
 738.000 1.1128995700e+00 1.8441873170e-01
 739.000 1.0796900600e+00 1.7939089970e-01
 740.000 1.0962621000e+00 1.8318379210e-01
 741.000 1.0911508900e+00 1.8297131350e-01
 742.000 1.0746339700e+00 1.8047486880e-01
 743.000 1.1095434100e+00 1.8693588260e-01
 744.000 1.1214601300e+00 1.8923181150e-01
 745.000 1.0933836800e+00 1.8472099300e-01
 746.000 1.1094264000e+00 1.8759434510e-01
 747.000 1.1261307500e+00 1.9044926450e-01
 748.000 1.1066588400e+00 1.8728311160e-01
 749.000 1.1071461800e+00 1.8744000240e-01
 750.000 1.0905186400e+00 1.8457090760e-01
 751.000 1.0877049100e+00 1.8412438960e-01
 752.000 1.1048529400e+00 1.8716329960e-01
 753.000 1.0945578400e+00 1.8547612000e-01
 754.000 1.1117874900e+00 1.8844264220e-01
 755.000 1.1054057000e+00 1.8739268490e-01
 756.000 1.0837685400e+00 1.8375599670e-01
 757.000 1.0917390600e+00 1.8513694760e-01
 758.000 1.0894112900e+00 1.8470007320e-01
 759.000 1.0063233900e+00 1.6799153140e-01
 760.000 5.1284692000e-01 7.2865707400e-02
 761.000 4.6318823000e-01 6.4316307070e-02
 762.000 7.4054822000e-01 1.1535512540e-01
 763.000 6.7157349000e-01 1.0138053130e-01
 764.000 7.1801903000e-01 1.1010678860e-01
 765.000 8.2048710000e-01 1.3027752690e-01
 766.000 8.8782783000e-01 1.4560203550e-01
 767.000 9.5177450000e-01 1.5837083440e-01
 768.000 1.0229913900e+00 1.7184487920e-01
 769.000 1.0407635300e+00 1.7593434140e-01
 770.000 1.0458953300e+00 1.7732884220e-01
 771.000 1.0515411000e+00 1.7859866330e-01
 772.000 1.0486108400e+00 1.7819778440e-01
 773.000 1.0446739100e+00 1.7758769230e-01
 774.000 1.0561787800e+00 1.7960127260e-01
 775.000 1.0166444600e+00 1.7292709350e-01
 776.000 1.0586048800e+00 1.8012570190e-01
 777.000 1.0512475400e+00 1.7889639280e-01
 778.000 1.0455680500e+00 1.7793696590e-01
 779.000 1.0489310900e+00 1.7851335140e-01
 780.000 1.0359099900e+00 1.7632458500e-01
 781.000 1.0343020700e+00 1.7611877440e-01
 782.000 1.0467261600e+00 1.7823181150e-01
 783.000 1.0222280800e+00 1.7411080930e-01
 784.000 1.0277827900e+00 1.7503240970e-01
 785.000 1.0295916500e+00 1.7512500000e-01
 786.000 1.0104948200e+00 1.7157435610e-01
 787.000 1.0223248900e+00 1.7283718870e-01
 788.000 1.0053557100e+00 1.6961961360e-01
 789.000 1.0053355200e+00 1.6831083680e-01
 790.000 9.9464547000e-01 1.6641955570e-01
 791.000 9.9060416000e-01 1.6601318360e-01
 792.000 9.7589134000e-01 1.6377613830e-01
 793.000 9.7722628000e-01 1.6454354860e-01
 794.000 9.7211419000e-01 1.6483567810e-01
 795.000 9.6379416000e-01 1.6272456360e-01
 796.000 9.7201426000e-01 1.6237889100e-01
 797.000 9.8044846000e-01 1.6432226560e-01
 798.000 9.8613284000e-01 1.6643791200e-01
 799.000 9.8412732000e-01 1.6584278870e-01
 800.000 9.5472678000e-01 1.6009744260e-01
 801.000 9.7297545000e-01 1.6327273560e-01
 802.000 9.7061687000e-01 1.6280203250e-01
 803.000 9.5729928000e-01 1.6070997620e-01
 804.000 9.6768762000e-01 1.6287536620e-01
 805.000 9.4448905000e-01 1.5972463990e-01
 806.000 9.7205539000e-01 1.6484454350e-01
 807.000 9.6611992000e-01 1.6388945010e-01
 808.000 9.5924011000e-01 1.6247183230e-01
 809.000 9.4151638000e-01 1.5917634580e-01
 810.000 9.3565586000e-01 1.5786061100e-01
 811.000 9.4722312000e-01 1.5917706300e-01
 812.000 9.3935529000e-01 1.5695553590e-01
 813.000 9.2944579000e-01 1.5422964480e-01
 814.000 9.2027597000e-01 1.5137886050e-01
 815.000 9.0042378000e-01 1.4650807190e-01
 816.000 8.7930770000e-01 1.4113337710e-01
 817.000 8.8535366000e-01 1.4220974730e-01
 818.000 8.8103471000e-01 1.4166334530e-01
 819.000 8.6148532000e-01 1.3919451900e-01
 820.000 8.5905747000e-01 1.4094998170e-01
 821.000 9.0439768000e-01 1.5102496340e-01
 822.000 8.6639247000e-01 1.4274253850e-01
 823.000 8.4218821000e-01 1.3382823180e-01
 824.000 8.8563694000e-01 1.4511589050e-01
 825.000 9.0352268000e-01 1.5113497920e-01
 826.000 9.0583712000e-01 1.5100820920e-01
 827.000 9.0042649000e-01 1.4972415160e-01
 828.000 8.8597466000e-01 1.4538279720e-01
 829.000 8.9003935000e-01 1.4674967960e-01
 830.000 8.8083824000e-01 1.4603408810e-01
 831.000 8.6646040000e-01 1.4385005190e-01
 832.000 8.8461879000e-01 1.4696772770e-01
 833.000 8.5977975000e-01 1.4333630370e-01
 834.000 8.7559903000e-01 1.4654010010e-01
 835.000 8.8301053000e-01 1.4886497500e-01
 836.000 8.9143375000e-01 1.4998854060e-01
 837.000 8.8381190000e-01 1.4867855830e-01
 838.000 8.8964649000e-01 1.5022477720e-01
 839.000 8.6336060000e-01 1.4611920170e-01
 840.000 8.8698989000e-01 1.5023872380e-01
 841.000 8.8775158000e-01 1.5002253720e-01
 842.000 8.8350879000e-01 1.4963461300e-01
 843.000 8.8049384000e-01 1.4994104000e-01
 844.000 8.6719590000e-01 1.4804756160e-01
 845.000 8.8093377000e-01 1.5057604980e-01
 846.000 8.8935665000e-01 1.5222874450e-01
 847.000 8.5930766000e-01 1.4730963130e-01
 848.000 8.8354899000e-01 1.5114721680e-01
 849.000 8.8527117000e-01 1.5152342220e-01
 850.000 7.6496213000e-01 1.3078509520e-01
 851.000 8.7579076000e-01 1.4955003360e-01
 852.000 8.4260624000e-01 1.4393638610e-01
 853.000 8.5315781000e-01 1.4603242490e-01
 854.000 6.8584518000e-01 1.1740655520e-01
 855.000 7.5530383000e-01 1.2946076970e-01
 856.000 8.5770223000e-01 1.4732017520e-01
 857.000 8.7163092000e-01 1.4989465330e-01
 858.000 8.5776744000e-01 1.4759022520e-01
 859.000 8.5785685000e-01 1.4777563480e-01
 860.000 8.5028112000e-01 1.4657391360e-01
 861.000 8.5016404000e-01 1.4657926940e-01
 862.000 8.4738168000e-01 1.4613803100e-01
 863.000 8.6356576000e-01 1.4898185730e-01
 864.000 8.6183673000e-01 1.4868952940e-01
 865.000 8.4577575000e-01 1.4599472050e-01
 866.000 7.0942417000e-01 1.2249245450e-01
 867.000 7.5544056000e-01 1.3039448550e-01
 868.000 8.1929284000e-01 1.4146340940e-01
 869.000 8.0778584000e-01 1.3949929810e-01
 870.000 8.4108541000e-01 1.4529673770e-01
 871.000 8.3988606000e-01 1.4509536740e-01
 872.000 8.3649986000e-01 1.4448233030e-01
 873.000 8.3982936000e-01 1.4509642030e-01
 874.000 8.2139965000e-01 1.4189923100e-01
 875.000 8.1382933000e-01 1.4064836120e-01
 876.000 8.2056038000e-01 1.4178120420e-01
 877.000 8.3689328000e-01 1.4457200620e-01
 878.000 8.2243882000e-01 1.4203051760e-01
 879.000 8.2433304000e-01 1.4238632200e-01
 880.000 8.1948681000e-01 1.4144305420e-01
 881.000 7.7685424000e-01 1.3407791140e-01
 882.000 8.1970843000e-01 1.4140232850e-01
 883.000 8.0101285000e-01 1.3828509520e-01
 884.000 8.0781044000e-01 1.3955247500e-01
 885.000 8.1600787000e-01 1.4071415710e-01
 886.000 7.8914302000e-01 1.3591329960e-01
 887.000 7.8111731000e-01 1.3469483950e-01
 888.000 8.0448276000e-01 1.3868458560e-01
 889.000 8.0993153000e-01 1.3976455690e-01
 890.000 8.0725999000e-01 1.3917849730e-01
 891.000 8.0242547000e-01 1.3805798340e-01
 892.000 7.9805825000e-01 1.3675137330e-01
 893.000 7.6187152000e-01 1.2889514160e-01
 894.000 7.8402420000e-01 1.3184970090e-01
 895.000 7.3395161000e-01 1.2124420170e-01
 896.000 7.4798111000e-01 1.2152778630e-01
 897.000 7.1527587000e-01 1.1428652950e-01
 898.000 7.0919043000e-01 1.1239946750e-01
 899.000 6.8769720000e-01 1.0662667080e-01
 900.000 6.7348755000e-01 1.0472210690e-01
 901.000 6.5385365000e-01 1.0111890410e-01
 902.000 6.4266067000e-01 9.9536521910e-02
 903.000 7.0828235000e-01 1.1382048030e-01
 904.000 7.4260248000e-01 1.2205403900e-01
 905.000 7.3980053000e-01 1.2160224910e-01
 906.000 7.0737934000e-01 1.1465958400e-01
 907.000 6.9619848000e-01 1.1008721160e-01
 908.000 6.6425737000e-01 1.0332968900e-01
 909.000 6.5175814000e-01 1.0145014190e-01
 910.000 6.6169594000e-01 1.0325717930e-01
 911.000 6.6978729000e-01 1.0570030980e-01
 912.000 6.6641218000e-01 1.0457658390e-01
 913.000 6.6060491000e-01 1.0136193080e-01
 914.000 6.6681754000e-01 1.0347802730e-01
 915.000 6.6402432000e-01 1.0403705600e-01
 916.000 6.7347141000e-01 1.0576688390e-01
 917.000 6.6723412000e-01 1.0531273650e-01
 918.000 6.6940071000e-01 1.0633422090e-01
 919.000 6.9735833000e-01 1.1325540920e-01
 920.000 7.0492728000e-01 1.1631456760e-01
 921.000 6.8638243000e-01 1.1287117770e-01
 922.000 6.7994473000e-01 1.1181436160e-01
 923.000 6.4773749000e-01 1.0594422910e-01
 924.000 6.6584098000e-01 1.0781504820e-01
 925.000 6.7393070000e-01 1.0897864530e-01
 926.000 6.4974178000e-01 1.0492456050e-01
 927.000 6.6303148000e-01 1.0572481540e-01
 928.000 6.5010616000e-01 1.0153689580e-01
 929.000 6.1658133000e-01 9.3422080990e-02
 930.000 5.8344027000e-01 8.4662750240e-02
 931.000 5.4705985000e-01 7.4833938600e-02
 932.000 4.9402201000e-01 6.2027931210e-02
 933.000 4.5814481000e-01 5.4078979490e-02
 934.000 4.1485743000e-01 4.5861763000e-02
 935.000 4.0463931000e-01 4.4360752110e-02
 936.000 4.1732752000e-01 4.6935699460e-02
 937.000 4.2245410000e-01 4.7262195590e-02
 938.000 4.6068909000e-01 5.5457263950e-02
 939.000 5.7093774000e-01 8.1799880980e-02
 940.000 5.8292513000e-01 8.5271194460e-02
 941.000 5.5688581000e-01 8.0121177670e-02
 942.000 5.0509794000e-01 6.9103393550e-02
 943.000 4.7702950000e-01 5.9478115080e-02
 944.000 4.6017508000e-01 5.6983524320e-02
 945.000 4.8447752000e-01 6.1967147830e-02
 946.000 4.9204488000e-01 6.3089927670e-02
 947.000 5.0639414000e-01 6.6967681880e-02
 948.000 5.1957088000e-01 6.9963760380e-02
 949.000 5.1975090000e-01 6.9870628360e-02
 950.000 5.1885440000e-01 7.0085952760e-02
 951.000 5.3803965000e-01 7.5540885930e-02
 952.000 5.1392153000e-01 6.9314636230e-02
 953.000 5.2911308000e-01 7.3516838070e-02
 954.000 5.4139471000e-01 7.7508308410e-02
 955.000 4.9225526000e-01 6.8894584660e-02
 956.000 5.2168808000e-01 7.2699295040e-02
 957.000 5.6501173000e-01 8.4295967100e-02
 958.000 5.7480848000e-01 8.6455978390e-02
 959.000 5.6968304000e-01 8.4961334230e-02
 960.000 5.6211891000e-01 8.3649742130e-02
 961.000 5.5244305000e-01 8.1847618100e-02
 962.000 5.5837538000e-01 8.3148071290e-02
 963.000 5.8043833000e-01 8.9097526550e-02
 964.000 5.7700617000e-01 8.8971565250e-02
 965.000 5.8178140000e-01 8.9518264770e-02
 966.000 5.6611736000e-01 8.7289711000e-02
 967.000 5.9922475000e-01 9.4282608030e-02
 968.000 6.1913898000e-01 1.0070372010e-01
 969.000 6.3479474000e-01 1.0483556370e-01
 970.000 6.3712613000e-01 1.0533425900e-01
 971.000 6.3117366000e-01 1.0433781430e-01
 972.000 6.3232258000e-01 1.0410163120e-01
 973.000 6.1860109000e-01 1.0087386320e-01
 974.000 5.9973602000e-01 9.6674125670e-02
 975.000 5.9664808000e-01 9.5475143430e-02
 976.000 6.1139165000e-01 9.8760803220e-02
 977.000 6.0788396000e-01 9.9728065490e-02
 978.000 6.2186269000e-01 1.0193165590e-01
 979.000 6.0681679000e-01 9.9899841310e-02
 980.000 6.2766103000e-01 1.0500417330e-01
 981.000 6.3466556000e-01 1.0658193970e-01
 982.000 6.3051882000e-01 1.0554370120e-01
 983.000 6.3506893000e-01 1.0721014400e-01
 984.000 6.3723903000e-01 1.0852755740e-01
 985.000 6.4057308000e-01 1.0965851590e-01
 986.000 6.4002722000e-01 1.1029593660e-01
 987.000 6.4953380000e-01 1.1224926760e-01
 988.000 6.4176917000e-01 1.1102485660e-01
 989.000 6.3388348000e-01 1.0972521970e-01
 990.000 6.3975314000e-01 1.1083644100e-01
 991.000 6.4669789000e-01 1.1232996370e-01
 992.000 6.4118147000e-01 1.1146416470e-01
 993.000 6.4131123000e-01 1.1153104400e-01
 994.000 6.4604276000e-01 1.1261418910e-01
 995.000 6.4232428000e-01 1.1215352630e-01
 996.000 6.4217901000e-01 1.1214216610e-01
 997.000 6.4218695000e-01 1.1204679870e-01
 998.000 6.3905871000e-01 1.1139263920e-01
 999.000 6.3717802000e-01 1.1103258510e-01
1000.000 6.3231133000e-01 1.1023487850e-01
1001.000 6.3430958000e-01 1.1034799190e-01
1002.000 6.3094831000e-01 1.0937671660e-01
1003.000 6.2412083000e-01 1.0831229400e-01
1004.000 6.2023092000e-01 1.0789132690e-01
1005.000 5.8002753000e-01 1.0101618960e-01
1006.000 6.1049405000e-01 1.0638269040e-01
1007.000 6.2117111000e-01 1.0818869780e-01
1008.000 6.2191550000e-01 1.0801342770e-01
1009.000 6.1559988000e-01 1.0651107030e-01
1010.000 6.1900056000e-01 1.0731514740e-01
1011.000 6.1830097000e-01 1.0767605590e-01
1012.000 6.1948301000e-01 1.0808083340e-01
1013.000 6.1576189000e-01 1.0759357450e-01
1014.000 6.2001321000e-01 1.0842750550e-01
1015.000 6.0860915000e-01 1.0647672270e-01
1016.000 6.1283417000e-01 1.0731163020e-01
1017.000 6.0689221000e-01 1.0633619690e-01
1018.000 6.1445696000e-01 1.0761816410e-01
1019.000 5.9962866000e-01 1.0489328770e-01
1020.000 5.9862883000e-01 1.0478559880e-01
1021.000 6.0513078000e-01 1.0603804020e-01
1022.000 5.9511552000e-01 1.0409149930e-01
1023.000 6.0575409000e-01 1.0579100040e-01
1024.000 6.0219849000e-01 1.0507535550e-01
1025.000 6.0335740000e-01 1.0557030490e-01
1026.000 6.0464410000e-01 1.0594273380e-01
1027.000 6.0073889000e-01 1.0523653410e-01
1028.000 6.0235165000e-01 1.0559929660e-01
1029.000 5.9370249000e-01 1.0424119570e-01
1030.000 6.0016930000e-01 1.0553422550e-01
1031.000 5.9852481000e-01 1.0534922790e-01
1032.000 5.9660785000e-01 1.0509557340e-01
1033.000 5.8565605000e-01 1.0319712830e-01
1034.000 5.9137537000e-01 1.0425106810e-01
1035.000 5.8364828000e-01 1.0292013550e-01
1036.000 5.9329081000e-01 1.0464389800e-01
1037.000 5.8079346000e-01 1.0246629330e-01
1038.000 5.8653283000e-01 1.0350390620e-01
1039.000 5.8891870000e-01 1.0392598720e-01
1040.000 5.8193929000e-01 1.0270116420e-01
1041.000 5.8496506000e-01 1.0323809050e-01
1042.000 5.8669228000e-01 1.0355345920e-01
1043.000 5.7655866000e-01 1.0177783200e-01
1044.000 5.8228559000e-01 1.0279563900e-01
1045.000 5.7973005000e-01 1.0235047150e-01
1046.000 5.6285765000e-01 9.9390197750e-02
1047.000 5.7317692000e-01 1.0122892760e-01
1048.000 5.7885054000e-01 1.0225523380e-01
1049.000 5.7512413000e-01 1.0162953950e-01
1050.000 5.7270069000e-01 1.0119970700e-01
1051.000 5.7166650000e-01 1.0099741360e-01
1052.000 5.6895149000e-01 1.0051232910e-01
1053.000 5.6755235000e-01 1.0026885220e-01
1054.000 5.6330500000e-01 9.9486839290e-02
1055.000 5.6739908000e-01 1.0018174740e-01
1056.000 5.6586018000e-01 9.9893722530e-02
1057.000 5.6478404000e-01 9.9633003230e-02
1058.000 5.5869938000e-01 9.8412979130e-02
1059.000 5.4113669000e-01 9.5363716130e-02
1060.000 5.6071789000e-01 9.8941726680e-02
1061.000 5.4104334000e-01 9.5476417540e-02
1062.000 5.5594565000e-01 9.8027656560e-02
1063.000 5.4652571000e-01 9.6360115050e-02
1064.000 5.5325995000e-01 9.7475257870e-02
1065.000 5.5241606000e-01 9.7211708070e-02
1066.000 5.3549397000e-01 9.4247917180e-02
1067.000 5.4812998000e-01 9.6424758910e-02
1068.000 5.4537588000e-01 9.5715408330e-02
1069.000 5.0401668000e-01 8.8329322810e-02
1070.000 5.3399028000e-01 9.3612426760e-02
1071.000 5.3445259000e-01 9.3555030820e-02
1072.000 5.3583500000e-01 9.3663322450e-02
1073.000 5.1812502000e-01 9.0548332210e-02
1074.000 5.3634447000e-01 9.3760719300e-02
1075.000 5.2028514000e-01 9.1160263060e-02
1076.000 5.3131295000e-01 9.2966545100e-02
1077.000 5.2961880000e-01 9.2502952580e-02
1078.000 5.3037979000e-01 9.2442367550e-02
1079.000 5.0986911000e-01 8.8844642640e-02
1080.000 5.2330762000e-01 9.0672332760e-02
1081.000 5.0396646000e-01 8.7297309880e-02
1082.000 5.1112160000e-01 8.8752838130e-02
1083.000 4.9645441000e-01 8.5937873840e-02
1084.000 5.1438342000e-01 8.8743034360e-02
1085.000 5.0513329000e-01 8.6471153260e-02
1086.000 5.1233542000e-01 8.7856430050e-02
1087.000 4.8356778000e-01 8.3630989070e-02
1088.000 5.1296408000e-01 8.8767807010e-02
1089.000 4.9009618000e-01 8.3953704830e-02
1090.000 5.0009750000e-01 8.5519493100e-02
1091.000 5.0401621000e-01 8.6374305730e-02
1092.000 4.9062981000e-01 8.3665763850e-02
1093.000 4.8071926000e-01 8.1069038390e-02
1094.000 4.3586184200e-01 7.3144241330e-02
1095.000 4.7206772000e-01 7.9273857120e-02
1096.000 4.7339270000e-01 7.9561927800e-02
1097.000 4.6331804000e-01 7.7654449460e-02
1098.000 4.4595432300e-01 7.2748130800e-02
1099.000 4.3561390900e-01 6.9439109800e-02
1100.000 4.4391085500e-01 7.0872909550e-02
1101.000 4.4457137600e-01 7.1198860170e-02
1102.000 4.2538776300e-01 6.8007835390e-02
1103.000 4.4335344800e-01 7.1017028810e-02
1104.000 4.3814640800e-01 6.9901405330e-02
1105.000 4.3238084300e-01 6.8296287540e-02
1106.000 4.2354566300e-01 6.6240844730e-02
1107.000 4.2438127000e-01 6.6506660460e-02
1108.000 4.2404810600e-01 6.6528930660e-02
1109.000 4.3055368300e-01 6.8055099490e-02
1110.000 4.3230992700e-01 6.8170379640e-02
1111.000 4.2432619400e-01 6.6550201420e-02
1112.000 4.0793519600e-01 6.2556060790e-02
1113.000 3.8918636100e-01 5.7566356660e-02
1114.000 3.8896985100e-01 5.6785865780e-02
1115.000 3.6331744700e-01 5.0186492920e-02
1116.000 3.4512504300e-01 4.5984996800e-02
1117.000 3.1609134000e-01 3.8883800510e-02
1118.000 2.8211057100e-01 3.2100234990e-02
1119.000 2.5824824900e-01 2.7997177120e-02
1120.000 2.3806828200e-01 2.4234670640e-02
1121.000 2.3498130600e-01 2.3543851850e-02
1122.000 2.1120157900e-01 1.9635580060e-02
1123.000 2.2505948600e-01 2.1744338990e-02
1124.000 2.3401789000e-01 2.3155221940e-02
1125.000 2.2485742100e-01 2.1957141880e-02
1126.000 2.1880755500e-01 2.1265584950e-02
1127.000 2.2797849000e-01 2.2326059340e-02
1128.000 2.2719664700e-01 2.2563722610e-02
1129.000 2.5002471200e-01 2.6458858490e-02
1130.000 2.9886254400e-01 3.5664073940e-02
1131.000 3.1581514400e-01 3.8945869450e-02
1132.000 2.9783102200e-01 3.5069187160e-02
1133.000 2.5558454300e-01 2.7654336930e-02
1134.000 1.8690073600e-01 1.6365526200e-02
1135.000 1.9455387600e-01 1.7410976410e-02
1136.000 2.6174694000e-01 2.8782014850e-02
1137.000 3.0003559000e-01 3.5903499600e-02
1138.000 3.2057000600e-01 4.1609836580e-02
1139.000 3.3662284500e-01 4.4930809020e-02
1140.000 3.3159591400e-01 4.3588176730e-02
1141.000 3.1002125900e-01 3.9583854680e-02
1142.000 3.1415743000e-01 3.9669399260e-02
1143.000 2.9523369200e-01 3.6042037960e-02
1144.000 2.7794177300e-01 3.2683700560e-02
1145.000 2.5706034800e-01 2.8538825990e-02
1146.000 2.6507550600e-01 2.9843189240e-02
1147.000 2.8419171200e-01 3.3446159360e-02
1148.000 2.9681871200e-01 3.6279277800e-02
1149.000 3.0375144700e-01 3.7713897710e-02
1150.000 3.0250169600e-01 3.7677837370e-02
1151.000 3.1037184700e-01 3.9624206540e-02
1152.000 3.1401616800e-01 4.0571899410e-02
1153.000 3.1971165400e-01 4.2019519810e-02
1154.000 3.1995747100e-01 4.1913803100e-02
1155.000 3.3280459800e-01 4.5054580690e-02
1156.000 3.4127635900e-01 4.7844661710e-02
1157.000 3.7073290600e-01 5.5356388090e-02
1158.000 3.8112154900e-01 5.8214107510e-02
1159.000 3.8435143000e-01 5.9798969270e-02
1160.000 3.8294470100e-01 6.0038669590e-02
1161.000 3.8347985500e-01 6.1160621640e-02
1162.000 4.0381953400e-01 6.5261734010e-02
1163.000 4.1339893600e-01 6.7848098750e-02
1164.000 4.0683394500e-01 6.6999343870e-02
1165.000 4.1519038500e-01 6.8517745970e-02
1166.000 4.0598144300e-01 6.7248931880e-02
1167.000 4.1353289000e-01 6.8659622190e-02
1168.000 4.1674578900e-01 6.9150947570e-02
1169.000 4.0340378100e-01 6.7097267150e-02
1170.000 4.1526435700e-01 6.9216934200e-02
1171.000 4.1994438500e-01 7.0366905210e-02
1172.000 4.1698849500e-01 6.9675994870e-02
1173.000 4.1248052800e-01 6.8738151550e-02
1174.000 4.1278204300e-01 6.8811691280e-02
1175.000 4.1223683600e-01 6.9277145390e-02
1176.000 4.0612238100e-01 6.8761337280e-02
1177.000 4.1680023200e-01 7.0334342960e-02
1178.000 4.0600710500e-01 6.8039855960e-02
1179.000 4.0419633100e-01 6.7748161320e-02
1180.000 4.0850753900e-01 6.8306823730e-02
1181.000 4.0288344200e-01 6.6935218810e-02
1182.000 3.9987148200e-01 6.6015815730e-02
1183.000 3.7706128500e-01 6.2307163240e-02
1184.000 3.9604820100e-01 6.5695159910e-02
1185.000 4.0621072000e-01 6.8007843020e-02
1186.000 4.0234023300e-01 6.7186500550e-02
1187.000 3.9747037000e-01 6.5772979740e-02
1188.000 3.9427685300e-01 6.5117950440e-02
1189.000 3.7413995900e-01 6.2155864720e-02
1190.000 4.0028800400e-01 6.7488937380e-02
1191.000 4.0885810200e-01 6.9243240360e-02
1192.000 4.0993719600e-01 6.9874740600e-02
1193.000 4.0937940600e-01 6.9685455320e-02
1194.000 4.0809206900e-01 6.9412178040e-02
1195.000 4.0027757300e-01 6.7670181270e-02
1196.000 4.0046767300e-01 6.7771987920e-02
1197.000 3.9878853900e-01 6.7294128420e-02
1198.000 3.8504880700e-01 6.4941123960e-02
1199.000 3.6889698300e-01 6.1991230010e-02
1200.000 3.9326245300e-01 6.6237701420e-02
1201.000 3.9651907200e-01 6.6868972780e-02
1202.000 3.9743404700e-01 6.7142257690e-02
1203.000 3.7698324400e-01 6.3623294830e-02
1204.000 3.8384392100e-01 6.4920227050e-02
1205.000 3.9805411300e-01 6.8035606380e-02
1206.000 3.9810615400e-01 6.8373115540e-02
1207.000 4.0179128000e-01 6.9144218440e-02
1208.000 3.9521361700e-01 6.7908607480e-02
1209.000 3.6938514700e-01 6.3313201900e-02
1210.000 3.9323230500e-01 6.7109283450e-02
1211.000 3.7980806900e-01 6.4780479430e-02
1212.000 3.9225570400e-01 6.6980705260e-02
1213.000 3.9585943700e-01 6.7881927490e-02
1214.000 3.9379128200e-01 6.7491241460e-02
1215.000 3.9587468900e-01 6.7962188720e-02
1216.000 3.9765082200e-01 6.8726325990e-02
1217.000 3.9927212500e-01 6.9412384030e-02
1218.000 3.9885246400e-01 6.9544105530e-02
1219.000 3.9562010500e-01 6.9109138490e-02
1220.000 3.9835778200e-01 6.9597145080e-02
1221.000 3.9788361700e-01 6.9556427000e-02
1222.000 3.9586297800e-01 6.9220932010e-02
1223.000 3.9419555300e-01 6.8984321590e-02
1224.000 3.9873384300e-01 7.0024246220e-02
1225.000 3.9685519200e-01 6.9759284970e-02
1226.000 3.9866094800e-01 7.0166366580e-02
1227.000 3.8581790600e-01 6.8039108280e-02
1228.000 3.9869754600e-01 7.0482589720e-02
1229.000 3.9885220700e-01 7.0646736150e-02
1230.000 3.9815549600e-01 7.0677894590e-02
1231.000 3.9852649900e-01 7.0839790340e-02
1232.000 3.9416830300e-01 7.0113479610e-02
1233.000 3.9735567900e-01 7.0717552190e-02
1234.000 3.9703075000e-01 7.0854293820e-02
1235.000 3.9458041200e-01 7.0496337890e-02
1236.000 3.9708227900e-01 7.1005279540e-02
1237.000 3.9733645900e-01 7.1125831600e-02
1238.000 3.9718039600e-01 7.1139259340e-02
1239.000 3.9269961400e-01 7.0368194580e-02
1240.000 3.9092089500e-01 7.0079704280e-02
1241.000 3.9433178700e-01 7.0702697750e-02
1242.000 3.9193169400e-01 7.0278785710e-02
1243.000 3.8746998800e-01 6.9487556460e-02
1244.000 3.8382262900e-01 6.8822525020e-02
1245.000 3.9030324100e-01 6.9985763550e-02
1246.000 3.8713867500e-01 6.9399208070e-02
1247.000 3.8505024200e-01 6.9000091550e-02
1248.000 3.8786058600e-01 6.9484649660e-02
1249.000 3.8635222900e-01 6.9210655210e-02
1250.000 3.8466908700e-01 6.8889976500e-02
1251.000 3.8183421600e-01 6.8369026180e-02
1252.000 3.8039099300e-01 6.8073860170e-02
1253.000 3.7693019500e-01 6.7412467960e-02
1254.000 3.7728119100e-01 6.7376525880e-02
1255.000 3.7619059000e-01 6.7124862670e-02
1256.000 3.7498916700e-01 6.6870346070e-02
1257.000 3.7013495400e-01 6.5937377930e-02
1258.000 3.7020543900e-01 6.5792892460e-02
1259.000 3.6495994900e-01 6.4740966800e-02
1260.000 3.6408469800e-01 6.4443580630e-02
1261.000 3.6186044200e-01 6.3902038570e-02
1262.000 3.5080849200e-01 6.1681243900e-02
1263.000 3.5378487000e-01 6.2130649570e-02
1264.000 3.4743717700e-01 6.0980571750e-02
1265.000 3.4775851600e-01 6.1026657100e-02
1266.000 3.4861419900e-01 6.1073947910e-02
1267.000 3.4053047200e-01 5.9556446080e-02
1268.000 3.3543672200e-01 5.8575077060e-02
1269.000 3.3778961600e-01 5.8949928280e-02
1270.000 3.4598212700e-01 6.0637153630e-02
1271.000 3.4990802100e-01 6.1426898960e-02
1272.000 3.5049572300e-01 6.1643856050e-02
1273.000 3.5166203800e-01 6.1991004940e-02
1274.000 3.5136688100e-01 6.2119781490e-02
1275.000 3.5431244200e-01 6.2703063960e-02
1276.000 3.5539978000e-01 6.2909832000e-02
1277.000 3.5544011200e-01 6.2891098020e-02
1278.000 3.5475225000e-01 6.2725612640e-02
1279.000 3.5272815100e-01 6.2374588010e-02
1280.000 3.5163123200e-01 6.2305530550e-02
1281.000 3.4254951600e-01 6.0808887480e-02
1282.000 3.0495654100e-01 5.4235698700e-02
1283.000 3.3520331500e-01 5.9654457090e-02
1284.000 3.4909720900e-01 6.2119289400e-02
1285.000 3.5194448400e-01 6.2647373200e-02
1286.000 3.5139570000e-01 6.2461547850e-02
1287.000 3.5266236200e-01 6.2534622190e-02
1288.000 3.4715926000e-01 6.1046569820e-02
1289.000 3.4820992800e-01 6.1066448210e-02
1290.000 3.4008377900e-01 5.9611385350e-02
1291.000 3.4532467500e-01 6.0586364750e-02
1292.000 3.4820095500e-01 6.1267700200e-02
1293.000 3.4864073600e-01 6.1338542940e-02
1294.000 3.4168914900e-01 5.9872699740e-02
1295.000 3.4303076000e-01 5.9748027800e-02
1296.000 3.4083228800e-01 5.8994533540e-02
1297.000 3.3672837600e-01 5.7992248540e-02
1298.000 3.3353414200e-01 5.7397655490e-02
1299.000 3.3676022900e-01 5.7910556790e-02
1300.000 3.3506913100e-01 5.7567573550e-02
1301.000 3.3408846500e-01 5.7306335450e-02
1302.000 3.2839698900e-01 5.6112045290e-02
1303.000 3.2241087200e-01 5.4508369450e-02
1304.000 3.2104163200e-01 5.4032569890e-02
1305.000 3.2228840400e-01 5.4134723660e-02
1306.000 3.2207295700e-01 5.3990196230e-02
1307.000 3.2005566800e-01 5.3509086610e-02
1308.000 3.1707555200e-01 5.2647312160e-02
1309.000 3.1313790100e-01 5.1522937770e-02
1310.000 3.1141021100e-01 5.1185432430e-02
1311.000 3.1055868700e-01 5.1034606930e-02
1312.000 3.0512260100e-01 4.9629714970e-02
1313.000 2.8900332800e-01 4.6441658020e-02
1314.000 2.9352199800e-01 4.6673824310e-02
1315.000 2.8574381300e-01 4.5651241300e-02
1316.000 2.9572941400e-01 4.7580394740e-02
1317.000 2.9873474200e-01 4.8037830350e-02
1318.000 2.8933283100e-01 4.5930839540e-02
1319.000 2.8567922200e-01 4.4529602050e-02
1320.000 2.7494942500e-01 4.1867866520e-02
1321.000 2.7040884900e-01 4.0754993440e-02
1322.000 2.7548802000e-01 4.2156856540e-02
1323.000 2.8238561000e-01 4.3850772860e-02
1324.000 2.8565592900e-01 4.4681980130e-02
1325.000 2.8326724700e-01 4.4076045990e-02
1326.000 2.7617555900e-01 4.2343856810e-02
1327.000 2.6162383400e-01 3.8626392360e-02
1328.000 2.4846788900e-01 3.4922199250e-02
1329.000 2.1434422600e-01 2.7491479870e-02
1330.000 2.0828503700e-01 2.5822177890e-02
1331.000 2.0279255000e-01 2.4585382460e-02
1332.000 2.0059863400e-01 2.4463363650e-02
1333.000 2.1162039800e-01 2.6297445300e-02
1334.000 2.2005065500e-01 2.8039007190e-02
1335.000 2.2600199400e-01 2.9328535080e-02
1336.000 2.2589825000e-01 2.9504123690e-02
1337.000 2.2845504200e-01 2.9920490260e-02
1338.000 2.3221499100e-01 3.0830213550e-02
1339.000 2.3272948200e-01 3.1064466480e-02
1340.000 2.3435518500e-01 3.1654289250e-02
1341.000 2.3831021300e-01 3.1924280170e-02
1342.000 2.3821217600e-01 3.1934049610e-02
1343.000 2.2915835100e-01 2.9261884690e-02
1344.000 2.1528353400e-01 2.5946743010e-02
1345.000 1.7809689900e-01 1.8597717290e-02
1346.000 1.5190559500e-01 1.3942592620e-02
1347.000 1.3473101000e-01 1.1357504840e-02
1348.000 1.1169017600e-01 7.9232683180e-03
1349.000 1.0158390350e-01 6.7143235210e-03
1350.000 7.9125645600e-02 4.1555647850e-03
1351.000 6.8308568300e-02 3.2144088750e-03
1352.000 5.2246885500e-02 1.9150439500e-03
1353.000 3.7031789400e-02 1.0560793880e-03
1354.000 2.9610213600e-02 7.0865327120e-04
1355.000 2.2989777700e-02 4.5653167370e-04
1356.000 1.7385006700e-02 2.7937161920e-04
1357.000 1.1883112180e-02 1.4192675050e-04
1358.000 8.7943211100e-03 8.7107867000e-05
1359.000 4.6371951700e-03 2.9895950110e-05
1360.000 3.0667217200e-03 1.5803791580e-05
1361.000 2.2822915800e-03 9.4563774760e-06
1362.000 2.1000798100e-03 8.3296746020e-06
1363.000 3.0298742900e-03 1.4488834890e-05
1364.000 3.5132292100e-03 1.8122993410e-05
1365.000 3.6785411700e-03 1.9129320980e-05
1366.000 4.2481025900e-03 2.3866012690e-05
1367.000 3.5684740400e-03 1.8736775960e-05
1368.000 3.1641468500e-03 1.6214132310e-05
1369.000 3.2446913000e-03 1.7058894040e-05
1370.000 5.3662104600e-03 3.9308249950e-05
1371.000 9.5567622900e-03 9.7762279210e-05
1372.000 1.7696236500e-02 2.6790657640e-04
1373.000 2.5103614700e-02 4.7065198420e-04
1374.000 3.0483688800e-02 6.4962255950e-04
1375.000 3.2500988500e-02 7.2901046280e-04
1376.000 3.0145993300e-02 6.4771121740e-04
1377.000 2.6837402800e-02 5.3069442510e-04
1378.000 2.0455655500e-02 3.4006851910e-04
1379.000 1.4046745000e-02 1.8478567900e-04
1380.000 7.9669091900e-03 7.4466772380e-05
1381.000 4.6085518200e-03 3.1314887110e-05
1382.000 3.2226967700e-03 1.7772825430e-05
1383.000 3.1180856200e-03 1.6630798580e-05
1384.000 5.0718417100e-03 3.5689529030e-05
1385.000 7.2001269100e-03 6.2321197240e-05
1386.000 1.0997452460e-02 1.2230439480e-04
1387.000 2.0206335500e-02 3.3369547130e-04
1388.000 2.6781706600e-02 5.2244579790e-04
1389.000 3.0764118800e-02 6.6488772630e-04
1390.000 3.1403461900e-02 6.9528549910e-04
1391.000 2.9315489100e-02 6.2008607390e-04
1392.000 2.2163733700e-02 3.9436423780e-04
1393.000 1.6942415500e-02 2.5844287870e-04
1394.000 1.2979817710e-02 1.6954259570e-04
1395.000 1.4631356400e-02 2.0548130570e-04
1396.000 2.0077468300e-02 3.3881253000e-04
1397.000 2.5909877000e-02 5.1450991630e-04
1398.000 2.6682682100e-02 5.3848987820e-04
1399.000 2.4913715500e-02 4.8933175210e-04
1400.000 2.3296437300e-02 4.4558283690e-04
1401.000 2.4765316400e-02 5.0058251620e-04
1402.000 3.0702320200e-02 6.9873845580e-04
1403.000 3.5348791000e-02 9.0617424250e-04
1404.000 3.3248671800e-02 8.1817507740e-04
1405.000 3.4827269700e-02 9.0555232760e-04
1406.000 3.2294642000e-02 7.9544401170e-04
1407.000 3.3492770500e-02 8.6955952640e-04
1408.000 4.0143534600e-02 1.1665195230e-03
1409.000 4.7057535100e-02 1.5446968080e-03
1410.000 5.7716007200e-02 2.1677975650e-03
1411.000 6.8651637300e-02 2.9760923390e-03
1412.000 6.6325347000e-02 2.8761293890e-03
1413.000 7.3151140900e-02 3.4398849010e-03
1414.000 7.2121931000e-02 3.3100225930e-03
1415.000 7.9730666200e-02 4.0289087300e-03
1416.000 8.5665697500e-02 4.5610089300e-03
1417.000 8.7871658500e-02 4.8114657400e-03
1418.000 8.8654871600e-02 4.8663277630e-03
1419.000 8.8470547400e-02 4.9465804100e-03
1420.000 9.0572090800e-02 5.1434364320e-03
1421.000 1.0186858600e-01 6.3046355250e-03
1422.000 1.0429289980e-01 6.6642050740e-03
1423.000 1.0545646660e-01 6.8683838840e-03
1424.000 1.0509804030e-01 6.8111600880e-03
1425.000 1.0390434680e-01 6.6134324070e-03
1426.000 1.0017841810e-01 6.3873739240e-03
1427.000 1.0611017240e-01 6.9926748280e-03
1428.000 1.1207365270e-01 7.5579848290e-03
1429.000 1.1367652470e-01 7.8951845170e-03
1430.000 1.1091206850e-01 7.7090225220e-03
1431.000 1.0332637140e-01 6.8861150740e-03
1432.000 1.0103068790e-01 6.5546317100e-03
1433.000 1.0074587910e-01 6.5192523000e-03
1434.000 9.6093088200e-02 6.0831556320e-03
1435.000 1.0316586010e-01 6.8158555030e-03
1436.000 1.0573549740e-01 7.1093077660e-03
1437.000 1.0742117440e-01 7.2883663180e-03
1438.000 1.1388644930e-01 8.0618925090e-03
1439.000 1.1598841920e-01 8.2418918610e-03
1440.000 1.1121534040e-01 8.0050344470e-03
1441.000 1.1812342870e-01 8.5625314710e-03
1442.000 1.1330691230e-01 8.1044149400e-03
1443.000 1.1534343080e-01 8.2690172200e-03
1444.000 1.1794432120e-01 8.5560703280e-03
1445.000 1.1818068550e-01 8.6044149400e-03
1446.000 1.2369933600e-01 9.2242279050e-03
1447.000 1.2708134000e-01 9.6801280980e-03
1448.000 1.2852988100e-01 9.8307666780e-03
1449.000 1.2600550000e-01 9.5122861860e-03
1450.000 1.2049099930e-01 8.9039478300e-03
1451.000 1.2184041710e-01 9.1125793460e-03
1452.000 1.2717570400e-01 9.9150333400e-03
1453.000 1.4171611800e-01 1.1705502510e-02
1454.000 1.5421381600e-01 1.3471039770e-02
1455.000 1.6019243400e-01 1.4469721790e-02
1456.000 1.6730319000e-01 1.5609279630e-02
1457.000 1.6999389000e-01 1.5940814970e-02
1458.000 1.7332068800e-01 1.6364669800e-02
1459.000 1.6844787300e-01 1.5574760440e-02
1460.000 1.6076652100e-01 1.4595384600e-02
1461.000 1.5768145300e-01 1.4185644150e-02
1462.000 1.4918760400e-01 1.3047188760e-02
1463.000 1.4819829100e-01 1.2987589840e-02
1464.000 1.4628280900e-01 1.2725332260e-02
1465.000 1.4303567700e-01 1.2181616780e-02
1466.000 1.3330341600e-01 1.1044155120e-02
1467.000 1.3233494700e-01 1.0747197150e-02
1468.000 1.2419017510e-01 9.8575344090e-03
1469.000 1.1780601870e-01 8.9792184830e-03
1470.000 1.1439363580e-01 8.5998029710e-03
1471.000 1.2139782420e-01 9.6357231140e-03
1472.000 1.3368335100e-01 1.1287079810e-02
1473.000 1.5023988700e-01 1.3642170910e-02
1474.000 1.5748322400e-01 1.5067834850e-02
1475.000 1.6028375800e-01 1.5381791110e-02
1476.000 1.6054428700e-01 1.5454657550e-02
1477.000 1.5710170400e-01 1.4952038760e-02
1478.000 1.5095619400e-01 1.4209944730e-02
1479.000 1.4796022500e-01 1.3687795640e-02
1480.000 1.5104349900e-01 1.4213795660e-02
1481.000 1.5387038500e-01 1.4842959400e-02
1482.000 1.6082542900e-01 1.5943828580e-02
1483.000 1.5904599300e-01 1.5916720390e-02
1484.000 1.6007842100e-01 1.6093109130e-02
1485.000 1.6237842800e-01 1.6322370530e-02
1486.000 1.6375519600e-01 1.6859054570e-02
1487.000 1.7378653900e-01 1.8703535080e-02
1488.000 1.5230005700e-01 1.6505037310e-02
1489.000 1.8691115400e-01 2.1435132980e-02
1490.000 1.9776066100e-01 2.3783979420e-02
1491.000 2.0483230200e-01 2.5267734530e-02
1492.000 2.0111862600e-01 2.4994703290e-02
1493.000 2.0855805900e-01 2.6338464740e-02
1494.000 2.0825211300e-01 2.6440071110e-02
1495.000 2.0998148100e-01 2.7091419220e-02
1496.000 2.0962333700e-01 2.7652511600e-02
1497.000 2.1473608800e-01 2.8469091420e-02
1498.000 2.2182276200e-01 2.9967559810e-02
1499.000 2.2281640100e-01 3.0641668320e-02
1500.000 2.2969051300e-01 3.2025981900e-02
1501.000 2.2838318200e-01 3.1829822540e-02
1502.000 2.2470056700e-01 3.1240648270e-02
1503.000 2.0072693600e-01 2.7883119580e-02
1504.000 2.1006884300e-01 2.9365501400e-02
1505.000 2.1269528600e-01 3.0132738110e-02
1506.000 2.1562756100e-01 3.0650152210e-02
1507.000 2.2845658700e-01 3.2866909030e-02
1508.000 2.2644764300e-01 3.2830993650e-02
1509.000 2.2897494100e-01 3.3467098240e-02
1510.000 2.3307931400e-01 3.4223995210e-02
1511.000 2.3522960600e-01 3.4746700290e-02
1512.000 2.3154170200e-01 3.4357284550e-02
1513.000 2.3145095400e-01 3.4464023590e-02
1514.000 2.2828157400e-01 3.4067550660e-02
1515.000 2.3359149500e-01 3.5029743190e-02
1516.000 2.3168467300e-01 3.4846294400e-02
1517.000 2.3106426300e-01 3.4907005310e-02
1518.000 2.3679122700e-01 3.6019908910e-02
1519.000 2.3501036500e-01 3.6024532320e-02
1520.000 2.3861583300e-01 3.6922515870e-02
1521.000 2.3522590100e-01 3.6603069310e-02
1522.000 2.3386502200e-01 3.6455833440e-02
1523.000 2.3989379400e-01 3.7506275180e-02
1524.000 2.3780857900e-01 3.7199684140e-02
1525.000 2.3206829500e-01 3.6313934330e-02
1526.000 2.3870729500e-01 3.7423721310e-02
1527.000 2.3659501600e-01 3.7213245390e-02
1528.000 2.3869915100e-01 3.7692855830e-02
1529.000 2.3795233500e-01 3.7628391270e-02
1530.000 2.2308996400e-01 3.5408290860e-02
1531.000 2.3874370200e-01 3.8017593380e-02
1532.000 2.3760675900e-01 3.7968170170e-02
1533.000 2.3664519800e-01 3.7914852140e-02
1534.000 2.3316607200e-01 3.7449966430e-02
1535.000 2.3415435400e-01 3.7704086300e-02
1536.000 2.3728845800e-01 3.8276725770e-02
1537.000 2.3822704000e-01 3.8534130100e-02
1538.000 2.3189703500e-01 3.7620502470e-02
1539.000 2.3691558200e-01 3.8539665220e-02
1540.000 2.2836238700e-01 3.7228992460e-02
1541.000 2.3317787600e-01 3.8078937530e-02
1542.000 2.3456604800e-01 3.8358894350e-02
1543.000 2.3392814900e-01 3.8324653630e-02
1544.000 2.3693390600e-01 3.8899776460e-02
1545.000 2.3784512500e-01 3.9154953000e-02
1546.000 2.3806498000e-01 3.9291877750e-02
1547.000 2.3575313700e-01 3.9000991820e-02
1548.000 2.2879078400e-01 3.7925724030e-02
1549.000 2.3465464300e-01 3.8955989840e-02
1550.000 2.3333578600e-01 3.8788341520e-02
1551.000 2.3210710800e-01 3.8623394010e-02
1552.000 2.3606344300e-01 3.9323753360e-02
1553.000 2.3482989700e-01 3.9172946930e-02
1554.000 2.2622564700e-01 3.7776439670e-02
1555.000 2.3000144100e-01 3.8468009950e-02
1556.000 2.2561064900e-01 3.7792110440e-02
1557.000 2.3299784200e-01 3.9092189790e-02
1558.000 2.3115277200e-01 3.8825920100e-02
1559.000 2.3117018500e-01 3.8867828370e-02
1560.000 2.2717784100e-01 3.8248210910e-02
1561.000 2.3247906000e-01 3.9170356750e-02
1562.000 2.3236987700e-01 3.9164905550e-02
1563.000 2.2889498500e-01 3.8603549960e-02
1564.000 2.2423370800e-01 3.7828308110e-02
1565.000 2.2748758800e-01 3.8377391820e-02
1566.000 2.2317763800e-01 3.7690612790e-02
1567.000 2.2281723800e-01 3.7617427830e-02
1568.000 2.1765574900e-01 3.6708724980e-02
1569.000 2.1783482200e-01 3.6691551210e-02
1570.000 2.1177348000e-01 3.5647663120e-02
1571.000 2.1744792900e-01 3.6636421200e-02
1572.000 2.1728077100e-01 3.6623985290e-02
1573.000 2.1398085200e-01 3.6122646330e-02
1574.000 2.1482518600e-01 3.6336948390e-02
1575.000 1.9959284300e-01 3.3811763760e-02
1576.000 2.1442853400e-01 3.6354133610e-02
1577.000 1.9369604100e-01 3.2869777680e-02
1578.000 2.1205650300e-01 3.6019172670e-02
1579.000 2.1338051400e-01 3.6291061400e-02
1580.000 2.1793378300e-01 3.7134761810e-02
1581.000 2.1648864300e-01 3.6921398160e-02
1582.000 2.1233739500e-01 3.6298934940e-02
1583.000 2.1514551700e-01 3.6860618590e-02
1584.000 2.1341358000e-01 3.6647357940e-02
1585.000 2.1986552800e-01 3.7826908110e-02
1586.000 2.1710433700e-01 3.7392929080e-02
1587.000 2.1484316000e-01 3.7070507050e-02
1588.000 2.1169103800e-01 3.6589340210e-02
1589.000 1.9367470400e-01 3.3507865910e-02
1590.000 2.0865357400e-01 3.6125904080e-02
1591.000 2.0398003700e-01 3.5342639920e-02
1592.000 2.1466182200e-01 3.7198444370e-02
1593.000 2.1927865800e-01 3.7994003300e-02
1594.000 2.1740170500e-01 3.7666011810e-02
1595.000 2.1837340500e-01 3.7835060120e-02
1596.000 2.0455761200e-01 3.5467617030e-02
1597.000 2.1215188000e-01 3.6772563930e-02
1598.000 2.1506608100e-01 3.7251052860e-02
1599.000 2.0662229700e-01 3.5750518800e-02
1600.000 2.0907430700e-01 3.6148574830e-02
1601.000 2.0027241000e-01 3.4651538850e-02
1602.000 2.0514180800e-01 3.5519207000e-02
1603.000 2.0391354400e-01 3.5366291050e-02
1604.000 2.0696046300e-01 3.5964405060e-02
1605.000 2.0389988700e-01 3.5462154390e-02
1606.000 2.0326098100e-01 3.5391311650e-02
1607.000 2.0394848200e-01 3.5511810300e-02
1608.000 2.0614342800e-01 3.5896186830e-02
1609.000 2.0535077000e-01 3.5776107790e-02
1610.000 1.9268383800e-01 3.3591686250e-02
1611.000 1.9883479200e-01 3.4722908020e-02
1612.000 2.0130546700e-01 3.5218605040e-02
1613.000 2.0632890700e-01 3.6160461430e-02
1614.000 2.0430307000e-01 3.5820934300e-02
1615.000 2.0807743800e-01 3.6535919190e-02
1616.000 1.9535235600e-01 3.4340278630e-02
1617.000 2.0146092800e-01 3.5480712890e-02
1618.000 2.0773734100e-01 3.6612018590e-02
1619.000 2.0745589900e-01 3.6629966740e-02
1620.000 2.0256419000e-01 3.5830066680e-02
1621.000 1.9983624000e-01 3.5396896360e-02
1622.000 2.0486532000e-01 3.6305282590e-02
1623.000 2.0914913600e-01 3.7097499850e-02
1624.000 2.1067817200e-01 3.7393524170e-02
1625.000 2.0566172000e-01 3.6562458040e-02
1626.000 2.0796255700e-01 3.6953762050e-02
1627.000 2.0772391700e-01 3.6936920170e-02
1628.000 2.0930159100e-01 3.7223766330e-02
1629.000 2.0916425200e-01 3.7201698300e-02
1630.000 2.0329697600e-01 3.6145614620e-02
1631.000 2.0647598600e-01 3.6724597930e-02
1632.000 2.0630216000e-01 3.6662471770e-02
1633.000 2.0357967300e-01 3.6179016110e-02
1634.000 1.9861584100e-01 3.5283905030e-02
1635.000 2.0393935800e-01 3.6234481810e-02
1636.000 2.0317190300e-01 3.6091148380e-02
1637.000 1.9385511600e-01 3.4426887510e-02
1638.000 1.9243902000e-01 3.4180881500e-02
1639.000 1.9015480400e-01 3.3749607090e-02
1640.000 1.9110110100e-01 3.3913272860e-02
1641.000 1.8973624400e-01 3.3662910460e-02
1642.000 1.8949782800e-01 3.3648410800e-02
1643.000 1.9429941000e-01 3.4515758510e-02
1644.000 1.9122573600e-01 3.3978977200e-02
1645.000 1.9152369200e-01 3.4032878880e-02
1646.000 1.9382447600e-01 3.4468021390e-02
1647.000 1.9562583100e-01 3.4801624300e-02
1648.000 1.9474207000e-01 3.4640289310e-02
1649.000 1.9026673400e-01 3.3853157040e-02
1650.000 1.9508792700e-01 3.4727039340e-02
1651.000 1.9073185100e-01 3.3957515720e-02
1652.000 1.9452409700e-01 3.4623676300e-02
1653.000 1.9252114400e-01 3.4287727360e-02
1654.000 1.9468021800e-01 3.4683029170e-02
1655.000 1.9099380800e-01 3.4053386690e-02
1656.000 1.9482036700e-01 3.4756286620e-02
1657.000 1.9340423600e-01 3.4514041900e-02
1658.000 1.9462317700e-01 3.4759361270e-02
1659.000 1.9108385600e-01 3.4138080600e-02
1660.000 1.9329207600e-01 3.4526309970e-02
1661.000 1.9404420700e-01 3.4662006380e-02
1662.000 1.9258654000e-01 3.4386642460e-02
1663.000 1.9131172600e-01 3.4163646700e-02
1664.000 1.9041826400e-01 3.4006759640e-02
1665.000 1.8847837500e-01 3.3655288700e-02
1666.000 1.8770809400e-01 3.3544548030e-02
1667.000 1.8962596200e-01 3.3941226960e-02
1668.000 1.8641325500e-01 3.3377639770e-02
1669.000 1.8693836400e-01 3.3496841430e-02
1670.000 1.9114083700e-01 3.4271335600e-02
1671.000 1.8974203100e-01 3.4033962250e-02
1672.000 1.8075562800e-01 3.2433444980e-02
1673.000 1.8591952600e-01 3.3346878050e-02
1674.000 1.8666818500e-01 3.3476940160e-02
1675.000 1.8493341500e-01 3.3177398680e-02
1676.000 1.8194414600e-01 3.2640129090e-02
1677.000 1.8287603800e-01 3.2817455290e-02
1678.000 1.8388796200e-01 3.3023174290e-02
1679.000 1.8144687600e-01 3.2586097720e-02
1680.000 1.7522823400e-01 3.1490211490e-02
1681.000 1.6915330400e-01 3.0410116200e-02
1682.000 1.7403929300e-01 3.1289808270e-02
1683.000 1.7833088000e-01 3.2054454800e-02
1684.000 1.8162653500e-01 3.2641651150e-02
1685.000 1.8214566500e-01 3.2703933720e-02
1686.000 1.7994870100e-01 3.2309013370e-02
1687.000 1.8064244400e-01 3.2381080630e-02
1688.000 1.8073511900e-01 3.2355018620e-02
1689.000 1.7855514300e-01 3.1962699890e-02
1690.000 1.7840904400e-01 3.1886459350e-02
1691.000 1.8071725900e-01 3.2293895720e-02
1692.000 1.8104227700e-01 3.2353054050e-02
1693.000 1.8040118200e-01 3.2248077390e-02
1694.000 1.8013190800e-01 3.2201099400e-02
1695.000 1.8017840000e-01 3.2181926730e-02
1696.000 1.7912365500e-01 3.1986200330e-02
1697.000 1.7799585800e-01 3.1758205410e-02
1698.000 1.7905140200e-01 3.1929136280e-02
1699.000 1.7789563600e-01 3.1715248110e-02
1700.000 1.7564347700e-01 3.1306961060e-02
