  lambda           Irr_dw           Rad_up
 550.000 1.5248990000e+00 1.0029534150e-01
 551.000 1.5148650000e+00 9.9551971440e-02
 552.000 1.5795858000e+00 1.0381715390e-01
 553.000 1.5172121000e+00 9.9614967350e-02
 554.000 1.5663017000e+00 1.0283008580e-01
 555.000 1.5702342000e+00 1.0295545200e-01
 556.000 1.5265179000e+00 9.9965110780e-02
 557.000 1.4808451000e+00 9.6973632810e-02
 558.000 1.5367063000e+00 1.0050700380e-01
 559.000 1.4521777000e+00 9.4911979680e-02
 560.000 1.4582411000e+00 9.5301818850e-02
 561.000 1.6023256000e+00 1.0457592770e-01
 562.000 1.4705353000e+00 9.5936607360e-02
 563.000 1.5382108000e+00 1.0022173310e-01
 564.000 1.5162783000e+00 9.8614250180e-02
 565.000 1.5340757000e+00 9.9743804930e-02
 566.000 1.4141525000e+00 9.1831855770e-02
 567.000 1.5166685000e+00 9.8257339480e-02
 568.000 1.5124497000e+00 9.7459533690e-02
 569.000 1.4814861000e+00 9.4344337460e-02
 570.000 1.4891214000e+00 9.4911834720e-02
 571.000 1.4365816000e+00 9.2219505310e-02
 572.000 1.5178330000e+00 9.6718719480e-02
 573.000 1.5338567000e+00 9.7895812990e-02
 574.000 1.5253290000e+00 9.7322731020e-02
 575.000 1.4878746000e+00 9.4801185610e-02
 576.000 1.4607511000e+00 9.2991836550e-02
 577.000 1.5213610000e+00 9.6931205750e-02
 578.000 1.4770065000e+00 9.4377876280e-02
 579.000 1.4656860000e+00 9.3686782840e-02
 580.000 1.5161356000e+00 9.7072776790e-02
 581.000 1.4887132000e+00 9.5445190430e-02
 582.000 1.5109247000e+00 9.6784164430e-02
 583.000 1.5213339000e+00 9.7488533020e-02
 584.000 1.5163778000e+00 9.7024711610e-02
 585.000 1.5062749000e+00 9.6260147090e-02
 586.000 1.4414391000e+00 9.2085594180e-02
 587.000 1.4976633000e+00 9.5158485410e-02
 588.000 1.4819788000e+00 9.2751075740e-02
 589.000 1.3136131000e+00 8.0467391970e-02
 590.000 1.3715363000e+00 8.3907653810e-02
 591.000 1.4573002000e+00 9.0309707640e-02
 592.000 1.4293464000e+00 8.7803741460e-02
 593.000 1.4443113000e+00 9.0045913700e-02
 594.000 1.4574816000e+00 9.0526687620e-02
 595.000 1.4296168000e+00 8.7757377620e-02
 596.000 1.4649476000e+00 9.1336639400e-02
 597.000 1.4693517000e+00 9.1168563840e-02
 598.000 1.4392304000e+00 8.9889549260e-02
 599.000 1.4395902000e+00 9.0131835940e-02
 600.000 1.4398739000e+00 9.0694953920e-02
 601.000 1.4317544000e+00 9.0594581600e-02
 602.000 1.4160942000e+00 8.9660583500e-02
 603.000 1.4246372000e+00 9.0345581050e-02
 604.000 1.4697645000e+00 9.3363594060e-02
 605.000 1.4659987000e+00 9.3035949710e-02
 606.000 1.4490117000e+00 9.2013984680e-02
 607.000 1.4408585000e+00 9.1435173030e-02
 608.000 1.4355637000e+00 9.1012954710e-02
 609.000 1.4208272000e+00 9.0070579530e-02
 610.000 1.3980640000e+00 8.8545997620e-02
 611.000 1.4207570000e+00 8.9964569090e-02
 612.000 1.4022517000e+00 8.8781929020e-02
 613.000 1.3817556000e+00 8.7417884830e-02
 614.000 1.3313904000e+00 8.4237236020e-02
 615.000 1.3956888000e+00 8.8205131530e-02
 616.000 1.3270270000e+00 8.3879905700e-02
 617.000 1.3345194000e+00 8.4334724430e-02
 618.000 1.3974756000e+00 8.8191383360e-02
 619.000 1.3846790000e+00 8.7420387270e-02
 620.000 1.4051289000e+00 8.8587692260e-02
 621.000 1.4292928000e+00 9.0094192500e-02
 622.000 1.3539051000e+00 8.5277450560e-02
 623.000 1.3644513000e+00 8.5789405820e-02
 624.000 1.3659209000e+00 8.5933578490e-02
 625.000 1.3289292000e+00 8.3592720030e-02
 626.000 1.3356695000e+00 8.3824905400e-02
 627.000 1.3580623000e+00 8.4721290590e-02
 628.000 1.3399833000e+00 8.2659317020e-02
 629.000 1.3735860000e+00 8.4995796200e-02
 630.000 1.3280033000e+00 8.2624313350e-02
 631.000 1.3767183000e+00 8.5715644840e-02
 632.000 1.2823802500e+00 7.9488990780e-02
 633.000 1.3765148000e+00 8.5733047490e-02
 634.000 1.3351749000e+00 8.3309631350e-02
 635.000 1.3595992000e+00 8.4834953310e-02
 636.000 1.3116994300e+00 8.1921257020e-02
 637.000 1.3549905000e+00 8.4678604130e-02
 638.000 1.3760657000e+00 8.6170112610e-02
 639.000 1.3647038000e+00 8.5332054140e-02
 640.000 1.3218897500e+00 8.2879219060e-02
 641.000 1.3409918800e+00 8.4033309940e-02
 642.000 1.3249005400e+00 8.3064361570e-02
 643.000 1.3481086100e+00 8.4334403990e-02
 644.000 1.3326602300e+00 8.3265396120e-02
 645.000 1.3443211900e+00 8.3795524600e-02
 646.000 1.2931388200e+00 7.9557250980e-02
 647.000 1.3107056500e+00 7.9918869020e-02
 648.000 1.3084055000e+00 7.9169311520e-02
 649.000 1.3343660500e+00 8.1181762700e-02
 650.000 1.2365089400e+00 7.6314193730e-02
 651.000 1.3319742400e+00 8.2187561040e-02
 652.000 1.3063296400e+00 7.9586051940e-02
 653.000 1.3326634600e+00 8.2343574520e-02
 654.000 1.3152351800e+00 8.1012832640e-02
 655.000 1.2805872200e+00 7.8433227540e-02
 656.000 1.0872214500e+00 6.6677085880e-02
 657.000 1.1604022500e+00 7.1364707950e-02
 658.000 1.2925485500e+00 7.9950019840e-02
 659.000 1.2956711900e+00 8.0329689030e-02
 660.000 1.3058504000e+00 8.1068023680e-02
 661.000 1.3116060800e+00 8.1770820620e-02
 662.000 1.3304931300e+00 8.3074111940e-02
 663.000 1.3157271300e+00 8.2060020450e-02
 664.000 1.2948397200e+00 8.0784606930e-02
 665.000 1.3004890200e+00 8.1144081120e-02
 666.000 1.3161733100e+00 8.2243865970e-02
 667.000 1.2900645000e+00 8.0556259160e-02
 668.000 1.2974126500e+00 8.1131729130e-02
 669.000 1.3159406100e+00 8.2342422490e-02
 670.000 1.3005212500e+00 8.1261932370e-02
 671.000 1.2864752500e+00 8.0415863040e-02
 672.000 1.2824182800e+00 8.0139373780e-02
 673.000 1.2915918200e+00 8.0677101140e-02
 674.000 1.2941079000e+00 8.0838043210e-02
 675.000 1.2743733700e+00 7.9554344180e-02
 676.000 1.2984458800e+00 8.1061058040e-02
 677.000 1.2726306500e+00 7.9458908080e-02
 678.000 1.2937101500e+00 8.0736427310e-02
 679.000 1.2754565500e+00 7.9528472900e-02
 680.000 1.2656828800e+00 7.8885429380e-02
 681.000 1.2670565600e+00 7.8894317630e-02
 682.000 1.2644413000e+00 7.8637405400e-02
 683.000 1.2727515700e+00 7.9056358340e-02
 684.000 1.2497893400e+00 7.7585617070e-02
 685.000 1.2639013500e+00 7.8439170840e-02
 686.000 1.2083385100e+00 7.4693771360e-02
 687.000 1.1180620800e+00 6.6294830320e-02
 688.000 1.1476599500e+00 6.8898506160e-02
 689.000 1.1422748700e+00 6.8368141170e-02
 690.000 1.1626879700e+00 7.0042785640e-02
 691.000 1.1861622800e+00 7.1910095210e-02
 692.000 1.1891614100e+00 7.2114387510e-02
 693.000 1.1882610200e+00 7.0731513980e-02
 694.000 1.1904405300e+00 6.9811454770e-02
 695.000 1.1775726700e+00 6.9535240170e-02
 696.000 1.1958896000e+00 7.0934104920e-02
 697.000 1.2184492700e+00 7.4206916810e-02
 698.000 1.1915410600e+00 7.2079147340e-02
 699.000 1.1951216900e+00 7.0647964480e-02
 700.000 1.1840648900e+00 7.0214805600e-02
 701.000 1.1534843100e+00 6.8006172180e-02
 702.000 1.1506461400e+00 6.8087722780e-02
 703.000 1.1818358700e+00 7.1229194640e-02
 704.000 1.1857874300e+00 7.1542831420e-02
 705.000 1.1885563900e+00 7.1127845760e-02
 706.000 1.1770779900e+00 7.0549522400e-02
 707.000 1.1614782700e+00 6.9819160460e-02
 708.000 1.1975538100e+00 7.2211524960e-02
 709.000 1.1596937900e+00 7.0354759220e-02
 710.000 1.1810230500e+00 7.1103553770e-02
 711.000 1.1743896800e+00 7.1168373110e-02
 712.000 1.1623951500e+00 7.0885238650e-02
 713.000 1.1537983800e+00 6.9979438780e-02
 714.000 1.1720860000e+00 7.0893066410e-02
 715.000 1.1251830700e+00 6.7461372380e-02
 716.000 1.1484650100e+00 6.8231590270e-02
 717.000 1.0767711700e+00 6.0888748170e-02
 718.000 1.0445610800e+00 5.7209365840e-02
 719.000 1.0229707400e+00 5.5292205810e-02
 720.000 1.0162224400e+00 5.4042705540e-02
 721.000 1.0767480900e+00 6.1626033780e-02
 722.000 1.1139789100e+00 6.5269630430e-02
 723.000 1.0988915100e+00 6.3463443760e-02
 724.000 1.0692441400e+00 5.9280303960e-02
 725.000 1.0627693000e+00 5.9274169920e-02
 726.000 1.0590059300e+00 5.8960086820e-02
 727.000 1.0796779800e+00 6.0417453770e-02
 728.000 1.0554778700e+00 5.8735382080e-02
 729.000 1.0264996900e+00 5.7999202730e-02
 730.000 1.0618942100e+00 5.9852424620e-02
 731.000 1.0414178900e+00 5.8578933720e-02
 732.000 1.0836476200e+00 6.2494247440e-02
 733.000 1.0881416800e+00 6.4372909550e-02
 734.000 1.1208881800e+00 6.7079795840e-02
 735.000 1.1081304000e+00 6.5997383120e-02
 736.000 1.0808449000e+00 6.3880199430e-02
 737.000 1.0999364700e+00 6.5349403380e-02
 738.000 1.1036075500e+00 6.6104026790e-02
 739.000 1.0706292600e+00 6.4388694760e-02
 740.000 1.0869063000e+00 6.5893287660e-02
 741.000 1.0817544700e+00 6.5974632260e-02
 742.000 1.0653610200e+00 6.5133369450e-02
 743.000 1.0998718800e+00 6.7585502620e-02
 744.000 1.1116690300e+00 6.8490325930e-02
 745.000 1.0838171100e+00 6.6920547490e-02
 746.000 1.0997088500e+00 6.7964385990e-02
 747.000 1.1162938300e+00 6.8974212650e-02
 748.000 1.0969877900e+00 6.7815658570e-02
 749.000 1.0974895300e+00 6.7881057740e-02
 750.000 1.0810563000e+00 6.6796150210e-02
 751.000 1.0782972000e+00 6.6622505190e-02
 752.000 1.0952973500e+00 6.7731636050e-02
 753.000 1.0851140900e+00 6.7115394590e-02
 754.000 1.1022210600e+00 6.8179794310e-02
 755.000 1.0959245500e+00 6.7787071230e-02
 756.000 1.0745019900e+00 6.6460029600e-02
 757.000 1.0824349200e+00 6.6946624760e-02
 758.000 1.0802035100e+00 6.6763557430e-02
 759.000 9.9874074000e-01 6.0319240570e-02
 760.000 5.1099005000e-01 2.4928789140e-02
 761.000 4.6166728000e-01 2.1857707980e-02
 762.000 7.3649075000e-01 4.0353736880e-02
 763.000 6.6848303000e-01 3.5181427000e-02
 764.000 7.1444882000e-01 3.8345672610e-02
 765.000 8.1555193000e-01 4.5832820890e-02
 766.000 8.8173725000e-01 5.1896186830e-02
 767.000 9.4491816000e-01 5.6690708160e-02
 768.000 1.0153078500e+00 6.1711879730e-02
 769.000 1.0326442900e+00 6.3329216000e-02
 770.000 1.0375510600e+00 6.3900512700e-02
 771.000 1.0430434400e+00 6.4397010800e-02
 772.000 1.0401259100e+00 6.4256179810e-02
 773.000 1.0362320200e+00 6.4033760070e-02
 774.000 1.0476527800e+00 6.4754776000e-02
 775.000 1.0084526800e+00 6.2344818120e-02
 776.000 1.0500962300e+00 6.4964263920e-02
 777.000 1.0428245700e+00 6.4503471370e-02
 778.000 1.0372219600e+00 6.4126243590e-02
 779.000 1.0405851000e+00 6.4294448850e-02
 780.000 1.0276983900e+00 6.3520317080e-02
 781.000 1.0261169500e+00 6.3420684810e-02
 782.000 1.0384719800e+00 6.4114967350e-02
 783.000 1.0141987800e+00 6.2681022640e-02
 784.000 1.0197484300e+00 6.2971717830e-02
 785.000 1.0216297200e+00 6.2890300750e-02
 786.000 1.0027733700e+00 6.1556350710e-02
 787.000 1.0146970900e+00 6.1785484310e-02
 788.000 9.9795306000e-01 6.0565162660e-02
 789.000 9.9816499000e-01 5.9834156040e-02
 790.000 9.8758967000e-01 5.9099357600e-02
 791.000 9.8357336000e-01 5.9009227750e-02
 792.000 9.6894752000e-01 5.8213081360e-02
 793.000 9.7021315000e-01 5.8571971890e-02
 794.000 9.6496494000e-01 5.8907260890e-02
 795.000 9.5685504000e-01 5.7938255310e-02
 796.000 9.6531059000e-01 5.7574550630e-02
 797.000 9.7364283000e-01 5.8364692690e-02
 798.000 9.7913045000e-01 5.9300804140e-02
 799.000 9.7720321000e-01 5.9003471370e-02
 800.000 9.4814909000e-01 5.6803390500e-02
 801.000 9.6628360000e-01 5.7942005160e-02
 802.000 9.6397244000e-01 5.7726699830e-02
 803.000 9.5075353000e-01 5.7016044620e-02
 804.000 9.6102818000e-01 5.7885166170e-02
 805.000 9.3788811000e-01 5.6911285400e-02
 806.000 9.6522062000e-01 5.8781890870e-02
 807.000 9.5933859000e-01 5.8465702060e-02
 808.000 9.5258015000e-01 5.7878505710e-02
 809.000 9.3504219000e-01 5.6626998900e-02
 810.000 9.2930084000e-01 5.6069637300e-02
 811.000 9.4090556000e-01 5.6407714840e-02
 812.000 9.3323227000e-01 5.5489818570e-02
 813.000 9.2352057000e-01 5.4305229190e-02
 814.000 9.1457221000e-01 5.3139766690e-02
 815.000 8.9500004000e-01 5.1216594700e-02
 816.000 8.7417593000e-01 4.9075347900e-02
 817.000 8.8020111000e-01 4.9447196960e-02
 818.000 8.7590712000e-01 4.9216064450e-02
 819.000 8.5644002000e-01 4.8486389160e-02
 820.000 8.5387734000e-01 4.9373168950e-02
 821.000 8.9869383000e-01 5.3195896150e-02
 822.000 8.6114012000e-01 4.9964828490e-02
 823.000 8.3746086000e-01 4.6229904170e-02
 824.000 8.8037074000e-01 5.0692035680e-02
 825.000 8.9787446000e-01 5.3289699550e-02
 826.000 9.0023991000e-01 5.3115409850e-02
 827.000 8.9492803000e-01 5.2575248720e-02
 828.000 8.8075938000e-01 5.0760120390e-02
 829.000 8.8475917000e-01 5.1295490260e-02
 830.000 8.7555678000e-01 5.1142341610e-02
 831.000 8.6125775000e-01 5.0393985750e-02
 832.000 8.7930764000e-01 5.1476814270e-02
 833.000 8.5459310000e-01 5.0333625790e-02
 834.000 8.7026743000e-01 5.1542747500e-02
 835.000 8.7752217000e-01 5.2430530550e-02
 836.000 8.8594695000e-01 5.2874237060e-02
 837.000 8.7840055000e-01 5.2380081180e-02
 838.000 8.8414850000e-01 5.3021644590e-02
 839.000 8.5799875000e-01 5.1599475860e-02
 840.000 8.8147375000e-01 5.3030139920e-02
 841.000 8.8229833000e-01 5.2880123140e-02
 842.000 8.7805179000e-01 5.2763801570e-02
 843.000 8.7496323000e-01 5.3056968690e-02
 844.000 8.6170983000e-01 5.2447052000e-02
 845.000 8.7534251000e-01 5.3363574980e-02
 846.000 8.8369917000e-01 5.4014907840e-02
 847.000 8.5381766000e-01 5.2339412690e-02
 848.000 8.7798712000e-01 5.3610595700e-02
 849.000 8.7971438000e-01 5.3804313660e-02
 850.000 7.6019206000e-01 4.6354663850e-02
 851.000 8.7038070000e-01 5.2934654240e-02
 852.000 8.3741726000e-01 5.0989799500e-02
 853.000 8.4786956000e-01 5.1722328190e-02
 854.000 6.8160965000e-01 4.1604198460e-02
 855.000 7.5062372000e-01 4.5928161620e-02
 856.000 8.5235737000e-01 5.2252479550e-02
 857.000 8.6618749000e-01 5.3245655060e-02
 858.000 8.5240991000e-01 5.2413814540e-02
 859.000 8.5247961000e-01 5.2491752620e-02
 860.000 8.4495187000e-01 5.2111049650e-02
 861.000 8.4484809000e-01 5.2094013210e-02
 862.000 8.4208759000e-01 5.1887287140e-02
 863.000 8.5818835000e-01 5.2960273740e-02
 864.000 8.5647512000e-01 5.2750732420e-02
 865.000 8.4052869000e-01 5.1876537320e-02
 866.000 7.0503210000e-01 4.3551128390e-02
 867.000 7.5077750000e-01 4.6219856260e-02
 868.000 8.1425572000e-01 5.0198486330e-02
 869.000 8.0283151000e-01 4.9490024570e-02
 870.000 8.3594496000e-01 5.1621459960e-02
 871.000 8.3476648000e-01 5.1501213070e-02
 872.000 8.3140434000e-01 5.1128429410e-02
 873.000 8.3473756000e-01 5.1431568150e-02
 874.000 8.1643454000e-01 5.0243213650e-02
 875.000 8.0893043000e-01 4.9897163390e-02
 876.000 8.1564150000e-01 5.0245834350e-02
 877.000 8.3189144000e-01 5.1135070800e-02
 878.000 8.1756247000e-01 5.0296524050e-02
 879.000 8.1946127000e-01 5.0459506990e-02
 880.000 8.1467431000e-01 5.0009822850e-02
 881.000 7.7231660000e-01 4.7437774660e-02
 882.000 8.1494122000e-01 4.9900867460e-02
 883.000 7.9636234000e-01 4.8915878300e-02
 884.000 8.0313596000e-01 4.9501224520e-02
 885.000 8.1132799000e-01 4.9619953160e-02
 886.000 7.8466711000e-01 4.7968471530e-02
 887.000 7.7667423000e-01 4.7509777070e-02
 888.000 7.9991947000e-01 4.8791564940e-02
 889.000 8.0534601000e-01 4.9351741790e-02
 890.000 8.0271989000e-01 4.9090377810e-02
 891.000 7.9796693000e-01 4.8573307040e-02
 892.000 7.9370988000e-01 4.8023681640e-02
 893.000 7.5793205000e-01 4.4886138920e-02
 894.000 7.8006477000e-01 4.5824722290e-02
 895.000 7.3043238000e-01 4.1938816070e-02
 896.000 7.4453296000e-01 4.1659793850e-02
 897.000 7.1209847000e-01 3.9012737270e-02
 898.000 7.0609263000e-01 3.8182907100e-02
 899.000 6.8481527000e-01 3.5814350130e-02
 900.000 6.7066232000e-01 3.5155269620e-02
 901.000 6.5114082000e-01 3.3865844730e-02
 902.000 6.3999422000e-01 3.3350708010e-02
 903.000 7.0515226000e-01 3.8723705290e-02
 904.000 7.3917116000e-01 4.1823181150e-02
 905.000 7.3640386000e-01 4.1839336400e-02
 906.000 7.0423542000e-01 3.9259250640e-02
 907.000 6.9324560000e-01 3.7269210820e-02
 908.000 6.6152882000e-01 3.4668502810e-02
 909.000 6.4908840000e-01 3.4031280520e-02
 910.000 6.5897766000e-01 3.4667472840e-02
 911.000 6.6699573000e-01 3.5778381350e-02
 912.000 6.6366704000e-01 3.5155399320e-02
 913.000 6.5799533000e-01 3.3748218540e-02
 914.000 6.6413185000e-01 3.4596275330e-02
 915.000 6.6131663000e-01 3.5056819920e-02
 916.000 6.7072282000e-01 3.5632629390e-02
 917.000 6.6449875000e-01 3.5542575840e-02
 918.000 6.6662962000e-01 3.5990741730e-02
 919.000 6.9437439000e-01 3.8923061370e-02
 920.000 7.0180825000e-01 4.0017566680e-02
 921.000 6.8336903000e-01 3.8764934540e-02
 922.000 6.7697818000e-01 3.8462558750e-02
 923.000 6.4493861000e-01 3.6143592830e-02
 924.000 6.6303668000e-01 3.6824611660e-02
 925.000 6.7110663000e-01 3.7155742650e-02
 926.000 6.4703606000e-01 3.5662384030e-02
 927.000 6.6035543000e-01 3.5904647830e-02
 928.000 6.4759375000e-01 3.4073085780e-02
 929.000 6.1434284000e-01 3.0857191090e-02
 930.000 5.8153435000e-01 2.7502744670e-02
 931.000 5.4552124000e-01 2.4070991520e-02
 932.000 4.9291727000e-01 1.9703573230e-02
 933.000 4.5727995000e-01 1.7027284620e-02
 934.000 4.1419578000e-01 1.4316245080e-02
 935.000 4.0400929000e-01 1.3833055500e-02
 936.000 4.1663728000e-01 1.4676378250e-02
 937.000 4.2176594000e-01 1.4767191890e-02
 938.000 4.5978627000e-01 1.7497158050e-02
 939.000 5.6920572000e-01 2.6357017520e-02
 940.000 5.8107774000e-01 2.7611997600e-02
 941.000 5.5518466000e-01 2.5842851640e-02
 942.000 5.0373316000e-01 2.2132818220e-02
 943.000 4.7601526000e-01 1.8852598190e-02
 944.000 4.5921620000e-01 1.8039672850e-02
 945.000 4.8338493000e-01 1.9690107350e-02
 946.000 4.9093338000e-01 2.0053871150e-02
 947.000 5.0515291000e-01 2.1363779070e-02
 948.000 5.1824519000e-01 2.2362688060e-02
 949.000 5.1843198000e-01 2.2333522800e-02
 950.000 5.1752464000e-01 2.2413427350e-02
 951.000 5.3652488000e-01 2.4262796400e-02
 952.000 5.1261722000e-01 2.2174028400e-02
 953.000 5.2766700000e-01 2.3600013730e-02
 954.000 5.3980548000e-01 2.4989814760e-02
 955.000 4.9089081000e-01 2.2152872090e-02
 956.000 5.2025479000e-01 2.3380994800e-02
 957.000 5.6319101000e-01 2.7461202620e-02
 958.000 5.7292355000e-01 2.8243330000e-02
 959.000 5.6785262000e-01 2.7683538440e-02
 960.000 5.6032461000e-01 2.7241691590e-02
 961.000 5.5069949000e-01 2.6624086380e-02
 962.000 5.5659923000e-01 2.7083047870e-02
 963.000 5.7847160000e-01 2.9330793380e-02
 964.000 5.7503316000e-01 2.9343040470e-02
 965.000 5.7980461000e-01 2.9492370610e-02
 966.000 5.6419418000e-01 2.8781566620e-02
 967.000 5.9711409000e-01 3.1378149030e-02
 968.000 6.1682712000e-01 3.3961959840e-02
 969.000 6.3235236000e-01 3.5516551970e-02
 970.000 6.3467162000e-01 3.5694290160e-02
 971.000 6.2875358000e-01 3.5347400670e-02
 972.000 6.2993202000e-01 3.5213733670e-02
 973.000 6.1631349000e-01 3.4013198850e-02
 974.000 5.9757367000e-01 3.2461231230e-02
 975.000 5.9452700000e-01 3.1956272130e-02
 976.000 6.0918527000e-01 3.3167545320e-02
 977.000 6.0563507000e-01 3.3651103970e-02
 978.000 6.1957884000e-01 3.4381019590e-02
 979.000 6.0456887000e-01 3.3734493260e-02
 980.000 6.2525119000e-01 3.5618625640e-02
 981.000 6.3221092000e-01 3.6185871120e-02
 982.000 6.2810835000e-01 3.5788185120e-02
 983.000 6.3259116000e-01 3.6440612790e-02
 984.000 6.3469125000e-01 3.6991138460e-02
 985.000 6.3797309000e-01 3.7438423160e-02
 986.000 6.3737191000e-01 3.7750041960e-02
 987.000 6.4666998000e-01 3.8458190920e-02
 988.000 6.3907961000e-01 3.8037879940e-02
 989.000 6.3123567000e-01 3.7587856290e-02
 990.000 6.3708133000e-01 3.7968090060e-02
 991.000 6.4397145000e-01 3.8521011350e-02
 992.000 6.3847700000e-01 3.8231040950e-02
 993.000 6.3860373000e-01 3.8251743320e-02
 994.000 6.4330412000e-01 3.8658275600e-02
 995.000 6.3958049000e-01 3.8528602600e-02
 996.000 6.3944355000e-01 3.8516555790e-02
 997.000 6.3947697000e-01 3.8454200740e-02
 998.000 6.3637776000e-01 3.8202075960e-02
 999.000 6.3452366000e-01 3.8063350680e-02
1000.000 6.2968051000e-01 3.7789363860e-02
1001.000 6.3170778000e-01 3.7771057130e-02
1002.000 6.2840497000e-01 3.7358684540e-02
1003.000 6.2160685000e-01 3.7000179290e-02
1004.000 6.1770883000e-01 3.6883975980e-02
1005.000 5.7767271000e-01 3.4541385650e-02
1006.000 6.0801917000e-01 3.6372077940e-02
1007.000 6.1866813000e-01 3.6965347290e-02
1008.000 6.1944768000e-01 3.6839794160e-02
1009.000 6.1320804000e-01 3.6250740050e-02
1010.000 6.1658106000e-01 3.6543228150e-02
1011.000 6.1585515000e-01 3.6732860570e-02
1012.000 6.1700519000e-01 3.6891895290e-02
1013.000 6.1330204000e-01 3.6742519380e-02
1014.000 6.1752546000e-01 3.7055446620e-02
1015.000 6.0617616000e-01 3.6411537170e-02
1016.000 6.1038658000e-01 3.6729438780e-02
1017.000 6.0447218000e-01 3.6418548580e-02
1018.000 6.1202401000e-01 3.6867362980e-02
1019.000 5.9728027000e-01 3.5924400330e-02
1020.000 5.9628391000e-01 3.5865455630e-02
1021.000 6.0275718000e-01 3.6259342190e-02
1022.000 5.9280720000e-01 3.5504207610e-02
1023.000 6.0342190000e-01 3.5999919890e-02
1024.000 5.9989653000e-01 3.5686038970e-02
1025.000 6.0103043000e-01 3.5848323820e-02
1026.000 6.0229630000e-01 3.5981262210e-02
1027.000 5.9841733000e-01 3.5762718200e-02
1028.000 6.0001683000e-01 3.5925163270e-02
1029.000 5.9141243000e-01 3.5515110020e-02
1030.000 5.9784757000e-01 3.6012786870e-02
1031.000 5.9620801000e-01 3.5992176060e-02
1032.000 5.9429803000e-01 3.5931278230e-02
1033.000 5.8339343000e-01 3.5261077880e-02
1034.000 5.8909174000e-01 3.5606147770e-02
1035.000 5.8139896000e-01 3.5112110140e-02
1036.000 5.9101066000e-01 3.5692363740e-02
1037.000 5.7856734000e-01 3.4927509310e-02
1038.000 5.8428988000e-01 3.5258361820e-02
1039.000 5.8667483000e-01 3.5376632690e-02
1040.000 5.7973049000e-01 3.4935157780e-02
1041.000 5.8275289000e-01 3.5093929290e-02
1042.000 5.8448064000e-01 3.5178344730e-02
1043.000 5.7439055000e-01 3.4553688050e-02
1044.000 5.8010435000e-01 3.4875686650e-02
1045.000 5.7756926000e-01 3.4749805450e-02
1046.000 5.6076961000e-01 3.3775413510e-02
1047.000 5.7106190000e-01 3.4431476590e-02
1048.000 5.7672432000e-01 3.4813373570e-02
1049.000 5.7302379000e-01 3.4634655000e-02
1050.000 5.7062019000e-01 3.4521331790e-02
1051.000 5.6960311000e-01 3.4427566530e-02
1052.000 5.6693405000e-01 3.4232219700e-02
1053.000 5.6550958000e-01 3.4119632720e-02
1054.000 5.6129984000e-01 3.3829639430e-02
1055.000 5.6538961000e-01 3.4027404790e-02
1056.000 5.6386662000e-01 3.3899375920e-02
1057.000 5.6281509000e-01 3.3787445070e-02
1058.000 5.5678076000e-01 3.3347282410e-02
1059.000 5.3928268000e-01 3.2324077610e-02
1060.000 5.5879056000e-01 3.3562728880e-02
1061.000 5.3918945000e-01 3.2392478940e-02
1062.000 5.5405885000e-01 3.3247264860e-02
1063.000 5.4467766000e-01 3.2664146420e-02
1064.000 5.5140361000e-01 3.2989204410e-02
1065.000 5.5057983000e-01 3.2841186520e-02
1066.000 5.3371547000e-01 3.1805835720e-02
1067.000 5.4631154000e-01 3.2497760770e-02
1068.000 5.4358528000e-01 3.2184143070e-02
1069.000 5.0237813000e-01 2.9667316440e-02
1070.000 5.3224896000e-01 3.1465515140e-02
1071.000 5.3273659000e-01 3.1447263720e-02
1072.000 5.3412764000e-01 3.1484737400e-02
1073.000 5.1647734000e-01 3.0454872130e-02
1074.000 5.3463466000e-01 3.1560293200e-02
1075.000 5.1861134000e-01 3.0731220250e-02
1076.000 5.2964326000e-01 3.1328657150e-02
1077.000 5.2796056000e-01 3.1153823850e-02
1078.000 5.2872875000e-01 3.1111000060e-02
1079.000 5.0828804000e-01 2.9903110500e-02
1080.000 5.2171692000e-01 3.0457481380e-02
1081.000 5.0242706000e-01 2.9315896990e-02
1082.000 5.0955239000e-01 2.9799097060e-02
1083.000 4.9495346000e-01 2.8789840700e-02
1084.000 5.1283742000e-01 2.9662696840e-02
1085.000 5.0365623000e-01 2.8802696230e-02
1086.000 5.1083290000e-01 2.9248376850e-02
1087.000 4.8212525000e-01 2.7898099900e-02
1088.000 5.1143070000e-01 2.9651243210e-02
1089.000 4.8868410000e-01 2.7984928130e-02
1090.000 4.9866079000e-01 2.8522325520e-02
1091.000 5.0255846000e-01 2.8856130600e-02
1092.000 4.8923809000e-01 2.7938827510e-02
1093.000 4.7940870000e-01 2.7006961820e-02
1094.000 4.3467666000e-01 2.4305730820e-02
1095.000 4.7077857600e-01 2.6316507340e-02
1096.000 4.7210536000e-01 2.6393032070e-02
1097.000 4.6206397500e-01 2.5701004030e-02
1098.000 4.4480569800e-01 2.3836050030e-02
1099.000 4.3454208200e-01 2.2502330780e-02
1100.000 4.4282578700e-01 2.2980047230e-02
1101.000 4.4348155200e-01 2.3117094040e-02
1102.000 4.2435942900e-01 2.2062438960e-02
1103.000 4.4227721100e-01 2.3056709290e-02
1104.000 4.3708997800e-01 2.2652091980e-02
1105.000 4.3136135600e-01 2.2034904480e-02
1106.000 4.2256358200e-01 2.1288131710e-02
1107.000 4.2339816200e-01 2.1386814120e-02
1108.000 4.2306678100e-01 2.1398681640e-02
1109.000 4.2954552000e-01 2.1950105670e-02
1110.000 4.3130771600e-01 2.1958486560e-02
1111.000 4.2336003700e-01 2.1385627750e-02
1112.000 4.0705005200e-01 1.9938310620e-02
1113.000 3.8841880500e-01 1.8181461330e-02
1114.000 3.8823385900e-01 1.7871772770e-02
1115.000 3.6272190100e-01 1.5674736980e-02
1116.000 3.4461175900e-01 1.4304808620e-02
1117.000 3.1571151700e-01 1.1989359860e-02
1118.000 2.8183465900e-01 9.8075103760e-03
1119.000 2.5802716300e-01 8.5180177690e-03
1120.000 2.3789437500e-01 7.3476209640e-03
1121.000 2.3481876800e-01 7.1329278950e-03
1122.000 2.1108105700e-01 5.9406933780e-03
1123.000 2.2491768300e-01 6.5797562600e-03
1124.000 2.3386155000e-01 7.0093159680e-03
1125.000 2.2471231700e-01 6.6434035300e-03
1126.000 2.1866832500e-01 6.4324812890e-03
1127.000 2.2783093700e-01 6.7533268930e-03
1128.000 2.2704405500e-01 6.8265900610e-03
1129.000 2.4982818300e-01 8.0262861250e-03
1130.000 2.9854707400e-01 1.0921054840e-02
1131.000 3.1545180700e-01 1.1954549790e-02
1132.000 2.9752715700e-01 1.0723466870e-02
1133.000 2.5537426200e-01 8.3965435030e-03
1134.000 1.8681218400e-01 4.9440379140e-03
1135.000 1.9445588600e-01 5.2579422000e-03
1136.000 2.6152294800e-01 8.7459936140e-03
1137.000 2.9971735200e-01 1.0993887900e-02
1138.000 3.2015147000e-01 1.2829884530e-02
1139.000 3.3614547500e-01 1.3900215150e-02
1140.000 3.3114495200e-01 1.3469565390e-02
1141.000 3.0962982500e-01 1.2212089540e-02
1142.000 3.1377376400e-01 1.2226025580e-02
1143.000 2.9490561600e-01 1.1069311140e-02
1144.000 2.7766107400e-01 9.9968795780e-03
1145.000 2.5683614400e-01 8.6758480070e-03
1146.000 2.6483619900e-01 9.0871248250e-03
1147.000 2.8390661700e-01 1.0234104160e-02
1148.000 2.9649053000e-01 1.1150184630e-02
1149.000 3.0340048800e-01 1.1612919810e-02
1150.000 3.0214855800e-01 1.1614671710e-02
1151.000 3.0998531300e-01 1.2254671100e-02
1152.000 3.1361142900e-01 1.2567165370e-02
1153.000 3.1927896800e-01 1.3042733190e-02
1154.000 3.1953052500e-01 1.3020464900e-02
1155.000 3.3231868700e-01 1.4051733970e-02
1156.000 3.4073026100e-01 1.4981184010e-02
1157.000 3.7004140500e-01 1.7496753690e-02
1158.000 3.8036836000e-01 1.8526596070e-02
1159.000 3.8356420200e-01 1.9167438510e-02
1160.000 3.8214251700e-01 1.9309715270e-02
1161.000 3.8265075800e-01 1.9822891240e-02
1162.000 4.0291927800e-01 2.1283618930e-02
1163.000 4.1245484700e-01 2.2269514080e-02
1164.000 4.0589698000e-01 2.2015438080e-02
1165.000 4.1423122900e-01 2.2545320510e-02
1166.000 4.0503875000e-01 2.2166130070e-02
1167.000 4.1256529900e-01 2.2655485150e-02
1168.000 4.1577391200e-01 2.2813804630e-02
1169.000 4.0246009800e-01 2.2158042910e-02
1170.000 4.1428877800e-01 2.2876340870e-02
1171.000 4.1894852100e-01 2.3292770390e-02
1172.000 4.1601159100e-01 2.3043670650e-02
1173.000 4.1151906700e-01 2.2714780810e-02
1174.000 4.1182184200e-01 2.2740043640e-02
1175.000 4.1126181600e-01 2.2945728300e-02
1176.000 4.0514609200e-01 2.2821064000e-02
1177.000 4.1581231700e-01 2.3318565370e-02
1178.000 4.0506250700e-01 2.2510583880e-02
1179.000 4.0325421000e-01 2.2413303380e-02
1180.000 4.0756304600e-01 2.2579978940e-02
1181.000 4.0196687700e-01 2.2080169680e-02
1182.000 3.9897379800e-01 2.1726228710e-02
1183.000 3.7621627800e-01 2.0505243300e-02
1184.000 3.9515344900e-01 2.1640930180e-02
1185.000 4.0527703500e-01 2.2460153580e-02
1186.000 4.0142651300e-01 2.2164682390e-02
1187.000 3.9657939500e-01 2.1628610610e-02
1188.000 3.9339982500e-01 2.1383506770e-02
1189.000 3.7329761200e-01 2.0429237370e-02
1190.000 3.9936316600e-01 2.2253643040e-02
1191.000 4.0790114800e-01 2.2835628510e-02
1192.000 4.0896466500e-01 2.3060434340e-02
1193.000 4.0841066500e-01 2.2962673190e-02
1194.000 4.0713568000e-01 2.2863754270e-02
1195.000 3.9935407100e-01 2.2255311970e-02
1196.000 3.9954428700e-01 2.2297084810e-02
1197.000 3.9787296500e-01 2.2123975750e-02
1198.000 3.8417124600e-01 2.1349151610e-02
1199.000 3.6806269500e-01 2.0360507970e-02
1200.000 3.9237237600e-01 2.1769033430e-02
1201.000 3.9562593900e-01 2.1983028410e-02
1202.000 3.9653337900e-01 2.2085111620e-02
1203.000 3.7613179100e-01 2.0920928960e-02
1204.000 3.8297530000e-01 2.1361024860e-02
1205.000 3.9713204400e-01 2.2455446240e-02
1206.000 3.9717498300e-01 2.2596910480e-02
1207.000 4.0084848500e-01 2.2863428120e-02
1208.000 3.9429226400e-01 2.2442707060e-02
1209.000 3.6853247600e-01 2.0905546190e-02
1210.000 3.9233549500e-01 2.2128778460e-02
1211.000 3.7894500400e-01 2.1360208510e-02
1212.000 3.9136640400e-01 2.2101051330e-02
1213.000 3.9495302900e-01 2.2433780670e-02
1214.000 3.9289442200e-01 2.2310573580e-02
1215.000 3.9496999800e-01 2.2486274720e-02
1216.000 3.9672947100e-01 2.2797912600e-02
1217.000 3.9833158400e-01 2.3071306230e-02
1218.000 3.9790678300e-01 2.3134059910e-02
1219.000 3.9467945600e-01 2.2999227520e-02
1220.000 3.9741243900e-01 2.3153524400e-02
1221.000 3.9693901900e-01 2.3135967250e-02
1222.000 3.9492588100e-01 2.3017522810e-02
1223.000 3.9326288600e-01 2.2953962330e-02
1224.000 3.9778166700e-01 2.3339439390e-02
1225.000 3.9590769200e-01 2.3267906190e-02
1226.000 3.9770640100e-01 2.3424383160e-02
1227.000 3.8489200100e-01 2.2741186140e-02
1228.000 3.9773545100e-01 2.3589008330e-02
1229.000 3.9788032000e-01 2.3663957600e-02
1230.000 3.9718268100e-01 2.3698171620e-02
1231.000 3.9755154200e-01 2.3765661240e-02
1232.000 3.9320487600e-01 2.3527786250e-02
1233.000 3.9638235400e-01 2.3734334950e-02
1234.000 3.9604568400e-01 2.3808118820e-02
1235.000 3.9360512700e-01 2.3694440840e-02
1236.000 3.9609780600e-01 2.3866292950e-02
1237.000 3.9634723900e-01 2.3913620000e-02
1238.000 3.9619066800e-01 2.3917993550e-02
1239.000 3.9172188500e-01 2.3656963350e-02
1240.000 3.8994932300e-01 2.3585954670e-02
1241.000 3.9335603300e-01 2.3823204040e-02
1242.000 3.9096692000e-01 2.3706663130e-02
1243.000 3.8652041000e-01 2.3465845110e-02
1244.000 3.8288866300e-01 2.3264091490e-02
1245.000 3.8935846300e-01 2.3673198700e-02
1246.000 3.8620654400e-01 2.3448898320e-02
1247.000 3.8412847900e-01 2.3289022450e-02
1248.000 3.8693741100e-01 2.3425636290e-02
1249.000 3.8543617100e-01 2.3310848240e-02
1250.000 3.8376221700e-01 2.3177633290e-02
1251.000 3.8093918900e-01 2.2984706880e-02
1252.000 3.7950648500e-01 2.2868122100e-02
1253.000 3.7606092600e-01 2.2627855300e-02
1254.000 3.7642391300e-01 2.2587600710e-02
1255.000 3.7534476600e-01 2.2483053210e-02
1256.000 3.7415405000e-01 2.2381359100e-02
1257.000 3.6931523900e-01 2.2023128510e-02
1258.000 3.6940160400e-01 2.1911281590e-02
1259.000 3.6418027100e-01 2.1504344940e-02
1260.000 3.6332095700e-01 2.1346721650e-02
1261.000 3.6111190900e-01 2.1107984540e-02
1262.000 3.5010365900e-01 2.0316995620e-02
1263.000 3.5308121500e-01 2.0472253800e-02
1264.000 3.4675080600e-01 2.0104721070e-02
1265.000 3.4707478200e-01 2.0133161540e-02
1266.000 3.4793674500e-01 2.0151542660e-02
1267.000 3.3987501000e-01 1.9654434200e-02
1268.000 3.3479859700e-01 1.9329008100e-02
1269.000 3.3715050100e-01 1.9450737000e-02
1270.000 3.4531469500e-01 2.0029859540e-02
1271.000 3.4922639200e-01 2.0300355910e-02
1272.000 3.4980857200e-01 2.0386684420e-02
1273.000 3.5096487400e-01 2.0521631240e-02
1274.000 3.5066030400e-01 2.0580312730e-02
1275.000 3.5359444300e-01 2.0773262020e-02
1276.000 3.5467567400e-01 2.0834339140e-02
1277.000 3.5471693900e-01 2.0814630510e-02
1278.000 3.5402940000e-01 2.0743278500e-02
1279.000 3.5200763800e-01 2.0632432940e-02
1280.000 3.5090782700e-01 2.0652664180e-02
1281.000 3.4183967100e-01 2.0199251170e-02
1282.000 3.0431886800e-01 1.8054517750e-02
1283.000 3.3449905700e-01 1.9889652250e-02
1284.000 3.4836634000e-01 2.0736751560e-02
1285.000 3.5120187900e-01 2.0919874190e-02
1286.000 3.5066215800e-01 2.0842006680e-02
1287.000 3.5193510000e-01 2.0842063900e-02
1288.000 3.4646345300e-01 2.0275365830e-02
1289.000 3.4751635200e-01 2.0260002140e-02
1290.000 3.3940833300e-01 1.9766292570e-02
1291.000 3.4463407200e-01 2.0063518520e-02
1292.000 3.4749951000e-01 2.0276947020e-02
1293.000 3.4793830000e-01 2.0268148420e-02
1294.000 3.4100881900e-01 1.9721773150e-02
1295.000 3.4236024600e-01 1.9611955640e-02
1296.000 3.4017755900e-01 1.9320808410e-02
1297.000 3.3608977400e-01 1.8972475050e-02
1298.000 3.3290613600e-01 1.8780059810e-02
1299.000 3.3612769200e-01 1.8947439190e-02
1300.000 3.3443947200e-01 1.8838552470e-02
1301.000 3.3346026000e-01 1.8745180130e-02
1302.000 3.2779276600e-01 1.8314153670e-02
1303.000 3.2183382500e-01 1.7719985960e-02
1304.000 3.2046679300e-01 1.7519884110e-02
1305.000 3.2171992700e-01 1.7526161190e-02
1306.000 3.2150116300e-01 1.7446268080e-02
1307.000 3.1949328900e-01 1.7276733400e-02
1308.000 3.1653029900e-01 1.6964920040e-02
1309.000 3.1260563200e-01 1.6552911760e-02
1310.000 3.1088728100e-01 1.6446020130e-02
1311.000 3.1003322400e-01 1.6398590090e-02
1312.000 3.0461569300e-01 1.5884887700e-02
1313.000 2.8853461700e-01 1.4793196680e-02
1314.000 2.9305587500e-01 1.4791663170e-02
1315.000 2.8528756600e-01 1.4498348240e-02
1316.000 2.9525251600e-01 1.5159207340e-02
1317.000 2.9825512000e-01 1.5304327010e-02
1318.000 2.8887907700e-01 1.4550516130e-02
1319.000 2.8524922000e-01 1.4009037020e-02
1320.000 2.7455721300e-01 1.3084070210e-02
1321.000 2.7003345200e-01 1.2707954410e-02
1322.000 2.7509267900e-01 1.3185841560e-02
1323.000 2.8196850200e-01 1.3769241330e-02
1324.000 2.8522319300e-01 1.4066674230e-02
1325.000 2.8284778800e-01 1.3845501900e-02
1326.000 2.7578297800e-01 1.3240251540e-02
1327.000 2.6128118600e-01 1.1977956770e-02
1328.000 2.4818575100e-01 1.0761716840e-02
1329.000 2.1414935700e-01 8.3706398010e-03
1330.000 2.0811783900e-01 7.8194284440e-03
1331.000 2.0263815800e-01 7.4200530050e-03
1332.000 2.0044230700e-01 7.3891377450e-03
1333.000 2.1144561200e-01 7.9659743310e-03
1334.000 2.1985592100e-01 8.5225124360e-03
1335.000 2.2579477500e-01 8.9350252150e-03
1336.000 2.2568643600e-01 8.9929618840e-03
1337.000 2.2824123900e-01 9.1150283810e-03
1338.000 2.3198911100e-01 9.4059801100e-03
1339.000 2.3250270800e-01 9.4656219480e-03
1340.000 2.3412013900e-01 9.6553249360e-03
1341.000 2.3807847000e-01 9.7007808690e-03
1342.000 2.3798192700e-01 9.7046022420e-03
1343.000 2.2896552300e-01 8.8289937970e-03
1344.000 2.1512786800e-01 7.7895331380e-03
1345.000 1.7800964200e-01 5.5265417100e-03
1346.000 1.5185181200e-01 4.1235795020e-03
1347.000 1.3469238900e-01 3.3558664320e-03
1348.000 1.1166926800e-01 2.3424086570e-03
1349.000 1.0156825920e-01 1.9860882760e-03
1350.000 7.9118833600e-02 1.2300297020e-03
1351.000 6.8304301900e-02 9.5132493970e-04
1352.000 5.2245152400e-02 5.6584388020e-04
1353.000 3.7031116800e-02 3.1112971900e-04
1354.000 2.9609850500e-02 2.0822241900e-04
1355.000 2.2989585300e-02 1.3370947540e-04
1356.000 1.7384908400e-02 8.1500411030e-05
1357.000 1.1883071030e-02 4.1136521850e-05
1358.000 8.7942989300e-03 2.5139819830e-05
1359.000 4.6371894800e-03 8.5435742510e-06
1360.000 3.0667189200e-03 4.4930740260e-06
1361.000 2.2822900000e-03 2.6747637890e-06
1362.000 2.1000785500e-03 2.3528677410e-06
1363.000 3.0298718100e-03 4.1070044970e-06
1364.000 3.5132257600e-03 5.1433746700e-06
1365.000 3.6785377400e-03 5.4275151340e-06
1366.000 4.2480982200e-03 6.7801713010e-06
1367.000 3.5684706400e-03 5.3125629200e-06
1368.000 3.1641440400e-03 4.5927199540e-06
1369.000 3.2446885400e-03 4.8326132820e-06
1370.000 5.3662018800e-03 1.1215996000e-05
1371.000 9.5567377400e-03 2.8100656350e-05
1372.000 1.7696144600e-02 7.7638231220e-05
1373.000 2.5103416400e-02 1.3697461780e-04
1374.000 3.0483368200e-02 1.8946567180e-04
1375.000 3.2500597900e-02 2.1275544170e-04
1376.000 3.0145667700e-02 1.8880689140e-04
1377.000 2.6837165200e-02 1.5438759330e-04
1378.000 2.0455528800e-02 9.8539665340e-05
1379.000 1.4046689520e-02 5.3244873880e-05
1380.000 7.9668915000e-03 2.1276135000e-05
1381.000 4.6085460100e-03 8.8728070260e-06
1382.000 3.2226937600e-03 5.0073913300e-06
1383.000 3.1180828800e-03 4.6787788160e-06
1384.000 5.0718347200e-03 1.0100945830e-05
1385.000 7.2001130600e-03 1.7717281360e-05
1386.000 1.0997419590e-02 3.4963104870e-05
1387.000 2.0206213100e-02 9.6235863860e-05
1388.000 2.6781474400e-02 1.5115310250e-04
1389.000 3.0763789000e-02 1.9269014890e-04
1390.000 3.1403100400e-02 2.0150348540e-04
1391.000 2.9315192400e-02 1.7940512300e-04
1392.000 2.2163579800e-02 1.1357562990e-04
1393.000 1.6942330300e-02 7.4104100470e-05
1394.000 1.2979769020e-02 4.8388227820e-05
1395.000 1.4631293500e-02 5.8705955740e-05
1396.000 2.0077344100e-02 9.7163707020e-05
1397.000 2.5909652600e-02 1.4801974590e-04
1398.000 2.6682443400e-02 1.5486255290e-04
1399.000 2.4913508300e-02 1.4053073530e-04
1400.000 2.3296252000e-02 1.2778991460e-04
1401.000 2.4765100200e-02 1.4358378950e-04
1402.000 3.0701968900e-02 2.0076978210e-04
1403.000 3.5348262200e-02 2.6082313060e-04
1404.000 3.3248224700e-02 2.3498970270e-04
1405.000 3.4826738600e-02 2.6012888550e-04
1406.000 3.2294210000e-02 2.2792118790e-04
1407.000 3.3492279400e-02 2.4918723110e-04
1408.000 4.0142739400e-02 3.3487483860e-04
1409.000 4.7056254400e-02 4.4430637360e-04
1410.000 5.7713697400e-02 6.2509471180e-04
1411.000 6.8647547800e-02 8.6075741050e-04
1412.000 6.6321422700e-02 8.3146923780e-04
1413.000 7.3145889400e-02 9.9586570260e-04
1414.000 7.2117014000e-02 9.5724064110e-04
1415.000 7.9723631100e-02 1.1673650740e-03
1416.000 8.5656745100e-02 1.3226851220e-03
1417.000 8.7861883500e-02 1.3957763910e-03
1418.000 8.8644801300e-02 1.4112254380e-03
1419.000 8.8460018500e-02 1.4346839190e-03
1420.000 9.0560727000e-02 1.4918287990e-03
1421.000 1.0185232490e-01 1.8325847390e-03
1422.000 1.0427467230e-01 1.9383409020e-03
1423.000 1.0543722500e-01 1.9986168150e-03
1424.000 1.0507898410e-01 1.9811131950e-03
1425.000 1.0388647830e-01 1.9221832750e-03
1426.000 1.0016096860e-01 1.8560563330e-03
1427.000 1.0608980850e-01 2.0337653160e-03
1428.000 1.1205097510e-01 2.1994249820e-03
1429.000 1.1365155740e-01 2.2997806070e-03
1430.000 1.1088798420e-01 2.2450814250e-03
1431.000 1.0330686080e-01 2.0018994810e-03
1432.000 1.0101322040e-01 1.9033825400e-03
1433.000 1.0072859690e-01 1.8927328590e-03
1434.000 9.6077597900e-02 1.7645105120e-03
1435.000 1.0314697330e-01 1.9799520970e-03
1436.000 1.0571516780e-01 2.0663640500e-03
1437.000 1.0740006390e-01 2.1189625260e-03
1438.000 1.1386123710e-01 2.3479270940e-03
1439.000 1.1596241460e-01 2.4005591870e-03
1440.000 1.1118941900e-01 2.3327989580e-03
1441.000 1.1809523620e-01 2.4959042070e-03
1442.000 1.1328081660e-01 2.3604459760e-03
1443.000 1.1531684110e-01 2.4084107880e-03
1444.000 1.1791628780e-01 2.4932472710e-03
1445.000 1.1815225740e-01 2.5075292590e-03
1446.000 1.2366755070e-01 2.6915247440e-03
1447.000 1.2704671920e-01 2.8281049730e-03
1448.000 1.2849453300e-01 2.8727116580e-03
1449.000 1.2597221210e-01 2.7768411640e-03
1450.000 1.2046070700e-01 2.5958149430e-03
1451.000 1.2180913830e-01 2.6582629680e-03
1452.000 1.2713867910e-01 2.9006412030e-03
1453.000 1.4166821800e-01 3.4420588020e-03
1454.000 1.5415441500e-01 3.9886507990e-03
1455.000 1.6012546500e-01 4.3045196530e-03
1456.000 1.6722582500e-01 4.6672968860e-03
1457.000 1.6991527600e-01 4.7693820000e-03
1458.000 1.7323796600e-01 4.9023652080e-03
1459.000 1.6837243100e-01 4.6491875650e-03
1460.000 1.6069849700e-01 4.3435792920e-03
1461.000 1.5761651600e-01 4.2142167090e-03
1462.000 1.4913127400e-01 3.8584496970e-03
1463.000 1.4814258300e-01 3.8408203120e-03
1464.000 1.4622952300e-01 3.7582259180e-03
1465.000 1.4298618900e-01 3.5870802400e-03
1466.000 1.3326073100e-01 3.2417809960e-03
1467.000 1.3229507270e-01 3.1480498310e-03
1468.000 1.2415523190e-01 2.8816964630e-03
1469.000 1.1777683110e-01 2.6176373960e-03
1470.000 1.1436647000e-01 2.5048413280e-03
1471.000 1.2136417290e-01 2.8154380320e-03
1472.000 1.3364015310e-01 3.3143410680e-03
1473.000 1.5018201600e-01 4.0394620900e-03
1474.000 1.5741432800e-01 4.4935212140e-03
1475.000 1.6021306000e-01 4.5882802010e-03
1476.000 1.6047372000e-01 4.6099066730e-03
1477.000 1.5703462500e-01 4.4511179920e-03
1478.000 1.5089430800e-01 4.2218379970e-03
1479.000 1.4790249500e-01 4.0543122290e-03
1480.000 1.5098262500e-01 4.2196836470e-03
1481.000 1.5380398100e-01 4.4216604230e-03
1482.000 1.6075026500e-01 4.7704916000e-03
1483.000 1.5897151400e-01 4.7676401140e-03
1484.000 1.6000193300e-01 4.8236894610e-03
1485.000 1.6230250800e-01 4.8893895150e-03
1486.000 1.6367361300e-01 5.0722994800e-03
1487.000 1.7368939700e-01 5.6699552540e-03
1488.000 1.5221344300e-01 5.0095701220e-03
1489.000 1.8678758800e-01 6.5687036510e-03
1490.000 1.9761298300e-01 7.3446588520e-03
1491.000 2.0467055600e-01 7.8501567840e-03
1492.000 2.0095913900e-01 7.7722458840e-03
1493.000 2.0838410100e-01 8.2267322540e-03
1494.000 2.0808135700e-01 8.2599077220e-03
1495.000 2.0980178200e-01 8.4938068390e-03
1496.000 2.0943614200e-01 8.7227497100e-03
1497.000 2.1454238700e-01 8.9735889430e-03
1498.000 2.2161816000e-01 9.4998102190e-03
1499.000 2.2260438600e-01 9.7612733840e-03
1500.000 2.2946746300e-01 1.0237308500e-02
1501.000 2.2816220100e-01 1.0148383140e-02
1502.000 2.2448212500e-01 9.9293565750e-03
1503.000 2.0053608300e-01 8.8366022110e-03
1504.000 2.0986477900e-01 9.3116550450e-03
1505.000 2.1248489400e-01 9.6024055480e-03
1506.000 2.1541554800e-01 9.7801504140e-03
1507.000 2.2822471400e-01 1.0533310890e-02
1508.000 2.2621749400e-01 1.0548736570e-02
1509.000 2.2873925800e-01 1.0784486770e-02
1510.000 2.3283733100e-01 1.1043624880e-02
1511.000 2.3498206600e-01 1.1238732340e-02
1512.000 2.3129794700e-01 1.1130286220e-02
1513.000 2.3120816900e-01 1.1182615280e-02
1514.000 2.2804323100e-01 1.1063667300e-02
1515.000 2.3334536500e-01 1.1377880100e-02
1516.000 2.3143961200e-01 1.1295942310e-02
1517.000 2.3081823500e-01 1.1296935080e-02
1518.000 2.3653599900e-01 1.1648697850e-02
1519.000 2.3475325400e-01 1.1642509460e-02
1520.000 2.3834891000e-01 1.1954334260e-02
1521.000 2.3496043500e-01 1.1892762180e-02
1522.000 2.3360154900e-01 1.1870317460e-02
1523.000 2.3962515100e-01 1.2244374280e-02
1524.000 2.3754238400e-01 1.2163320540e-02
1525.000 2.3181007700e-01 1.1882539750e-02
1526.000 2.3844202700e-01 1.2228139880e-02
1527.000 2.3632927300e-01 1.2149667740e-02
1528.000 2.3842778800e-01 1.2299129490e-02
1529.000 2.3768167700e-01 1.2258144380e-02
1530.000 2.2283545300e-01 1.1526041980e-02
1531.000 2.3846988300e-01 1.2350501060e-02
1532.000 2.3733288500e-01 1.2311120030e-02
1533.000 2.3637149600e-01 1.2264752390e-02
1534.000 2.3289469500e-01 1.2084411620e-02
1535.000 2.3388126500e-01 1.2135647770e-02
1536.000 2.3701241800e-01 1.2337274550e-02
1537.000 2.3794807200e-01 1.2443068500e-02
1538.000 2.3162445300e-01 1.2171767230e-02
1539.000 2.3663667000e-01 1.2492953300e-02
1540.000 2.2809211700e-01 1.2087547300e-02
1541.000 2.3290240200e-01 1.2359762190e-02
1542.000 2.3428831200e-01 1.2441501620e-02
1543.000 2.3365056600e-01 1.2423606870e-02
1544.000 2.3665138800e-01 1.2604645730e-02
1545.000 2.3755818300e-01 1.2685536380e-02
1546.000 2.3777619500e-01 1.2738552090e-02
1547.000 2.3546713200e-01 1.2653462410e-02
1548.000 2.2851189000e-01 1.2313367840e-02
1549.000 2.3436878200e-01 1.2653225900e-02
1550.000 2.3305188800e-01 1.2602646830e-02
1551.000 2.3182487300e-01 1.2538079260e-02
1552.000 2.3577633800e-01 1.2746354100e-02
1553.000 2.3454344900e-01 1.2680590630e-02
1554.000 2.2594971600e-01 1.2210179330e-02
1555.000 2.2971971100e-01 1.2418780330e-02
1556.000 2.2533386400e-01 1.2210234640e-02
1557.000 2.3271178700e-01 1.2659572600e-02
1558.000 2.3086989900e-01 1.2598732950e-02
1559.000 2.3088832500e-01 1.2636898040e-02
1560.000 2.2690135500e-01 1.2462160110e-02
1561.000 2.3219715600e-01 1.2765725140e-02
1562.000 2.3208969300e-01 1.2742825510e-02
1563.000 2.2862166700e-01 1.2543500900e-02
1564.000 2.2396563900e-01 1.2272295000e-02
1565.000 2.2721764900e-01 1.2430171970e-02
1566.000 2.2291227900e-01 1.2205302240e-02
1567.000 2.2255649600e-01 1.2191643710e-02
1568.000 2.1740621800e-01 1.1904176710e-02
1569.000 2.1758955400e-01 1.1904633520e-02
1570.000 2.1153803400e-01 1.1574460030e-02
1571.000 2.1720602000e-01 1.1909291270e-02
1572.000 2.1704061200e-01 1.1912730220e-02
1573.000 2.1374383800e-01 1.1761112210e-02
1574.000 2.1458582600e-01 1.1844283100e-02
1575.000 1.9936986100e-01 1.1031818390e-02
1576.000 2.1418916900e-01 1.1858598710e-02
1577.000 1.9347929800e-01 1.0694135670e-02
1578.000 2.1181829900e-01 1.1688043590e-02
1579.000 2.1314027300e-01 1.1746717450e-02
1580.000 2.1768637100e-01 1.1991935730e-02
1581.000 2.1624272400e-01 1.1896995540e-02
1582.000 2.1209383700e-01 1.1702652930e-02
1583.000 2.1489651600e-01 1.1889465330e-02
1584.000 2.1316438800e-01 1.1827338220e-02
1585.000 2.1960747800e-01 1.2213067050e-02
1586.000 2.1684923800e-01 1.2074975010e-02
1587.000 2.1458826500e-01 1.1978456500e-02
1588.000 2.1144018500e-01 1.1829724310e-02
1589.000 1.9344625300e-01 1.0834821700e-02
1590.000 2.0840935700e-01 1.1684078220e-02
1591.000 2.0374010000e-01 1.1435586930e-02
1592.000 2.1440876200e-01 1.2038805010e-02
1593.000 2.1902280300e-01 1.2298152920e-02
1594.000 2.1714924900e-01 1.2194683070e-02
1595.000 2.1812307000e-01 1.2253504750e-02
1596.000 2.0432325700e-01 1.1493302350e-02
1597.000 2.1191019800e-01 1.1919310570e-02
1598.000 2.1482522100e-01 1.2076496120e-02
1599.000 2.0639383400e-01 1.1590495110e-02
1600.000 2.0884620300e-01 1.1721136090e-02
1601.000 2.0005439700e-01 1.1243084910e-02
1602.000 2.0491922400e-01 1.1547775270e-02
1603.000 2.0369188500e-01 1.1524927140e-02
1604.000 2.0673432200e-01 1.1748057370e-02
1605.000 2.0367765400e-01 1.1606858250e-02
1606.000 2.0303926700e-01 1.1605262760e-02
1607.000 2.0372650700e-01 1.1621541980e-02
1608.000 2.0591985500e-01 1.1724025730e-02
1609.000 2.0512801700e-01 1.1664074900e-02
1610.000 1.9247464900e-01 1.0932745930e-02
1611.000 1.9861731600e-01 1.1286450390e-02
1612.000 2.0108324800e-01 1.1431844710e-02
1613.000 2.0609904000e-01 1.1721145630e-02
1614.000 2.0407576100e-01 1.1589246750e-02
1615.000 2.0784416000e-01 1.1802649500e-02
1616.000 1.9513197000e-01 1.1076595310e-02
1617.000 2.0123178000e-01 1.1464475630e-02
1618.000 2.0750158400e-01 1.1844793320e-02
1619.000 2.0722054300e-01 1.1871687890e-02
1620.000 2.0233132900e-01 1.1632863040e-02
1621.000 1.9960590200e-01 1.1510087970e-02
1622.000 2.0462959700e-01 1.1807143210e-02
1623.000 2.0890752900e-01 1.2069239620e-02
1624.000 2.1043451000e-01 1.2168392180e-02
1625.000 2.0542195700e-01 1.1908090590e-02
1626.000 2.0772228900e-01 1.2030591960e-02
1627.000 2.0748389700e-01 1.2035276410e-02
1628.000 2.0906087200e-01 1.2135016440e-02
1629.000 2.0892492500e-01 1.2133214000e-02
1630.000 2.0306624700e-01 1.1790837290e-02
1631.000 2.0624193600e-01 1.1985937120e-02
1632.000 2.0607021300e-01 1.1932102200e-02
1633.000 2.0335139000e-01 1.1748351100e-02
1634.000 1.9839278200e-01 1.1430821420e-02
1635.000 2.0371110300e-01 1.1713073730e-02
1636.000 2.0294666000e-01 1.1640331270e-02
1637.000 1.9364151400e-01 1.1080414770e-02
1638.000 1.9222635100e-01 1.0979704860e-02
1639.000 1.8994517000e-01 1.0815862660e-02
1640.000 1.9089100900e-01 1.0846184730e-02
1641.000 1.8952838100e-01 1.0750657080e-02
1642.000 1.8929130300e-01 1.0787041660e-02
1643.000 1.9408863800e-01 1.1104774480e-02
1644.000 1.9101874100e-01 1.0969883920e-02
1645.000 1.9131817700e-01 1.1023721690e-02
1646.000 1.9361722500e-01 1.1198110580e-02
1647.000 1.9541732000e-01 1.1302176480e-02
1648.000 1.9453390200e-01 1.1242399220e-02
1649.000 1.9006495300e-01 1.0981995580e-02
1650.000 1.9488071400e-01 1.1261607170e-02
1651.000 1.9053025500e-01 1.1007960320e-02
1652.000 1.9431832500e-01 1.1219322200e-02
1653.000 1.9231818000e-01 1.1110679630e-02
1654.000 1.9447554800e-01 1.1238162990e-02
1655.000 1.9079165100e-01 1.1035559650e-02
1656.000 1.9461125700e-01 1.1263245580e-02
1657.000 1.9319922000e-01 1.1183115010e-02
1658.000 1.9441817800e-01 1.1263362880e-02
1659.000 1.9088166000e-01 1.1059941290e-02
1660.000 1.9308782100e-01 1.1181179050e-02
1661.000 1.9384360400e-01 1.1211963650e-02
1662.000 1.9238562700e-01 1.1083870890e-02
1663.000 1.9111168500e-01 1.0976731300e-02
1664.000 1.9022130700e-01 1.0890919690e-02
1665.000 1.8827985700e-01 1.0741215710e-02
1666.000 1.8751091900e-01 1.0697036740e-02
1667.000 1.8942539700e-01 1.0853242870e-02
1668.000 1.8621605300e-01 1.0696630480e-02
1669.000 1.8674113300e-01 1.0760116580e-02
1670.000 1.9094001700e-01 1.1039992330e-02
1671.000 1.8954410900e-01 1.0988081930e-02
1672.000 1.8056611500e-01 1.0506350520e-02
1673.000 1.8572389100e-01 1.0833834650e-02
1674.000 1.8647415000e-01 1.0909656520e-02
1675.000 1.8474452500e-01 1.0847925190e-02
1676.000 1.8175663200e-01 1.0683291440e-02
1677.000 1.8268542400e-01 1.0736921310e-02
1678.000 1.8369893400e-01 1.0801048280e-02
1679.000 1.8125754000e-01 1.0653444290e-02
1680.000 1.7504422700e-01 1.0293041230e-02
1681.000 1.6897822000e-01 9.9380884170e-03
1682.000 1.7385812600e-01 1.0222548480e-02
1683.000 1.7814684100e-01 1.0467788700e-02
1684.000 1.8143925000e-01 1.0654843330e-02
1685.000 1.8195906700e-01 1.0665934560e-02
1686.000 1.7976375300e-01 1.0527077670e-02
1687.000 1.8046017800e-01 1.0528460500e-02
1688.000 1.8055330500e-01 1.0499972340e-02
1689.000 1.7837516800e-01 1.0359879490e-02
1690.000 1.7823054600e-01 1.0314514160e-02
1691.000 1.8053638200e-01 1.0451886180e-02
1692.000 1.8086218900e-01 1.0481565480e-02
1693.000 1.8022416100e-01 1.0459573750e-02
1694.000 1.7995498300e-01 1.0454908370e-02
1695.000 1.8000060300e-01 1.0453768730e-02
1696.000 1.7894749500e-01 1.0366428380e-02
1697.000 1.7782249700e-01 1.0262811660e-02
1698.000 1.7887728700e-01 1.0289352420e-02
1699.000 1.7772153100e-01 1.0193694110e-02
1700.000 1.7547121700e-01 1.0037251470e-02
