  lambda             Irr_dw             Rad_up
 550.000   1.5279998000e+00   1.1176380920e-01
 551.000   1.5179300000e+00   1.1095589450e-01
 552.000   1.5827644000e+00   1.1571247100e-01
 553.000   1.5202498000e+00   1.1105051420e-01
 554.000   1.5694206000e+00   1.1464079280e-01
 555.000   1.5733455000e+00   1.1480974580e-01
 556.000   1.5295285000e+00   1.1150038910e-01
 557.000   1.4837490000e+00   1.0816788480e-01
 558.000   1.5397045000e+00   1.1213649750e-01
 559.000   1.4549963000e+00   1.0591027830e-01
 560.000   1.4610558000e+00   1.0634988400e-01
 561.000   1.6054033000e+00   1.1672979740e-01
 562.000   1.4733419000e+00   1.0709315490e-01
 563.000   1.5411321000e+00   1.1190438080e-01
 564.000   1.5191425000e+00   1.1014363100e-01
 565.000   1.5369543000e+00   1.1141020970e-01
 566.000   1.4167928000e+00   1.0259799190e-01
 567.000   1.5194762000e+00   1.0980913540e-01
 568.000   1.5151970000e+00   1.0895961760e-01
 569.000   1.4841031000e+00   1.0557073970e-01
 570.000   1.4917471000e+00   1.0621496580e-01
 571.000   1.4391428000e+00   1.0317001340e-01
 572.000   1.5204798000e+00   1.0825636290e-01
 573.000   1.5365269000e+00   1.0957433320e-01
 574.000   1.5279735000e+00   1.0895025630e-01
 575.000   1.4904374000e+00   1.0615125270e-01
 576.000   1.4632529000e+00   1.0414254000e-01
 577.000   1.5239629000e+00   1.0856633760e-01
 578.000   1.4795415000e+00   1.0569378660e-01
 579.000   1.4682070000e+00   1.0494107820e-01
 580.000   1.5187414000e+00   1.0872056580e-01
 581.000   1.4912820000e+00   1.0690374760e-01
 582.000   1.5135327000e+00   1.0843634800e-01
 583.000   1.5239518000e+00   1.0922281650e-01
 584.000   1.5189793000e+00   1.0873589320e-01
 585.000   1.5088485000e+00   1.0790346530e-01
 586.000   1.4438915000e+00   1.0323316960e-01
 587.000   1.5001803000e+00   1.0673506160e-01
 588.000   1.4843799000e+00   1.0413500210e-01
 589.000   1.3156575000e+00   9.0467460630e-02
 590.000   1.3736538000e+00   9.4344779970e-02
 591.000   1.4595983000e+00   1.0148308560e-01
 592.000   1.4315628000e+00   9.8739639280e-02
 593.000   1.4466046000e+00   1.0119285580e-01
 594.000   1.4597702000e+00   1.0176280210e-01
 595.000   1.4318083000e+00   9.8731674190e-02
 596.000   1.4672500000e+00   1.0267745210e-01
 597.000   1.4716350000e+00   1.0254238130e-01
 598.000   1.4414896000e+00   1.0107541660e-01
 599.000   1.4418536000e+00   1.0134771730e-01
 600.000   1.4421622000e+00   1.0195829770e-01
 601.000   1.4340427000e+00   1.0182510380e-01
 602.000   1.4183594000e+00   1.0079151920e-01
 603.000   1.4269164000e+00   1.0155963130e-01
 604.000   1.4721148000e+00   1.0494422910e-01
 605.000   1.4683388000e+00   1.0460633850e-01
 606.000   1.4513153000e+00   1.0345601650e-01
 607.000   1.4431419000e+00   1.0282602690e-01
 608.000   1.4378306000e+00   1.0237512210e-01
 609.000   1.4230619000e+00   1.0132415010e-01
 610.000   1.4002548000e+00   9.9632278440e-02
 611.000   1.4229742000e+00   1.0124127960e-01
 612.000   1.4044313000e+00   9.9920982360e-02
 613.000   1.3838947000e+00   9.8407684330e-02
 614.000   1.3334420000e+00   9.4833518980e-02
 615.000   1.3978309000e+00   9.9328659060e-02
 616.000   1.3290547000e+00   9.4463981630e-02
 617.000   1.3365498000e+00   9.4987892150e-02
 618.000   1.3995921000e+00   9.9362701420e-02
 619.000   1.3867656000e+00   9.8495079040e-02
 620.000   1.4072368000e+00   9.9841133120e-02
 621.000   1.4314262000e+00   1.0154447940e-01
 622.000   1.3559167000e+00   9.6129547120e-02
 623.000   1.3664674000e+00   9.6738067630e-02
 624.000   1.3679282000e+00   9.6890731810e-02
 625.000   1.3308690000e+00   9.4255294800e-02
 626.000   1.3376060000e+00   9.4547485350e-02
 627.000   1.3599886000e+00   9.5598243710e-02
 628.000   1.3417757000e+00   9.3338195800e-02
 629.000   1.3754661000e+00   9.5976646420e-02
 630.000   1.3298306000e+00   9.3264404300e-02
 631.000   1.3786258000e+00   9.6774078370e-02
 632.000   1.2841371800e+00   8.9770034790e-02
 633.000   1.3784261000e+00   9.6815002440e-02
 634.000   1.3370328000e+00   9.4074668880e-02
 635.000   1.3614847000e+00   9.5801193240e-02
 636.000   1.3135193000e+00   9.2515197750e-02
 637.000   1.3568683000e+00   9.5633308410e-02
 638.000   1.3779828000e+00   9.7323417660e-02
 639.000   1.3665997000e+00   9.6410316470e-02
 640.000   1.3237277000e+00   9.3617187500e-02
 641.000   1.3428494000e+00   9.4932403560e-02
 642.000   1.3267356800e+00   9.3844429020e-02
 643.000   1.3499569000e+00   9.5295928960e-02
 644.000   1.3344816700e+00   9.4111961360e-02
 645.000   1.3461377000e+00   9.4721839900e-02
 646.000   1.2948315900e+00   9.0018692020e-02
 647.000   1.3123883100e+00   9.0491531370e-02
 648.000   1.3100496200e+00   8.9678688050e-02
 649.000   1.3360605100e+00   9.1951217650e-02
 650.000   1.2381241000e+00   8.6368354800e-02
 651.000   1.3337069700e+00   9.3014915470e-02
 652.000   1.3079716300e+00   9.0135108950e-02
 653.000   1.3343907200e+00   9.3182838440e-02
 654.000   1.3169268000e+00   9.1706741330e-02
 655.000   1.2822073900e+00   8.8815910340e-02
 656.000   1.0885980300e+00   7.5499931340e-02
 657.000   1.1618750100e+00   8.0792526250e-02
 658.000   1.2942027100e+00   9.0471435550e-02
 659.000   1.2973358300e+00   9.0893333440e-02
 660.000   1.3075272300e+00   9.1718086240e-02
 661.000   1.3133010100e+00   9.2490509030e-02
 662.000   1.3322159300e+00   9.3963012700e-02
 663.000   1.3174227700e+00   9.2834205630e-02
 664.000   1.2965056300e+00   9.1395469670e-02
 665.000   1.3021586400e+00   9.1809349060e-02
 666.000   1.3178600400e+00   9.3039787290e-02
 667.000   1.2917140000e+00   9.1152030940e-02
 668.000   1.2990684000e+00   9.1789550780e-02
 669.000   1.3176154400e+00   9.3155059810e-02
 670.000   1.3021720800e+00   9.1962989810e-02
 671.000   1.2881024400e+00   9.1005294800e-02
 672.000   1.2840357000e+00   9.0701919560e-02
 673.000   1.2932147000e+00   9.1323577880e-02
 674.000   1.2957290000e+00   9.1509498600e-02
 675.000   1.2759636600e+00   9.0072250370e-02
 676.000   1.3000603800e+00   9.1782409670e-02
 677.000   1.2742068700e+00   8.9971405030e-02
 678.000   1.2953069000e+00   9.1430908200e-02
 679.000   1.2770247700e+00   9.0080718990e-02
 680.000   1.2672300700e+00   8.9357261660e-02
 681.000   1.2685963900e+00   8.9382781980e-02
 682.000   1.2659717000e+00   8.9116279600e-02
 683.000   1.2742845100e+00   8.9614242550e-02
 684.000   1.2512829000e+00   8.7949485780e-02
 685.000   1.2654108400e+00   8.8938392640e-02
 686.000   1.2097593600e+00   8.4739234920e-02
 687.000   1.1191825000e+00   7.5361923220e-02
 688.000   1.1488460600e+00   7.8294349670e-02
 689.000   1.1434372500e+00   7.7691085820e-02
 690.000   1.1638890300e+00   7.9583473210e-02
 691.000   1.1874183600e+00   8.1693595890e-02
 692.000   1.1904355400e+00   8.1932769780e-02
 693.000   1.1895031900e+00   8.0472068790e-02
 694.000   1.1916526000e+00   7.9490036010e-02
 695.000   1.1787861900e+00   7.9162544250e-02
 696.000   1.1971316100e+00   8.0746978760e-02
 697.000   1.2197832200e+00   8.4346572880e-02
 698.000   1.1928226400e+00   8.1974395750e-02
 699.000   1.1963424000e+00   8.0453361510e-02
 700.000   1.1852781500e+00   7.9956321720e-02
 701.000   1.1546507400e+00   7.7474525450e-02
 702.000   1.1518135900e+00   7.7552131650e-02
 703.000   1.1830791900e+00   8.1057853700e-02
 704.000   1.1870321100e+00   8.1408264160e-02
 705.000   1.1897795800e+00   8.0975296020e-02
 706.000   1.1782916600e+00   8.0311347960e-02
 707.000   1.1626720200e+00   7.9467689510e-02
 708.000   1.1987908700e+00   8.2176895140e-02
 709.000   1.1609060800e+00   8.0042053220e-02
 710.000   1.1822319000e+00   8.0937042240e-02
 711.000   1.1756090800e+00   8.0992691040e-02
 712.000   1.1636169900e+00   8.0646339420e-02
 713.000   1.1549919500e+00   7.9650344850e-02
 714.000   1.1732881600e+00   8.0719314580e-02
 715.000   1.1262796700e+00   7.6862640380e-02
 716.000   1.1495939600e+00   7.7793853760e-02
 717.000   1.0777455100e+00   6.9624969480e-02
 718.000   1.0454588200e+00   6.5557479860e-02
 719.000   1.0238372200e+00   6.3432376860e-02
 720.000   1.0170624700e+00   6.2065166470e-02
 721.000   1.0777270800e+00   7.0450790410e-02
 722.000   1.1150315700e+00   7.4538238530e-02
 723.000   1.0999024000e+00   7.2541183470e-02
 724.000   1.0701667200e+00   6.7928871150e-02
 725.000   1.0636937000e+00   6.7899932860e-02
 726.000   1.0599213300e+00   6.7551139830e-02
 727.000   1.0806163800e+00   6.9212654110e-02
 728.000   1.0563849100e+00   6.7305572510e-02
 729.000   1.0273974100e+00   6.6409591670e-02
 730.000   1.0628176400e+00   6.8546005250e-02
 731.000   1.0423173000e+00   6.7091873170e-02
 732.000   1.0846161600e+00   7.1486930850e-02
 733.000   1.0891537200e+00   7.3530418400e-02
 734.000   1.1219557200e+00   7.6587524410e-02
 735.000   1.1091726800e+00   7.5382347110e-02
 736.000   1.0818422000e+00   7.2997436520e-02
 737.000   1.1009598800e+00   7.4667747500e-02
 738.000   1.1046473000e+00   7.5504005430e-02
 739.000   1.0716457200e+00   7.3528839110e-02
 740.000   1.0879575300e+00   7.5221817020e-02
 741.000   1.0828110200e+00   7.5278648380e-02
 742.000   1.0664043600e+00   7.4304512020e-02
 743.000   1.1009613200e+00   7.7075714110e-02
 744.000   1.1127728000e+00   7.8089942930e-02
 745.000   1.0848956700e+00   7.6284965520e-02
 746.000   1.1008054900e+00   7.7475456240e-02
 747.000   1.1174045000e+00   7.8631866460e-02
 748.000   1.0980805500e+00   7.7313621520e-02
 749.000   1.0985811400e+00   7.7386077880e-02
 750.000   1.0821265700e+00   7.6158866880e-02
 751.000   1.0793616100e+00   7.5966377260e-02
 752.000   1.0963793700e+00   7.7233276370e-02
 753.000   1.0861839200e+00   7.6535850520e-02
 754.000   1.1033055900e+00   7.7754768370e-02
 755.000   1.0969995400e+00   7.7313514710e-02
 756.000   1.0755529100e+00   7.5805557250e-02
 757.000   1.0834908200e+00   7.6366973880e-02
 758.000   1.0812489300e+00   7.6167068480e-02
 759.000   9.9958889000e-01   6.8899719240e-02
 760.000   5.1119583000e-01   2.8734794620e-02
 761.000   4.6183535000e-01   2.5229387280e-02
 762.000   7.3694596000e-01   4.6326126100e-02
 763.000   6.6882842000e-01   4.0452770230e-02
 764.000   7.1484883000e-01   4.4064865110e-02
 765.000   8.1610861000e-01   5.2572921750e-02
 766.000   8.8242762000e-01   5.9389541630e-02
 767.000   9.4569779000e-01   6.4829147340e-02
 768.000   1.0161815200e+00   7.0535163880e-02
 769.000   1.0335697000e+00   7.2358627320e-02
 770.000   1.0385036300e+00   7.3002929690e-02
 771.000   1.0440143400e+00   7.3567344670e-02
 772.000   1.0410958700e+00   7.3409042360e-02
 773.000   1.0371977300e+00   7.3159004210e-02
 774.000   1.0486283000e+00   7.3988311770e-02
 775.000   1.0093907000e+00   7.1239143370e-02
 776.000   1.0510705300e+00   7.4229743960e-02
 777.000   1.0437894800e+00   7.3711082460e-02
 778.000   1.0381787200e+00   7.3292358400e-02
 779.000   1.0415418600e+00   7.3497306820e-02
 780.000   1.0286403100e+00   7.2612297060e-02
 781.000   1.0270562200e+00   7.2511367800e-02
 782.000   1.0394197600e+00   7.3327980040e-02
 783.000   1.0151210200e+00   7.1681297300e-02
 784.000   1.0206720400e+00   7.2030525210e-02
 785.000   1.0225454100e+00   7.1971580510e-02
 786.000   1.0036611300e+00   7.0461563110e-02
 787.000   1.0155741700e+00   7.0781044010e-02
 788.000   9.9880404000e-01   6.9404113770e-02
 789.000   9.9898679000e-01   6.8631858830e-02
 790.000   9.8839963000e-01   6.7810249330e-02
 791.000   9.8438337000e-01   6.7697067260e-02
 792.000   9.6974718000e-01   6.6788513180e-02
 793.000   9.7102078000e-01   6.7183990480e-02
 794.000   9.6578937000e-01   6.7520294190e-02
 795.000   9.5765546000e-01   6.6462463380e-02
 796.000   9.6608515000e-01   6.6099975590e-02
 797.000   9.7442448000e-01   6.6986106870e-02
 798.000   9.7993851000e-01   6.8022575380e-02
 799.000   9.7800213000e-01   6.7704704280e-02
 800.000   9.4890441000e-01   6.5218276980e-02
 801.000   9.6705536000e-01   6.6529289250e-02
 802.000   9.6473450000e-01   6.6299133300e-02
 803.000   9.5150807000e-01   6.5481323240e-02
 804.000   9.6179794000e-01   6.6460372920e-02
 805.000   9.3865218000e-01   6.5313697810e-02
 806.000   9.6601242000e-01   6.7457939150e-02
 807.000   9.6012427000e-01   6.7094131470e-02
 808.000   9.5335254000e-01   6.6444725040e-02
 809.000   9.3579319000e-01   6.5031188960e-02
 810.000   9.3003750000e-01   6.4417320250e-02
 811.000   9.4164283000e-01   6.4836006160e-02
 812.000   9.3394255000e-01   6.3813014980e-02
 813.000   9.2420759000e-01   6.2505023960e-02
 814.000   9.1523360000e-01   6.1201694490e-02
 815.000   8.9562840000e-01   5.9037357330e-02
 816.000   8.7477237000e-01   5.6630966190e-02
 817.000   8.8079905000e-01   5.7062423710e-02
 818.000   8.7650214000e-01   5.6809150700e-02
 819.000   8.5702563000e-01   5.5936950680e-02
 820.000   8.5447986000e-01   5.6897445680e-02
 821.000   8.9935806000e-01   6.1243797300e-02
 822.000   8.6175152000e-01   5.7606330870e-02
 823.000   8.3801435000e-01   5.3448272710e-02
 824.000   8.8098440000e-01   5.8484462740e-02
 825.000   8.9853290000e-01   6.1369178770e-02
 826.000   9.0089348000e-01   6.1208972930e-02
 827.000   8.9557015000e-01   6.0616428380e-02
 828.000   8.8136831000e-01   5.8601017000e-02
 829.000   8.8537545000e-01   5.9213920590e-02
 830.000   8.7617431000e-01   5.9022033690e-02
 831.000   8.6186676000e-01   5.8154911040e-02
 832.000   8.7992890000e-01   5.9408229830e-02
 833.000   8.5520002000e-01   5.8056438450e-02
 834.000   8.7089234000e-01   5.9431175230e-02
 835.000   8.7816602000e-01   6.0442836760e-02
 836.000   8.8659180000e-01   6.0939414980e-02
 837.000   8.7903532000e-01   6.0378715520e-02
 838.000   8.8479765000e-01   6.1096752170e-02
 839.000   8.5862935000e-01   5.9452022550e-02
 840.000   8.8212243000e-01   6.1107994080e-02
 841.000   8.8294037000e-01   6.0958503720e-02
 842.000   8.7869403000e-01   6.0824691770e-02
 843.000   8.7561512000e-01   6.1123703000e-02
 844.000   8.6235673000e-01   6.0412338260e-02
 845.000   8.7600212000e-01   6.1468593600e-02
 846.000   8.8436698000e-01   6.2207542420e-02
 847.000   8.5446599000e-01   6.0266155240e-02
 848.000   8.7864413000e-01   6.1755592350e-02
 849.000   8.8037111000e-01   6.1968158720e-02
 850.000   7.6075586000e-01   5.3414287570e-02
 851.000   8.7102047000e-01   6.1016220090e-02
 852.000   8.3803082000e-01   5.8765502930e-02
 853.000   8.4849540000e-01   5.9617774960e-02
 854.000   6.8211112000e-01   4.7951267240e-02
 855.000   7.5117802000e-01   5.2924095150e-02
 856.000   8.5299083000e-01   6.0220012660e-02
 857.000   8.6683262000e-01   6.1347278590e-02
 858.000   8.5304570000e-01   6.0395587920e-02
 859.000   8.5311803000e-01   6.0486228940e-02
 860.000   8.4558504000e-01   6.0038406370e-02
 861.000   8.4547979000e-01   6.0028991700e-02
 862.000   8.4271704000e-01   5.9808757780e-02
 863.000   8.5882809000e-01   6.1032947540e-02
 864.000   8.5711353000e-01   6.0824016570e-02
 865.000   8.4115319000e-01   5.9799289700e-02
 866.000   7.0555514000e-01   5.0198963170e-02
 867.000   7.5133315000e-01   5.3316764830e-02
 868.000   8.1485609000e-01   5.7895282750e-02
 869.000   8.0342243000e-01   5.7085441590e-02
 870.000   8.3655828000e-01   5.9528743740e-02
 871.000   8.3537763000e-01   5.9407325740e-02
 872.000   8.3201314000e-01   5.9023033140e-02
 873.000   8.3534612000e-01   5.9353363040e-02
 874.000   8.1702806000e-01   5.8001224520e-02
 875.000   8.0951616000e-01   5.7579410550e-02
 876.000   8.1622948000e-01   5.7999378200e-02
 877.000   8.3248978000e-01   5.9056789400e-02
 878.000   8.1814582000e-01   5.8074554440e-02
 879.000   8.2004482000e-01   5.8256618500e-02
 880.000   8.1525039000e-01   5.7772270200e-02
 881.000   7.7285978000e-01   5.4797439580e-02
 882.000   8.1551223000e-01   5.7683429720e-02
 883.000   7.9691986000e-01   5.6519733430e-02
 884.000   8.0369641000e-01   5.7165134430e-02
 885.000   8.1188937000e-01   5.7386333470e-02
 886.000   7.8520375000e-01   5.5469707490e-02
 887.000   7.7720818000e-01   5.4954277040e-02
 888.000   8.0046622000e-01   5.6476757050e-02
 889.000   8.0589722000e-01   5.7082969670e-02
 890.000   8.0326566000e-01   5.6800609590e-02
 891.000   7.9850281000e-01   5.6237018590e-02
 892.000   7.9423228000e-01   5.5623615260e-02
 893.000   7.5840538000e-01   5.2087375640e-02
 894.000   7.8053946000e-01   5.3200626370e-02
 895.000   7.3085448000e-01   4.8739028930e-02
 896.000   7.4494830000e-01   4.8515415190e-02
 897.000   7.1247857000e-01   4.5472053530e-02
 898.000   7.0646348000e-01   4.4555633540e-02
 899.000   6.8515978000e-01   4.1899055480e-02
 900.000   6.7100031000e-01   4.1138050080e-02
 901.000   6.5146540000e-01   3.9652320860e-02
 902.000   6.4031349000e-01   3.9048648830e-02
 903.000   7.0552783000e-01   4.5189762120e-02
 904.000   7.3958618000e-01   4.8740367890e-02
 905.000   7.3681385000e-01   4.8713714600e-02
 906.000   7.0461276000e-01   4.5761280060e-02
 907.000   6.9360072000e-01   4.3552158360e-02
 908.000   6.6185641000e-01   4.0598995210e-02
 909.000   6.4940940000e-01   3.9856903080e-02
 910.000   6.5930438000e-01   4.0597148900e-02
 911.000   6.6733170000e-01   4.1822139740e-02
 912.000   6.6399743000e-01   4.1165050510e-02
 913.000   6.5830898000e-01   3.9604587550e-02
 914.000   6.6445506000e-01   4.0565986630e-02
 915.000   6.6164255000e-01   4.1034282680e-02
 916.000   6.7105409000e-01   4.1714004520e-02
 917.000   6.6482867000e-01   4.1596427920e-02
 918.000   6.6696422000e-01   4.2097976680e-02
 919.000   6.9473451000e-01   4.5372550960e-02
 920.000   7.0218678000e-01   4.6647094730e-02
 921.000   6.8373790000e-01   4.5211559300e-02
 922.000   6.7733759000e-01   4.4848724370e-02
 923.000   6.4527882000e-01   4.2236198430e-02
 924.000   6.6337759000e-01   4.3020927430e-02
 925.000   6.7144910000e-01   4.3433071140e-02
 926.000   6.4736493000e-01   4.1724895480e-02
 927.000   6.6067989000e-01   4.2015316010e-02
 928.000   6.4789841000e-01   3.9986072540e-02
 929.000   6.1461351000e-01   3.6351207730e-02
 930.000   5.8176371000e-01   3.2534252170e-02
 931.000   5.4570514000e-01   2.8542871480e-02
 932.000   4.9304828000e-01   2.3432794570e-02
 933.000   4.5738205000e-01   2.0294618610e-02
 934.000   4.1427346000e-01   1.7101156230e-02
 935.000   4.0408322000e-01   1.6531099320e-02
 936.000   4.1671853000e-01   1.7530601500e-02
 937.000   4.2184698000e-01   1.7645446780e-02
 938.000   4.5989343000e-01   2.0863546370e-02
 939.000   5.6941507000e-01   3.1287384030e-02
 940.000   5.8130181000e-01   3.2743881230e-02
 941.000   5.5539069000e-01   3.0677715300e-02
 942.000   5.0389748000e-01   2.6318244930e-02
 943.000   4.7613636000e-01   2.2469902040e-02
 944.000   4.5933069000e-01   2.1509086610e-02
 945.000   4.8351582000e-01   2.3460317610e-02
 946.000   4.9106668000e-01   2.3893970490e-02
 947.000   5.0530220000e-01   2.5437118530e-02
 948.000   5.1840504000e-01   2.6618007660e-02
 949.000   5.1859110000e-01   2.6585241320e-02
 950.000   5.1768523000e-01   2.6679958340e-02
 951.000   5.3670871000e-01   2.8857276920e-02
 952.000   5.1277494000e-01   2.6398311610e-02
 953.000   5.2784253000e-01   2.8077903750e-02
 954.000   5.3999921000e-01   2.9705194470e-02
 955.000   4.9105681000e-01   2.6351707460e-02
 956.000   5.2042913000e-01   2.7813674930e-02
 957.000   5.6341475000e-01   3.2573440550e-02
 958.000   5.7315552000e-01   3.3482685090e-02
 959.000   5.6807778000e-01   3.2842887880e-02
 960.000   5.6054546000e-01   3.2326442720e-02
 961.000   5.5091396000e-01   3.1604848860e-02
 962.000   5.5681791000e-01   3.2142284390e-02
 963.000   5.7871482000e-01   3.4725078580e-02
 964.000   5.7527725000e-01   3.4727512360e-02
 965.000   5.8004924000e-01   3.4915927890e-02
 966.000   5.6443237000e-01   3.4070861820e-02
 967.000   5.9737589000e-01   3.7067165370e-02
 968.000   6.1711486000e-01   4.0003997800e-02
 969.000   6.3265712000e-01   4.1796451570e-02
 970.000   6.3497825000e-01   4.2006828310e-02
 971.000   6.2905724000e-01   4.1604541780e-02
 972.000   6.3022964000e-01   4.1465114590e-02
 973.000   6.1659862000e-01   4.0083164220e-02
 974.000   5.9784347000e-01   3.8292888640e-02
 975.000   5.9479123000e-01   3.7727447510e-02
 976.000   6.0946048000e-01   3.9131465910e-02
 977.000   6.0591684000e-01   3.9663940430e-02
 978.000   6.1986447000e-01   4.0531196590e-02
 979.000   6.0485045000e-01   3.9762405400e-02
 980.000   6.2555409000e-01   4.1944469450e-02
 981.000   6.3251733000e-01   4.2610424040e-02
 982.000   6.2841169000e-01   4.2160377500e-02
 983.000   6.3290209000e-01   4.2912017820e-02
 984.000   6.3501132000e-01   4.3539310460e-02
 985.000   6.3829975000e-01   4.4055858610e-02
 986.000   6.3770612000e-01   4.4404567720e-02
 987.000   6.4697976000e-01   4.5234073640e-02
 988.000   6.3942012000e-01   4.4746261600e-02
 989.000   6.3156816000e-01   4.4225135800e-02
 990.000   6.3741723000e-01   4.4678989410e-02
 991.000   6.4431581000e-01   4.5321689610e-02
 992.000   6.3881809000e-01   4.4981391910e-02
 993.000   6.3894558000e-01   4.5008956910e-02
 994.000   6.4364741000e-01   4.5480918880e-02
 995.000   6.3992645000e-01   4.5323959350e-02
 996.000   6.3978935000e-01   4.5314575200e-02
 997.000   6.3981918000e-01   4.5251274110e-02
 998.000   6.3671675000e-01   4.4964298250e-02
 999.000   6.3485952000e-01   4.4807308200e-02
1000.000   6.3001318000e-01   4.4487632750e-02
1001.000   6.3203675000e-01   4.4484954830e-02
1002.000   6.2872310000e-01   4.4024765010e-02
1003.000   6.2192743000e-01   4.3605510710e-02
1004.000   6.1802763000e-01   4.3466220860e-02
1005.000   5.7797080000e-01   4.0708213810e-02
1006.000   6.0833272000e-01   4.2871128080e-02
1007.000   6.1898486000e-01   4.3581359860e-02
1008.000   6.1974584000e-01   4.3455173490e-02
1009.000   6.1351094000e-01   4.2784957890e-02
1010.000   6.1688682000e-01   4.3129611970e-02
1011.000   6.1616648000e-01   4.3337417600e-02
1012.000   6.1731939000e-01   4.3520999910e-02
1013.000   6.1361360000e-01   4.3341926570e-02
1014.000   6.1784091000e-01   4.3703998570e-02
1015.000   6.0648467000e-01   4.2938858030e-02
1016.000   6.1069703000e-01   4.3305603030e-02
1017.000   6.0479279000e-01   4.2933246610e-02
1018.000   6.1233257000e-01   4.3459953310e-02
1019.000   5.9757764000e-01   4.2351116180e-02
1020.000   5.9658116000e-01   4.2289829250e-02
1021.000   6.0305856000e-01   4.2767120360e-02
1022.000   5.9309994000e-01   4.1903476720e-02
1023.000   6.0371719000e-01   4.2514648440e-02
1024.000   6.0019604000e-01   4.2166027070e-02
1025.000   6.0132562000e-01   4.2363319400e-02
1026.000   6.0259443000e-01   4.2520874020e-02
1027.000   5.9871180000e-01   4.2257156370e-02
1028.000   6.0031272000e-01   4.2438701630e-02
1029.000   5.9171052000e-01   4.1941291810e-02
1030.000   5.9814030000e-01   4.2513797760e-02
1031.000   5.9650238000e-01   4.2481155400e-02
1032.000   5.9459119000e-01   4.2406314850e-02
1033.000   5.8368034000e-01   4.1626258850e-02
1034.000   5.8938319000e-01   4.2042152400e-02
1035.000   5.8168500000e-01   4.1475246430e-02
1036.000   5.9130119000e-01   4.2167366030e-02
1037.000   5.7885028000e-01   4.1274795530e-02
1038.000   5.8457487000e-01   4.1676555630e-02
1039.000   5.8696035000e-01   4.1828380580e-02
1040.000   5.8001195000e-01   4.1317817690e-02
1041.000   5.8303470000e-01   4.1515373230e-02
1042.000   5.8476257000e-01   4.1624740600e-02
1043.000   5.7466729000e-01   4.0895164490e-02
1044.000   5.8038230000e-01   4.1286098480e-02
1045.000   5.7784477000e-01   4.1131721500e-02
1046.000   5.6103593000e-01   3.9971206670e-02
1047.000   5.7133184000e-01   4.0740222930e-02
1048.000   5.7699655000e-01   4.1184589390e-02
1049.000   5.7329070000e-01   4.0965187070e-02
1050.000   5.7088259000e-01   4.0824543000e-02
1051.000   5.6986341000e-01   4.0721736910e-02
1052.000   5.6719239000e-01   4.0502197270e-02
1053.000   5.6578310000e-01   4.0380462650e-02
1054.000   5.6155415000e-01   4.0032787320e-02
1055.000   5.6564613000e-01   4.0294437410e-02
1056.000   5.6412113000e-01   4.0154010770e-02
1057.000   5.6306630000e-01   4.0030460360e-02
1058.000   5.5702557000e-01   3.9517559050e-02
1059.000   5.3951914000e-01   3.8304115300e-02
1060.000   5.5903697000e-01   3.9767318730e-02
1061.000   5.3942628000e-01   3.8382270810e-02
1062.000   5.5429946000e-01   3.9400489810e-02
1063.000   5.4491325000e-01   3.8717884060e-02
1064.000   5.5164048000e-01   3.9122165680e-02
1065.000   5.5081392000e-01   3.8967140200e-02
1066.000   5.3394228000e-01   3.7752719880e-02
1067.000   5.4654388000e-01   3.8590435030e-02
1068.000   5.4381368000e-01   3.8242874150e-02
1069.000   5.0258774000e-01   3.5264881130e-02
1070.000   5.3247133000e-01   3.7397766110e-02
1071.000   5.3295608000e-01   3.7376815800e-02
1072.000   5.3434474000e-01   3.7422008510e-02
1073.000   5.1668807000e-01   3.6194076540e-02
1074.000   5.3485300000e-01   3.7501579280e-02
1075.000   5.1882544000e-01   3.6504695890e-02
1076.000   5.2985668000e-01   3.7219287870e-02
1077.000   5.2817214000e-01   3.7018173220e-02
1078.000   5.2894015000e-01   3.6975036620e-02
1079.000   5.0849060000e-01   3.5540370940e-02
1080.000   5.2192054000e-01   3.6217952730e-02
1081.000   5.0262344000e-01   3.4864696500e-02
1082.000   5.0975286000e-01   3.5444061280e-02
1083.000   4.9514537000e-01   3.4264858250e-02
1084.000   5.1303541000e-01   3.5326137540e-02
1085.000   5.0384496000e-01   3.4334171300e-02
1086.000   5.1102496000e-01   3.4872711180e-02
1087.000   4.8231069000e-01   3.3249252320e-02
1088.000   5.1162807000e-01   3.5328075410e-02
1089.000   4.8886488000e-01   3.3360481260e-02
1090.000   4.9884501000e-01   3.3997318270e-02
1091.000   5.0274536000e-01   3.4383720400e-02
1092.000   4.8941628000e-01   3.3297351840e-02
1093.000   4.7957710900e-01   3.2208717350e-02
1094.000   4.3482871100e-01   2.9009107590e-02
1095.000   4.7094369900e-01   3.1421155930e-02
1096.000   4.7227087000e-01   3.1523115160e-02
1097.000   4.6222500500e-01   3.0717903140e-02
1098.000   4.4495293000e-01   2.8562641140e-02
1099.000   4.3467931100e-01   2.7042304990e-02
1100.000   4.4296478300e-01   2.7615936280e-02
1101.000   4.4362127000e-01   2.7772863390e-02
1102.000   4.2449126500e-01   2.6513229370e-02
1103.000   4.4241532200e-01   2.7704217910e-02
1104.000   4.3722549600e-01   2.7232614520e-02
1105.000   4.3149202200e-01   2.6522005080e-02
1106.000   4.2268932500e-01   2.5650568010e-02
1107.000   4.2352402400e-01   2.5766965870e-02
1108.000   4.2319243900e-01   2.5781322480e-02
1109.000   4.2967473800e-01   2.6428440090e-02
1110.000   4.3143611300e-01   2.6448915480e-02
1111.000   4.2348382400e-01   2.5777767180e-02
1112.000   4.0716318200e-01   2.4087396620e-02
1113.000   3.8851644100e-01   2.2020648960e-02
1114.000   3.8832733900e-01   2.1668342590e-02
1115.000   3.6279698800e-01   1.9044755940e-02
1116.000   3.4467624200e-01   1.7400186540e-02
1117.000   3.1575894300e-01   1.4618372920e-02
1118.000   2.8186884100e-01   1.1988716130e-02
1119.000   2.5805440900e-01   1.0425523760e-02
1120.000   2.3791563200e-01   9.0024375920e-03
1121.000   2.3483861100e-01   8.7419862750e-03
1122.000   2.1109561800e-01   7.2836556430e-03
1123.000   2.2493491100e-01   8.0681600570e-03
1124.000   2.3388061600e-01   8.5952024460e-03
1125.000   2.2472998800e-01   8.1483554840e-03
1126.000   2.1868527900e-01   7.8910937310e-03
1127.000   2.2784893900e-01   8.2856941220e-03
1128.000   2.2706271800e-01   8.3762426380e-03
1129.000   2.4985243800e-01   9.8427200320e-03
1130.000   2.9858651700e-01   1.3361276630e-02
1131.000   3.1549737200e-01   1.4620504380e-02
1132.000   2.9756513900e-01   1.3130748750e-02
1133.000   2.5540036300e-01   1.0303115840e-02
1134.000   1.8682282500e-01   6.0747814180e-03
1135.000   1.9446773900e-01   6.4631323810e-03
1136.000   2.6155087400e-01   1.0737489700e-02
1137.000   2.9975736700e-01   1.3473126410e-02
1138.000   3.2020456600e-01   1.5699318890e-02
1139.000   3.3620629100e-01   1.6998092650e-02
1140.000   3.3120236700e-01   1.6480022430e-02
1141.000   3.0967958400e-01   1.4949090960e-02
1142.000   3.1382256200e-01   1.4971958160e-02
1143.000   2.9494725900e-01   1.3569475170e-02
1144.000   2.7769662100e-01   1.2269618030e-02
1145.000   2.5686438000e-01   1.0667707440e-02
1146.000   2.6486642800e-01   1.1169345860e-02
1147.000   2.8394281800e-01   1.2564249990e-02
1148.000   2.9653242000e-01   1.3674667360e-02
1149.000   3.0344538000e-01   1.4236921310e-02
1150.000   3.0219380800e-01   1.4236548420e-02
1151.000   3.1003504900e-01   1.5011515620e-02
1152.000   3.1366362900e-01   1.5391577720e-02
1153.000   3.1933487800e-01   1.5968988420e-02
1154.000   3.1958578600e-01   1.5940792080e-02
1155.000   3.3238185900e-01   1.7190448760e-02
1156.000   3.4080163800e-01   1.8313257220e-02
1157.000   3.7013271200e-01   2.1339942930e-02
1158.000   3.8046825000e-01   2.2559278490e-02
1159.000   3.8366905500e-01   2.3300590520e-02
1160.000   3.8224951000e-01   2.3457670210e-02
1161.000   3.8276165000e-01   2.4034715650e-02
1162.000   4.0303994300e-01   2.5766689300e-02
1163.000   4.1258163800e-01   2.6918989180e-02
1164.000   4.0602285200e-01   2.6606300350e-02
1165.000   4.1436025000e-01   2.7239322660e-02
1166.000   4.0516564300e-01   2.6771636960e-02
1167.000   4.1269576400e-01   2.7357248310e-02
1168.000   4.1590487400e-01   2.7551446910e-02
1169.000   4.0258744300e-01   2.6754800800e-02
1170.000   4.1442044300e-01   2.7618589400e-02
1171.000   4.1908304400e-01   2.8112489700e-02
1172.000   4.1614370100e-01   2.7819911960e-02
1173.000   4.1164889200e-01   2.7430337910e-02
1174.000   4.1195159900e-01   2.7462614060e-02
1175.000   4.1139374400e-01   2.7697338100e-02
1176.000   4.0527829000e-01   2.7534849170e-02
1177.000   4.1594608200e-01   2.8144594190e-02
1178.000   4.0519038400e-01   2.7185474400e-02
1179.000   4.0338176400e-01   2.7069978710e-02
1180.000   4.0769101600e-01   2.7278646470e-02
1181.000   4.0209094300e-01   2.6690538410e-02
1182.000   3.9909525300e-01   2.6279655460e-02
1183.000   3.7633066000e-01   2.4804708480e-02
1184.000   3.9527452900e-01   2.6174030300e-02
1185.000   4.0540369700e-01   2.7149457930e-02
1186.000   4.0155047000e-01   2.6801481250e-02
1187.000   3.9670014900e-01   2.6176040650e-02
1188.000   3.9351862600e-01   2.5890634540e-02
1189.000   3.7341186500e-01   2.4732080460e-02
1190.000   3.9948882200e-01   2.6921852110e-02
1191.000   4.0803107800e-01   2.7627969740e-02
1192.000   4.0909686000e-01   2.7898101810e-02
1193.000   4.0854255900e-01   2.7793783190e-02
1194.000   4.0726588400e-01   2.7679182050e-02
1195.000   3.9947963100e-01   2.6955301280e-02
1196.000   3.9966999300e-01   2.7005464550e-02
1197.000   3.9799738000e-01   2.6802719120e-02
1198.000   3.8429072800e-01   2.5866374970e-02
1199.000   3.6817613500e-01   2.4676179890e-02
1200.000   3.9249344800e-01   2.6381200790e-02
1201.000   3.9574748900e-01   2.6639135360e-02
1202.000   3.9665600800e-01   2.6759618760e-02
1203.000   3.7624786000e-01   2.5351589200e-02
1204.000   3.8309364700e-01   2.5881164550e-02
1205.000   3.9725797400e-01   2.7186647420e-02
1206.000   3.9730207300e-01   2.7349277500e-02
1207.000   4.0097737100e-01   2.7669052120e-02
1208.000   3.9441797400e-01   2.7164230350e-02
1209.000   3.6864913300e-01   2.5310041430e-02
1210.000   3.9245790800e-01   2.6800947190e-02
1211.000   3.7906294700e-01   2.5874774930e-02
1212.000   3.9148803100e-01   2.6771852490e-02
1213.000   3.9507715800e-01   2.7168294910e-02
1214.000   3.9301693800e-01   2.7021677020e-02
1215.000   3.9509322700e-01   2.7232776640e-02
1216.000   3.9685551100e-01   2.7596233370e-02
1217.000   3.9846001100e-01   2.7917774200e-02
1218.000   3.9803637300e-01   2.7992979050e-02
1219.000   3.9480809400e-01   2.7831825260e-02
1220.000   3.9754187000e-01   2.8026117320e-02
1221.000   3.9706849600e-01   2.8004453660e-02
1222.000   3.9505421500e-01   2.7861650470e-02
1223.000   3.9339046300e-01   2.7777994160e-02
1224.000   3.9791212400e-01   2.8230127330e-02
1225.000   3.9603729600e-01   2.8136156080e-02
1226.000   3.9783735900e-01   2.8316957470e-02
1227.000   3.8501876700e-01   2.7480720520e-02
1228.000   3.9786754600e-01   2.8493591310e-02
1229.000   3.9801329000e-01   2.8576061250e-02
1230.000   3.9731642100e-01   2.8608467100e-02
1231.000   3.9768537400e-01   2.8687423710e-02
1232.000   3.9333734800e-01   2.8399934770e-02
1233.000   3.9651611900e-01   2.8649568560e-02
1234.000   3.9618120500e-01   2.8731952670e-02
1235.000   3.9373897900e-01   2.8594575880e-02
1236.000   3.9623323900e-01   2.8803297040e-02
1237.000   3.9648334800e-01   2.8860168460e-02
1238.000   3.9632709700e-01   2.8867189410e-02
1239.000   3.9185643100e-01   2.8554481510e-02
1240.000   3.9008308200e-01   2.8461330410e-02
1241.000   3.9349056200e-01   2.8739131930e-02
1242.000   3.9109973500e-01   2.8590497970e-02
1243.000   3.8665103900e-01   2.8292026520e-02
1244.000   3.8301727700e-01   2.8041633610e-02
1245.000   3.8948847400e-01   2.8530286790e-02
1246.000   3.8633483000e-01   2.8269342420e-02
1247.000   3.8425531800e-01   2.8085906980e-02
1248.000   3.8706439500e-01   2.8260173800e-02
1249.000   3.8556221100e-01   2.8130020140e-02
1250.000   3.8388692600e-01   2.7978435520e-02
1251.000   3.8106230900e-01   2.7752058030e-02
1252.000   3.7962809700e-01   2.7616741180e-02
1253.000   3.7618029800e-01   2.7332654950e-02
1254.000   3.7654164000e-01   2.7292901990e-02
1255.000   3.7546075300e-01   2.7173337940e-02
1256.000   3.7426846600e-01   2.7055868150e-02
1257.000   3.6942763700e-01   2.6638563160e-02
1258.000   3.6951175000e-01   2.6524494170e-02
1259.000   3.6428707200e-01   2.6050777440e-02
1260.000   3.6342548000e-01   2.5879699710e-02
1261.000   3.6121433800e-01   2.5612379070e-02
1262.000   3.5020007500e-01   2.4673566820e-02
1263.000   3.5317749100e-01   2.4861486430e-02
1264.000   3.4684464100e-01   2.4413187030e-02
1265.000   3.4716828100e-01   2.4445276260e-02
1266.000   3.4802939600e-01   2.4468347550e-02
1267.000   3.3996464600e-01   2.3865304950e-02
1268.000   3.3488586000e-01   2.3472518920e-02
1269.000   3.3723794200e-01   2.3623132710e-02
1270.000   3.4540606700e-01   2.4321571350e-02
1271.000   3.4931977700e-01   2.4648887630e-02
1272.000   3.4990282700e-01   2.4750854490e-02
1273.000   3.5106054500e-01   2.4910257340e-02
1274.000   3.5075736200e-01   2.4978649140e-02
1275.000   3.5369307600e-01   2.5215078350e-02
1276.000   3.5477518700e-01   2.5293733600e-02
1277.000   3.5481640100e-01   2.5276233670e-02
1278.000   3.5412882900e-01   2.5196992870e-02
1279.000   3.5210682300e-01   2.5062404630e-02
1280.000   3.5100747400e-01   2.5074472430e-02
1281.000   3.4193750000e-01   2.4511522290e-02
1282.000   3.0440677500e-01   2.1897523880e-02
1283.000   3.3459619800e-01   2.4114372250e-02
1284.000   3.4846730100e-01   2.5134380340e-02
1285.000   3.5130446400e-01   2.5355859760e-02
1286.000   3.5076349400e-01   2.5268445970e-02
1287.000   3.5203560500e-01   2.5277992250e-02
1288.000   3.4655948400e-01   2.4615060810e-02
1289.000   3.4761219100e-01   2.4605295180e-02
1290.000   3.3950162400e-01   2.4011301040e-02
1291.000   3.4472954400e-01   2.4385141370e-02
1292.000   3.4759661400e-01   2.4652904510e-02
1293.000   3.4803575800e-01   2.4657150270e-02
1294.000   3.4110312000e-01   2.4016754150e-02
1295.000   3.4245328100e-01   2.3909690860e-02
1296.000   3.4026842200e-01   2.3572532650e-02
1297.000   3.3617845800e-01   2.3157018660e-02
1298.000   3.3299345200e-01   2.2924699780e-02
1299.000   3.3621566900e-01   2.3132043840e-02
1300.000   3.3452712300e-01   2.3001066210e-02
1301.000   3.3354766800e-01   2.2892372130e-02
1302.000   3.2787696100e-01   2.2382970810e-02
1303.000   3.2191428700e-01   2.1683465960e-02
1304.000   3.2054688800e-01   2.1456678390e-02
1305.000   3.2179929100e-01   2.1476734160e-02
1306.000   3.2158093400e-01   2.1393228530e-02
1307.000   3.1957181500e-01   2.1192806240e-02
1308.000   3.1660644400e-01   2.0823720930e-02
1309.000   3.1267993600e-01   2.0336399080e-02
1310.000   3.1096038400e-01   2.0207107540e-02
1311.000   3.1010667400e-01   2.0151424410e-02
1312.000   3.0468654100e-01   1.9543498990e-02
1313.000   2.8860013000e-01   1.8226345060e-02
1314.000   2.9312097000e-01   1.8253692630e-02
1315.000   2.8535138600e-01   1.7883918760e-02
1316.000   2.9531930600e-01   1.8685554500e-02
1317.000   2.9832234300e-01   1.8867708210e-02
1318.000   2.8894265600e-01   1.7969264980e-02
1319.000   2.8530934300e-01   1.7337253570e-02
1320.000   2.7461187400e-01   1.6226043700e-02
1321.000   2.7008571300e-01   1.5772153850e-02
1322.000   2.7514792500e-01   1.6353384020e-02
1323.000   2.8202698500e-01   1.7060550690e-02
1324.000   2.8528395200e-01   1.7418962480e-02
1325.000   2.8290670500e-01   1.7158418660e-02
1326.000   2.7583807600e-01   1.6432628630e-02
1327.000   2.6132892000e-01   1.4903564450e-02
1328.000   2.4822487500e-01   1.3415341380e-02
1329.000   2.1417607400e-01   1.0470126150e-02
1330.000   2.0814074000e-01   9.7973833080e-03
1331.000   2.0265927600e-01   9.3085603710e-03
1332.000   2.0046372400e-01   9.2703580860e-03
1333.000   2.1146963100e-01   9.9886808400e-03
1334.000   2.1988277500e-01   1.0679559710e-02
1335.000   2.2582347500e-01   1.1192776680e-02
1336.000   2.2571583500e-01   1.1267287250e-02
1337.000   2.2827094900e-01   1.1425551410e-02
1338.000   2.3202058100e-01   1.1789189340e-02
1339.000   2.3253435800e-01   1.1872306820e-02
1340.000   2.3415304100e-01   1.2110576630e-02
1341.000   2.3811088600e-01   1.2187015530e-02
1342.000   2.3801424500e-01   1.2197233200e-02
1343.000   2.2899241200e-01   1.1124184610e-02
1344.000   2.1514946800e-01   9.8317489620e-03
1345.000   1.7802158600e-01   6.9969911580e-03
1346.000   1.5185903700e-01   5.2282948490e-03
1347.000   1.3469751900e-01   4.2566556930e-03
1348.000   1.1167196500e-01   2.9688873290e-03
1349.000   1.0157025260e-01   2.5165293220e-03
1350.000   7.9119670000e-02   1.5558133130e-03
1351.000   6.8304816700e-02   1.2022447590e-03
1352.000   5.2245358700e-02   7.1393442150e-04
1353.000   3.7031193900e-02   3.9208239320e-04
1354.000   2.9609891400e-02   2.6225045320e-04
1355.000   2.2989608100e-02   1.6832242910e-04
1356.000   1.7384919700e-02   1.0255786780e-04
1357.000   1.1883076020e-02   5.1745031030e-05
1358.000   8.7943014600e-03   3.1621471050e-05
1359.000   4.6371897900e-03   1.0744857600e-05
1360.000   3.0667192400e-03   5.6513799350e-06
1361.000   2.2822901500e-03   3.3653378490e-06
1362.000   2.1000785500e-03   2.9614011290e-06
1363.000   3.0298718100e-03   5.1715606820e-06
1364.000   3.5132260700e-03   6.4792479390e-06
1365.000   3.6785380500e-03   6.8398420700e-06
1366.000   4.2480985300e-03   8.5480520500e-06
1367.000   3.5684709500e-03   6.7001339050e-06
1368.000   3.1641443500e-03   5.7944520380e-06
1369.000   3.2446888500e-03   6.0995649550e-06
1370.000   5.3662031100e-03   1.4164675960e-05
1371.000   9.5567402000e-03   3.5519726570e-05
1372.000   1.7696155800e-02   9.8264172670e-05
1373.000   2.5103438700e-02   1.7356881500e-04
1374.000   3.0483405500e-02   2.4033480880e-04
1375.000   3.2500641800e-02   2.7009260650e-04
1376.000   3.0145703900e-02   2.3978199060e-04
1377.000   2.6837192100e-02   1.9611640270e-04
1378.000   2.0455543400e-02   1.2516996260e-04
1379.000   1.4046695690e-02   6.7629985510e-05
1380.000   7.9668933300e-03   2.7021905410e-05
1381.000   4.6085466200e-03   1.1274057440e-05
1382.000   3.2226940600e-03   6.3666724600e-06
1383.000   3.1180831900e-03   5.9536010960e-06
1384.000   5.0718356300e-03   1.2867270970e-05
1385.000   7.2001148700e-03   2.2594170640e-05
1386.000   1.0997423240e-02   4.4644437730e-05
1387.000   2.0206227500e-02   1.2311827390e-04
1388.000   2.6781501000e-02   1.9366677110e-04
1389.000   3.0763827800e-02   2.4721388520e-04
1390.000   3.1403143200e-02   2.5877821450e-04
1391.000   2.9315228600e-02   2.3063284160e-04
1392.000   2.2163599000e-02   1.4607448880e-04
1393.000   1.6942339900e-02   9.5369800930e-05
1394.000   1.2979773770e-02   6.2318116430e-05
1395.000   1.4631300600e-02   7.5714580710e-05
1396.000   2.0077358400e-02   1.2555322050e-04
1397.000   2.5909678800e-02   1.9164641200e-04
1398.000   2.6682472100e-02   2.0077517630e-04
1399.000   2.4913534500e-02   1.8239326780e-04
1400.000   2.3296275100e-02   1.6604030130e-04
1401.000   2.4765125800e-02   1.8705241380e-04
1402.000   3.0702013700e-02   2.6235735420e-04
1403.000   3.5348330000e-02   3.4192949530e-04
1404.000   3.3248282900e-02   3.0870774390e-04
1405.000   3.4826810800e-02   3.4269970660e-04
1406.000   3.2294268400e-02   3.0086186530e-04
1407.000   3.3492344900e-02   3.2987028360e-04
1408.000   4.0142851000e-02   4.4483959670e-04
1409.000   4.7056441400e-02   5.9240639210e-04
1410.000   5.7714046000e-02   8.3698153500e-04
1411.000   6.8648175800e-02   1.1566376690e-03
1412.000   6.6322030300e-02   1.1190203430e-03
1413.000   7.3146726100e-02   1.3439400200e-03
1414.000   7.2117793200e-02   1.2932847740e-03
1415.000   7.9724780100e-02   1.5820800070e-03
1416.000   8.5658239500e-02   1.7972717290e-03
1417.000   8.7863532000e-02   1.9002654550e-03
1418.000   8.8646514200e-02   1.9244847300e-03
1419.000   8.8461825500e-02   1.9600300790e-03
1420.000   9.0562700500e-02   2.0420460700e-03
1421.000   1.0185523150e-01   2.5146577360e-03
1422.000   1.0427798500e-01   2.6636998650e-03
1423.000   1.0544074700e-01   2.7496528630e-03
1424.000   1.0508248350e-01   2.7277817730e-03
1425.000   1.0388974040e-01   2.6479530330e-03
1426.000   1.0016416770e-01   2.5592274670e-03
1427.000   1.0609359510e-01   2.8082487580e-03
1428.000   1.1205524020e-01   3.0407457350e-03
1429.000   1.1365631310e-01   3.1833734510e-03
1430.000   1.1089257910e-01   3.1102614400e-03
1431.000   1.0331052280e-01   2.7720289230e-03
1432.000   1.0101646630e-01   2.6348512170e-03
1433.000   1.0073180700e-01   2.6205639840e-03
1434.000   9.6080460600e-02   2.4426643850e-03
1435.000   1.0315051180e-01   2.7436411380e-03
1436.000   1.0571900730e-01   2.8648433690e-03
1437.000   1.0740406370e-01   2.9387857910e-03
1438.000   1.1386609000e-01   3.2587859630e-03
1439.000   1.1596743830e-01   3.3327467440e-03
1440.000   1.1119445160e-01   3.2398011680e-03
1441.000   1.1810072600e-01   3.4667944910e-03
1442.000   1.1328587900e-01   3.2785983090e-03
1443.000   1.1532200490e-01   3.3454961780e-03
1444.000   1.1792175550e-01   3.4638993740e-03
1445.000   1.1815781230e-01   3.4840738770e-03
1446.000   1.2367380280e-01   3.7403512000e-03
1447.000   1.2705358600e-01   3.9304592610e-03
1448.000   1.2850155600e-01   3.9927282330e-03
1449.000   1.2597879830e-01   3.8598318100e-03
1450.000   1.2046664880e-01   3.6083195210e-03
1451.000   1.2181529870e-01   3.6949126720e-03
1452.000   1.2714607640e-01   4.0312213900e-03
1453.000   1.4167796800e-01   4.7800807950e-03
1454.000   1.5416670800e-01   5.5315918920e-03
1455.000   1.6013944200e-01   5.9632945060e-03
1456.000   1.6724207700e-01   6.4586052890e-03
1457.000   1.6993181600e-01   6.5983581540e-03
1458.000   1.7325539200e-01   6.7797946930e-03
1459.000   1.6838823300e-01   6.4334402080e-03
1460.000   1.6071267400e-01   6.0136699680e-03
1461.000   1.5762997400e-01   5.8338603970e-03
1462.000   1.4914282800e-01   5.3437080380e-03
1463.000   1.4815399800e-01   5.3166661260e-03
1464.000   1.4624039600e-01   5.2010726930e-03
1465.000   1.4299617800e-01   4.9645118710e-03
1466.000   1.3326925400e-01   4.4868826870e-03
1467.000   1.3230295500e-01   4.3561806680e-03
1468.000   1.2416206620e-01   3.9864366050e-03
1469.000   1.1778244280e-01   3.6195037360e-03
1470.000   1.1437164780e-01   3.4616165160e-03
1471.000   1.2137068130e-01   3.8880336280e-03
1472.000   1.3364866400e-01   4.5706977840e-03
1473.000   1.5019360500e-01   5.5572185520e-03
1474.000   1.5742824800e-01   6.1676969530e-03
1475.000   1.6022730100e-01   6.2924141880e-03
1476.000   1.6048789600e-01   6.3170294760e-03
1477.000   1.5704801400e-01   6.0970869060e-03
1478.000   1.5090659800e-01   5.7810001370e-03
1479.000   1.4791385600e-01   5.5509266850e-03
1480.000   1.5099463500e-01   5.7699551580e-03
1481.000   1.5381710100e-01   6.0365977290e-03
1482.000   1.6076515700e-01   6.5012269020e-03
1483.000   1.5898626100e-01   6.4905409810e-03
1484.000   1.6001703800e-01   6.5606641770e-03
1485.000   1.6231745200e-01   6.6457123760e-03
1486.000   1.6368972300e-01   6.8816900250e-03
1487.000   1.7370869700e-01   7.6736140250e-03
1488.000   1.5223060800e-01   6.7722978590e-03
1489.000   1.8681234200e-01   8.8566322330e-03
1490.000   1.9764283500e-01   9.8814744950e-03
1491.000   2.0470345700e-01   1.0536903380e-02
1492.000   2.0099149800e-01   1.0420103070e-02
1493.000   2.0841940100e-01   1.1006198880e-02
1494.000   2.0811594000e-01   1.1040252690e-02
1495.000   2.0983820500e-01   1.1331740380e-02
1496.000   2.0947414200e-01   1.1607264520e-02
1497.000   2.1458157200e-01   1.1932878490e-02
1498.000   2.2165959500e-01   1.2601923940e-02
1499.000   2.2264729000e-01   1.2919887540e-02
1500.000   2.2951254000e-01   1.3525398250e-02
1501.000   2.2820666100e-01   1.3408290860e-02
1502.000   2.2452586100e-01   1.3121456150e-02
1503.000   2.0057416900e-01   1.1679131510e-02
1504.000   2.0990537400e-01   1.2297350880e-02
1505.000   2.1252672900e-01   1.2655236240e-02
1506.000   2.1545759400e-01   1.2875099180e-02
1507.000   2.2827058300e-01   1.3840538020e-02
1508.000   2.2626299600e-01   1.3841090200e-02
1509.000   2.2878572500e-01   1.4128987310e-02
1510.000   2.3288486000e-01   1.4452297210e-02
1511.000   2.3503062300e-01   1.4690078740e-02
1512.000   2.3134566400e-01   1.4533910750e-02
1513.000   2.3125561900e-01   1.4587661740e-02
1514.000   2.2808969000e-01   1.4420662880e-02
1515.000   2.3339322900e-01   1.4822214130e-02
1516.000   2.3148711300e-01   1.4716812130e-02
1517.000   2.3086577800e-01   1.4718281750e-02
1518.000   2.3658524400e-01   1.5173163410e-02
1519.000   2.3480274000e-01   1.5161563870e-02
1520.000   2.3840019100e-01   1.5552505490e-02
1521.000   2.3501144500e-01   1.5451390270e-02
1522.000   2.3365206100e-01   1.5406590460e-02
1523.000   2.3967667700e-01   1.5874085430e-02
1524.000   2.3759333600e-01   1.5755264280e-02
1525.000   2.3185941200e-01   1.5382404330e-02
1526.000   2.3849260600e-01   1.5831436160e-02
1527.000   2.3637983900e-01   1.5728814130e-02
1528.000   2.3847929600e-01   1.5920477870e-02
1529.000   2.3773293800e-01   1.5869817730e-02
1530.000   2.2288362000e-01   1.4921092030e-02
1531.000   2.3852157200e-01   1.5993041040e-02
1532.000   2.3738450800e-01   1.5946137430e-02
1533.000   2.3642298700e-01   1.5892082210e-02
1534.000   2.3294562700e-01   1.5664862630e-02
1535.000   2.3393243800e-01   1.5738000870e-02
1536.000   2.3706403700e-01   1.5986121180e-02
1537.000   2.3800002400e-01   1.6107925420e-02
1538.000   2.3167532900e-01   1.5741323470e-02
1539.000   2.3668862800e-01   1.6141126630e-02
1540.000   2.2814233500e-01   1.5603344920e-02
1541.000   2.3295346400e-01   1.5950552940e-02
1542.000   2.3433963700e-01   1.6053722380e-02
1543.000   2.3370184200e-01   1.6027584080e-02
1544.000   2.3670349000e-01   1.6257665630e-02
1545.000   2.3761108100e-01   1.6357194900e-02
1546.000   2.3782928800e-01   1.6416534420e-02
1547.000   2.3551965400e-01   1.6297277450e-02
1548.000   2.2856301200e-01   1.5850073810e-02
1549.000   2.3442103500e-01   1.6279407500e-02
1550.000   2.3310374700e-01   1.6206575390e-02
1551.000   2.3187632900e-01   1.6123674390e-02
1552.000   2.3582855500e-01   1.6394956590e-02
1553.000   2.3459548400e-01   1.6313201900e-02
1554.000   2.2599975400e-01   1.5711266520e-02
1555.000   2.2977072200e-01   1.5981825830e-02
1556.000   2.2538395300e-01   1.5705658910e-02
1557.000   2.3276353000e-01   1.6267696380e-02
1558.000   2.3092088600e-01   1.6175008770e-02
1559.000   2.3093919400e-01   1.6209720610e-02
1560.000   2.2695109300e-01   1.5970726010e-02
1561.000   2.3224775800e-01   1.6354516980e-02
1562.000   2.3213995400e-01   1.6329416280e-02
1563.000   2.2867065000e-01   1.6076957700e-02
1564.000   2.2401359800e-01   1.5733110430e-02
1565.000   2.2726577800e-01   1.5939556120e-02
1566.000   2.2295957800e-01   1.5648558620e-02
1567.000   2.2260291200e-01   1.5622861860e-02
1568.000   2.1745046300e-01   1.5247370720e-02
1569.000   2.1763295200e-01   1.5241220470e-02
1570.000   2.1157958800e-01   1.4811164860e-02
1571.000   2.1724869700e-01   1.5231776240e-02
1572.000   2.1708299800e-01   1.5230711940e-02
1573.000   2.1378557200e-01   1.5030148510e-02
1574.000   2.1462802500e-01   1.5129041670e-02
1575.000   1.9940910200e-01   1.4085028650e-02
1576.000   2.1423124900e-01   1.5139335630e-02
1577.000   1.9351732400e-01   1.3661832810e-02
1578.000   2.1186009100e-01   1.4941645620e-02
1579.000   2.1318238500e-01   1.5026356700e-02
1580.000   2.1772972000e-01   1.5349242210e-02
1581.000   2.1628570400e-01   1.5234651570e-02
1582.000   2.1213637100e-01   1.4980211260e-02
1583.000   2.1493994300e-01   1.5213783260e-02
1584.000   2.1320787100e-01   1.5128485680e-02
1585.000   2.1965243200e-01   1.5616459850e-02
1586.000   2.1689373100e-01   1.5435463910e-02
1587.000   2.1463260600e-01   1.5305598260e-02
1588.000   2.1148380200e-01   1.5109615330e-02
1589.000   1.9348581700e-01   1.3834808350e-02
1590.000   2.0845163900e-01   1.4914669990e-02
1591.000   2.0378160600e-01   1.4593846320e-02
1592.000   2.1445244400e-01   1.5360576630e-02
1593.000   2.1906694700e-01   1.5688609120e-02
1594.000   2.1719281800e-01   1.5553534510e-02
1595.000   2.1816616800e-01   1.5624963760e-02
1596.000   2.0436356100e-01   1.4651342390e-02
1597.000   2.1195174400e-01   1.5191185950e-02
1598.000   2.1486655400e-01   1.5388594630e-02
1599.000   2.0643297100e-01   1.4767007830e-02
1600.000   2.0888524600e-01   1.4930784230e-02
1601.000   2.0009166600e-01   1.4317311290e-02
1602.000   2.0495726600e-01   1.4694358830e-02
1603.000   2.0372975100e-01   1.4653185840e-02
1604.000   2.0677293900e-01   1.4924225810e-02
1605.000   2.0371560000e-01   1.4734068870e-02
1606.000   2.0307711800e-01   1.4721923830e-02
1607.000   2.0376436700e-01   1.4749989510e-02
1608.000   2.0595794200e-01   1.4887588500e-02
1609.000   2.0516594100e-01   1.4818028450e-02
1610.000   1.9251023600e-01   1.3895069120e-02
1611.000   1.9865427700e-01   1.4349473000e-02
1612.000   2.0112103700e-01   1.4539773940e-02
1613.000   2.0613811900e-01   1.4913323400e-02
1614.000   2.0411438900e-01   1.4752995490e-02
1615.000   2.0788376000e-01   1.5030838010e-02
1616.000   1.9516938800e-01   1.4111921310e-02
1617.000   2.0127067300e-01   1.4597042080e-02
1618.000   2.0754156400e-01   1.5074008940e-02
1619.000   2.0726045300e-01   1.5098838810e-02
1620.000   2.0237079500e-01   1.4785913470e-02
1621.000   1.9964492800e-01   1.4622248650e-02
1622.000   2.0466951900e-01   1.4998208050e-02
1623.000   2.0894840800e-01   1.5328830720e-02
1624.000   2.1047576500e-01   1.5452922820e-02
1625.000   2.0546256900e-01   1.5118139270e-02
1626.000   2.0776295500e-01   1.5274359700e-02
1627.000   2.0752455500e-01   1.5275615690e-02
1628.000   2.0910156900e-01   1.5398768420e-02
1629.000   2.0896540000e-01   1.5393330570e-02
1630.000   2.0310517200e-01   1.4956950190e-02
1631.000   2.0628147000e-01   1.5201885220e-02
1632.000   2.0610932900e-01   1.5146407130e-02
1633.000   2.0338985400e-01   1.4923663140e-02
1634.000   1.9843039000e-01   1.4530950550e-02
1635.000   2.0374960700e-01   1.4900042530e-02
1636.000   2.0298461600e-01   1.4817989350e-02
1637.000   1.9367752200e-01   1.4114430430e-02
1638.000   1.9226215200e-01   1.3994778630e-02
1639.000   1.8998044400e-01   1.3795915600e-02
1640.000   1.9092636300e-01   1.3843454360e-02
1641.000   1.8956334100e-01   1.3728127480e-02
1642.000   1.8932602100e-01   1.3758193970e-02
1643.000   1.9412405100e-01   1.4147537230e-02
1644.000   1.9105347800e-01   1.3960465430e-02
1645.000   1.9135266500e-01   1.4014335630e-02
1646.000   1.9365195800e-01   1.4222898480e-02
1647.000   1.9545223600e-01   1.4357226370e-02
1648.000   1.9456874400e-01   1.4284461980e-02
1649.000   1.9009874900e-01   1.3955966950e-02
1650.000   1.9491541400e-01   1.4313259120e-02
1651.000   1.9056399200e-01   1.3992436410e-02
1652.000   1.9435273900e-01   1.4262705800e-02
1653.000   1.9235213600e-01   1.4124485970e-02
1654.000   1.9450981700e-01   1.4286765100e-02
1655.000   1.9082542800e-01   1.4028683660e-02
1656.000   1.9464620400e-01   1.4318121910e-02
1657.000   1.9323351500e-01   1.4216897010e-02
1658.000   1.9445249500e-01   1.4318754200e-02
1659.000   1.9091546800e-01   1.4060873990e-02
1660.000   1.9312196000e-01   1.4216667180e-02
1661.000   1.9387721200e-01   1.4261817930e-02
1662.000   1.9241923800e-01   1.4115330700e-02
1663.000   1.9114511100e-01   1.3994039540e-02
1664.000   1.9025432000e-01   1.3899925230e-02
1665.000   1.8831306400e-01   1.3724729540e-02
1666.000   1.8754390700e-01   1.3672787670e-02
1667.000   1.8945897600e-01   1.3861036300e-02
1668.000   1.8624907600e-01   1.3651825900e-02
1669.000   1.8677420800e-01   1.3723110200e-02
1670.000   1.9097367200e-01   1.4067806240e-02
1671.000   1.8957734700e-01   1.3992818830e-02
1672.000   1.8059795300e-01   1.3365990640e-02
1673.000   1.8575670300e-01   1.3770484920e-02
1674.000   1.8650671800e-01   1.3854099270e-02
1675.000   1.8477632600e-01   1.3762197490e-02
1676.000   1.8178812700e-01   1.3549798970e-02
1677.000   1.8271742000e-01   1.3620677950e-02
1678.000   1.8373073100e-01   1.3704871180e-02
1679.000   1.8128935900e-01   1.3520220760e-02
1680.000   1.7507515200e-01   1.3064856530e-02
1681.000   1.6900771900e-01   1.2616128920e-02
1682.000   1.7388862400e-01   1.2979378700e-02
1683.000   1.7817786200e-01   1.3293500900e-02
1684.000   1.8147082900e-01   1.3533843990e-02
1685.000   1.8199051600e-01   1.3552386280e-02
1686.000   1.7979491200e-01   1.3380976680e-02
1687.000   1.8049092000e-01   1.3392256740e-02
1688.000   1.8058392600e-01   1.3364770890e-02
1689.000   1.7840548100e-01   1.3192683220e-02
1690.000   1.7826061800e-01   1.3143885610e-02
1691.000   1.8056684800e-01   1.3317507740e-02
1692.000   1.8089253900e-01   1.3351988790e-02
1693.000   1.8025405600e-01   1.3320052150e-02
1694.000   1.7998483900e-01   1.3310698510e-02
1695.000   1.8003061700e-01   1.3307774540e-02
1696.000   1.7897725500e-01   1.3207335470e-02
1697.000   1.7785180400e-01   1.3088361740e-02
1698.000   1.7890670100e-01   1.3134902000e-02
1699.000   1.7775095600e-01   1.3024808880e-02
1700.000   1.7550033700e-01   1.2836327550e-02
