  lambda           Irr_dw           Rad_up
 550.000 1.5368660000e+00 1.5365583800e-01
 551.000 1.5266874000e+00 1.5258296200e-01
 552.000 1.5918423000e+00 1.5911103820e-01
 553.000 1.5289216000e+00 1.5275083920e-01
 554.000 1.5783198000e+00 1.5768695070e-01
 555.000 1.5822190000e+00 1.5798268130e-01
 556.000 1.5381077000e+00 1.5349137880e-01
 557.000 1.4920212000e+00 1.4889669800e-01
 558.000 1.5482414000e+00 1.5441915890e-01
 559.000 1.4630168000e+00 1.4587458800e-01
 560.000 1.4690600000e+00 1.4647473140e-01
 561.000 1.6141492000e+00 1.6083917240e-01
 562.000 1.4813105000e+00 1.4756391910e-01
 563.000 1.5494169000e+00 1.5425221250e-01
 564.000 1.5272596000e+00 1.5191055300e-01
 565.000 1.5451048000e+00 1.5365185550e-01
 566.000 1.4242602000e+00 1.4155062870e-01
 567.000 1.5274093000e+00 1.5157984920e-01
 568.000 1.5229574000e+00 1.5052838130e-01
 569.000 1.4914927000e+00 1.4612530520e-01
 570.000 1.4991528000e+00 1.4702212520e-01
 571.000 1.4463585000e+00 1.4267762760e-01
 572.000 1.5279345000e+00 1.4987123110e-01
 573.000 1.5440462000e+00 1.5167337040e-01
 574.000 1.5354141000e+00 1.5084169010e-01
 575.000 1.4976433000e+00 1.4701856990e-01
 576.000 1.4702841000e+00 1.4427084350e-01
 577.000 1.5312733000e+00 1.5041363530e-01
 578.000 1.4866536000e+00 1.4636853030e-01
 579.000 1.4752726000e+00 1.4536306760e-01
 580.000 1.5260444000e+00 1.5053997800e-01
 581.000 1.4984729000e+00 1.4801828000e-01
 582.000 1.5208296000e+00 1.5021281430e-01
 583.000 1.5312705000e+00 1.5128097530e-01
 584.000 1.5262486000e+00 1.5068367000e-01
 585.000 1.5160373000e+00 1.4958544920e-01
 586.000 1.4507390000e+00 1.4312051390e-01
 587.000 1.5072053000e+00 1.4813616940e-01
 588.000 1.4910856000e+00 1.4483615110e-01
 589.000 1.3213604000e+00 1.2620304870e-01
 590.000 1.3795684000e+00 1.3162631230e-01
 591.000 1.4659944000e+00 1.4136351010e-01
 592.000 1.4377256000e+00 1.3773873900e-01
 593.000 1.4529855000e+00 1.4090962220e-01
 594.000 1.4661304000e+00 1.4177177430e-01
 595.000 1.4378947000e+00 1.3777574160e-01
 596.000 1.4736345000e+00 1.4299345400e-01
 597.000 1.4779668000e+00 1.4294204710e-01
 598.000 1.4477416000e+00 1.4077728270e-01
 599.000 1.4481138000e+00 1.4112226870e-01
 600.000 1.4484815000e+00 1.4186730960e-01
 601.000 1.4403564000e+00 1.4159059140e-01
 602.000 1.4246011000e+00 1.4017089840e-01
 603.000 1.4331923000e+00 1.4120550540e-01
 604.000 1.4785788000e+00 1.4585961910e-01
 605.000 1.4747688000e+00 1.4545492550e-01
 606.000 1.4576415000e+00 1.4382482910e-01
 607.000 1.4494056000e+00 1.4298529050e-01
 608.000 1.4440443000e+00 1.4240466310e-01
 609.000 1.4291820000e+00 1.4094531250e-01
 610.000 1.4062504000e+00 1.3863453670e-01
 611.000 1.4290380000e+00 1.4088040160e-01
 612.000 1.4103877000e+00 1.3904743960e-01
 613.000 1.3897369000e+00 1.3697406010e-01
 614.000 1.3390432000e+00 1.3199377440e-01
 615.000 1.4036763000e+00 1.3830088810e-01
 616.000 1.3345839000e+00 1.3151560970e-01
 617.000 1.3420819000e+00 1.3225090030e-01
 618.000 1.4053587000e+00 1.3840484620e-01
 619.000 1.3924460000e+00 1.3716728210e-01
 620.000 1.4129717000e+00 1.3910281370e-01
 621.000 1.4372259000e+00 1.4147549440e-01
 622.000 1.3613785000e+00 1.3395611570e-01
 623.000 1.3719409000e+00 1.3487445070e-01
 624.000 1.3733701000e+00 1.3504571530e-01
 625.000 1.3361307000e+00 1.3136593630e-01
 626.000 1.3428513000e+00 1.3184567260e-01
 627.000 1.3652069000e+00 1.3342308040e-01
 628.000 1.3466339000e+00 1.3046417240e-01
 629.000 1.3805546000e+00 1.3412678530e-01
 630.000 1.3347712000e+00 1.3021554570e-01
 631.000 1.3837767000e+00 1.3513819890e-01
 632.000 1.2888797000e+00 1.2541916660e-01
 633.000 1.3835820000e+00 1.3520332340e-01
 634.000 1.3420401000e+00 1.3133642580e-01
 635.000 1.3665639000e+00 1.3373619080e-01
 636.000 1.3184182000e+00 1.2913323970e-01
 637.000 1.3619175000e+00 1.3346888730e-01
 638.000 1.3831344000e+00 1.3580996700e-01
 639.000 1.3716925000e+00 1.3460343930e-01
 640.000 1.3286586000e+00 1.3061416630e-01
 641.000 1.3478318000e+00 1.3246688840e-01
 642.000 1.3316520000e+00 1.3095234680e-01
 643.000 1.3549068000e+00 1.3301535030e-01
 644.000 1.3393553000e+00 1.3141549680e-01
 645.000 1.3509976000e+00 1.3228826900e-01
 646.000 1.2993612100e+00 1.2597176360e-01
 647.000 1.3168865600e+00 1.2680879970e-01
 648.000 1.3144494700e+00 1.2576530460e-01
 649.000 1.3405886000e+00 1.2890753170e-01
 650.000 1.2424314500e+00 1.2085163120e-01
 651.000 1.3383240000e+00 1.3016310120e-01
 652.000 1.3123590200e+00 1.2634146880e-01
 653.000 1.3389886000e+00 1.3039256290e-01
 654.000 1.3214277200e+00 1.2842303470e-01
 655.000 1.2865168800e+00 1.2447468570e-01
 656.000 1.0922549400e+00 1.0580891420e-01
 657.000 1.1657852900e+00 1.1318943790e-01
 658.000 1.2985900200e+00 1.2663793950e-01
 659.000 1.3017478500e+00 1.2721052550e-01
 660.000 1.3119675900e+00 1.2834434510e-01
 661.000 1.3177849500e+00 1.2934091190e-01
 662.000 1.3367681400e+00 1.3137841800e-01
 663.000 1.3218983500e+00 1.2983709720e-01
 664.000 1.3008995100e+00 1.2782675930e-01
 665.000 1.3065585800e+00 1.2841595460e-01
 666.000 1.3223010200e+00 1.3008639530e-01
 667.000 1.2960565900e+00 1.2749125670e-01
 668.000 1.3034229600e+00 1.2833517460e-01
 669.000 1.3220160100e+00 1.3022271730e-01
 670.000 1.3065061200e+00 1.2862362670e-01
 671.000 1.2923727200e+00 1.2726918030e-01
 672.000 1.2882748500e+00 1.2685850520e-01
 673.000 1.2974680200e+00 1.2774571990e-01
 674.000 1.2999725400e+00 1.2800410460e-01
 675.000 1.2801260800e+00 1.2602001190e-01
 676.000 1.3042838000e+00 1.2840928650e-01
 677.000 1.2783288200e+00 1.2586946110e-01
 678.000 1.2994803800e+00 1.2793203740e-01
 679.000 1.2811218100e+00 1.2607712550e-01
 680.000 1.2712699400e+00 1.2506504820e-01
 681.000 1.2726143100e+00 1.2512701420e-01
 682.000 1.2699625800e+00 1.2480100250e-01
 683.000 1.2782801500e+00 1.2554079440e-01
 684.000 1.2551728900e+00 1.2320082860e-01
 685.000 1.2693394000e+00 1.2461933140e-01
 686.000 1.2134585000e+00 1.1885159300e-01
 687.000 1.1221061000e+00 1.0615245060e-01
 688.000 1.1519365100e+00 1.1017490390e-01
 689.000 1.1464643700e+00 1.0931509400e-01
 690.000 1.1670169600e+00 1.1192048650e-01
 691.000 1.1906801400e+00 1.1482776640e-01
 692.000 1.1937433200e+00 1.1516527560e-01
 693.000 1.1927293800e+00 1.1341078190e-01
 694.000 1.1948015500e+00 1.1219941710e-01
 695.000 1.1819368900e+00 1.1167416380e-01
 696.000 1.2003501200e+00 1.1386130520e-01
 697.000 1.2232338100e+00 1.1854118350e-01
 698.000 1.1961384000e+00 1.1532265470e-01
 699.000 1.1995012700e+00 1.1347660060e-01
 700.000 1.1884155900e+00 1.1274225620e-01
 701.000 1.1576682300e+00 1.0932963560e-01
 702.000 1.1548298800e+00 1.0938835910e-01
 703.000 1.1862879600e+00 1.1410853580e-01
 704.000 1.1902437300e+00 1.1457566830e-01
 705.000 1.1929269400e+00 1.1407312010e-01
 706.000 1.1814085200e+00 1.1311346440e-01
 707.000 1.1657558400e+00 1.1188484950e-01
 708.000 1.2019741500e+00 1.1564805600e-01
 709.000 1.1640231800e+00 1.1256878660e-01
 710.000 1.1853446300e+00 1.1394587710e-01
 711.000 1.1787415900e+00 1.1394352720e-01
 712.000 1.1667512600e+00 1.1336095430e-01
 713.000 1.1580517600e+00 1.1204194640e-01
 714.000 1.1763724200e+00 1.1360625460e-01
 715.000 1.1292502100e+00 1.0830622860e-01
 716.000 1.1524900300e+00 1.0975206760e-01
 717.000 1.0802466900e+00 9.8797119140e-02
 718.000 1.0477822600e+00 9.3414337160e-02
 719.000 1.0260695300e+00 9.0570350650e-02
 720.000 1.0192215900e+00 8.8789672850e-02
 721.000 1.0802335600e+00 9.9840316770e-02
 722.000 1.1177213300e+00 1.0538537600e-01
 723.000 1.1024839400e+00 1.0273097230e-01
 724.000 1.0725363000e+00 9.6670478820e-02
 725.000 1.0660554400e+00 9.6549758910e-02
 726.000 1.0622591400e+00 9.6068092350e-02
 727.000 1.0830085900e+00 9.8381988530e-02
 728.000 1.0586945000e+00 9.5718811040e-02
 729.000 1.0296847300e+00 9.4275123600e-02
 730.000 1.0651668100e+00 9.7331321720e-02
 731.000 1.0446052700e+00 9.5265289310e-02
 732.000 1.0870760700e+00 1.0123030850e-01
 733.000 1.0917212100e+00 1.0380771640e-01
 734.000 1.1246661800e+00 1.0800067140e-01
 735.000 1.1118109600e+00 1.0637046050e-01
 736.000 1.0843644300e+00 1.0308538820e-01
 737.000 1.1035485000e+00 1.0540046690e-01
 738.000 1.1072852700e+00 1.0648532870e-01
 739.000 1.0742134200e+00 1.0364168550e-01
 740.000 1.0906074000e+00 1.0593433380e-01
 741.000 1.0854723600e+00 1.0591414640e-01
 742.000 1.0690303600e+00 1.0450582890e-01
 743.000 1.1036997500e+00 1.0832801060e-01
 744.000 1.1155447600e+00 1.0970520020e-01
 745.000 1.0876038200e+00 1.0713060760e-01
 746.000 1.1035560500e+00 1.0880035400e-01
 747.000 1.1201887900e+00 1.1043804170e-01
 748.000 1.1008179000e+00 1.0859764860e-01
 749.000 1.1013143700e+00 1.0869292450e-01
 750.000 1.0848047100e+00 1.0699758150e-01
 751.000 1.0820243400e+00 1.0673143010e-01
 752.000 1.0990829700e+00 1.0850051880e-01
 753.000 1.0888559200e+00 1.0752014920e-01
 754.000 1.1060117000e+00 1.0923281100e-01
 755.000 1.0996815500e+00 1.0861464690e-01
 756.000 1.0781740700e+00 1.0649989320e-01
 757.000 1.0861220800e+00 1.0729221340e-01
 758.000 1.0838525400e+00 1.0702281950e-01
 759.000 1.0017402400e+00 9.7058090210e-02
 760.000 5.1172119000e-01 4.1240955350e-02
 761.000 4.6226550000e-01 3.6301582340e-02
 762.000 7.3809388000e-01 6.5910591130e-02
 763.000 6.6970258000e-01 5.7730957030e-02
 764.000 7.1585861000e-01 6.2795989990e-02
 765.000 8.1750469000e-01 7.4621780400e-02
 766.000 8.8414970000e-01 8.3870674130e-02
 767.000 9.4763517000e-01 9.1396308900e-02
 768.000 1.0183532400e+00 9.9312370300e-02
 769.000 1.0358637400e+00 1.0178206630e-01
 770.000 1.0408605100e+00 1.0264058690e-01
 771.000 1.0464140100e+00 1.0340503690e-01
 772.000 1.0434920100e+00 1.0317810820e-01
 773.000 1.0395810500e+00 1.0282386020e-01
 774.000 1.0510355900e+00 1.0398863220e-01
 775.000 1.0117033300e+00 1.0012373350e-01
 776.000 1.0534725500e+00 1.0430641940e-01
 777.000 1.0461671000e+00 1.0358604430e-01
 778.000 1.0405344100e+00 1.0301264190e-01
 779.000 1.0438975000e+00 1.0332344060e-01
 780.000 1.0309578900e+00 1.0206575780e-01
 781.000 1.0293660800e+00 1.0193186950e-01
 782.000 1.0417488300e+00 1.0311450960e-01
 783.000 1.0173863100e+00 1.0075709530e-01
 784.000 1.0229385600e+00 1.0126470950e-01
 785.000 1.0247910000e+00 1.0124351500e-01
 786.000 1.0058392000e+00 9.9147224430e-02
 787.000 1.0177253500e+00 9.9728691100e-02
 788.000 1.0008920300e+00 9.7822441100e-02
 789.000 1.0010101600e+00 9.6890350340e-02
 790.000 9.9038777000e-01 9.5762351990e-02
 791.000 9.8636492000e-01 9.5564453120e-02
 792.000 9.7170414000e-01 9.4279670720e-02
 793.000 9.7299828000e-01 9.4781784060e-02
 794.000 9.6780454000e-01 9.5107849120e-02
 795.000 9.5961120000e-01 9.3751022340e-02
 796.000 9.6797203000e-01 9.3384590150e-02
 797.000 9.7634381000e-01 9.4568649290e-02
 798.000 9.8191217000e-01 9.5913917540e-02
 799.000 9.7995336000e-01 9.5516838070e-02
 800.000 9.5076084000e-01 9.2104736330e-02
 801.000 9.6894050000e-01 9.3943206790e-02
 802.000 9.6661266000e-01 9.3646209720e-02
 803.000 9.5335304000e-01 9.2466270450e-02
 804.000 9.6367447000e-01 9.3780334470e-02
 805.000 9.4051132000e-01 9.2067008970e-02
 806.000 9.6793750000e-01 9.5057701110e-02
 807.000 9.6203407000e-01 9.4524879460e-02
 808.000 9.5522798000e-01 9.3657859800e-02
 809.000 9.3761566000e-01 9.1710174560e-02
 810.000 9.3182734000e-01 9.0897277830e-02
 811.000 9.4341955000e-01 9.1578285220e-02
 812.000 9.3566613000e-01 9.0193008420e-02
 813.000 9.2587582000e-01 8.8479591370e-02
 814.000 9.1683962000e-01 8.6728958130e-02
 815.000 8.9715592000e-01 8.3789398190e-02
 816.000 8.7621516000e-01 8.0532791140e-02
 817.000 8.8224942000e-01 8.1143157960e-02
 818.000 8.7794660000e-01 8.0806190490e-02
 819.000 8.5844635000e-01 7.9477966310e-02
 820.000 8.5593697000e-01 8.0663452150e-02
 821.000 9.0096318000e-01 8.6635314940e-02
 822.000 8.6322930000e-01 8.1681724550e-02
 823.000 8.3934138000e-01 7.6162811280e-02
 824.000 8.8246582000e-01 8.2977447510e-02
 825.000 9.0012179000e-01 8.6748466490e-02
 826.000 9.0246659000e-01 8.6598556520e-02
 827.000 8.9711630000e-01 8.5809730530e-02
 828.000 8.8283475000e-01 8.3133491520e-02
 829.000 8.8686047000e-01 8.3960433960e-02
 830.000 8.7765854000e-01 8.3620765690e-02
 831.000 8.6332871000e-01 8.2380805970e-02
 832.000 8.8142150000e-01 8.4161178590e-02
 833.000 8.5665760000e-01 8.2161247250e-02
 834.000 8.7239019000e-01 8.4052680970e-02
 835.000 8.7970827000e-01 8.5440971370e-02
 836.000 8.8813205000e-01 8.6107315060e-02
 837.000 8.8055527000e-01 8.5335243230e-02
 838.000 8.8633044000e-01 8.6286193850e-02
 839.000 8.6013458000e-01 8.3947074890e-02
 840.000 8.8367077000e-01 8.6299926760e-02
 841.000 8.8447157000e-01 8.6128494260e-02
 842.000 8.8022670000e-01 8.5923912050e-02
 843.000 8.7716713000e-01 8.6223648070e-02
 844.000 8.6389622000e-01 8.5177917480e-02
 845.000 8.7757069000e-01 8.6649696350e-02
 846.000 8.8595420000e-01 8.7644561770e-02
 847.000 8.5600591000e-01 8.4859184270e-02
 848.000 8.8020409000e-01 8.7009651180e-02
 849.000 8.8192917000e-01 8.7264381410e-02
 850.000 7.6209325000e-01 7.5268524170e-02
 851.000 8.7253736000e-01 8.6022483830e-02
 852.000 8.3948561000e-01 8.2818420410e-02
 853.000 8.4997808000e-01 8.4025024410e-02
 854.000 6.8329841000e-01 6.7565956120e-02
 855.000 7.5248960000e-01 7.4536407470e-02
 856.000 8.5448866000e-01 8.4818542480e-02
 857.000 8.6835807000e-01 8.6351966860e-02
 858.000 8.5454685000e-01 8.5018379210e-02
 859.000 8.5462382000e-01 8.5136428830e-02
 860.000 8.4707759000e-01 8.4473281860e-02
 861.000 8.4696878000e-01 8.4467521670e-02
 862.000 8.4419985000e-01 8.4186660770e-02
 863.000 8.6033346000e-01 8.5864913940e-02
 864.000 8.5861488000e-01 8.5635528560e-02
 865.000 8.4262227000e-01 8.4135040280e-02
 866.000 7.0678440000e-01 7.0607635500e-02
 867.000 7.5263856000e-01 7.5081336980e-02
 868.000 8.1626642000e-01 8.1489509580e-02
 869.000 8.0480898000e-01 8.0353019710e-02
 870.000 8.3799667000e-01 8.3738685610e-02
 871.000 8.3680995000e-01 8.3596076970e-02
 872.000 8.3343892000e-01 8.3153121950e-02
 873.000 8.3677054000e-01 8.3558212280e-02
 874.000 8.1841710000e-01 8.1687210080e-02
 875.000 8.1088637000e-01 8.1025253300e-02
 876.000 8.1760560000e-01 8.1648124690e-02
 877.000 8.3388927000e-01 8.3197959900e-02
 878.000 8.1950939000e-01 8.1770248410e-02
 879.000 8.2140712000e-01 8.1998176570e-02
 880.000 8.1659621000e-01 8.1387420650e-02
 881.000 7.7412876000e-01 7.7170051570e-02
 882.000 8.1684555000e-01 8.1312461850e-02
 883.000 7.9822062000e-01 7.9592292790e-02
 884.000 8.0500310000e-01 8.0406036380e-02
 885.000 8.1319724000e-01 8.0901374820e-02
 886.000 7.8645512000e-01 7.8165336610e-02
 887.000 7.7845023000e-01 7.7453765870e-02
 888.000 8.0174314000e-01 7.9676742550e-02
 889.000 8.0717917000e-01 8.0408638000e-02
 890.000 8.0453440000e-01 8.0040527340e-02
 891.000 7.9974861000e-01 7.9318359380e-02
 892.000 7.9544726000e-01 7.8503646850e-02
 893.000 7.5950633000e-01 7.3747169490e-02
 894.000 7.8164617000e-01 7.5374420170e-02
 895.000 7.3183810000e-01 6.9170661930e-02
 896.000 7.4591184000e-01 6.9090354920e-02
 897.000 7.1336701000e-01 6.4851417540e-02
 898.000 7.0733067000e-01 6.3659709930e-02
 899.000 6.8596639000e-01 6.0121608730e-02
 900.000 6.7179090000e-01 5.9041172030e-02
 901.000 6.5222453000e-01 5.6957218170e-02
 902.000 6.4105951000e-01 5.6077659610e-02
 903.000 7.0640241000e-01 6.4516983030e-02
 904.000 7.4054490000e-01 6.9397430420e-02
 905.000 7.3776126000e-01 6.9241325380e-02
 906.000 7.0549153000e-01 6.5161293030e-02
 907.000 6.9442585000e-01 6.2280960080e-02
 908.000 6.6261950000e-01 5.8257141110e-02
 909.000 6.5015585000e-01 5.7193573000e-02
 910.000 6.6006437000e-01 5.8233551030e-02
 911.000 6.6811125000e-01 5.9796321870e-02
 912.000 6.6476471000e-01 5.9013507840e-02
 913.000 6.5903833000e-01 5.6982513430e-02
 914.000 6.6520530000e-01 5.8270015720e-02
 915.000 6.6239903000e-01 5.8757804870e-02
 916.000 6.7182166000e-01 5.9733871460e-02
 917.000 6.6559221000e-01 5.9521896360e-02
 918.000 6.6773751000e-01 6.0170913700e-02
 919.000 6.9556688000e-01 6.4465103150e-02
 920.000 7.0305619000e-01 6.6251464840e-02
 921.000 6.8457583000e-01 6.4247390750e-02
 922.000 6.7816272000e-01 6.3685024260e-02
 923.000 6.4605733000e-01 6.0167079930e-02
 924.000 6.6415896000e-01 6.1243312840e-02
 925.000 6.7223530000e-01 6.1867683410e-02
 926.000 6.4811837000e-01 5.9501529690e-02
 927.000 6.6142535000e-01 5.9919837950e-02
 928.000 6.4859858000e-01 5.7280658720e-02
 929.000 6.1523774000e-01 5.2388664250e-02
 930.000 5.8229510000e-01 4.7186359410e-02
 931.000 5.4613347000e-01 4.1540172580e-02
 932.000 4.9335537000e-01 3.4249423980e-02
 933.000 4.5762230000e-01 2.9753465650e-02
 934.000 4.1445709000e-01 2.5147319790e-02
 935.000 4.0425799000e-01 2.4315635680e-02
 936.000 4.1691006000e-01 2.5757556920e-02
 937.000 4.2203788000e-01 2.5930711750e-02
 938.000 4.6014401000e-01 3.0549402240e-02
 939.000 5.6989724000e-01 4.5478370670e-02
 940.000 5.8181618000e-01 4.7500808720e-02
 941.000 5.5586403000e-01 4.4566955570e-02
 942.000 5.0427670000e-01 3.8326278690e-02
 943.000 4.7641778000e-01 3.2833187100e-02
 944.000 4.5959665000e-01 3.1440614700e-02
 945.000 4.8381886000e-01 3.4247344970e-02
 946.000 4.9137493000e-01 3.4873462680e-02
 947.000 5.0564650000e-01 3.7077663420e-02
 948.000 5.1877291000e-01 3.8771755220e-02
 949.000 5.1895695000e-01 3.8719856260e-02
 950.000 5.1805405000e-01 3.8848548890e-02
 951.000 5.3712920000e-01 4.1955764770e-02
 952.000 5.1313660000e-01 3.8428401950e-02
 953.000 5.2824365000e-01 4.0823566440e-02
 954.000 5.4044032000e-01 4.3120830540e-02
 955.000 4.9143528000e-01 3.8286113740e-02
 956.000 5.2082650000e-01 4.0403083800e-02
 957.000 5.6392007000e-01 4.7092910770e-02
 958.000 5.7367865000e-01 4.8353256230e-02
 959.000 5.6858570000e-01 4.7473648070e-02
 960.000 5.6104313000e-01 4.6733894350e-02
 961.000 5.5139753000e-01 4.5708686830e-02
 962.000 5.5731058000e-01 4.6460311890e-02
 963.000 5.7926017000e-01 4.9988117220e-02
 964.000 5.7582435000e-01 4.9954315190e-02
 965.000 5.8059725000e-01 5.0243194580e-02
 966.000 5.6496553000e-01 4.9009899140e-02
 967.000 5.9796083000e-01 5.3128906250e-02
 968.000 6.1775429000e-01 5.7051937100e-02
 969.000 6.3333271000e-01 5.9505611420e-02
 970.000 6.3565780000e-01 5.9797149660e-02
 971.000 6.2972382000e-01 5.9226997380e-02
 972.000 6.3089121000e-01 5.9057998660e-02
 973.000 6.1723135000e-01 5.7153244020e-02
 974.000 5.9844147000e-01 5.4681755070e-02
 975.000 5.9537852000e-01 5.3935054780e-02
 976.000 6.1007075000e-01 5.5868778230e-02
 977.000 6.0653863000e-01 5.6526920320e-02
 978.000 6.2049595000e-01 5.7768013000e-02
 979.000 6.0547209000e-01 5.6644500730e-02
 980.000 6.2622047000e-01 5.9650104520e-02
 981.000 6.3319645000e-01 6.0571769710e-02
 982.000 6.2907691000e-01 5.9955169680e-02
 983.000 6.3358546000e-01 6.0965038300e-02
 984.000 6.3571449000e-01 6.1787693020e-02
 985.000 6.3901741000e-01 6.2477184300e-02
 986.000 6.3843851000e-01 6.2908500670e-02
 987.000 6.4773568000e-01 6.4054046630e-02
 988.000 6.4015937000e-01 6.3359050750e-02
 989.000 6.3229946000e-01 6.2618328090e-02
 990.000 6.3815355000e-01 6.3256450650e-02
 991.000 6.4506782000e-01 6.4140403750e-02
 992.000 6.3956412000e-01 6.3653717040e-02
 993.000 6.3969207000e-01 6.3693103790e-02
 994.000 6.4440561000e-01 6.4338623050e-02
 995.000 6.4068397000e-01 6.4098571780e-02
 996.000 6.4054379000e-01 6.4089080810e-02
 997.000 6.4056513000e-01 6.4016906740e-02
 998.000 6.3745608000e-01 6.3627304080e-02
 999.000 6.3559102000e-01 6.3414089200e-02
1000.000 6.3073879000e-01 6.2961227420e-02
1001.000 6.3275451000e-01 6.2989952090e-02
1002.000 6.2943125000e-01 6.2384429930e-02
1003.000 6.2261764000e-01 6.1784332280e-02
1004.000 6.1872321000e-01 6.1566780090e-02
1005.000 5.7862035000e-01 5.7652812960e-02
1006.000 6.0901531000e-01 6.0716205600e-02
1007.000 6.1967463000e-01 6.1733833310e-02
1008.000 6.2043374000e-01 6.1591926570e-02
1009.000 6.1417096000e-01 6.0687015530e-02
1010.000 6.1755424000e-01 6.1161437990e-02
1011.000 6.1683920000e-01 6.1413425450e-02
1012.000 6.1800232000e-01 6.1658905030e-02
1013.000 6.1429179000e-01 6.1393112180e-02
1014.000 6.1852667000e-01 6.1886043550e-02
1015.000 6.0715512000e-01 6.0785678860e-02
1016.000 6.1137166000e-01 6.1282180790e-02
1017.000 6.0545052000e-01 6.0737705230e-02
1018.000 6.1300321000e-01 6.1474475860e-02
1019.000 5.9822488000e-01 5.9908977510e-02
1020.000 5.9722728000e-01 5.9835083010e-02
1021.000 6.0371254000e-01 6.0533267970e-02
1022.000 5.9373565000e-01 5.9367027280e-02
1023.000 6.0436003000e-01 6.0285205840e-02
1024.000 6.0082350000e-01 5.9835681920e-02
1025.000 6.0196714000e-01 6.0120616910e-02
1026.000 6.0324141000e-01 6.0339607240e-02
1027.000 5.9935100000e-01 5.9949604030e-02
1028.000 6.0095596000e-01 6.0180641170e-02
1029.000 5.9232831000e-01 5.9439384460e-02
1030.000 5.9878085000e-01 6.0214950560e-02
1031.000 5.9713982000e-01 6.0137886050e-02
1032.000 5.9522723000e-01 6.0012607570e-02
1033.000 5.8430289000e-01 5.8919200900e-02
1034.000 5.9001110000e-01 5.9515800480e-02
1035.000 5.8230434000e-01 5.8731281280e-02
1036.000 5.9192859000e-01 5.9717884060e-02
1037.000 5.7946328000e-01 5.8465435030e-02
1038.000 5.8519243000e-01 5.9046401980e-02
1039.000 5.8757782000e-01 5.9275249480e-02
1040.000 5.8062001000e-01 5.8564964290e-02
1041.000 5.8364343000e-01 5.8858776090e-02
1042.000 5.8537100000e-01 5.9026794430e-02
1043.000 5.7526376000e-01 5.8003883360e-02
1044.000 5.8098247000e-01 5.8571983340e-02
1045.000 5.7843963000e-01 5.8334526060e-02
1046.000 5.6161128000e-01 5.6666477200e-02
1047.000 5.7191366000e-01 5.7734077450e-02
1048.000 5.7758035000e-01 5.8340267180e-02
1049.000 5.7386943000e-01 5.8004852290e-02
1050.000 5.7145753000e-01 5.7782814030e-02
1051.000 5.7043297000e-01 5.7648891450e-02
1052.000 5.6777357000e-01 5.7353450780e-02
1053.000 5.6632547000e-01 5.7195644380e-02
1054.000 5.6210780000e-01 5.6735069270e-02
1055.000 5.6619930000e-01 5.7108337400e-02
1056.000 5.6467121000e-01 5.6925888060e-02
1057.000 5.6360795000e-01 5.6761547090e-02
1058.000 5.5755309000e-01 5.6046482090e-02
1059.000 5.4002953000e-01 5.4315998080e-02
1060.000 5.5956662000e-01 5.6371021270e-02
1061.000 5.3993567000e-01 5.4401168820e-02
1062.000 5.5481760000e-01 5.5847866060e-02
1063.000 5.4542142000e-01 5.4888992310e-02
1064.000 5.5215116000e-01 5.5493095400e-02
1065.000 5.5131873000e-01 5.5308074950e-02
1066.000 5.3443136000e-01 5.3604084010e-02
1067.000 5.4704347000e-01 5.4818641660e-02
1068.000 5.4430621000e-01 5.4369380950e-02
1069.000 5.0303808000e-01 5.0153667450e-02
1070.000 5.3295045000e-01 5.3168601990e-02
1071.000 5.3342713000e-01 5.3135318760e-02
1072.000 5.3481459000e-01 5.3195796970e-02
1073.000 5.1714055000e-01 5.1437019350e-02
1074.000 5.3532305000e-01 5.3277061460e-02
1075.000 5.1928509000e-01 5.1829803470e-02
1076.000 5.3031593000e-01 5.2849357600e-02
1077.000 5.2862806000e-01 5.2573303220e-02
1078.000 5.2939389000e-01 5.2523414610e-02
1079.000 5.0892485000e-01 5.0481578830e-02
1080.000 5.2235719000e-01 5.1479160310e-02
1081.000 5.0304630000e-01 4.9558040620e-02
1082.000 5.1018371000e-01 5.0383548740e-02
1083.000 4.9555738000e-01 4.8745754240e-02
1084.000 5.1346012000e-01 5.0295124050e-02
1085.000 5.0425093000e-01 4.8942852020e-02
1086.000 5.1143740000e-01 4.9719387050e-02
1087.000 4.8270665000e-01 4.7368236540e-02
1088.000 5.1204876000e-01 5.0300510410e-02
1089.000 4.8925303000e-01 4.7530567170e-02
1090.000 4.9923903000e-01 4.8423881530e-02
1091.000 5.0314534000e-01 4.8939167020e-02
1092.000 4.8979819000e-01 4.7394790650e-02
1093.000 4.7993613000e-01 4.5879962920e-02
1094.000 4.3515356500e-01 4.1357467650e-02
1095.000 4.7129734000e-01 4.4810516360e-02
1096.000 4.7262386000e-01 4.4968177800e-02
1097.000 4.6256866100e-01 4.3851554870e-02
1098.000 4.4526799800e-01 4.0920330050e-02
1099.000 4.3497345900e-01 3.8897342680e-02
1100.000 4.4326262400e-01 3.9711105350e-02
1101.000 4.4392036800e-01 3.9915271760e-02
1102.000 4.2477355700e-01 3.8115226750e-02
1103.000 4.4271063700e-01 3.9814502720e-02
1104.000 4.3751536700e-01 3.9162101750e-02
1105.000 4.3177183800e-01 3.8200862880e-02
1106.000 4.2295884400e-01 3.6998020170e-02
1107.000 4.2379378800e-01 3.7155906680e-02
1108.000 4.2346170700e-01 3.7172164920e-02
1109.000 4.2995133100e-01 3.8064559940e-02
1110.000 4.3171109700e-01 3.8110996250e-02
1111.000 4.2374883400e-01 3.7173950200e-02
1112.000 4.0740597000e-01 3.4839077000e-02
1113.000 3.8872691900e-01 3.1952497480e-02
1114.000 3.8852908500e-01 3.1478582380e-02
1115.000 3.6296001700e-01 2.7733121870e-02
1116.000 3.4481661700e-01 2.5366979600e-02
1117.000 3.1586273300e-01 2.1368129730e-02
1118.000 2.8194413500e-01 1.7575418470e-02
1119.000 2.5811465500e-01 1.5302436830e-02
1120.000 2.3796291100e-01 1.3224980350e-02
1121.000 2.3488273600e-01 1.2842902180e-02
1122.000 2.1112818900e-01 1.0698645590e-02
1123.000 2.2497332700e-01 1.1852221490e-02
1124.000 2.3392300600e-01 1.2625019070e-02
1125.000 2.2476929200e-01 1.1968393330e-02
1126.000 2.1872298600e-01 1.1589907650e-02
1127.000 2.2788890100e-01 1.2168694500e-02
1128.000 2.2710405500e-01 1.2300645830e-02
1129.000 2.4990581900e-01 1.4443783760e-02
1130.000 2.9867232900e-01 1.9549432750e-02
1131.000 3.1559623200e-01 2.1375404360e-02
1132.000 2.9764773700e-01 1.9215524670e-02
1133.000 2.5545744600e-01 1.5108056070e-02
1134.000 1.8684660000e-01 8.9090185170e-03
1135.000 1.9449406100e-01 9.4807519910e-03
1136.000 2.6161166700e-01 1.5735439300e-02
1137.000 2.9984380400e-01 1.9695158000e-02
1138.000 3.2031834300e-01 2.2901918410e-02
1139.000 3.3633606000e-01 2.4768013000e-02
1140.000 3.3132487900e-01 2.4016487120e-02
1141.000 3.0978585600e-01 2.1790443420e-02
1142.000 3.1392665800e-01 2.1827638630e-02
1143.000 2.9503621400e-01 1.9801731110e-02
1144.000 2.7777267600e-01 1.7926109310e-02
1145.000 2.5692508200e-01 1.5614226340e-02
1146.000 2.6493120000e-01 1.6338516240e-02
1147.000 2.8401999300e-01 1.8347679140e-02
1148.000 2.9662123700e-01 1.9938556670e-02
1149.000 3.0354032500e-01 2.0743131640e-02
1150.000 3.0228932900e-01 2.0732618330e-02
1151.000 3.1013957800e-01 2.1834928510e-02
1152.000 3.1377302600e-01 2.2373468400e-02
1153.000 3.1945180200e-01 2.3194377900e-02
1154.000 3.1970115600e-01 2.3143676760e-02
1155.000 3.3251308400e-01 2.4922288890e-02
1156.000 3.4094917200e-01 2.6514959340e-02
1157.000 3.7031962800e-01 3.0797685620e-02
1158.000 3.8067173000e-01 3.2472011570e-02
1159.000 3.8388159600e-01 3.3446262360e-02
1160.000 3.8246596000e-01 3.3625110630e-02
1161.000 3.8298508000e-01 3.4353073120e-02
1162.000 4.0328239700e-01 3.6744091030e-02
1163.000 4.1283570400e-01 3.8296852110e-02
1164.000 4.0627486600e-01 3.7835247040e-02
1165.000 4.1461821200e-01 3.8714344020e-02
1166.000 4.0541906100e-01 3.8024086000e-02
1167.000 4.1295574100e-01 3.8839008330e-02
1168.000 4.1616596600e-01 3.9115264890e-02
1169.000 4.0284093300e-01 3.7969196320e-02
1170.000 4.1468232000e-01 3.9181861880e-02
1171.000 4.1935044300e-01 3.9857814790e-02
1172.000 4.1640571600e-01 3.9452659610e-02
1173.000 4.1190699800e-01 3.8908748630e-02
1174.000 4.1220934400e-01 3.8951255800e-02
1175.000 4.1165526000e-01 3.9250175480e-02
1176.000 4.0554006000e-01 3.8989452360e-02
1177.000 4.1621094700e-01 3.9864917760e-02
1178.000 4.0544373700e-01 3.8532390590e-02
1179.000 4.0363435600e-01 3.8366577150e-02
1180.000 4.0794419100e-01 3.8670665740e-02
1181.000 4.0233659000e-01 3.7862495420e-02
1182.000 3.9933598300e-01 3.7308277130e-02
1183.000 3.7655720600e-01 3.5212726590e-02
1184.000 3.9551445400e-01 3.7142211910e-02
1185.000 4.0565374500e-01 3.8489627840e-02
1186.000 4.0179528100e-01 3.8009033200e-02
1187.000 3.9693879000e-01 3.7162376400e-02
1188.000 3.9375362000e-01 3.6773769380e-02
1189.000 3.7363743200e-01 3.5116096500e-02
1190.000 3.9973642000e-01 3.8181190490e-02
1191.000 4.0828717800e-01 3.9180431370e-02
1192.000 4.0935725400e-01 3.9553409580e-02
1193.000 4.0880195600e-01 3.9426815030e-02
1194.000 4.0752174100e-01 3.9268413540e-02
1195.000 3.9972691600e-01 3.8260444640e-02
1196.000 3.9991699800e-01 3.8325019840e-02
1197.000 3.9824237000e-01 3.8044921880e-02
1198.000 3.8452546300e-01 3.6715114590e-02
1199.000 3.6839940300e-01 3.5035503390e-02
1200.000 3.9273163000e-01 3.7446487430e-02
1201.000 3.9598641600e-01 3.7806922910e-02
1202.000 3.9689683100e-01 3.7968605040e-02
1203.000 3.7647548200e-01 3.5972839360e-02
1204.000 3.8332600300e-01 3.6714473720e-02
1205.000 3.9750416400e-01 3.8522731780e-02
1206.000 3.9755108600e-01 3.8733333590e-02
1207.000 4.0122896000e-01 3.9177219390e-02
1208.000 3.9466444600e-01 3.8468082430e-02
1209.000 3.6887683700e-01 3.5851791380e-02
1210.000 3.9269749500e-01 3.7980072020e-02
1211.000 3.7929353400e-01 3.6664077760e-02
1212.000 3.9172544400e-01 3.7921676640e-02
1213.000 3.9531903100e-01 3.8457717900e-02
1214.000 3.9325639300e-01 3.8242187500e-02
1215.000 3.9533478800e-01 3.8524394990e-02
1216.000 3.9710141900e-01 3.8998867030e-02
1217.000 3.9871106000e-01 3.9421821590e-02
1218.000 3.9828837200e-01 3.9512878420e-02
1219.000 3.9505885600e-01 3.9275993350e-02
1220.000 3.9779375400e-01 3.9551769260e-02
1221.000 3.9732015700e-01 3.9525199890e-02
1222.000 3.9530385500e-01 3.9329387660e-02
1223.000 3.9363917800e-01 3.9202919010e-02
1224.000 3.9816598900e-01 3.9818054200e-02
1225.000 3.9629034600e-01 3.9676189420e-02
1226.000 3.9809149200e-01 3.9919345860e-02
1227.000 3.8526597600e-01 3.8724941250e-02
1228.000 3.9812360000e-01 4.0134304050e-02
1229.000 3.9827244700e-01 4.0239746090e-02
1230.000 3.9757531000e-01 4.0272254940e-02
1231.000 3.9794492000e-01 4.0373378750e-02
1232.000 3.9359395700e-01 3.9963352200e-02
1233.000 3.9677526000e-01 4.0310218810e-02
1234.000 3.9644327400e-01 4.0407466890e-02
1235.000 3.9399870900e-01 4.0208606720e-02
1236.000 3.9649509000e-01 4.0499687190e-02
1237.000 3.9674622200e-01 4.0573940280e-02
1238.000 3.9659037100e-01 4.0582149510e-02
1239.000 3.9211651000e-01 4.0141777040e-02
1240.000 3.9034135600e-01 3.9992271420e-02
1241.000 3.9375015400e-01 4.0364105220e-02
1242.000 3.9135611500e-01 4.0137260440e-02
1243.000 3.8690341600e-01 3.9701053620e-02
1244.000 3.8326551000e-01 3.9334133150e-02
1245.000 3.8973961600e-01 4.0008457180e-02
1246.000 3.8658253300e-01 3.9658184050e-02
1247.000 3.8450035500e-01 3.9416599270e-02
1248.000 3.8730989100e-01 3.9677463530e-02
1249.000 3.8580576600e-01 3.9508739470e-02
1250.000 3.8412811600e-01 3.9311378480e-02
1251.000 3.8130028900e-01 3.9002872470e-02
1252.000 3.7986340200e-01 3.8822921750e-02
1253.000 3.7641160700e-01 3.8433544160e-02
1254.000 3.7676965600e-01 3.8394237520e-02
1255.000 3.7568582400e-01 3.8237190250e-02
1256.000 3.7449082800e-01 3.8081245420e-02
1257.000 3.6964580100e-01 3.7522216800e-02
1258.000 3.6972574100e-01 3.7400474550e-02
1259.000 3.6449463400e-01 3.6767562870e-02
1260.000 3.6362885700e-01 3.6562290190e-02
1261.000 3.6141371000e-01 3.6219528200e-02
1262.000 3.5038779100e-01 3.4924999240e-02
1263.000 3.5336488400e-01 3.5182929990e-02
1264.000 3.4702742300e-01 3.4537998200e-02
1265.000 3.4735035200e-01 3.4571857450e-02
1266.000 3.4820974700e-01 3.4599155430e-02
1267.000 3.4013911400e-01 3.3740688320e-02
1268.000 3.3505563300e-01 3.3183322910e-02
1269.000 3.3740802200e-01 3.3394569400e-02
1270.000 3.4558355800e-01 3.4366138460e-02
1271.000 3.4950111100e-01 3.4820365910e-02
1272.000 3.5008548400e-01 3.4953247070e-02
1273.000 3.5124585500e-01 3.5163734440e-02
1274.000 3.5094513900e-01 3.5248703000e-02
1275.000 3.5388382100e-01 3.5580654140e-02
1276.000 3.5496750900e-01 3.5694057460e-02
1277.000 3.5500837000e-01 3.5675395970e-02
1278.000 3.5432076100e-01 3.5571731570e-02
1279.000 3.5229800500e-01 3.5375789640e-02
1280.000 3.5119940600e-01 3.5363086700e-02
1281.000 3.4212570600e-01 3.4539852140e-02
1282.000 3.0457582300e-01 3.0830219270e-02
1283.000 3.3478282100e-01 3.3928947450e-02
1284.000 3.4866085000e-01 3.5345558170e-02
1285.000 3.5150103700e-01 3.5650428770e-02
1286.000 3.5095767800e-01 3.5534835820e-02
1287.000 3.5222809300e-01 3.5560806270e-02
1288.000 3.4674363700e-01 3.4668544770e-02
1289.000 3.4779561300e-01 3.4665897370e-02
1290.000 3.3968031700e-01 3.3833923340e-02
1291.000 3.4491217100e-01 3.4374244690e-02
1292.000 3.4778208600e-01 3.4756889340e-02
1293.000 3.4822141300e-01 3.4780147550e-02
1294.000 3.4128292100e-01 3.3912120820e-02
1295.000 3.4263044400e-01 3.3800205230e-02
1296.000 3.4044137200e-01 3.3346336360e-02
1297.000 3.3634709300e-01 3.2766704560e-02
1298.000 3.3315927900e-01 3.2432495120e-02
1299.000 3.3638262800e-01 3.2722282410e-02
1300.000 3.3469321600e-01 3.2531032560e-02
1301.000 3.3371340900e-01 3.2377876280e-02
1302.000 3.2803627300e-01 3.1679046630e-02
1303.000 3.2206645800e-01 3.0728364940e-02
1304.000 3.2069842800e-01 3.0431882860e-02
1305.000 3.2194907600e-01 3.0473922730e-02
1306.000 3.2173157300e-01 3.0372848510e-02
1307.000 3.1971993500e-01 3.0093484880e-02
1308.000 3.1675003900e-01 2.9585676190e-02
1309.000 3.1282007600e-01 2.8919929500e-02
1310.000 3.1109801100e-01 2.8731344220e-02
1311.000 3.1024489900e-01 2.8647741320e-02
1312.000 3.0481989800e-01 2.7818817140e-02
1313.000 2.8872351300e-01 2.5988084790e-02
1314.000 2.9324371800e-01 2.6068855290e-02
1315.000 2.8547140000e-01 2.5518060680e-02
1316.000 2.9544469200e-01 2.6628194810e-02
1317.000 2.9844842300e-01 2.6884750370e-02
1318.000 2.8906192000e-01 2.5653694150e-02
1319.000 2.8542243600e-01 2.4810447690e-02
1320.000 2.7471500500e-01 2.3272058490e-02
1321.000 2.7018440300e-01 2.2634813310e-02
1322.000 2.7525176800e-01 2.3440582280e-02
1323.000 2.8213651900e-01 2.4416650770e-02
1324.000 2.8539744200e-01 2.4902551650e-02
1325.000 2.8301667700e-01 2.4545526500e-02
1326.000 2.7594099200e-01 2.3542327880e-02
1327.000 2.6141875700e-01 2.1409084320e-02
1328.000 2.4829873900e-01 1.9303462980e-02
1329.000 2.1422711100e-01 1.5116445540e-02
1330.000 2.0818453100e-01 1.4167924880e-02
1331.000 2.0269967900e-01 1.3472533230e-02
1332.000 2.0050459200e-01 1.3410702710e-02
1333.000 2.1151528700e-01 1.4433294300e-02
1334.000 2.1993358800e-01 1.5411697390e-02
1335.000 2.2587748000e-01 1.6137622830e-02
1336.000 2.2577098700e-01 1.6239496230e-02
1337.000 2.2832658100e-01 1.6467830660e-02
1338.000 2.3207932900e-01 1.6981315610e-02
1339.000 2.3259329600e-01 1.7106592180e-02
1340.000 2.3421408900e-01 1.7441699980e-02
1341.000 2.3817103700e-01 1.7569526670e-02
1342.000 2.3807394500e-01 1.7577543260e-02
1343.000 2.2904233200e-01 1.6060518260e-02
1344.000 2.1518968400e-01 1.4207188610e-02
1345.000 1.7804408900e-01 1.0132960320e-02
1346.000 1.5187283500e-01 7.5734672550e-03
1347.000 1.3470737700e-01 6.1613426210e-03
1348.000 1.1167724400e-01 4.2860369680e-03
1349.000 1.0157417840e-01 3.6272528170e-03
1350.000 7.9121347200e-02 2.2333886620e-03
1351.000 6.8305861500e-02 1.7225077150e-03
1352.000 5.2245771400e-02 1.0195539000e-03
1353.000 3.7031353000e-02 5.5845510960e-04
1354.000 2.9609975800e-02 3.7297123670e-04
1355.000 2.2989651100e-02 2.3906642200e-04
1356.000 1.7384941100e-02 1.4548213780e-04
1357.000 1.1883084750e-02 7.3308482770e-05
1358.000 8.7943059000e-03 4.4771116230e-05
1359.000 4.6371913700e-03 1.5199983490e-05
1360.000 3.0667198600e-03 7.9922433940e-06
1361.000 2.2822904700e-03 4.7579649840e-06
1362.000 2.1000788600e-03 4.1862851940e-06
1363.000 3.0298724300e-03 7.3106656780e-06
1364.000 3.5132270200e-03 9.1586457570e-06
1365.000 3.6785386700e-03 9.6672410150e-06
1366.000 4.2480994700e-03 1.2080799790e-05
1367.000 3.5684715700e-03 9.4675673170e-06
1368.000 3.1641449800e-03 8.1866960970e-06
1369.000 3.2446894600e-03 8.6168441920e-06
1370.000 5.3662049400e-03 2.0013667640e-05
1371.000 9.5567457200e-03 5.0201751290e-05
1372.000 1.7696175600e-02 1.3900415600e-04
1373.000 2.5103483300e-02 2.4568767850e-04
1374.000 3.0483477600e-02 3.4032514690e-04
1375.000 3.2500732100e-02 3.8246062400e-04
1376.000 3.0145778700e-02 3.3934333920e-04
1377.000 2.6837246000e-02 2.7733355760e-04
1378.000 2.0455571400e-02 1.7681659760e-04
1379.000 1.4046708020e-02 9.5434851940e-05
1380.000 7.9668969900e-03 3.8096092640e-05
1381.000 4.6085478400e-03 1.5886090700e-05
1382.000 3.2226949600e-03 8.9687267320e-06
1383.000 3.1180837900e-03 8.3848852660e-06
1384.000 5.0718371500e-03 1.8117148430e-05
1385.000 7.2001178800e-03 3.1806178390e-05
1386.000 1.0997430550e-02 6.2842257320e-05
1387.000 2.0206253900e-02 1.7338500920e-04
1388.000 2.6781554200e-02 2.7278918030e-04
1389.000 3.0763900600e-02 3.4822204710e-04
1390.000 3.1403224100e-02 3.6440980430e-04
1391.000 2.9315293700e-02 3.2448560000e-04
1392.000 2.2163632700e-02 2.0526494090e-04
1393.000 1.6942359100e-02 1.3388302920e-04
1394.000 1.2979784460e-02 8.7412610650e-05
1395.000 1.4631314900e-02 1.0614440590e-04
1396.000 2.0077387100e-02 1.7594017090e-04
1397.000 2.5909729000e-02 2.6845866440e-04
1398.000 2.6682524600e-02 2.8106305000e-04
1399.000 2.4913579800e-02 2.5514066220e-04
1400.000 2.3296316800e-02 2.3209799830e-04
1401.000 2.4765174600e-02 2.6113688950e-04
1402.000 3.0702089200e-02 3.6582729220e-04
1403.000 3.5348447000e-02 4.7619867320e-04
1404.000 3.3248380700e-02 4.2929068210e-04
1405.000 3.4826925000e-02 4.7590497140e-04
1406.000 3.2294361800e-02 4.1719430690e-04
1407.000 3.3492450100e-02 4.5677399640e-04
1408.000 4.0143023100e-02 6.1509644990e-04
1409.000 4.7056712500e-02 8.1795221570e-04
1410.000 5.7714533900e-02 1.1539543870e-03
1411.000 6.8649050200e-02 1.5932917590e-03
1412.000 6.6322866300e-02 1.5399096010e-03
1413.000 7.3147840000e-02 1.8475779290e-03
1414.000 7.2118835700e-02 1.7760765550e-03
1415.000 7.9726268600e-02 2.1703417300e-03
1416.000 8.5660122900e-02 2.4629068370e-03
1417.000 8.7865586500e-02 2.6009933950e-03
1418.000 8.8648615500e-02 2.6312747000e-03
1419.000 8.8464015500e-02 2.6767208580e-03
1420.000 9.0565054600e-02 2.7855556010e-03
1421.000 1.0185859030e-01 3.4271993640e-03
1422.000 1.0428172990e-01 3.6277294160e-03
1423.000 1.0544470010e-01 3.7420787810e-03
1424.000 1.0508638620e-01 3.7103536130e-03
1425.000 1.0389339610e-01 3.6000459190e-03
1426.000 1.0016772690e-01 3.4774513240e-03
1427.000 1.0609773120e-01 3.8126478200e-03
1428.000 1.1205983350e-01 4.1250610350e-03
1429.000 1.1366134410e-01 4.3145670890e-03
1430.000 1.1089742800e-01 4.2129783630e-03
1431.000 1.0331445280e-01 3.7560212610e-03
1432.000 1.0101998740e-01 3.5705492500e-03
1433.000 1.0073529950e-01 3.5508003230e-03
1434.000 9.6083580800e-02 3.3099348550e-03
1435.000 1.0315431230e-01 3.7159121040e-03
1436.000 1.0572309260e-01 3.8788604740e-03
1437.000 1.0740830300e-01 3.9780449870e-03
1438.000 1.1387113100e-01 4.4082393650e-03
1439.000 1.1597263380e-01 4.5074062350e-03
1440.000 1.1119962280e-01 4.3802342410e-03
1441.000 1.1810634310e-01 4.6866054530e-03
1442.000 1.1329108100e-01 4.4332194330e-03
1443.000 1.1532730200e-01 4.5235424040e-03
1444.000 1.1792733230e-01 4.6827707290e-03
1445.000 1.1816346880e-01 4.7097830770e-03
1446.000 1.2368011710e-01 5.0539507870e-03
1447.000 1.2706044400e-01 5.3083662990e-03
1448.000 1.2850855100e-01 5.3919458390e-03
1449.000 1.2598540100e-01 5.2141256330e-03
1450.000 1.2047266440e-01 4.8764548300e-03
1451.000 1.2182150820e-01 4.9929261210e-03
1452.000 1.2715339500e-01 5.4424772260e-03
1453.000 1.4168737100e-01 6.4422001840e-03
1454.000 1.5417827500e-01 7.4370489120e-03
1455.000 1.6015241500e-01 8.0044851300e-03
1456.000 1.6725700000e-01 8.6540069580e-03
1457.000 1.6994695700e-01 8.8401222230e-03
1458.000 1.7327133200e-01 9.0798139570e-03
1459.000 1.6840281700e-01 8.6278972630e-03
1460.000 1.6072587600e-01 8.0747041700e-03
1461.000 1.5764262300e-01 7.8417081830e-03
1462.000 1.4915387200e-01 7.1979045870e-03
1463.000 1.4816493200e-01 7.1646027570e-03
1464.000 1.4625089100e-01 7.0153198240e-03
1465.000 1.4300598900e-01 6.7062835690e-03
1466.000 1.3327776400e-01 6.0706186290e-03
1467.000 1.3231094000e-01 5.9006881710e-03
1468.000 1.2416909750e-01 5.4059281350e-03
1469.000 1.1778834910e-01 4.9150166510e-03
1470.000 1.1437716470e-01 4.7039155960e-03
1471.000 1.2137750340e-01 5.2814807890e-03
1472.000 1.3365738300e-01 6.2023191450e-03
1473.000 1.5020521600e-01 7.5237588880e-03
1474.000 1.5744201300e-01 8.3349094390e-03
1475.000 1.6024147400e-01 8.5084095000e-03
1476.000 1.6050208200e-01 8.5476398470e-03
1477.000 1.5706156600e-01 8.2615690230e-03
1478.000 1.5091915100e-01 7.8441443440e-03
1479.000 1.4792563400e-01 7.5453610420e-03
1480.000 1.5100706200e-01 7.8421559330e-03
1481.000 1.5383065900e-01 8.2001237870e-03
1482.000 1.6078049600e-01 8.8234014510e-03
1483.000 1.5900148100e-01 8.8115797040e-03
1484.000 1.6003271800e-01 8.9106645580e-03
1485.000 1.6233305800e-01 9.0343780520e-03
1486.000 1.6370648100e-01 9.3469867710e-03
1487.000 1.7372859900e-01 1.0402212140e-02
1488.000 1.5224840100e-01 9.1827201840e-03
1489.000 1.8683760100e-01 1.1977368350e-02
1490.000 1.9767295900e-01 1.3337241170e-02
1491.000 2.0473639000e-01 1.4201726910e-02
1492.000 2.0102408600e-01 1.4051298140e-02
1493.000 2.0845494100e-01 1.4829392430e-02
1494.000 2.0815093900e-01 1.4885676380e-02
1495.000 2.0987504800e-01 1.5271674160e-02
1496.000 2.0951251700e-01 1.5620790480e-02
1497.000 2.1462143500e-01 1.6076635360e-02
1498.000 2.2170168800e-01 1.6955730440e-02
1499.000 2.2269092300e-01 1.7366794590e-02
1500.000 2.2955851700e-01 1.8173694610e-02
1501.000 2.2825240100e-01 1.8043912890e-02
1502.000 2.2457129000e-01 1.7685529710e-02
1503.000 2.0061395800e-01 1.5769880290e-02
1504.000 2.0994805800e-01 1.6612701420e-02
1505.000 2.1257073600e-01 1.7075624470e-02
1506.000 2.1550203500e-01 1.7373565670e-02
1507.000 2.2831934100e-01 1.8658472060e-02
1508.000 2.2631132300e-01 1.8651968000e-02
1509.000 2.2883531900e-01 1.9031595230e-02
1510.000 2.3293592400e-01 1.9468103410e-02
1511.000 2.3508287600e-01 1.9780366900e-02
1512.000 2.3139721200e-01 1.9567632680e-02
1513.000 2.3130705200e-01 1.9636989590e-02
1514.000 2.2814025600e-01 1.9414360050e-02
1515.000 2.3344556300e-01 1.9963190080e-02
1516.000 2.3153938200e-01 1.9844846730e-02
1517.000 2.3091838200e-01 1.9868375780e-02
1518.000 2.3663989000e-01 2.0497833250e-02
1519.000 2.3485793700e-01 2.0496976850e-02
1520.000 2.3845759100e-01 2.1021781920e-02
1521.000 2.3506854900e-01 2.0864107130e-02
1522.000 2.3370875600e-01 2.0791517260e-02
1523.000 2.3973448900e-01 2.1408767700e-02
1524.000 2.3765069800e-01 2.1241781230e-02
1525.000 2.3191509900e-01 2.0739625930e-02
1526.000 2.3854993300e-01 2.1362159730e-02
1527.000 2.3643736400e-01 2.1236366270e-02
1528.000 2.3853812500e-01 2.1506530760e-02
1529.000 2.3779174700e-01 2.1457220080e-02
1530.000 2.2293897800e-01 2.0186559680e-02
1531.000 2.3858125600e-01 2.1660171510e-02
1532.000 2.3744432400e-01 2.1619121550e-02
1533.000 2.3648288000e-01 2.1572135930e-02
1534.000 2.3300509900e-01 2.1290151600e-02
1535.000 2.3399241700e-01 2.1416963580e-02
1536.000 2.3712472000e-01 2.1749988560e-02
1537.000 2.3806150700e-01 2.1907962800e-02
1538.000 2.3173527900e-01 2.1400833130e-02
1539.000 2.3675013200e-01 2.1935979840e-02
1540.000 2.2820195600e-01 2.1199266430e-02
1541.000 2.3301436100e-01 2.1679084780e-02
1542.000 2.3440119800e-01 2.1831054690e-02
1543.000 2.3376339500e-01 2.1805780410e-02
1544.000 2.3676622800e-01 2.2128202440e-02
1545.000 2.3767487600e-01 2.2270917890e-02
1546.000 2.3789352200e-01 2.2352117540e-02
1547.000 2.3558330900e-01 2.2189786910e-02
1548.000 2.2862521200e-01 2.1581079480e-02
1549.000 2.3448486200e-01 2.2167810440e-02
1550.000 2.3316717900e-01 2.2071977620e-02
1551.000 2.3193949000e-01 2.1970771790e-02
1552.000 2.3589292200e-01 2.2357660290e-02
1553.000 2.3465976700e-01 2.2261734010e-02
1554.000 2.2606174500e-01 2.1456865310e-02
1555.000 2.2983413100e-01 2.1840736390e-02
1556.000 2.2544621300e-01 2.1461584090e-02
1557.000 2.3282793500e-01 2.2215459820e-02
1558.000 2.3098471300e-01 2.2076999660e-02
1559.000 2.3100271600e-01 2.2112895970e-02
1560.000 2.2701350200e-01 2.1774093630e-02
1561.000 2.3231149300e-01 2.2299274440e-02
1562.000 2.3220327600e-01 2.2282606120e-02
1563.000 2.2873245400e-01 2.1952924730e-02
1564.000 2.2407428400e-01 2.1499719620e-02
1565.000 2.2732714800e-01 2.1798686980e-02
1566.000 2.2301982500e-01 2.1406196590e-02
1567.000 2.2266224400e-01 2.1368083950e-02
1568.000 2.1750725100e-01 2.0853487010e-02
1569.000 2.1768887700e-01 2.0844493870e-02
1570.000 2.1163331600e-01 2.0254219060e-02
1571.000 2.1730393800e-01 2.0823160170e-02
1572.000 2.1713780300e-01 2.0819395070e-02
1573.000 2.1383969200e-01 2.0540586470e-02
1574.000 2.1468266100e-01 2.0670036320e-02
1575.000 1.9946005900e-01 1.9239328380e-02
1576.000 2.1428595800e-01 2.0683956150e-02
1577.000 1.9356695800e-01 1.8685588840e-02
1578.000 2.1191469500e-01 2.0458452220e-02
1579.000 2.1323749300e-01 2.0596281050e-02
1580.000 2.1778649000e-01 2.1059764860e-02
1581.000 2.1634223600e-01 2.0923313140e-02
1582.000 2.1219238400e-01 2.0573772430e-02
1583.000 2.1499725300e-01 2.0894954680e-02
1584.000 2.1326523700e-01 2.0777500150e-02
1585.000 2.1971190700e-01 2.1448537830e-02
1586.000 2.1695247500e-01 2.1202514650e-02
1587.000 2.1469144900e-01 2.1023366930e-02
1588.000 2.1154173200e-01 2.0753633500e-02
1589.000 1.9353864500e-01 1.9005252840e-02
1590.000 2.0850812100e-01 2.0490602490e-02
1591.000 2.0383716500e-01 2.0048694610e-02
1592.000 2.1451111500e-01 2.1102058410e-02
1593.000 2.1912622300e-01 2.1553455350e-02
1594.000 2.1725131600e-01 2.1367980960e-02
1595.000 2.1822426600e-01 2.1465444560e-02
1596.000 2.0441793800e-01 2.0125591280e-02
1597.000 2.1200787100e-01 2.0866964340e-02
1598.000 2.1492250000e-01 2.1138547900e-02
1599.000 2.0648611100e-01 2.0286046980e-02
1600.000 2.0893830700e-01 2.0511747360e-02
1601.000 2.0014243900e-01 1.9665880200e-02
1602.000 2.0500907600e-01 2.0170759200e-02
1603.000 2.0378135800e-01 2.0098890300e-02
1604.000 2.0682552500e-01 2.0454702380e-02
1605.000 2.0376732200e-01 2.0181255340e-02
1606.000 2.0312868300e-01 2.0152704240e-02
1607.000 2.0381605200e-01 2.0207572940e-02
1608.000 2.0601004600e-01 2.0412588120e-02
1609.000 2.0521789100e-01 2.0332204820e-02
1610.000 1.9255906700e-01 1.9079658510e-02
1611.000 1.9870509700e-01 1.9714548110e-02
1612.000 2.0117292500e-01 1.9987688060e-02
1613.000 2.0619183600e-01 2.0513448720e-02
1614.000 2.0416753000e-01 2.0308343890e-02
1615.000 2.0793829300e-01 2.0703998570e-02
1616.000 1.9522097500e-01 1.9450500490e-02
1617.000 2.0132428600e-01 2.0108087540e-02
1618.000 2.0759674100e-01 2.0757156370e-02
1619.000 2.0731555200e-01 2.0779640200e-02
1620.000 2.0242532500e-01 2.0337656020e-02
1621.000 1.9969886100e-01 2.0102273940e-02
1622.000 2.0472469700e-01 2.0618993760e-02
1623.000 2.0900497200e-01 2.1071624760e-02
1624.000 2.1053289700e-01 2.1241432190e-02
1625.000 2.0551871500e-01 2.0775983810e-02
1626.000 2.0781928900e-01 2.0994478230e-02
1627.000 2.0758073000e-01 2.0990772250e-02
1628.000 2.0915795400e-01 2.1156852720e-02
1629.000 2.0902151600e-01 2.1146856310e-02
1630.000 2.0315930000e-01 2.0546772000e-02
1631.000 2.0633631500e-01 2.0879362110e-02
1632.000 2.0616376300e-01 2.0824239730e-02
1633.000 2.0344348400e-01 2.0534833910e-02
1634.000 1.9848276300e-01 2.0011528020e-02
1635.000 2.0380320400e-01 2.0536275860e-02
1636.000 2.0303759400e-01 2.0440029140e-02
1637.000 1.9372772000e-01 1.9484325410e-02
1638.000 1.9231218900e-01 1.9332981110e-02
1639.000 1.9002979300e-01 1.9074293140e-02
1640.000 1.9097579700e-01 1.9154232030e-02
1641.000 1.8961230200e-01 1.9004638670e-02
1642.000 1.8937466000e-01 1.9020067210e-02
1643.000 1.9417368500e-01 1.9533002850e-02
1644.000 1.9110223300e-01 1.9250648500e-02
1645.000 1.9140102000e-01 1.9301761630e-02
1646.000 1.9370077200e-01 1.9567977910e-02
1647.000 1.9550136700e-01 1.9755739210e-02
1648.000 1.9461783200e-01 1.9660388950e-02
1649.000 1.9014628000e-01 1.9211519240e-02
1650.000 1.9496427700e-01 1.9706018450e-02
1651.000 1.9061154700e-01 1.9266996380e-02
1652.000 1.9440127100e-01 1.9641998290e-02
1653.000 1.9239999600e-01 1.9451602940e-02
1654.000 1.9455805800e-01 1.9675573350e-02
1655.000 1.9087312900e-01 1.9319400790e-02
1656.000 1.9469551400e-01 1.9718189240e-02
1657.000 1.9328184300e-01 1.9579879760e-02
1658.000 1.9450082300e-01 1.9719842910e-02
1659.000 1.9096316200e-01 1.9366132740e-02
1660.000 1.9317011800e-01 1.9583576200e-02
1661.000 1.9392449800e-01 1.9653469090e-02
1662.000 1.9246663500e-01 1.9475522990e-02
1663.000 1.9119233600e-01 1.9330022810e-02
1664.000 1.9030076700e-01 1.9221887590e-02
1665.000 1.8835993000e-01 1.9002607350e-02
1666.000 1.8759047800e-01 1.8935796740e-02
1667.000 1.8950629300e-01 1.9177206040e-02
1668.000 1.8629559200e-01 1.8872053150e-02
1669.000 1.8682069100e-01 1.8953916550e-02
1670.000 1.9102100700e-01 1.9411148070e-02
1671.000 1.8962393800e-01 1.9289634700e-02
1672.000 1.8064251500e-01 1.8402420040e-02
1673.000 1.8580272600e-01 1.8938205720e-02
1674.000 1.8655237800e-01 1.9031023030e-02
1675.000 1.8482066600e-01 1.8881292340e-02
1676.000 1.8183219000e-01 1.8581943510e-02
1677.000 1.8276218800e-01 1.8681041720e-02
1678.000 1.8377512500e-01 1.8797164920e-02
1679.000 1.8133382000e-01 1.8546360020e-02
1680.000 1.7511836500e-01 1.7922267910e-02
1681.000 1.6904878000e-01 1.7307046890e-02
1682.000 1.7393113300e-01 1.7806221010e-02
1683.000 1.7822104100e-01 1.8238981250e-02
1684.000 1.8151476400e-01 1.8570596690e-02
1685.000 1.8203427700e-01 1.8600543980e-02
1686.000 1.7983831100e-01 1.8370544430e-02
1687.000 1.8053366500e-01 1.8398546220e-02
1688.000 1.8062662000e-01 1.8372076030e-02
1689.000 1.7844770500e-01 1.8142450330e-02
1690.000 1.7830251800e-01 1.8087093350e-02
1691.000 1.8060928800e-01 1.8321311950e-02
1692.000 1.8093478500e-01 1.8360900880e-02
1693.000 1.8029555600e-01 1.8308341980e-02
1694.000 1.8002631000e-01 1.8287687300e-02
1695.000 1.8007226300e-01 1.8279092790e-02
1696.000 1.7901852600e-01 1.8154914860e-02
1697.000 1.7789240900e-01 1.8008796690e-02
1698.000 1.7894750100e-01 1.8089778900e-02
1699.000 1.7779174700e-01 1.7953832630e-02
1700.000 1.7554072200e-01 1.7708925250e-02
