  lambda           Irr_dw           Rad_up
 550.000 1.5290041000e+00 1.1534105680e-01
 551.000 1.5189222000e+00 1.1450941470e-01
 552.000 1.5837932000e+00 1.1941438290e-01
 553.000 1.5212338000e+00 1.1460659790e-01
 554.000 1.5704307000e+00 1.1830934140e-01
 555.000 1.5743532000e+00 1.1848813630e-01
 556.000 1.5305029000e+00 1.1507736970e-01
 557.000 1.4846893000e+00 1.1163489530e-01
 558.000 1.5406757000e+00 1.1573543550e-01
 559.000 1.4559087000e+00 1.0930971530e-01
 560.000 1.4619665000e+00 1.0976155090e-01
 561.000 1.6064017000e+00 1.2050004580e-01
 562.000 1.4742537000e+00 1.1057047270e-01
 563.000 1.5420820000e+00 1.1556292720e-01
 564.000 1.5200755000e+00 1.1377184300e-01
 565.000 1.5378940000e+00 1.1509912870e-01
 566.000 1.4176549000e+00 1.0601653290e-01
 567.000 1.5203944000e+00 1.1349519350e-01
 568.000 1.5160968000e+00 1.1264608000e-01
 569.000 1.4849617000e+00 1.0918620300e-01
 570.000 1.4926096000e+00 1.0987227630e-01
 571.000 1.4399844000e+00 1.0671458440e-01
 572.000 1.5213489000e+00 1.1199464420e-01
 573.000 1.5374052000e+00 1.1336045070e-01
 574.000 1.5288421000e+00 1.1272263340e-01
 575.000 1.4912800000e+00 1.0983566280e-01
 576.000 1.4640756000e+00 1.0776444240e-01
 577.000 1.5248179000e+00 1.1234786220e-01
 578.000 1.4803759000e+00 1.0937310790e-01
 579.000 1.4690364000e+00 1.0860231020e-01
 580.000 1.5195995000e+00 1.1251329800e-01
 581.000 1.4921291000e+00 1.1064050290e-01
 582.000 1.5143924000e+00 1.1224052430e-01
 583.000 1.5248155000e+00 1.1306066890e-01
 584.000 1.5198384000e+00 1.1257186130e-01
 585.000 1.5096990000e+00 1.1172291560e-01
 586.000 1.4447027000e+00 1.0689475250e-01
 587.000 1.5010136000e+00 1.1054363250e-01
 588.000 1.4851752000e+00 1.0788786320e-01
 589.000 1.3163327000e+00 9.3770133970e-02
 590.000 1.3743563000e+00 9.7796974180e-02
 591.000 1.4603597000e+00 1.0518180850e-01
 592.000 1.4322963000e+00 1.0236373140e-01
 593.000 1.4473674000e+00 1.0488935850e-01
 594.000 1.4605303000e+00 1.0549276730e-01
 595.000 1.4325356000e+00 1.0237914280e-01
 596.000 1.4680157000e+00 1.0644873050e-01
 597.000 1.4723962000e+00 1.0632878110e-01
 598.000 1.4422413000e+00 1.0480204770e-01
 599.000 1.4426084000e+00 1.0508752440e-01
 600.000 1.4429258000e+00 1.0571723180e-01
 601.000 1.4348066000e+00 1.0558473210e-01
 602.000 1.4191164000e+00 1.0452904510e-01
 603.000 1.4276788000e+00 1.0533661650e-01
 604.000 1.4729014000e+00 1.0885669710e-01
 605.000 1.4691228000e+00 1.0852925870e-01
 606.000 1.4520884000e+00 1.0734549710e-01
 607.000 1.4439078000e+00 1.0671114350e-01
 608.000 1.4385917000e+00 1.0626207730e-01
 609.000 1.4238124000e+00 1.0518502810e-01
 610.000 1.4009909000e+00 1.0344795230e-01
 611.000 1.4237197000e+00 1.0512606050e-01
 612.000 1.4051654000e+00 1.0376316070e-01
 613.000 1.3846159000e+00 1.0220166020e-01
 614.000 1.3341349000e+00 9.8495590210e-02
 615.000 1.3985549000e+00 1.0317666630e-01
 616.000 1.3297410000e+00 9.8127532960e-02
 617.000 1.3372371000e+00 9.8679679870e-02
 618.000 1.4003110000e+00 1.0323830410e-01
 619.000 1.3874743000e+00 1.0234053040e-01
 620.000 1.4079537000e+00 1.0375191500e-01
 621.000 1.4321519000e+00 1.0553389740e-01
 622.000 1.3566005000e+00 9.9919113160e-02
 623.000 1.3671542000e+00 1.0056898500e-01
 624.000 1.3686110000e+00 1.0073495480e-01
 625.000 1.3315310000e+00 9.8003417970e-02
 626.000 1.3382657000e+00 9.8325492860e-02
 627.000 1.3606452000e+00 9.9440162660e-02
 628.000 1.3423869000e+00 9.7119926450e-02
 629.000 1.3761076000e+00 9.9873893740e-02
 630.000 1.3304542000e+00 9.7048721310e-02
 631.000 1.3792768000e+00 1.0070594020e-01
 632.000 1.2847367100e+00 9.3427062990e-02
 633.000 1.3790790000e+00 1.0075611880e-01
 634.000 1.3376675000e+00 9.7902778630e-02
 635.000 1.3621288000e+00 9.9701835630e-02
 636.000 1.3141426000e+00 9.6283241270e-02
 637.000 1.3575103000e+00 9.9529586790e-02
 638.000 1.3786383000e+00 1.0128966520e-01
 639.000 1.3672490000e+00 1.0034947970e-01
 640.000 1.3243581000e+00 9.7436004640e-02
 641.000 1.3434869000e+00 9.8817802430e-02
 642.000 1.3273655000e+00 9.7697433470e-02
 643.000 1.3505916000e+00 9.9224090580e-02
 644.000 1.3351077800e+00 9.8008361820e-02
 645.000 1.3467631000e+00 9.8657234190e-02
 646.000 1.2954139300e+00 9.3797264100e-02
 647.000 1.3129677500e+00 9.4320259090e-02
 648.000 1.3106165800e+00 9.3494682310e-02
 649.000 1.3366463500e+00 9.5870788570e-02
 650.000 1.2386820700e+00 9.0033859250e-02
 651.000 1.3343053600e+00 9.6980354310e-02
 652.000 1.3085422800e+00 9.4016983030e-02
 653.000 1.3349884400e+00 9.7186973570e-02
 654.000 1.3175125200e+00 9.5674552920e-02
 655.000 1.2827678000e+00 9.2685272220e-02
 656.000 1.0890747700e+00 7.8802909850e-02
 657.000 1.1623857000e+00 8.4336166380e-02
 658.000 1.2947769600e+00 9.4442291260e-02
 659.000 1.2979141000e+00 9.4896446230e-02
 660.000 1.3081101300e+00 9.5771247860e-02
 661.000 1.3138904300e+00 9.6575447080e-02
 662.000 1.3328156800e+00 9.8119239810e-02
 663.000 1.3180129100e+00 9.6952003480e-02
 664.000 1.2970853700e+00 9.5458427430e-02
 665.000 1.3027404200e+00 9.5900833130e-02
 666.000 1.3184479600e+00 9.7188110350e-02
 667.000 1.2922899400e+00 9.5229011540e-02
 668.000 1.2996469300e+00 9.5898155210e-02
 669.000 1.3182005500e+00 9.7330665590e-02
 670.000 1.3027494500e+00 9.6101486210e-02
 671.000 1.2886722900e+00 9.5107528690e-02
 672.000 1.2846016200e+00 9.4802604680e-02
 673.000 1.2937840600e+00 9.5463676450e-02
 674.000 1.2962970000e+00 9.5668441770e-02
 675.000 1.2765223700e+00 9.4178153990e-02
 676.000 1.3006283900e+00 9.5975776670e-02
 677.000 1.2747619400e+00 9.4090553280e-02
 678.000 1.2958698400e+00 9.5630004880e-02
 679.000 1.2775781500e+00 9.4230995180e-02
 680.000 1.2677764500e+00 9.3483482360e-02
 681.000 1.2691399600e+00 9.3520668030e-02
 682.000 1.2665123000e+00 9.3253898620e-02
 683.000 1.2748261900e+00 9.3787010190e-02
 684.000 1.2518104800e+00 9.2050872800e-02
 685.000 1.2659437300e+00 9.3095581050e-02
 686.000 1.2102613000e+00 8.8720169070e-02
 687.000 1.1195768200e+00 7.8965690610e-02
 688.000 1.1492631700e+00 8.2029914860e-02
 689.000 1.1438474600e+00 8.1402908330e-02
 690.000 1.1643135600e+00 8.3383750920e-02
 691.000 1.1878616900e+00 8.5594024660e-02
 692.000 1.1908855800e+00 8.5852035520e-02
 693.000 1.1899426500e+00 8.4366447450e-02
 694.000 1.1920814500e+00 8.3366287230e-02
 695.000 1.1792164100e+00 8.3021575930e-02
 696.000 1.1975707700e+00 8.4683700560e-02
 697.000 1.2202564600e+00 8.8415321350e-02
 698.000 1.1932768700e+00 8.5950546260e-02
 699.000 1.1967748600e+00 8.4400695800e-02
 700.000 1.1857092900e+00 8.3882072450e-02
 701.000 1.1550651600e+00 8.1296333310e-02
 702.000 1.1522291000e+00 8.1377548220e-02
 703.000 1.1835226100e+00 8.5033638000e-02
 704.000 1.1874763700e+00 8.5404838560e-02
 705.000 1.1902150200e+00 8.4970985410e-02
 706.000 1.1787190900e+00 8.4277946470e-02
 707.000 1.1630932500e+00 8.3392837520e-02
 708.000 1.1992315000e+00 8.6237449650e-02
 709.000 1.1613385600e+00 8.3993728640e-02
 710.000 1.1826640000e+00 8.4955162050e-02
 711.000 1.1760447300e+00 8.5010002140e-02
 712.000 1.1640531700e+00 8.4640174870e-02
 713.000 1.1554184300e+00 8.3612518310e-02
 714.000 1.1737182300e+00 8.4749664310e-02
 715.000 1.1267222200e+00 8.0724182130e-02
 716.000 1.1499993700e+00 8.1725883480e-02
 717.000 1.0780932600e+00 7.3227203370e-02
 718.000 1.0457865400e+00 6.9006736760e-02
 719.000 1.0241494700e+00 6.6799598690e-02
 720.000 1.0173627100e+00 6.5388381960e-02
 721.000 1.0780776200e+00 7.4103698730e-02
 722.000 1.1154087300e+00 7.8376426700e-02
 723.000 1.1002641600e+00 7.6306465150e-02
 724.000 1.0704999800e+00 7.1524971010e-02
 725.000 1.0640246300e+00 7.1490798950e-02
 726.000 1.0602474200e+00 7.1132179260e-02
 727.000 1.0809535200e+00 7.2882484440e-02
 728.000 1.0567082900e+00 7.0886993410e-02
 729.000 1.0277197500e+00 6.9926666260e-02
 730.000 1.0631495300e+00 7.2186447140e-02
 731.000 1.0426407200e+00 7.0660247800e-02
 732.000 1.0849650400e+00 7.5257278440e-02
 733.000 1.0895190700e+00 7.7370658870e-02
 734.000 1.1223474400e+00 8.0576835630e-02
 735.000 1.1095491600e+00 7.9323875430e-02
 736.000 1.0822023200e+00 7.6831901550e-02
 737.000 1.1013308500e+00 7.8589546200e-02
 738.000 1.1050154700e+00 7.9463012700e-02
 739.000 1.0720145300e+00 7.7381919860e-02
 740.000 1.0883387200e+00 7.9156440730e-02
 741.000 1.0831942000e+00 7.9207199100e-02
 742.000 1.0667828000e+00 7.8182197570e-02
 743.000 1.1013561900e+00 8.1092605590e-02
 744.000 1.1131727300e+00 8.2157852170e-02
 745.000 1.0852873300e+00 8.0259201050e-02
 746.000 1.1012035300e+00 8.1516448970e-02
 747.000 1.1178077000e+00 8.2740493770e-02
 748.000 1.0984772200e+00 8.1358894350e-02
 749.000 1.0989775200e+00 8.1439674380e-02
 750.000 1.0825148100e+00 8.0156997680e-02
 751.000 1.0797483700e+00 7.9962844850e-02
 752.000 1.0967726300e+00 8.1303153990e-02
 753.000 1.0865731800e+00 8.0576812740e-02
 754.000 1.1036999700e+00 8.1868362430e-02
 755.000 1.0973910900e+00 8.1412551880e-02
 756.000 1.0759362300e+00 7.9832702640e-02
 757.000 1.0838759400e+00 8.0432540890e-02
 758.000 1.0816302300e+00 8.0231987000e-02
 759.000 9.9990372000e-01 7.2619689940e-02
 760.000 5.1127006000e-01 3.0405849460e-02
 761.000 4.6189599000e-01 2.6712985990e-02
 762.000 7.3711119000e-01 4.8937217710e-02
 763.000 6.6895364000e-01 4.2764503480e-02
 764.000 7.1499392000e-01 4.6572628020e-02
 765.000 8.1631102000e-01 5.5522384640e-02
 766.000 8.8268026000e-01 6.2663948060e-02
 767.000 9.4598254000e-01 6.8385231020e-02
 768.000 1.0165017800e+00 7.4390708920e-02
 769.000 1.0339085200e+00 7.6305206300e-02
 770.000 1.0388524900e+00 7.6983520510e-02
 771.000 1.0443700200e+00 7.7579734800e-02
 772.000 1.0414519600e+00 7.7416732790e-02
 773.000 1.0375520100e+00 7.7157325740e-02
 774.000 1.0489863500e+00 7.8037124630e-02
 775.000 1.0097351400e+00 7.5141799930e-02
 776.000 1.0514285200e+00 7.8298873900e-02
 777.000 1.0441441800e+00 7.7758224490e-02
 778.000 1.0385300900e+00 7.7321769710e-02
 779.000 1.0418941100e+00 7.7547080990e-02
 780.000 1.0289867900e+00 7.6615600590e-02
 781.000 1.0274020100e+00 7.6518226620e-02
 782.000 1.0397688700e+00 7.7392158510e-02
 783.000 1.0154611500e+00 7.5655754090e-02
 784.000 1.0210124400e+00 7.6034118650e-02
 785.000 1.0228826100e+00 7.5986907960e-02
 786.000 1.0039886800e+00 7.4404716490e-02
 787.000 1.0158975600e+00 7.4768463130e-02
 788.000 9.9911822000e-01 7.3326240540e-02
 789.000 9.9929175000e-01 7.2541137700e-02
 790.000 9.8870076000e-01 7.1683898930e-02
 791.000 9.8468116000e-01 7.1564292910e-02
 792.000 9.7004183000e-01 7.0607833860e-02
 793.000 9.7131928000e-01 7.1022193910e-02
 794.000 9.6609484000e-01 7.1360015870e-02
 795.000 9.5795150000e-01 7.0266891480e-02
 796.000 9.6637023000e-01 6.9911254880e-02
 797.000 9.7471632000e-01 7.0843078610e-02
 798.000 9.8023828000e-01 7.1925689700e-02
 799.000 9.7829843000e-01 7.1602424620e-02
 800.000 9.4918785000e-01 6.8992782590e-02
 801.000 9.6734270000e-01 7.0380691530e-02
 802.000 9.6502241000e-01 7.0145767210e-02
 803.000 9.5179188000e-01 6.9279609680e-02
 804.000 9.6208391000e-01 7.0308799740e-02
 805.000 9.3893628000e-01 6.9085113530e-02
 806.000 9.6630699000e-01 7.1351654050e-02
 807.000 9.6041716000e-01 7.0967575070e-02
 808.000 9.5364007000e-01 7.0291381840e-02
 809.000 9.3607205000e-01 6.8806152340e-02
 810.000 9.3031219000e-01 6.8168312070e-02
 811.000 9.4191615000e-01 6.8636566160e-02
 812.000 9.3420643000e-01 6.7569503780e-02
 813.000 9.2446360000e-01 6.6214118960e-02
 814.000 9.1548014000e-01 6.4856971740e-02
 815.000 8.9586259000e-01 6.2592071530e-02
 816.000 8.7499141000e-01 6.0074253080e-02
 817.000 8.8102005000e-01 6.0539031980e-02
 818.000 8.7672287000e-01 6.0281257630e-02
 819.000 8.5724256000e-01 5.9350154880e-02
 820.000 8.5470411000e-01 6.0347824100e-02
 821.000 8.9960625000e-01 6.4929985050e-02
 822.000 8.6198002000e-01 6.1108802800e-02
 823.000 8.3821646000e-01 5.6763481140e-02
 824.000 8.8121338000e-01 6.2056961060e-02
 825.000 8.9877929000e-01 6.5070343020e-02
 826.000 9.0113718000e-01 6.4916915890e-02
 827.000 8.9581009000e-01 6.4300277710e-02
 828.000 8.8159555000e-01 6.2195495610e-02
 829.000 8.8560611000e-01 6.2842853550e-02
 830.000 8.7640507000e-01 6.2632007600e-02
 831.000 8.6209432000e-01 6.1714603420e-02
 832.000 8.8016168000e-01 6.3049633030e-02
 833.000 8.5542728000e-01 6.1605918880e-02
 834.000 8.7112657000e-01 6.3060531620e-02
 835.000 8.7841126000e-01 6.4129966740e-02
 836.000 8.8683225000e-01 6.4656890870e-02
 837.000 8.7927348000e-01 6.4069770810e-02
 838.000 8.8503472000e-01 6.4825141910e-02
 839.000 8.5886515000e-01 6.3081943510e-02
 840.000 8.8236586000e-01 6.4845687870e-02
 841.000 8.8318351000e-01 6.4697952270e-02
 842.000 8.7893526000e-01 6.4558128360e-02
 843.000 8.7586033000e-01 6.4860679630e-02
 844.000 8.6260045000e-01 6.4103660580e-02
 845.000 8.7625094000e-01 6.5226234440e-02
 846.000 8.8461921000e-01 6.6008140560e-02
 847.000 8.5471121000e-01 6.3944683070e-02
 848.000 8.7889244000e-01 6.5538620000e-02
 849.000 8.8061933000e-01 6.5762527470e-02
 850.000 7.6096908000e-01 5.6696434020e-02
 851.000 8.7126221000e-01 6.4775711060e-02
 852.000 8.3826295000e-01 6.2385074620e-02
 853.000 8.4873217000e-01 6.3293891910e-02
 854.000 6.8230079000e-01 5.0908283230e-02
 855.000 7.5138797000e-01 5.6185039520e-02
 856.000 8.5323104000e-01 6.3934719090e-02
 857.000 8.6707769000e-01 6.5126556400e-02
 858.000 8.5328657000e-01 6.4120971680e-02
 859.000 8.5336000000e-01 6.4218864440e-02
 860.000 8.4582509000e-01 6.3742393490e-02
 861.000 8.4571961000e-01 6.3737117770e-02
 862.000 8.4295625000e-01 6.3511981960e-02
 863.000 8.5907127000e-01 6.4809516910e-02
 864.000 8.5735611000e-01 6.4602134700e-02
 865.000 8.4139093000e-01 6.3509082790e-02
 866.000 7.0575401000e-01 5.3313594820e-02
 867.000 7.5154463000e-01 5.6642047880e-02
 868.000 8.1508505000e-01 6.1504570010e-02
 869.000 8.0364722000e-01 6.0649112700e-02
 870.000 8.3679178000e-01 6.3239654540e-02
 871.000 8.3561045000e-01 6.3118083950e-02
 872.000 8.3224500000e-01 6.2728591920e-02
 873.000 8.3557784000e-01 6.3074287410e-02
 874.000 8.1725422000e-01 6.1644866940e-02
 875.000 8.0973964000e-01 6.1188858030e-02
 876.000 8.1645408000e-01 6.1643360140e-02
 877.000 8.3271796000e-01 6.2780178070e-02
 878.000 8.1836850000e-01 6.1732906340e-02
 879.000 8.2026688000e-01 6.1924636840e-02
 880.000 8.1546996000e-01 6.1423984530e-02
 881.000 7.7306688000e-01 5.8261177060e-02
 882.000 8.1573051000e-01 6.1346912380e-02
 883.000 7.9713265000e-01 6.0101039890e-02
 884.000 8.0391060000e-01 6.0777297970e-02
 885.000 8.1210327000e-01 6.1046215060e-02
 886.000 7.8540903000e-01 5.9006465910e-02
 887.000 7.7741208000e-01 5.8464424130e-02
 888.000 8.0067653000e-01 6.0100940700e-02
 889.000 8.0610695000e-01 6.0730972290e-02
 890.000 8.0347414000e-01 6.0440303800e-02
 891.000 7.9870762000e-01 5.9856811520e-02
 892.000 7.9443229000e-01 5.9217060090e-02
 893.000 7.5858548000e-01 5.5496612550e-02
 894.000 7.8072093000e-01 5.6696651460e-02
 895.000 7.3101511000e-01 5.1968288420e-02
 896.000 7.4510294000e-01 5.1774662020e-02
 897.000 7.1262362000e-01 4.8548542020e-02
 898.000 7.0660516000e-01 4.7593441010e-02
 899.000 6.8529146000e-01 4.4803016660e-02
 900.000 6.7112903000e-01 4.3994155880e-02
 901.000 6.5158915000e-01 4.2415954590e-02
 902.000 6.4043537000e-01 4.1770050050e-02
 903.000 7.0567131000e-01 4.8277896880e-02
 904.000 7.3974374000e-01 5.2036689760e-02
 905.000 7.3697284000e-01 5.1992332460e-02
 906.000 7.0475761000e-01 4.8864654540e-02
 907.000 6.9373649000e-01 4.6554378510e-02
 908.000 6.6198196000e-01 4.3432147980e-02
 909.000 6.4953220000e-01 4.2642047880e-02
 910.000 6.5942998000e-01 4.3432655330e-02
 911.000 6.6746050000e-01 4.4714050290e-02
 912.000 6.6412410000e-01 4.4040470120e-02
 913.000 6.5842913000e-01 4.2410266880e-02
 914.000 6.6457886000e-01 4.3426349640e-02
 915.000 6.6176774000e-01 4.3899711610e-02
 916.000 6.7118157000e-01 4.4630794530e-02
 917.000 6.6495555000e-01 4.4500656130e-02
 918.000 6.6709249000e-01 4.5028636930e-02
 919.000 6.9487439000e-01 4.8469074250e-02
 920.000 7.0233270000e-01 4.9827316280e-02
 921.000 6.8387781000e-01 4.8303737640e-02
 922.000 6.7747932000e-01 4.7911975860e-02
 923.000 6.4540677000e-01 4.5156482700e-02
 924.000 6.6350861000e-01 4.5994190220e-02
 925.000 6.7158197000e-01 4.6445041660e-02
 926.000 6.4749093000e-01 4.4632598880e-02
 927.000 6.6080524000e-01 4.4949668880e-02
 928.000 6.4801588000e-01 4.2826480870e-02
 929.000 6.1471780000e-01 3.8991649630e-02
 930.000 5.8185203000e-01 3.4955207820e-02
 931.000 5.4577590000e-01 3.0704042430e-02
 932.000 4.9309858000e-01 2.5246147160e-02
 933.000 4.5742125000e-01 2.1888889310e-02
 934.000 4.1430326000e-01 1.8464128490e-02
 935.000 4.0411156000e-01 1.7852336880e-02
 936.000 4.1674971000e-01 1.8927284240e-02
 937.000 4.2187808000e-01 1.9054370880e-02
 938.000 4.5993460000e-01 2.2506278990e-02
 939.000 5.6949574000e-01 3.3665740970e-02
 940.000 5.8138829000e-01 3.5217689510e-02
 941.000 5.5547018000e-01 3.3011035920e-02
 942.000 5.0396091000e-01 2.8346065520e-02
 943.000 4.7618305000e-01 2.4234767910e-02
 944.000 4.5937483000e-01 2.3203126910e-02
 945.000 4.8356634000e-01 2.5298355100e-02
 946.000 4.9111815000e-01 2.5766618730e-02
 947.000 5.0535999000e-01 2.7419883730e-02
 948.000 5.1846698000e-01 2.8687551500e-02
 949.000 5.1865275000e-01 2.8654144290e-02
 950.000 5.1774754000e-01 2.8756357190e-02
 951.000 5.3678006000e-01 3.1086780550e-02
 952.000 5.1283616000e-01 2.8454523090e-02
 953.000 5.2791071000e-01 3.0252695080e-02
 954.000 5.4007447000e-01 3.1990575790e-02
 955.000 4.9112130000e-01 2.8390193940e-02
 956.000 5.2049688000e-01 2.9966527940e-02
 957.000 5.6350180000e-01 3.5046218870e-02
 958.000 5.7324579000e-01 3.6016193390e-02
 959.000 5.6816551000e-01 3.5338340760e-02
 960.000 5.6063138000e-01 3.4785915370e-02
 961.000 5.5099744000e-01 3.4014648440e-02
 962.000 5.5690318000e-01 3.4589519500e-02
 963.000 5.7880975000e-01 3.7331985470e-02
 964.000 5.7537264000e-01 3.7329566960e-02
 965.000 5.8014474000e-01 3.7536769870e-02
 966.000 5.6452543000e-01 3.6626720430e-02
 967.000 5.9747847000e-01 3.9815219880e-02
 968.000 6.1722787000e-01 4.2918701170e-02
 969.000 6.3277700000e-01 4.4823734280e-02
 970.000 6.3509792000e-01 4.5049655910e-02
 971.000 6.2917456000e-01 4.4625793460e-02
 972.000 6.3034771000e-01 4.4488979340e-02
 973.000 6.1671070000e-01 4.3025463100e-02
 974.000 5.9794897000e-01 4.1125820160e-02
 975.000 5.9489506000e-01 4.0536556240e-02
 976.000 6.0956866000e-01 4.2037910460e-02
 977.000 6.0602655000e-01 4.2596469880e-02
 978.000 6.1997722000e-01 4.3536155700e-02
 979.000 6.0496097000e-01 4.2711444850e-02
 980.000 6.2567266000e-01 4.5041168210e-02
 981.000 6.3264009000e-01 4.5750106810e-02
 982.000 6.2852968000e-01 4.5270999910e-02
 983.000 6.3302474000e-01 4.6064888000e-02
 984.000 6.3513727000e-01 4.6723537450e-02
 985.000 6.3842902000e-01 4.7268386840e-02
 986.000 6.3783803000e-01 4.7628917690e-02
 987.000 6.4714388000e-01 4.8511959080e-02
 988.000 6.3955361000e-01 4.7986881260e-02
 989.000 6.3170113000e-01 4.7426338200e-02
 990.000 6.3755097000e-01 4.7911182400e-02
 991.000 6.4445191000e-01 4.8596534730e-02
 992.000 6.3895358000e-01 4.8232040410e-02
 993.000 6.3908093000e-01 4.8262531280e-02
 994.000 6.4378467000e-01 4.8765621190e-02
 995.000 6.4006539000e-01 4.8595191960e-02
 996.000 6.3992635000e-01 4.8586788180e-02
 997.000 6.3995549000e-01 4.8523441310e-02
 998.000 6.3685130000e-01 4.8220039370e-02
 999.000 6.3499231000e-01 4.8054401400e-02
1000.000 6.3014524000e-01 4.7712387080e-02
1001.000 6.3216753000e-01 4.7717563630e-02
1002.000 6.2885813000e-01 4.7234951020e-02
1003.000 6.2205146000e-01 4.6786037450e-02
1004.000 6.1815466000e-01 4.6634246830e-02
1005.000 5.7808926000e-01 4.3675724030e-02
1006.000 6.0845725000e-01 4.5997871400e-02
1007.000 6.1911053000e-01 4.6763786320e-02
1008.000 6.1988908000e-01 4.6637287140e-02
1009.000 6.1363092000e-01 4.5928573610e-02
1010.000 6.1700835000e-01 4.6297645570e-02
1011.000 6.1628813000e-01 4.6514156340e-02
1012.000 6.1744400000e-01 4.6709777830e-02
1013.000 6.1373750000e-01 4.6516452790e-02
1014.000 6.1796636000e-01 4.6903568270e-02
1015.000 6.0660762000e-01 4.6081180570e-02
1016.000 6.1082079000e-01 4.6472511290e-02
1017.000 6.0491166000e-01 4.6071586610e-02
1018.000 6.1245567000e-01 4.6636440280e-02
1019.000 5.9769659000e-01 4.5449394230e-02
1020.000 5.9669973000e-01 4.5387203220e-02
1021.000 6.0317878000e-01 4.5904857640e-02
1022.000 5.9321672000e-01 4.4989940640e-02
1023.000 6.0383432000e-01 4.5657062530e-02
1024.000 6.0030745000e-01 4.5292625430e-02
1025.000 6.0144354000e-01 4.5506175990e-02
1026.000 6.0271346000e-01 4.5676074980e-02
1027.000 5.9882900000e-01 4.5392082210e-02
1028.000 6.0043090000e-01 4.5584003450e-02
1029.000 5.9181126000e-01 4.5045078280e-02
1030.000 5.9825964000e-01 4.5655235290e-02
1031.000 5.9661995000e-01 4.5616565700e-02
1032.000 5.9470878000e-01 4.5533550260e-02
1033.000 5.8379560000e-01 4.4699966430e-02
1034.000 5.8949868000e-01 4.5149070740e-02
1035.000 5.8179933000e-01 4.4549270630e-02
1036.000 5.9141764000e-01 4.5291297910e-02
1037.000 5.7896412000e-01 4.4336051940e-02
1038.000 5.8468930000e-01 4.4771800990e-02
1039.000 5.8707535000e-01 4.4939193730e-02
1040.000 5.8012469000e-01 4.4394393920e-02
1041.000 5.8314765000e-01 4.4610012050e-02
1042.000 5.8487548000e-01 4.4730682370e-02
1043.000 5.7477778000e-01 4.3950851440e-02
1044.000 5.8049346000e-01 4.4373695370e-02
1045.000 5.7795549000e-01 4.4205028530e-02
1046.000 5.6114303000e-01 4.2956100460e-02
1047.000 5.7143880000e-01 4.3779129030e-02
1048.000 5.7710547000e-01 4.4253959660e-02
1049.000 5.7339881000e-01 4.4014793400e-02
1050.000 5.7099041000e-01 4.3860542300e-02
1051.000 5.6997189000e-01 4.3759712220e-02
1052.000 5.6730742000e-01 4.3530899050e-02
1053.000 5.6586732000e-01 4.3412326810e-02
1054.000 5.6165928000e-01 4.3055805210e-02
1055.000 5.6574906000e-01 4.3337108610e-02
1056.000 5.6422328000e-01 4.3194103240e-02
1057.000 5.6316678000e-01 4.3071849820e-02
1058.000 5.5712332000e-01 4.2527858730e-02
1059.000 5.3961458000e-01 4.1228942870e-02
1060.000 5.5913560000e-01 4.2800983430e-02
1061.000 5.3952156000e-01 4.1320381160e-02
1062.000 5.5439646000e-01 4.2402141570e-02
1063.000 5.4500786000e-01 4.1674907680e-02
1064.000 5.5173770000e-01 4.2117393490e-02
1065.000 5.5090767000e-01 4.1939559940e-02
1066.000 5.3403415000e-01 4.0665512080e-02
1067.000 5.4663772000e-01 4.1571880340e-02
1068.000 5.4390624000e-01 4.1203899380e-02
1069.000 5.0267220000e-01 3.8001331330e-02
1070.000 5.3256160000e-01 4.0298343660e-02
1071.000 5.3304459000e-01 4.0275531770e-02
1072.000 5.3443329000e-01 4.0326915740e-02
1073.000 5.1677258000e-01 3.9001754760e-02
1074.000 5.3494162000e-01 4.0408691410e-02
1075.000 5.1891203000e-01 3.9330600740e-02
1076.000 5.2994330000e-01 4.0103878020e-02
1077.000 5.2825826000e-01 3.9889938350e-02
1078.000 5.2902535000e-01 3.9847610470e-02
1079.000 5.0857344000e-01 3.8301918030e-02
1080.000 5.2200259000e-01 3.9041004180e-02
1081.000 5.0270372000e-01 3.7584888460e-02
1082.000 5.0983435000e-01 3.8211795810e-02
1083.000 4.9522299000e-01 3.6949672700e-02
1084.000 5.1311488000e-01 3.8103927610e-02
1085.000 5.0392178000e-01 3.7048683170e-02
1086.000 5.1110300000e-01 3.7632427220e-02
1087.000 4.8238593000e-01 3.5873760220e-02
1088.000 5.1170808000e-01 3.8113834380e-02
1089.000 4.8893864000e-01 3.6000667570e-02
1090.000 4.9891969000e-01 3.6687702180e-02
1091.000 5.0282103000e-01 3.7099246980e-02
1092.000 4.8948894000e-01 3.5930503850e-02
1093.000 4.7964531000e-01 3.4765720370e-02
1094.000 4.3489024200e-01 3.1320755000e-02
1095.000 4.7101096900e-01 3.3929271700e-02
1096.000 4.7233799000e-01 3.4038864140e-02
1097.000 4.6229035200e-01 3.3180698390e-02
1098.000 4.4501274400e-01 3.0884998320e-02
1099.000 4.3473504500e-01 2.9273887630e-02
1100.000 4.4302134500e-01 2.9893886570e-02
1101.000 4.4367802900e-01 3.0061492920e-02
1102.000 4.2454496400e-01 2.8699880600e-02
1103.000 4.4247149100e-01 2.9989383700e-02
1104.000 4.3728062500e-01 2.9483787540e-02
1105.000 4.3154522000e-01 2.8727645870e-02
1106.000 4.2274043800e-01 2.7795289990e-02
1107.000 4.2357523900e-01 2.7920604710e-02
1108.000 4.2324360200e-01 2.7936100010e-02
1109.000 4.2972731600e-01 2.8631050110e-02
1110.000 4.3148835400e-01 2.8656318660e-02
1111.000 4.2353424900e-01 2.7938264850e-02
1112.000 4.0720917700e-01 2.6129671100e-02
1113.000 3.8855616700e-01 2.3913595200e-02
1114.000 3.8836536200e-01 2.3542163850e-02
1115.000 3.6282767100e-01 2.0720615390e-02
1116.000 3.4470249300e-01 1.8937286380e-02
1117.000 3.1577822000e-01 1.5929124830e-02
1118.000 2.8188271900e-01 1.3079972270e-02
1119.000 2.5806546400e-01 1.1381952290e-02
1120.000 2.3792426500e-01 9.8345603940e-03
1121.000 2.3484667100e-01 9.5519361500e-03
1122.000 2.1110153500e-01 7.9625382420e-03
1123.000 2.2494192700e-01 8.8192453380e-03
1124.000 2.3388839300e-01 9.3947935100e-03
1125.000 2.2473720100e-01 8.9078950880e-03
1126.000 2.1869221600e-01 8.6275587080e-03
1127.000 2.2785630200e-01 9.0593070980e-03
1128.000 2.2707035200e-01 9.1582012180e-03
1129.000 2.4986236000e-01 1.0756989480e-02
1130.000 2.9860266200e-01 1.4584186550e-02
1131.000 3.1551605000e-01 1.5953997610e-02
1132.000 2.9758070600e-01 1.4337154390e-02
1133.000 2.5541106700e-01 1.1261270520e-02
1134.000 1.8682721600e-01 6.6489615440e-03
1135.000 1.9447260300e-01 7.0739865300e-03
1136.000 2.6156233100e-01 1.1736704830e-02
1137.000 2.9977384100e-01 1.4712737080e-02
1138.000 3.2022644800e-01 1.7127740860e-02
1139.000 3.3623135000e-01 1.8537603380e-02
1140.000 3.3122602100e-01 1.7976949690e-02
1141.000 3.0970012700e-01 1.6314846040e-02
1142.000 3.1384274000e-01 1.6342105870e-02
1143.000 2.9496444800e-01 1.4818620680e-02
1144.000 2.7771127100e-01 1.3407291410e-02
1145.000 2.5687605300e-01 1.1667163850e-02
1146.000 2.6487891200e-01 1.2214068410e-02
1147.000 2.8395782600e-01 1.3731955530e-02
1148.000 2.9654978300e-01 1.4939004900e-02
1149.000 3.0346399200e-01 1.5550732610e-02
1150.000 3.0221288300e-01 1.5560657500e-02
1151.000 3.1005571400e-01 1.6389984130e-02
1152.000 3.1368532600e-01 1.6803289410e-02
1153.000 3.1935814800e-01 1.7430400850e-02
1154.000 3.1960881600e-01 1.7398859020e-02
1155.000 3.3240821500e-01 1.8755640030e-02
1156.000 3.4083145900e-01 1.9971540450e-02
1157.000 3.7017086500e-01 2.3246316910e-02
1158.000 3.8051007500e-01 2.4558509830e-02
1159.000 3.8371308800e-01 2.5348793030e-02
1160.000 3.8229450100e-01 2.5512792590e-02
1161.000 3.8280827600e-01 2.6120683670e-02
1162.000 4.0309076800e-01 2.7986639020e-02
1163.000 4.1263511000e-01 2.9220117570e-02
1164.000 4.0607587000e-01 2.8878181460e-02
1165.000 4.1441458300e-01 2.9562105180e-02
1166.000 4.0521926500e-01 2.9050271990e-02
1167.000 4.1275081200e-01 2.9683530810e-02
1168.000 4.1596015300e-01 2.9895521160e-02
1169.000 4.0264125300e-01 2.9029087070e-02
1170.000 4.1447597400e-01 2.9964792250e-02
1171.000 4.1913977400e-01 3.0496829990e-02
1172.000 4.1619938600e-01 3.0183605190e-02
1173.000 4.1170396600e-01 2.9764717100e-02
1174.000 4.1200640100e-01 2.9800739290e-02
1175.000 4.1144948300e-01 3.0049686430e-02
1176.000 4.0533407300e-01 2.9868301390e-02
1177.000 4.1600278300e-01 3.0534160610e-02
1178.000 4.0524457900e-01 2.9501434330e-02
1179.000 4.0343592300e-01 2.9377487180e-02
1180.000 4.0774522600e-01 2.9607379910e-02
1181.000 4.0214351800e-01 2.8977159500e-02
1182.000 3.9914686200e-01 2.8539461140e-02
1183.000 3.7637927300e-01 2.6939205170e-02
1184.000 3.9532611200e-01 2.8425086980e-02
1185.000 4.0545746500e-01 2.9478240970e-02
1186.000 4.0160330700e-01 2.9105438230e-02
1187.000 3.9675149700e-01 2.8437219620e-02
1188.000 3.9356932100e-01 2.8132713320e-02
1189.000 3.7346041000e-01 2.6872690200e-02
1190.000 3.9954254900e-01 2.9243633270e-02
1191.000 4.0808673100e-01 3.0009963990e-02
1192.000 4.0915342700e-01 3.0300687790e-02
1193.000 4.0859861000e-01 3.0192451480e-02
1194.000 4.0732140800e-01 3.0068763730e-02
1195.000 3.9953335000e-01 2.9287836070e-02
1196.000 3.9972368000e-01 2.9341123580e-02
1197.000 3.9805061200e-01 2.9123174670e-02
1198.000 3.8434190700e-01 2.8105989460e-02
1199.000 3.6822456700e-01 2.6815483090e-02
1200.000 3.9254545500e-01 2.8666503910e-02
1201.000 3.9579967200e-01 2.8948961260e-02
1202.000 3.9670854000e-01 2.9081201550e-02
1203.000 3.7629761700e-01 2.7554826740e-02
1204.000 3.8314448900e-01 2.8131567000e-02
1205.000 3.9731183700e-01 2.9544254300e-02
1206.000 3.9735714400e-01 2.9719650270e-02
1207.000 4.0103252200e-01 3.0068521500e-02
1208.000 3.9447242100e-01 2.9524810790e-02
1209.000 3.6869927200e-01 2.7515026090e-02
1210.000 3.9251067300e-01 2.9143144610e-02
1211.000 3.7911367200e-01 2.8132621770e-02
1212.000 3.9154031300e-01 2.9102209090e-02
1213.000 3.9513042100e-01 2.9524581910e-02
1214.000 3.9306988100e-01 2.9360843660e-02
1215.000 3.9514657200e-01 2.9583850860e-02
1216.000 3.9690995900e-01 2.9966711040e-02
1217.000 3.9851579200e-01 3.0305925370e-02
1218.000 3.9809235400e-01 3.0381200790e-02
1219.000 3.9486410000e-01 3.0201154710e-02
1220.000 3.9759796400e-01 3.0409309390e-02
1221.000 3.9712426600e-01 3.0391887660e-02
1222.000 3.9510998400e-01 3.0243125920e-02
1223.000 3.9344620200e-01 3.0155782700e-02
1224.000 3.9796874800e-01 3.0646671300e-02
1225.000 3.9609428200e-01 3.0547943120e-02
1226.000 3.9789413500e-01 3.0746896740e-02
1227.000 3.8507419300e-01 2.9840465550e-02
1228.000 3.9792465000e-01 3.0941606520e-02
1229.000 3.9807169200e-01 3.1034111020e-02
1230.000 3.9737428300e-01 3.1071584700e-02
1231.000 3.9774369600e-01 3.1156377790e-02
1232.000 3.9339445000e-01 3.0844247820e-02
1233.000 3.9657457500e-01 3.1115713120e-02
1234.000 3.9624046800e-01 3.1202173230e-02
1235.000 3.9379776500e-01 3.1053070070e-02
1236.000 3.9629230100e-01 3.1280332570e-02
1237.000 3.9654288800e-01 3.1342216490e-02
1238.000 3.9638687300e-01 3.1350582120e-02
1239.000 3.9191541600e-01 3.1012027740e-02
1240.000 3.9014177800e-01 3.0908508300e-02
1241.000 3.9354933500e-01 3.1207599640e-02
1242.000 3.9115810600e-01 3.1043931960e-02
1243.000 3.8670859200e-01 3.0717599870e-02
1244.000 3.8307351300e-01 3.0443765640e-02
1245.000 3.8954562100e-01 3.0973287580e-02
1246.000 3.8639107700e-01 3.0694557190e-02
1247.000 3.8431085000e-01 3.0499578480e-02
1248.000 3.8711997200e-01 3.0693573000e-02
1249.000 3.8561755800e-01 3.0556320190e-02
1250.000 3.8394166000e-01 3.0396215440e-02
1251.000 3.8111628000e-01 3.0153631210e-02
1252.000 3.7968143900e-01 3.0010435100e-02
1253.000 3.7623286800e-01 2.9705331800e-02
1254.000 3.7659327900e-01 2.9667415620e-02
1255.000 3.7551183100e-01 2.9541318890e-02
1256.000 3.7431891200e-01 2.9417114260e-02
1257.000 3.6947711500e-01 2.8970819470e-02
1258.000 3.6956020600e-01 2.8856546400e-02
1259.000 3.6433410800e-01 2.8350292210e-02
1260.000 3.6347154100e-01 2.8173204420e-02
1261.000 3.6125945000e-01 2.7891029360e-02
1262.000 3.5024255700e-01 2.6877380370e-02
1263.000 3.5321984100e-01 2.7081977840e-02
1264.000 3.4688601900e-01 2.6592823030e-02
1265.000 3.4720950500e-01 2.6626737590e-02
1266.000 3.4807028800e-01 2.6652259830e-02
1267.000 3.4000416000e-01 2.5995649340e-02
1268.000 3.3492436800e-01 2.5568815230e-02
1269.000 3.3727652000e-01 2.5733850480e-02
1270.000 3.4544640900e-01 2.6492031100e-02
1271.000 3.4936105000e-01 2.6848463060e-02
1272.000 3.4994447100e-01 2.6958856580e-02
1273.000 3.5110289100e-01 2.7131021500e-02
1274.000 3.5080031000e-01 2.7204559330e-02
1275.000 3.5373681800e-01 2.7463554380e-02
1276.000 3.5481936600e-01 2.7551668170e-02
1277.000 3.5486053700e-01 2.7535886760e-02
1278.000 3.5417306900e-01 2.7453275680e-02
1279.000 3.5215089100e-01 2.7307317730e-02
1280.000 3.5105179800e-01 2.7315904620e-02
1281.000 3.4198103500e-01 2.6699005130e-02
1282.000 3.0444604000e-01 2.3848529820e-02
1283.000 3.3463957700e-01 2.6260753630e-02
1284.000 3.4851231800e-01 2.7370489120e-02
1285.000 3.5135020200e-01 2.7613080980e-02
1286.000 3.5080884200e-01 2.7522359850e-02
1287.000 3.5208056300e-01 2.7538620000e-02
1288.000 3.4660254500e-01 2.6828834530e-02
1289.000 3.4765503300e-01 2.6823610310e-02
1290.000 3.3954345500e-01 2.6179929730e-02
1291.000 3.4477232500e-01 2.6592632290e-02
1292.000 3.4764023500e-01 2.6887737270e-02
1293.000 3.4807947400e-01 2.6898366930e-02
1294.000 3.4114547300e-01 2.6210348130e-02
1295.000 3.4249507500e-01 2.6105049130e-02
1296.000 3.4030927700e-01 2.5745027540e-02
1297.000 3.3621829300e-01 2.5296079640e-02
1298.000 3.3303270100e-01 2.5043420790e-02
1299.000 3.3625526600e-01 2.5271699910e-02
1300.000 3.3456658600e-01 2.5129741670e-02
1301.000 3.3358704500e-01 2.5015262600e-02
1302.000 3.2791491600e-01 2.4467296600e-02
1303.000 3.2195058500e-01 2.3715860370e-02
1304.000 3.2058308600e-01 2.3477191930e-02
1305.000 3.2183511000e-01 2.3505805970e-02
1306.000 3.2161703300e-01 2.3421953200e-02
1307.000 3.1960736100e-01 2.3207017900e-02
1308.000 3.1664097800e-01 2.2810846330e-02
1309.000 3.1271360700e-01 2.2287117000e-02
1310.000 3.1099353500e-01 2.2147794720e-02
1311.000 3.1013998100e-01 2.2087921140e-02
1312.000 3.0471869300e-01 2.1432008740e-02
1313.000 2.8862980100e-01 1.9997787480e-02
1314.000 2.9315050600e-01 2.0041355130e-02
1315.000 2.8538031700e-01 1.9631990430e-02
1316.000 2.9534965300e-01 2.0506195070e-02
1317.000 2.9835291100e-01 2.0707342150e-02
1318.000 2.8897153900e-01 1.9734642030e-02
1319.000 2.8533668600e-01 1.9056272510e-02
1320.000 2.7463672900e-01 1.7849660870e-02
1321.000 2.7010950300e-01 1.7358253480e-02
1322.000 2.7517309400e-01 1.7994274140e-02
1323.000 2.8205366900e-01 1.8767353060e-02
1324.000 2.8531168200e-01 1.9159591670e-02
1325.000 2.8293362200e-01 1.8881061550e-02
1326.000 2.7586330200e-01 1.8095197680e-02
1327.000 2.6135078400e-01 1.6431083680e-02
1328.000 2.4824278600e-01 1.4805793760e-02
1329.000 2.1418832800e-01 1.1575822830e-02
1330.000 2.0815122100e-01 1.0841483120e-02
1331.000 2.0266894100e-01 1.0306346890e-02
1332.000 2.0047353800e-01 1.0264594080e-02
1333.000 2.1148065000e-01 1.1057637210e-02
1334.000 2.1989513000e-01 1.1819118500e-02
1335.000 2.2583668600e-01 1.2385232930e-02
1336.000 2.2572936400e-01 1.2468648910e-02
1337.000 2.2828463700e-01 1.2646382330e-02
1338.000 2.3203511300e-01 1.3048096660e-02
1339.000 2.3254896500e-01 1.3143527030e-02
1340.000 2.3416825200e-01 1.3407428740e-02
1341.000 2.3812589300e-01 1.3501385690e-02
1342.000 2.3802923600e-01 1.3515901570e-02
1343.000 2.2900488800e-01 1.2341629980e-02
1344.000 2.1515948500e-01 1.0918308260e-02
1345.000 1.7802713000e-01 7.7834539410e-03
1346.000 1.5186240300e-01 5.8221597670e-03
1347.000 1.3469990700e-01 4.7426996230e-03
1348.000 1.1167322900e-01 3.3098757270e-03
1349.000 1.0157119250e-01 2.8065426350e-03
1350.000 7.9120072600e-02 1.7362726930e-03
1351.000 6.8305066400e-02 1.3421059850e-03
1352.000 5.2245456700e-02 7.9752862450e-04
1353.000 3.7031232400e-02 4.3832552430e-04
1354.000 2.9609911900e-02 2.9335030910e-04
1355.000 2.2989618200e-02 1.8840155010e-04
1356.000 1.7384924800e-02 1.1487837140e-04
1357.000 1.1883077270e-02 5.8023627850e-05
1358.000 8.7943020900e-03 3.5483378920e-05
1359.000 4.6371901100e-03 1.2076213960e-05
1360.000 3.0667195500e-03 6.3568218610e-06
1361.000 2.2822903100e-03 3.7891059180e-06
1362.000 2.1000787100e-03 3.3355089840e-06
1363.000 3.0298721200e-03 5.8224517850e-06
1364.000 3.5132263900e-03 7.2943889540e-06
1365.000 3.6785383600e-03 7.7018118460e-06
1366.000 4.2480988500e-03 9.6248108890e-06
1367.000 3.5684712600e-03 7.5475298800e-06
1368.000 3.1641443500e-03 6.5293135120e-06
1369.000 3.2446888500e-03 6.8740309220e-06
1370.000 5.3662037200e-03 1.5948142860e-05
1371.000 9.5567420400e-03 3.9955392480e-05
1372.000 1.7696160700e-02 1.1041981730e-04
1373.000 2.5103451100e-02 1.9496123490e-04
1374.000 3.0483422900e-02 2.6993143560e-04
1375.000 3.2500666200e-02 3.0339524150e-04
1376.000 3.0145723200e-02 2.6945891980e-04
1377.000 2.6837204400e-02 2.2050508860e-04
1378.000 2.0455550700e-02 1.4084811510e-04
1379.000 1.4046699380e-02 7.6177433130e-05
1380.000 7.9668945500e-03 3.0478924510e-05
1381.000 4.6085469200e-03 1.2733468790e-05
1382.000 3.2226943600e-03 7.1977432820e-06
1383.000 3.1180831900e-03 6.7333462650e-06
1384.000 5.0718359400e-03 1.4543904920e-05
1385.000 7.2001154700e-03 2.5529026990e-05
1386.000 1.0997425680e-02 5.0420042130e-05
1387.000 2.0206234700e-02 1.3893486560e-04
1388.000 2.6781515500e-02 2.1852564810e-04
1389.000 3.0763847200e-02 2.7897095680e-04
1390.000 3.1403167000e-02 2.9210364820e-04
1391.000 2.9315245500e-02 2.6051884890e-04
1392.000 2.2163608600e-02 1.6516631840e-04
1393.000 1.6942345900e-02 1.0793695600e-04
1394.000 1.2979777340e-02 7.0598214860e-05
1395.000 1.4631305400e-02 8.5809394720e-05
1396.000 2.0077368000e-02 1.4231809970e-04
1397.000 2.5909693100e-02 2.1729524430e-04
1398.000 2.6682488800e-02 2.2777813670e-04
1399.000 2.4913546400e-02 2.0705842970e-04
1400.000 2.3296286700e-02 1.8861630560e-04
1401.000 2.4765142100e-02 2.1272170540e-04
1402.000 3.0702037300e-02 2.9867485170e-04
1403.000 3.5348367500e-02 3.8968956470e-04
1404.000 3.3248315500e-02 3.5227462650e-04
1405.000 3.4826848100e-02 3.9153274890e-04
1406.000 3.2294298700e-02 3.4417110680e-04
1407.000 3.3492380000e-02 3.7781280280e-04
1408.000 4.0142911400e-02 5.1011878250e-04
1409.000 4.7056534900e-02 6.8022489550e-04
1410.000 5.7714227200e-02 9.6240943670e-04
1411.000 6.8648510700e-02 1.3312698600e-03
1412.000 6.6322356500e-02 1.2889416220e-03
1413.000 7.3147167000e-02 1.5494588610e-03
1414.000 7.2118213300e-02 1.4920892720e-03
1415.000 7.9725395500e-02 1.8271520140e-03
1416.000 8.5659039600e-02 2.0777151580e-03
1417.000 8.7864416600e-02 2.1986253260e-03
1418.000 8.8647435600e-02 2.2284274100e-03
1419.000 8.8462797500e-02 2.2714595790e-03
1420.000 9.0563768600e-02 2.3685479160e-03
1421.000 1.0185679970e-01 2.9189822670e-03
1422.000 1.0427976730e-01 3.0937044620e-03
1423.000 1.0544265090e-01 3.1950240140e-03
1424.000 1.0508437190e-01 3.1708214280e-03
1425.000 1.0389150380e-01 3.0789775850e-03
1426.000 1.0016589420e-01 2.9770379070e-03
1427.000 1.0609564830e-01 3.2684986590e-03
1428.000 1.1205755670e-01 3.5409159660e-03
1429.000 1.1365889590e-01 3.7088499070e-03
1430.000 1.1089508380e-01 3.6252365110e-03
1431.000 1.0331251170e-01 3.2305696010e-03
1432.000 1.0101823550e-01 3.0706138610e-03
1433.000 1.0073355690e-01 3.0542480950e-03
1434.000 9.6082011400e-02 2.8469440940e-03
1435.000 1.0315245060e-01 3.1987869740e-03
1436.000 1.0572109720e-01 3.3407175540e-03
1437.000 1.0740625320e-01 3.4274406430e-03
1438.000 1.1386875480e-01 3.8013710980e-03
1439.000 1.1597018970e-01 3.8885591030e-03
1440.000 1.1119721840e-01 3.7805662160e-03
1441.000 1.1810373630e-01 4.0456495290e-03
1442.000 1.1328864770e-01 3.8262009620e-03
1443.000 1.1532482660e-01 3.9045188430e-03
1444.000 1.1792475300e-01 4.0430016520e-03
1445.000 1.1816084870e-01 4.0668158530e-03
1446.000 1.2367723690e-01 4.3662986760e-03
1447.000 1.2705735300e-01 4.5883798600e-03
1448.000 1.2850541500e-01 4.6613554950e-03
1449.000 1.2598241760e-01 4.5064859390e-03
1450.000 1.2046990690e-01 4.2130231860e-03
1451.000 1.2181868950e-01 4.3141455650e-03
1452.000 1.2715013600e-01 4.7065892220e-03
1453.000 1.4168332900e-01 5.5794320110e-03
1454.000 1.5417348700e-01 6.4535312650e-03
1455.000 1.6014714300e-01 6.9545655250e-03
1456.000 1.6725103500e-01 7.5292763710e-03
1457.000 1.6994093300e-01 7.6916704180e-03
1458.000 1.7326499900e-01 7.9022865300e-03
1459.000 1.6839693900e-01 7.5003948210e-03
1460.000 1.6072049600e-01 7.0125317570e-03
1461.000 1.5763739700e-01 6.8023042680e-03
1462.000 1.4914919800e-01 6.2315988540e-03
1463.000 1.4816028600e-01 6.1987328530e-03
1464.000 1.4624637800e-01 6.0632152560e-03
1465.000 1.4300167400e-01 5.7873940470e-03
1466.000 1.3327394100e-01 5.2305626870e-03
1467.000 1.3230729600e-01 5.0776491170e-03
1468.000 1.2416582180e-01 4.6460399630e-03
1469.000 1.1778552690e-01 4.2176404000e-03
1470.000 1.1437449470e-01 4.0327749250e-03
1471.000 1.2137426180e-01 4.5280146600e-03
1472.000 1.3365333300e-01 5.3199782370e-03
1473.000 1.5019997700e-01 6.4619917870e-03
1474.000 1.5743589100e-01 7.1653170590e-03
1475.000 1.6023512300e-01 7.3075094220e-03
1476.000 1.6049567400e-01 7.3335909840e-03
1477.000 1.5705536400e-01 7.0769405360e-03
1478.000 1.5091332800e-01 6.7088761330e-03
1479.000 1.4792008000e-01 6.4413213730e-03
1480.000 1.5100120500e-01 6.6919403080e-03
1481.000 1.5382427900e-01 6.9964690210e-03
1482.000 1.6077331500e-01 7.5294003490e-03
1483.000 1.5899432800e-01 7.5135316850e-03
1484.000 1.6002529500e-01 7.5914258960e-03
1485.000 1.6232562100e-01 7.6874532700e-03
1486.000 1.6369851700e-01 7.9543242450e-03
1487.000 1.7371923100e-01 8.8606100080e-03
1488.000 1.5223997600e-01 7.8156385420e-03
1489.000 1.8682585400e-01 1.0209703450e-02
1490.000 1.9765914100e-01 1.1380404470e-02
1491.000 2.0472139100e-01 1.2123155590e-02
1492.000 2.0100913900e-01 1.1982485770e-02
1493.000 2.0843864900e-01 1.2645441060e-02
1494.000 2.0813477800e-01 1.2677929880e-02
1495.000 2.0985801600e-01 1.3002880100e-02
1496.000 2.0949482600e-01 1.3304895400e-02
1497.000 2.1460286900e-01 1.3673056600e-02
1498.000 2.2168212900e-01 1.4424069400e-02
1499.000 2.2267059500e-01 1.4773726460e-02
1500.000 2.2953704100e-01 1.5453682900e-02
1501.000 2.2823081100e-01 1.5319378850e-02
1502.000 2.2454959300e-01 1.4991996770e-02
1503.000 2.0059484400e-01 1.3344263080e-02
1504.000 2.0992737000e-01 1.4044953350e-02
1505.000 2.1254939500e-01 1.4441644670e-02
1506.000 2.1548039800e-01 1.4685661320e-02
1507.000 2.2829544700e-01 1.5774358750e-02
1508.000 2.2628759000e-01 1.5765441890e-02
1509.000 2.2881090800e-01 1.6083055500e-02
1510.000 2.3291060400e-01 1.6443061830e-02
1511.000 2.3505688400e-01 1.6705324170e-02
1512.000 2.3137147500e-01 1.6520914080e-02
1513.000 2.3128131300e-01 1.6574977870e-02
1514.000 2.2811487000e-01 1.6379566190e-02
1515.000 2.3341914400e-01 1.6831455230e-02
1516.000 2.3151283300e-01 1.6711599350e-02
1517.000 2.3089151200e-01 1.6712574010e-02
1518.000 2.3661188000e-01 1.7226688390e-02
1519.000 2.3482950300e-01 1.7210906980e-02
1520.000 2.3842794500e-01 1.7647319790e-02
1521.000 2.3503904500e-01 1.7523111340e-02
1522.000 2.3367943700e-01 1.7465555190e-02
1523.000 2.3970455900e-01 1.7987667080e-02
1524.000 2.3762089800e-01 1.7847156520e-02
1525.000 2.3188610100e-01 1.7420631410e-02
1526.000 2.3851997400e-01 1.7929744720e-02
1527.000 2.3640721600e-01 1.7812913890e-02
1528.000 2.3850718500e-01 1.8028888700e-02
1529.000 2.3776069000e-01 1.7972438810e-02
1530.000 2.2290969900e-01 1.6897428510e-02
1531.000 2.3854956700e-01 1.8112689970e-02
1532.000 2.3741248500e-01 1.8060745240e-02
1533.000 2.3645085700e-01 1.8001686100e-02
1534.000 2.3297318600e-01 1.7746559140e-02
1535.000 2.3396014400e-01 1.7831857680e-02
1536.000 2.3709197400e-01 1.8106903080e-02
1537.000 2.3802825200e-01 1.8237939830e-02
1538.000 2.3170282700e-01 1.7815862660e-02
1539.000 2.3671668100e-01 1.8261201860e-02
1540.000 2.2816956400e-01 1.7646522520e-02
1541.000 2.3298120000e-01 1.8037403110e-02
1542.000 2.3436755600e-01 1.8153310780e-02
1543.000 2.3372958200e-01 1.8122535710e-02
1544.000 2.3673172200e-01 1.8381162640e-02
1545.000 2.3763964800e-01 1.8491651540e-02
1546.000 2.3785816800e-01 1.8554813390e-02
1547.000 2.3554806000e-01 1.8416051860e-02
1548.000 2.2859073900e-01 1.7906919480e-02
1549.000 2.3444940800e-01 1.8388387680e-02
1550.000 2.3313182900e-01 1.8303045270e-02
1551.000 2.3190419800e-01 1.8209444050e-02
1552.000 2.3585686600e-01 1.8517227170e-02
1553.000 2.3462375800e-01 1.8425964360e-02
1554.000 2.2602690700e-01 1.7747455600e-02
1555.000 2.2979845000e-01 1.8053806300e-02
1556.000 2.2541110700e-01 1.7738279340e-02
1557.000 2.3279156300e-01 1.8366086960e-02
1558.000 2.3094864500e-01 1.8255233760e-02
1559.000 2.3096672600e-01 1.8288171770e-02
1560.000 2.2697813400e-01 1.8011941910e-02
1561.000 2.3227536300e-01 1.8442764280e-02
1562.000 2.3216725300e-01 1.8416618350e-02
1563.000 2.2869721400e-01 1.8133258820e-02
1564.000 2.2403962700e-01 1.7747322080e-02
1565.000 2.2729200800e-01 1.7982152940e-02
1566.000 2.2298517500e-01 1.7652873990e-02
1567.000 2.2262810100e-01 1.7620601650e-02
1568.000 2.1747454200e-01 1.7194395070e-02
1569.000 2.1765659300e-01 1.7184898380e-02
1570.000 2.1160225700e-01 1.6696992870e-02
1571.000 2.1727197200e-01 1.7167827610e-02
1572.000 2.1710604500e-01 1.7164329530e-02
1573.000 2.1380832100e-01 1.6935379030e-02
1574.000 2.1465096500e-01 1.7043628690e-02
1575.000 1.9943044700e-01 1.5864750860e-02
1576.000 2.1425419100e-01 1.7051836010e-02
1577.000 1.9353808900e-01 1.5391632080e-02
1578.000 2.1188287900e-01 1.6837915420e-02
1579.000 2.1320533400e-01 1.6937637330e-02
1580.000 2.1775331800e-01 1.7305574420e-02
1581.000 2.1630915700e-01 1.7179655080e-02
1582.000 2.1215958000e-01 1.6890283580e-02
1583.000 2.1496362300e-01 1.7151338580e-02
1584.000 2.1323147000e-01 1.7052721020e-02
1585.000 2.1967704300e-01 1.7600494380e-02
1586.000 2.1691786100e-01 1.7394739150e-02
1587.000 2.1465678600e-01 1.7245698930e-02
1588.000 2.1150753600e-01 1.7022367480e-02
1589.000 1.9350742200e-01 1.5584647180e-02
1590.000 2.0847470300e-01 1.6799213410e-02
1591.000 2.0380432700e-01 1.6436410900e-02
1592.000 2.1447635500e-01 1.7298780440e-02
1593.000 2.1909109800e-01 1.7667100910e-02
1594.000 2.1721651500e-01 1.7513698580e-02
1595.000 2.1818979400e-01 1.7592767720e-02
1596.000 2.0438563800e-01 1.6494750980e-02
1597.000 2.1197445100e-01 1.7101230620e-02
1598.000 2.1488920900e-01 1.7322366710e-02
1599.000 2.0645442500e-01 1.6621873860e-02
1600.000 2.0890663600e-01 1.6805267330e-02
1601.000 2.0011211400e-01 1.6113199230e-02
1602.000 2.0497811900e-01 1.6533246990e-02
1603.000 2.0375053700e-01 1.6481929780e-02
1604.000 2.0679411700e-01 1.6781625750e-02
1605.000 2.0373643500e-01 1.6563543320e-02
1606.000 2.0309790100e-01 1.6545818330e-02
1607.000 2.0378513400e-01 1.6581150050e-02
1608.000 2.0597887900e-01 1.6739601140e-02
1609.000 2.0518678500e-01 1.6664800640e-02
1610.000 1.9252977900e-01 1.5629943850e-02
1611.000 1.9867459800e-01 1.6143304820e-02
1612.000 2.0114179500e-01 1.6359750750e-02
1613.000 2.0615961100e-01 1.6782630920e-02
1614.000 2.0413559900e-01 1.6605676650e-02
1615.000 2.0790555800e-01 1.6921201710e-02
1616.000 1.9518996700e-01 1.5889310840e-02
1617.000 2.0129205000e-01 1.6431659700e-02
1618.000 2.0756356800e-01 1.6965497970e-02
1619.000 2.0728246000e-01 1.6989324570e-02
1620.000 2.0239257800e-01 1.6633268360e-02
1621.000 1.9966649300e-01 1.6446147920e-02
1622.000 2.0469161300e-01 1.6868778230e-02
1623.000 2.0897103600e-01 1.7239974980e-02
1624.000 2.1049857400e-01 1.7379194260e-02
1625.000 2.0548504500e-01 1.7001007080e-02
1626.000 2.0778541900e-01 1.7177654270e-02
1627.000 2.0754699000e-01 1.7177299500e-02
1628.000 2.0912405600e-01 1.7314804080e-02
1629.000 2.0898772500e-01 1.7307838440e-02
1630.000 2.0312675000e-01 1.6816913600e-02
1631.000 2.0630332800e-01 1.7091438290e-02
1632.000 2.0613097900e-01 1.7035240170e-02
1633.000 2.0341120100e-01 1.6789760590e-02
1634.000 1.9845121400e-01 1.6353103640e-02
1635.000 2.0377089600e-01 1.6773374560e-02
1636.000 2.0300566000e-01 1.6686031340e-02
1637.000 1.9369744800e-01 1.5898238180e-02
1638.000 1.9228204400e-01 1.5767625810e-02
1639.000 1.9000003200e-01 1.5548422810e-02
1640.000 1.9094594900e-01 1.5606301310e-02
1641.000 1.8958269400e-01 1.5477585790e-02
1642.000 1.8934529000e-01 1.5502557750e-02
1643.000 1.9414371200e-01 1.5932540890e-02
1644.000 1.9107278100e-01 1.5713509560e-02
1645.000 1.9137180300e-01 1.5766044620e-02
1646.000 1.9367131100e-01 1.5993125920e-02
1647.000 1.9547174500e-01 1.6143428800e-02
1648.000 1.9458815900e-01 1.6061378480e-02
1649.000 1.9011754100e-01 1.5691378590e-02
1650.000 1.9493470000e-01 1.6092241290e-02
1651.000 1.9058280300e-01 1.5732721330e-02
1652.000 1.9437191800e-01 1.6037887570e-02
1653.000 1.9237106600e-01 1.5882849690e-02
1654.000 1.9452889600e-01 1.6065891270e-02
1655.000 1.9084433900e-01 1.5775885580e-02
1656.000 1.9466565800e-01 1.6101833340e-02
1657.000 1.9325261900e-01 1.5988756180e-02
1658.000 1.9447163500e-01 1.6103572850e-02
1659.000 1.9093435700e-01 1.5814434050e-02
1660.000 1.9314102200e-01 1.5990897180e-02
1661.000 1.9389599000e-01 1.6044784550e-02
1662.000 1.9243801200e-01 1.5887732510e-02
1663.000 1.9116384500e-01 1.5758382800e-02
1664.000 1.9027275400e-01 1.5659567830e-02
1665.000 1.8833159200e-01 1.5469647410e-02
1666.000 1.8756233700e-01 1.5413426400e-02
1667.000 1.8947775300e-01 1.5621016500e-02
1668.000 1.8626753600e-01 1.5381655690e-02
1669.000 1.8679270200e-01 1.5458063130e-02
1670.000 1.9099256700e-01 1.5841175080e-02
1671.000 1.8959598100e-01 1.5753547670e-02
1672.000 1.8061575600e-01 1.5042522430e-02
1673.000 1.8577509600e-01 1.5493000030e-02
1674.000 1.8652502600e-01 1.5582079890e-02
1675.000 1.8479413700e-01 1.5473251340e-02
1676.000 1.8180584800e-01 1.5233420370e-02
1677.000 1.8273541300e-01 1.5314947130e-02
1678.000 1.8374863100e-01 1.5411406520e-02
1679.000 1.8130725500e-01 1.5205454830e-02
1680.000 1.7509257400e-01 1.4694762230e-02
1681.000 1.6902428700e-01 1.4191203120e-02
1682.000 1.7390579500e-01 1.4601123810e-02
1683.000 1.7819532500e-01 1.4956185340e-02
1684.000 1.8148860700e-01 1.5228223800e-02
1685.000 1.8200826000e-01 1.5251554490e-02
1686.000 1.7981249000e-01 1.5061289790e-02
1687.000 1.8050822800e-01 1.5078776360e-02
1688.000 1.8060121400e-01 1.5052299500e-02
1689.000 1.7842258100e-01 1.4861561780e-02
1690.000 1.7827759500e-01 1.4811157230e-02
1691.000 1.8058404300e-01 1.5007043840e-02
1692.000 1.8090969000e-01 1.5045244220e-02
1693.000 1.8027095300e-01 1.5008323670e-02
1694.000 1.8000178000e-01 1.4997089390e-02
1695.000 1.8004759900e-01 1.4994060520e-02
1696.000 1.7899408500e-01 1.4886528020e-02
1697.000 1.7786839200e-01 1.4759100910e-02
1698.000 1.7892338300e-01 1.4818077090e-02
1699.000 1.7776762200e-01 1.4700040820e-02
1700.000 1.7551681900e-01 1.4493257520e-02
