  lambda           Irr_dw           Rad_up
 550.000 1.5449928000e+00 1.9564825440e-01
 551.000 1.5347161000e+00 1.9431065370e-01
 552.000 1.6001639000e+00 2.0261560060e-01
 553.000 1.5368698000e+00 1.9455186460e-01
 554.000 1.5864772000e+00 2.0083740230e-01
 555.000 1.5903520000e+00 2.0126255800e-01
 556.000 1.5459714000e+00 1.9558450320e-01
 557.000 1.4996034000e+00 1.8972665410e-01
 558.000 1.5560657000e+00 1.9680667110e-01
 559.000 1.4703673000e+00 1.8593629460e-01
 560.000 1.4763958000e+00 1.8670014950e-01
 561.000 1.6221664000e+00 2.0508406070e-01
 562.000 1.4886182000e+00 1.8818481450e-01
 563.000 1.5570166000e+00 1.9678276060e-01
 564.000 1.5347072000e+00 1.9387805180e-01
 565.000 1.5525862000e+00 1.9612567140e-01
 566.000 1.4311154000e+00 1.8074069210e-01
 567.000 1.5346948000e+00 1.9362971500e-01
 568.000 1.5300864000e+00 1.9240716550e-01
 569.000 1.4982829000e+00 1.8701583860e-01
 570.000 1.5059589000e+00 1.8818824770e-01
 571.000 1.4529912000e+00 1.8253079220e-01
 572.000 1.5347877000e+00 1.9186000060e-01
 573.000 1.5509565000e+00 1.9415382390e-01
 574.000 1.5422538000e+00 1.9311486820e-01
 575.000 1.5042666000e+00 1.8826150510e-01
 576.000 1.4767467000e+00 1.8477282710e-01
 577.000 1.5379938000e+00 1.9265205380e-01
 578.000 1.4931934000e+00 1.8742549130e-01
 579.000 1.4817677000e+00 1.8616423030e-01
 580.000 1.5327576000e+00 1.9276051330e-01
 581.000 1.5050848000e+00 1.8953039550e-01
 582.000 1.5275395000e+00 1.9240313720e-01
 583.000 1.5380019000e+00 1.9376628110e-01
 584.000 1.5329363000e+00 1.9306829830e-01
 585.000 1.5226521000e+00 1.9170915220e-01
 586.000 1.4570398000e+00 1.8344273380e-01
 587.000 1.5136693000e+00 1.8999855040e-01
 588.000 1.4972576000e+00 1.8601210020e-01
 589.000 1.3266105000e+00 1.6237083440e-01
 590.000 1.3850109000e+00 1.6937048340e-01
 591.000 1.4718817000e+00 1.8174113460e-01
 592.000 1.4434050000e+00 1.7723294070e-01
 593.000 1.4588610000e+00 1.8113189700e-01
 594.000 1.4719892000e+00 1.8230186460e-01
 595.000 1.4435000000e+00 1.7734089660e-01
 596.000 1.4795172000e+00 1.8385110470e-01
 597.000 1.4838017000e+00 1.8389009090e-01
 598.000 1.4535039000e+00 1.8102372740e-01
 599.000 1.4538842000e+00 1.8144944760e-01
 600.000 1.4543084000e+00 1.8233297730e-01
 601.000 1.4461784000e+00 1.8192196660e-01
 602.000 1.4303596000e+00 1.8012184140e-01
 603.000 1.4389815000e+00 1.8144134520e-01
 604.000 1.4845440000e+00 1.8739862060e-01
 605.000 1.4807037000e+00 1.8693795780e-01
 606.000 1.4634818000e+00 1.8483821110e-01
 607.000 1.4551892000e+00 1.8379823300e-01
 608.000 1.4497829000e+00 1.8310040280e-01
 609.000 1.4348357000e+00 1.8124171450e-01
 610.000 1.4117892000e+00 1.7831555180e-01
 611.000 1.4346417000e+00 1.8122070310e-01
 612.000 1.4158930000e+00 1.7887536620e-01
 613.000 1.3951376000e+00 1.7624238590e-01
 614.000 1.3442231000e+00 1.6983973690e-01
 615.000 1.4090828000e+00 1.7800282290e-01
 616.000 1.3396995000e+00 1.6927107240e-01
 617.000 1.3472015000e+00 1.7022998050e-01
 618.000 1.4106947000e+00 1.7820556640e-01
 619.000 1.3977050000e+00 1.7660412600e-01
 620.000 1.4182821000e+00 1.7914891050e-01
 621.000 1.4425971000e+00 1.8221994020e-01
 622.000 1.3664370000e+00 1.7256753540e-01
 623.000 1.3770097000e+00 1.7381541440e-01
 624.000 1.3784122000e+00 1.7402450560e-01
 625.000 1.3410056000e+00 1.6929225160e-01
 626.000 1.3477123000e+00 1.6997663880e-01
 627.000 1.3700431000e+00 1.7211427310e-01
 628.000 1.3511362000e+00 1.6845712280e-01
 629.000 1.3852715000e+00 1.7318214420e-01
 630.000 1.3393508000e+00 1.6805455020e-01
 631.000 1.3885527000e+00 1.7442651370e-01
 632.000 1.2932773000e+00 1.6194001770e-01
 633.000 1.3883643000e+00 1.7452818300e-01
 634.000 1.3466846000e+00 1.6951220700e-01
 635.000 1.3712758000e+00 1.7260882570e-01
 636.000 1.3229610000e+00 1.6665911870e-01
 637.000 1.3666027000e+00 1.7224827580e-01
 638.000 1.3879150000e+00 1.7525463870e-01
 639.000 1.3764185000e+00 1.7375001530e-01
 640.000 1.3332351000e+00 1.6854245000e-01
 641.000 1.3524568000e+00 1.7096305850e-01
 642.000 1.3362172000e+00 1.6902665710e-01
 643.000 1.3595045000e+00 1.7173933410e-01
 644.000 1.3438827000e+00 1.6972834780e-01
 645.000 1.3555124000e+00 1.7089488220e-01
 646.000 1.3035694000e+00 1.6294386290e-01
 647.000 1.3210685000e+00 1.6417453000e-01
 648.000 1.3185381000e+00 1.6291903690e-01
 649.000 1.3447992000e+00 1.6696598820e-01
 650.000 1.2464374300e+00 1.5637535100e-01
 651.000 1.3426190000e+00 1.6844248960e-01
 652.000 1.3164396000e+00 1.6367002870e-01
 653.000 1.3432667000e+00 1.6875688170e-01
 654.000 1.3256155000e+00 1.6628808590e-01
 655.000 1.2905274700e+00 1.6126451110e-01
 656.000 1.0956591700e+00 1.3708663940e-01
 657.000 1.1694257400e+00 1.4663058470e-01
 658.000 1.3026752900e+00 1.6397926330e-01
 659.000 1.3058563000e+00 1.6471507260e-01
 660.000 1.3161038000e+00 1.6617718510e-01
 661.000 1.3219628000e+00 1.6741264340e-01
 662.000 1.3410102000e+00 1.7004153440e-01
 663.000 1.3260709000e+00 1.6808447270e-01
 664.000 1.3049952500e+00 1.6549188230e-01
 665.000 1.3106609600e+00 1.6627000430e-01
 666.000 1.3264425100e+00 1.6840795900e-01
 667.000 1.3001061900e+00 1.6508671570e-01
 668.000 1.3074858200e+00 1.6615647890e-01
 669.000 1.3261212300e+00 1.6859532170e-01
 670.000 1.3105510700e+00 1.6658293150e-01
 671.000 1.2963591100e+00 1.6482957460e-01
 672.000 1.2922337200e+00 1.6431835940e-01
 673.000 1.3014396500e+00 1.6549490360e-01
 674.000 1.3039365400e+00 1.6584150700e-01
 675.000 1.2840155000e+00 1.6330323790e-01
 676.000 1.3082313900e+00 1.6640982060e-01
 677.000 1.2821822500e+00 1.6312655640e-01
 678.000 1.3033829000e+00 1.6582778930e-01
 679.000 1.2849535400e+00 1.6346029660e-01
 680.000 1.2750496400e+00 1.6216296390e-01
 681.000 1.2763730000e+00 1.6226873780e-01
 682.000 1.2736962500e+00 1.6188627620e-01
 683.000 1.2820183300e+00 1.6288298030e-01
 684.000 1.2588127500e+00 1.5985275270e-01
 685.000 1.2730154100e+00 1.6172125240e-01
 686.000 1.2169187500e+00 1.5432598880e-01
 687.000 1.1248411900e+00 1.3819395450e-01
 688.000 1.1548285100e+00 1.4334941100e-01
 689.000 1.1492977700e+00 1.4223454280e-01
 690.000 1.1699418400e+00 1.4558450320e-01
 691.000 1.1937340500e+00 1.4932807920e-01
 692.000 1.1968403900e+00 1.4977868650e-01
 693.000 1.1957495600e+00 1.4773126220e-01
 694.000 1.1977506500e+00 1.4629632570e-01
 695.000 1.1848863600e+00 1.4556828310e-01
 696.000 1.2033644600e+00 1.4838877870e-01
 697.000 1.2264673300e+00 1.5419300840e-01
 698.000 1.1992445100e+00 1.5010054020e-01
 699.000 1.2024624500e+00 1.4793190000e-01
 700.000 1.1913570200e+00 1.4695658870e-01
 701.000 1.1604966900e+00 1.4258084110e-01
 702.000 1.1576580500e+00 1.4262765500e-01
 703.000 1.1892970900e+00 1.4861703490e-01
 704.000 1.1932542800e+00 1.4921589660e-01
 705.000 1.1958842200e+00 1.4865309140e-01
 706.000 1.1843290300e+00 1.4739303590e-01
 707.000 1.1686441600e+00 1.4576057430e-01
 708.000 1.2049629400e+00 1.5064363100e-01
 709.000 1.1669491000e+00 1.4658203120e-01
 710.000 1.1882669500e+00 1.4847442630e-01
 711.000 1.1816827500e+00 1.4841464230e-01
 712.000 1.1696939000e+00 1.4758830260e-01
 713.000 1.1609259800e+00 1.4594117740e-01
 714.000 1.1792695400e+00 1.4802969360e-01
 715.000 1.1319623600e+00 1.4122715760e-01
 716.000 1.1552101800e+00 1.4322200010e-01
 717.000 1.0825955000e+00 1.2937271120e-01
 718.000 1.0499687800e+00 1.2262930300e-01
 719.000 1.0281635800e+00 1.1903836820e-01
 720.000 1.0212485600e+00 1.1683441160e-01
 721.000 1.0825879000e+00 1.3066622920e-01
 722.000 1.1202500400e+00 1.3773997500e-01
 723.000 1.1049115300e+00 1.3441098020e-01
 724.000 1.0747635200e+00 1.2685716250e-01
 725.000 1.0682731100e+00 1.2664930730e-01
 726.000 1.0644562400e+00 1.2604041290e-01
 727.000 1.0852594500e+00 1.2904637150e-01
 728.000 1.0608735000e+00 1.2560232540e-01
 729.000 1.0318353200e+00 1.2358380890e-01
 730.000 1.0673782700e+00 1.2761943820e-01
 731.000 1.0467566000e+00 1.2491787720e-01
 732.000 1.0893918800e+00 1.3252725220e-01
 733.000 1.0941390200e+00 1.3566603090e-01
 734.000 1.1271981000e+00 1.4105326840e-01
 735.000 1.1142958300e+00 1.3898126220e-01
 736.000 1.0867427500e+00 1.3475773620e-01
 737.000 1.1059908800e+00 1.3775384520e-01
 738.000 1.1097630600e+00 1.3910313420e-01
 739.000 1.0766336200e+00 1.3534793090e-01
 740.000 1.0931072500e+00 1.3827322390e-01
 741.000 1.0879831000e+00 1.3817564390e-01
 742.000 1.0715080500e+00 1.3631587220e-01
 743.000 1.1062836200e+00 1.4124708560e-01
 744.000 1.1181606500e+00 1.4301371770e-01
 745.000 1.0901598200e+00 1.3963250730e-01
 746.000 1.1061526100e+00 1.4181091310e-01
 747.000 1.1228166100e+00 1.4396424870e-01
 748.000 1.1034016200e+00 1.4157344060e-01
 749.000 1.1038942800e+00 1.4169995120e-01
 750.000 1.0873325100e+00 1.3951742550e-01
 751.000 1.0845373600e+00 1.3918041990e-01
 752.000 1.1016366100e+00 1.4148747250e-01
 753.000 1.0913791600e+00 1.4021545410e-01
 754.000 1.1085682100e+00 1.4246035770e-01
 755.000 1.1022156600e+00 1.4166670230e-01
 756.000 1.0806509200e+00 1.3891889950e-01
 757.000 1.0886090300e+00 1.3996342470e-01
 758.000 1.0863144200e+00 1.3962951660e-01
 759.000 1.0037525100e+00 1.2683801270e-01
 760.000 5.1221820000e-01 5.4509796140e-02
 761.000 4.6267268000e-01 4.8055580140e-02
 762.000 7.3917956000e-01 8.6672676090e-02
 763.000 6.7052950000e-01 7.6058944700e-02
 764.000 7.1681393000e-01 8.2665328980e-02
 765.000 8.1882505000e-01 9.8001960750e-02
 766.000 8.8577879000e-01 1.0980950930e-01
 767.000 9.4946907000e-01 1.1954260250e-01
 768.000 1.0204081300e+00 1.2979917910e-01
 769.000 1.0380351700e+00 1.3295343020e-01
 770.000 1.0430924000e+00 1.3404168700e-01
 771.000 1.0486871400e+00 1.3502279660e-01
 772.000 1.0457615100e+00 1.3472619630e-01
 773.000 1.0418392800e+00 1.3426855470e-01
 774.000 1.0533164300e+00 1.3579330440e-01
 775.000 1.0138946600e+00 1.3075184630e-01
 776.000 1.0557489400e+00 1.3620648190e-01
 777.000 1.0484206900e+00 1.3527532960e-01
 778.000 1.0427672300e+00 1.3454345700e-01
 779.000 1.0461307300e+00 1.3497117610e-01
 780.000 1.0331550800e+00 1.3332519530e-01
 781.000 1.0315563300e+00 1.3316378780e-01
 782.000 1.0439578600e+00 1.3474093630e-01
 783.000 1.0195352100e+00 1.3164123540e-01
 784.000 1.0250885500e+00 1.3232624820e-01
 785.000 1.0269225300e+00 1.3235694890e-01
 786.000 1.0079060200e+00 1.2964920040e-01
 787.000 1.0197674200e+00 1.3052037050e-01
 788.000 1.0028737300e+00 1.2806379700e-01
 789.000 1.0029289300e+00 1.2697590640e-01
 790.000 9.9227702000e-01 1.2552915950e-01
 791.000 9.8824787000e-01 1.2524726870e-01
 792.000 9.7356399000e-01 1.2356646730e-01
 793.000 9.7487638000e-01 1.2418382260e-01
 794.000 9.6971941000e-01 1.2449952700e-01
 795.000 9.6146988000e-01 1.2283056640e-01
 796.000 9.6976733000e-01 1.2247636410e-01
 797.000 9.7816653000e-01 1.2398377990e-01
 798.000 9.8378784000e-01 1.2565792080e-01
 799.000 9.8180841000e-01 1.2518275450e-01
 800.000 9.5252193000e-01 1.2079034420e-01
 801.000 9.7073346000e-01 1.2319576260e-01
 802.000 9.6839141000e-01 1.2282962040e-01
 803.000 9.5510781000e-01 1.2126777650e-01
 804.000 9.6545867000e-01 1.2294286350e-01
 805.000 9.4227977000e-01 1.2062540440e-01
 806.000 9.6976859000e-01 1.2451840210e-01
 807.000 9.6385138000e-01 1.2381001280e-01
 808.000 9.5701241000e-01 1.2271480560e-01
 809.000 9.3935149000e-01 1.2020044710e-01
 810.000 9.3353004000e-01 1.1917882540e-01
 811.000 9.4511411000e-01 1.2012211610e-01
 812.000 9.3730692000e-01 1.1840409090e-01
 813.000 9.2746360000e-01 1.1627136230e-01
 814.000 9.1836857000e-01 1.1406209560e-01
 815.000 8.9860949000e-01 1.1031195830e-01
 816.000 8.7759022000e-01 1.0616447450e-01
 817.000 8.8362829000e-01 1.0697892000e-01
 818.000 8.7931955000e-01 1.0656234740e-01
 819.000 8.5979877000e-01 1.0475744630e-01
 820.000 8.5732647000e-01 1.0619146730e-01
 821.000 9.0249264000e-01 1.1390530400e-01
 822.000 8.6463738000e-01 1.0754639430e-01
 823.000 8.4060872000e-01 1.0058819580e-01
 824.000 8.8387821000e-01 1.0930359650e-01
 825.000 9.0163605000e-01 1.1402893070e-01
 826.000 9.0396769000e-01 1.1389314270e-01
 827.000 8.9859081000e-01 1.1289885710e-01
 828.000 8.8423309000e-01 1.0951950070e-01
 829.000 8.8827632000e-01 1.1057991030e-01
 830.000 8.7907552000e-01 1.1008400730e-01
 831.000 8.6472395000e-01 1.0844725800e-01
 832.000 8.8284631000e-01 1.1079853060e-01
 833.000 8.5804901000e-01 1.0810848240e-01
 834.000 8.7382049000e-01 1.1055995940e-01
 835.000 8.8118542000e-01 1.1235124970e-01
 836.000 8.8960327000e-01 1.1321256260e-01
 837.000 8.8200679000e-01 1.1221614840e-01
 838.000 8.8781173000e-01 1.1342307280e-01
 839.000 8.6157246000e-01 1.1033850100e-01
 840.000 8.8515105000e-01 1.1344567110e-01
 841.000 8.8593709000e-01 1.1325977330e-01
 842.000 8.8169087000e-01 1.1298056790e-01
 843.000 8.7865129000e-01 1.1328607180e-01
 844.000 8.6536844000e-01 1.1188410950e-01
 845.000 8.7907134000e-01 1.1380851750e-01
 846.000 8.8747253000e-01 1.1508545680e-01
 847.000 8.5747934000e-01 1.1139649200e-01
 848.000 8.8169713000e-01 1.1426803590e-01
 849.000 8.8342105000e-01 1.1457717130e-01
 850.000 7.6337401000e-01 9.8869445800e-02
 851.000 8.7398969000e-01 1.1303164670e-01
 852.000 8.4087864000e-01 1.0880390930e-01
 853.000 8.5139806000e-01 1.1039216610e-01
 854.000 6.8443566000e-01 8.8760063170e-02
 855.000 7.5374640000e-01 9.7893707280e-02
 856.000 8.5592361000e-01 1.1140116880e-01
 857.000 8.6981970000e-01 1.1337814330e-01
 858.000 8.5598527000e-01 1.1163411710e-01
 859.000 8.5606809000e-01 1.1178342440e-01
 860.000 8.4850867000e-01 1.1089170840e-01
 861.000 8.4839649000e-01 1.1089472960e-01
 862.000 8.4562165000e-01 1.1055010220e-01
 863.000 8.6177789000e-01 1.1272742460e-01
 864.000 8.6005467000e-01 1.1247732540e-01
 865.000 8.4403153000e-01 1.1047010040e-01
 866.000 7.0796436000e-01 9.2698585510e-02
 867.000 7.5389110000e-01 9.8638046260e-02
 868.000 8.1761913000e-01 1.0703225710e-01
 869.000 8.0614000000e-01 1.0554755400e-01
 870.000 8.3937764000e-01 1.0996167760e-01
 871.000 8.3818563000e-01 1.0979891970e-01
 872.000 8.3480777000e-01 1.0928965000e-01
 873.000 8.3813838000e-01 1.0978361510e-01
 874.000 8.1975090000e-01 1.0735059360e-01
 875.000 8.1220262000e-01 1.0643863680e-01
 876.000 8.1892726000e-01 1.0728150940e-01
 877.000 8.3523291000e-01 1.0936618040e-01
 878.000 8.2082040000e-01 1.0746298220e-01
 879.000 8.2271608000e-01 1.0774732210e-01
 880.000 8.1788951000e-01 1.0700015260e-01
 881.000 7.7534810000e-01 1.0144277950e-01
 882.000 8.1812692000e-01 1.0694907380e-01
 883.000 7.9947035000e-01 1.0463485720e-01
 884.000 8.0625933000e-01 1.0564311980e-01
 885.000 8.1445600000e-01 1.0643264770e-01
 886.000 7.8765823000e-01 1.0281784060e-01
 887.000 7.7964416000e-01 1.0189534760e-01
 888.000 8.0296931000e-01 1.0487849430e-01
 889.000 8.0841050000e-01 1.0576045990e-01
 890.000 8.0575500000e-01 1.0530429840e-01
 891.000 8.0094721000e-01 1.0441568760e-01
 892.000 7.9661589000e-01 1.0339304350e-01
 893.000 7.6056522000e-01 9.7317253110e-02
 894.000 7.8271124000e-01 9.9513763430e-02
 895.000 7.3278402000e-01 9.1428909300e-02
 896.000 7.4684160000e-01 9.1508834840e-02
 897.000 7.1422167000e-01 8.5984970090e-02
 898.000 7.0816314000e-01 8.4499168400e-02
 899.000 6.8674133000e-01 8.0008857730e-02
 900.000 6.7255038000e-01 7.8579788210e-02
 901.000 6.5295414000e-01 7.5847221370e-02
 902.000 6.4177660000e-01 7.4668418880e-02
 903.000 7.0724458000e-01 8.5610343930e-02
 904.000 7.4146383000e-01 9.1929626460e-02
 905.000 7.3867044000e-01 9.1644416810e-02
 906.000 7.0633741000e-01 8.6341094970e-02
 907.000 6.9522005000e-01 8.2737792970e-02
 908.000 6.6335351000e-01 7.7547454830e-02
 909.000 6.5087398000e-01 7.6136482240e-02
 910.000 6.6079558000e-01 7.7505844120e-02
 911.000 6.6886259000e-01 7.9445739750e-02
 912.000 6.6550310000e-01 7.8522521970e-02
 913.000 6.5974068000e-01 7.5988166810e-02
 914.000 6.6592830000e-01 7.7633354190e-02
 915.000 6.6312721000e-01 7.8150726320e-02
 916.000 6.7256175000e-01 7.9453399660e-02
 917.000 6.6632865000e-01 7.9140014650e-02
 918.000 6.6848327000e-01 7.9952430730e-02
 919.000 6.9637007000e-01 8.5372978210e-02
 920.000 7.0389568000e-01 8.7709022520e-02
 921.000 6.8538775000e-01 8.5088272090e-02
 922.000 6.7896439000e-01 8.4315162660e-02
 923.000 6.4681353000e-01 7.9798957820e-02
 924.000 6.6491396000e-01 8.1213447570e-02
 925.000 6.7299579000e-01 8.2074165340e-02
 926.000 6.4884703000e-01 7.8988304140e-02
 927.000 6.6214600000e-01 7.9567764280e-02
 928.000 6.4927533000e-01 7.6266929630e-02
 929.000 6.1584077000e-01 6.9998680110e-02
 930.000 5.8280876000e-01 6.3276668550e-02
 931.000 5.4654828000e-01 5.5831153870e-02
 932.000 4.9365335000e-01 4.6164196010e-02
 933.000 4.5785567000e-01 4.0183509830e-02
 934.000 4.1463566000e-01 3.4026733400e-02
 935.000 4.0442806000e-01 3.2909446720e-02
 936.000 4.1709635000e-01 3.4840690610e-02
 937.000 4.2222367000e-01 3.5081085210e-02
 938.000 4.6038771000e-01 4.1242744450e-02
 939.000 5.7036432000e-01 6.1103595730e-02
 940.000 5.8231430000e-01 6.3752212520e-02
 941.000 5.5632284000e-01 5.9867404940e-02
 942.000 5.0464499000e-01 5.1567058560e-02
 943.000 4.7669160000e-01 4.4284023280e-02
 944.000 4.5985556000e-01 4.2418159480e-02
 945.000 4.8411380000e-01 4.6166732790e-02
 946.000 4.9167504000e-01 4.7007957460e-02
 947.000 5.0598171000e-01 4.9938388820e-02
 948.000 5.1913087000e-01 5.2197334290e-02
 949.000 5.1931310000e-01 5.2128379820e-02
 950.000 5.1841321000e-01 5.2296543120e-02
 951.000 5.3753815000e-01 5.6422222140e-02
 952.000 5.1348886000e-01 5.1727527620e-02
 953.000 5.2863419000e-01 5.4907062530e-02
 954.000 5.4086944000e-01 5.7939277650e-02
 955.000 4.9180375000e-01 5.1475181580e-02
 956.000 5.2121361000e-01 5.4319683070e-02
 957.000 5.6441162000e-01 6.3131061550e-02
 958.000 5.7418749000e-01 6.4780891420e-02
 959.000 5.6907986000e-01 6.3638309480e-02
 960.000 5.6152765000e-01 6.2654163360e-02
 961.000 5.5186841000e-01 6.1295024870e-02
 962.000 5.5779010000e-01 6.2284381870e-02
 963.000 5.7979120000e-01 6.6857048030e-02
 964.000 5.7635710000e-01 6.6784683230e-02
 965.000 5.8113106000e-01 6.7186431880e-02
 966.000 5.6548479000e-01 6.5525161740e-02
 967.000 5.9853056000e-01 7.0884513850e-02
 968.000 6.1837873000e-01 7.5889144900e-02
 969.000 6.3399220000e-01 7.9070617680e-02
 970.000 6.3632040000e-01 7.9453125000e-02
 971.000 6.3037872000e-01 7.8704582210e-02
 972.000 6.3153744000e-01 7.8511840820e-02
 973.000 6.1784935000e-01 7.6039886470e-02
 974.000 5.9902560000e-01 7.2825592040e-02
 975.000 5.9595131000e-01 7.1887931820e-02
 976.000 6.1066704000e-01 7.4412506100e-02
 977.000 6.0714532000e-01 7.5211212160e-02
 978.000 6.2111251000e-01 7.6873748780e-02
 979.000 6.0607858000e-01 7.5362693790e-02
 980.000 6.2687251000e-01 7.9283561710e-02
 981.000 6.3386008000e-01 8.0487113950e-02
 982.000 6.2972753000e-01 7.9686340330e-02
 983.000 6.3425527000e-01 8.0978134160e-02
 984.000 6.3640331000e-01 8.2012985230e-02
 985.000 6.3972020000e-01 8.2890960690e-02
 986.000 6.3915640000e-01 8.3409667970e-02
 987.000 6.4850433000e-01 8.4902214050e-02
 988.000 6.4088792000e-01 8.3975852970e-02
 989.000 6.3301523000e-01 8.2991676330e-02
 990.000 6.3887761000e-01 8.3831901550e-02
 991.000 6.4580453000e-01 8.4981323240e-02
 992.000 6.4029508000e-01 8.4332672120e-02
 993.000 6.4042371000e-01 8.4385635380e-02
 994.000 6.4514721000e-01 8.5222808840e-02
 995.000 6.4142592000e-01 8.4889770510e-02
 996.000 6.4128314000e-01 8.4880676270e-02
 997.000 6.4129856000e-01 8.4800704960e-02
 998.000 6.3818034000e-01 8.4298240660e-02
 999.000 6.3630841000e-01 8.4023170470e-02
1000.000 6.3144947000e-01 8.3423194890e-02
1001.000 6.3345758000e-01 8.3489761350e-02
1002.000 6.3011342000e-01 8.2726928710e-02
1003.000 6.2329709000e-01 8.1927108760e-02
1004.000 6.1940446000e-01 8.1623283390e-02
1005.000 5.7925619000e-01 7.6428794860e-02
1006.000 6.0968377000e-01 8.0490852360e-02
1007.000 6.2035107000e-01 8.1851310730e-02
1008.000 6.2109854000e-01 8.1696144100e-02
1009.000 6.1481669000e-01 8.0533882140e-02
1010.000 6.1820771000e-01 8.1152290340e-02
1011.000 6.1749969000e-01 8.1451789860e-02
1012.000 6.1867191000e-01 8.1766502380e-02
1013.000 6.1495648000e-01 8.1404991150e-02
1014.000 6.1919865000e-01 8.2045265200e-02
1015.000 6.0781266000e-01 8.0576484680e-02
1016.000 6.1203310000e-01 8.1219001770e-02
1017.000 6.0609703000e-01 8.0489387510e-02
1018.000 6.1366017000e-01 8.1460029600e-02
1019.000 5.9885912000e-01 7.9391624450e-02
1020.000 5.9786120000e-01 7.9303672790e-02
1021.000 6.0435391000e-01 8.0244941710e-02
1022.000 5.9436001000e-01 7.8743850710e-02
1023.000 6.0498933000e-01 8.0002738950e-02
1024.000 6.0145112000e-01 7.9441078190e-02
1025.000 6.0259615000e-01 7.9819992070e-02
1026.000 6.0387571000e-01 8.0107864380e-02
1027.000 5.9997900000e-01 7.9581390380e-02
1028.000 6.0158695000e-01 7.9869773860e-02
1029.000 5.9293607000e-01 7.8862907410e-02
1030.000 5.9940941000e-01 7.9863578800e-02
1031.000 5.9776598000e-01 7.9739601140e-02
1032.000 5.9585125000e-01 7.9559677120e-02
1033.000 5.8491488000e-01 7.8120346070e-02
1034.000 5.9062838000e-01 7.8916519170e-02
1035.000 5.8291221000e-01 7.7897071840e-02
1036.000 5.9254471000e-01 7.9204147340e-02
1037.000 5.8006409000e-01 7.7552894590e-02
1038.000 5.8579922000e-01 7.8332710270e-02
1039.000 5.8818500000e-01 7.8647575380e-02
1040.000 5.8121669000e-01 7.7715972900e-02
1041.000 5.8424157000e-01 7.8115379330e-02
1042.000 5.8596918000e-01 7.8347778320e-02
1043.000 5.7584951000e-01 7.6999755860e-02
1044.000 5.8157181000e-01 7.7764282230e-02
1045.000 5.7902362000e-01 7.7437095640e-02
1046.000 5.6217543000e-01 7.5209236150e-02
1047.000 5.7248374000e-01 7.6609291080e-02
1048.000 5.7815642000e-01 7.7397003170e-02
1049.000 5.7443701000e-01 7.6936599730e-02
1050.000 5.7201881000e-01 7.6624938960e-02
1051.000 5.7099028000e-01 7.6465499880e-02
1052.000 5.6828016000e-01 7.6090698240e-02
1053.000 5.6688363000e-01 7.5902534480e-02
1054.000 5.6264954000e-01 7.5278465270e-02
1055.000 5.6674373000e-01 7.5824890140e-02
1056.000 5.6520841000e-01 7.5600257870e-02
1057.000 5.6414077000e-01 7.5401519780e-02
1058.000 5.5807188000e-01 7.4468719480e-02
1059.000 5.4053075000e-01 7.2168502810e-02
1060.000 5.6008841000e-01 7.4885704040e-02
1061.000 5.4043947000e-01 7.2299919130e-02
1062.000 5.5532601000e-01 7.4169960020e-02
1063.000 5.4592088000e-01 7.2935417180e-02
1064.000 5.5265329000e-01 7.3768211360e-02
1065.000 5.5181519000e-01 7.3542152400e-02
1066.000 5.3491257000e-01 7.1294990540e-02
1067.000 5.4753498000e-01 7.2929588320e-02
1068.000 5.4479055000e-01 7.2367736820e-02
1069.000 5.0348128000e-01 6.6773109440e-02
1070.000 5.3342141000e-01 7.0776283260e-02
1071.000 5.3389177000e-01 7.0731338500e-02
1072.000 5.3527624000e-01 7.0813255310e-02
1073.000 5.1758637000e-01 6.8463264470e-02
1074.000 5.3578611000e-01 7.0900276180e-02
1075.000 5.1973822000e-01 6.8953178410e-02
1076.000 5.3076628000e-01 7.0313415530e-02
1077.000 5.2907680000e-01 6.9955169680e-02
1078.000 5.2984056000e-01 6.9901390080e-02
1079.000 5.0935304000e-01 6.7184234620e-02
1080.000 5.2278786000e-01 6.8541816710e-02
1081.000 5.0346333000e-01 6.5988525390e-02
1082.000 5.1060946000e-01 6.7088981630e-02
1083.000 4.9596415000e-01 6.4940452580e-02
1084.000 5.1387864000e-01 6.7037002560e-02
1085.000 5.0465039000e-01 6.5285949710e-02
1086.000 5.1184399000e-01 6.6328605650e-02
1087.000 4.8309634000e-01 6.3161952970e-02
1088.000 5.1246363000e-01 6.7054260250e-02
1089.000 4.8963478000e-01 6.3393493650e-02
1090.000 4.9962822000e-01 6.4579010010e-02
1091.000 5.0353958000e-01 6.5242813110e-02
1092.000 4.9017491000e-01 6.3191055300e-02
1093.000 4.8029098000e-01 6.1205471040e-02
1094.000 4.3547474800e-01 5.5202285770e-02
1095.000 4.7164639000e-01 5.9823055270e-02
1096.000 4.7297222000e-01 6.0038135530e-02
1097.000 4.6290816000e-01 5.8580013280e-02
1098.000 4.4557892300e-01 5.4787464140e-02
1099.000 4.3526364400e-01 5.2205787660e-02
1100.000 4.4355639100e-01 5.3290817260e-02
1101.000 4.4421537800e-01 5.3548667910e-02
1102.000 4.2505190200e-01 5.1143333440e-02
1103.000 4.4300196700e-01 5.3413982390e-02
1104.000 4.3780136800e-01 5.2560386660e-02
1105.000 4.3204778800e-01 5.1319267270e-02
1106.000 4.2322472800e-01 4.9746135710e-02
1107.000 4.2406003000e-01 4.9951660160e-02
1108.000 4.2372744600e-01 4.9971340180e-02
1109.000 4.3022429100e-01 5.1139923100e-02
1110.000 4.3198242900e-01 5.1217300420e-02
1111.000 4.2401053800e-01 4.9985065460e-02
1112.000 4.0764569800e-01 4.6929252620e-02
1113.000 3.8893485200e-01 4.3127742770e-02
1114.000 3.8872852300e-01 4.2522125240e-02
1115.000 3.6312147800e-01 3.7527641300e-02
1116.000 3.4495584700e-01 3.4358676910e-02
1117.000 3.1596575100e-01 2.9000705720e-02
1118.000 2.8201907000e-01 2.3902328490e-02
1119.000 2.5817468200e-01 2.0830167770e-02
1120.000 2.3801014700e-01 1.8017091750e-02
1121.000 2.3492691500e-01 1.7499938960e-02
1122.000 2.1116097500e-01 1.4584620480e-02
1123.000 2.2501189600e-01 1.6155660630e-02
1124.000 2.3396551200e-01 1.7207258220e-02
1125.000 2.2480875200e-01 1.6314428330e-02
1126.000 2.1876085400e-01 1.5799777030e-02
1127.000 2.2792904200e-01 1.6588834760e-02
1128.000 2.2714556200e-01 1.6767568590e-02
1129.000 2.4995924800e-01 1.9676893230e-02
1130.000 2.9875807300e-01 2.6576791760e-02
1131.000 3.1569498200e-01 2.9042980190e-02
1132.000 2.9773032000e-01 2.6131212230e-02
1133.000 2.5551465800e-01 2.0577806470e-02
1134.000 1.8687073100e-01 1.2151588440e-02
1135.000 1.9452076400e-01 1.2931497570e-02
1136.000 2.6167262900e-01 2.1428634640e-02
1137.000 2.9993037300e-01 2.6774675370e-02
1138.000 3.2043213900e-01 3.1084629060e-02
1139.000 3.3646587600e-01 3.3592342380e-02
1140.000 3.3144753900e-01 3.2581718440e-02
1141.000 3.0989237200e-01 2.9575063710e-02
1142.000 3.1403106600e-01 2.9633327480e-02
1143.000 2.9512552500e-01 2.6904869080e-02
1144.000 2.7784910500e-01 2.4379344940e-02
1145.000 2.5698614500e-01 2.1263771060e-02
1146.000 2.6499640300e-01 2.2243019100e-02
1147.000 2.8409770100e-01 2.4952928540e-02
1148.000 2.9671065700e-01 2.7091367720e-02
1149.000 3.0363597200e-01 2.8174341200e-02
1150.000 3.0238559100e-01 2.8153942110e-02
1151.000 3.1024492400e-01 2.9630014420e-02
1152.000 3.1388334500e-01 3.0350616460e-02
1153.000 3.1956979500e-01 3.1450063710e-02
1154.000 3.1981755100e-01 3.1375770570e-02
1155.000 3.3264561600e-01 3.3758075710e-02
1156.000 3.4109809000e-01 3.5883209230e-02
1157.000 3.7050816900e-01 4.1593120570e-02
1158.000 3.8087711700e-01 4.3790210720e-02
1159.000 3.8409626000e-01 4.5035503390e-02
1160.000 3.8268476500e-01 4.5243331910e-02
1161.000 3.8321132800e-01 4.6145084380e-02
1162.000 4.0352801100e-01 4.9289482120e-02
1163.000 4.1309332200e-01 5.1298492430e-02
1164.000 4.0653051900e-01 5.0667579650e-02
1165.000 4.1487995100e-01 5.1828475950e-02
1166.000 4.0567633800e-01 5.0884410860e-02
1167.000 4.1321984500e-01 5.1962001800e-02
1168.000 4.1643121100e-01 5.2333789830e-02
1169.000 4.0309846700e-01 5.0789550780e-02
1170.000 4.1494875100e-01 5.2401695250e-02
1171.000 4.1962223200e-01 5.3286960600e-02
1172.000 4.1667244700e-01 5.2756073000e-02
1173.000 4.1216965400e-01 5.2038639070e-02
1174.000 4.1247150900e-01 5.2094902040e-02
1175.000 4.1192148200e-01 5.2468353270e-02
1176.000 4.0580657700e-01 5.2096324920e-02
1177.000 4.1648054600e-01 5.3278518680e-02
1178.000 4.0570172800e-01 5.1522003170e-02
1179.000 4.0389163700e-01 5.1300891880e-02
1180.000 4.0820214000e-01 5.1717098240e-02
1181.000 4.0258700300e-01 5.0661251070e-02
1182.000 3.9958123500e-01 4.9946273800e-02
1183.000 3.7678806000e-01 4.7142097470e-02
1184.000 3.9575883500e-01 4.9714775090e-02
1185.000 4.0590881800e-01 5.1489513400e-02
1186.000 4.0204495200e-01 5.0859798430e-02
1187.000 3.9718225800e-01 4.9763042450e-02
1188.000 3.9399339600e-01 4.9258686070e-02
1189.000 3.7386770700e-01 4.7028404240e-02
1190.000 3.9998933200e-01 5.1095890050e-02
1191.000 4.0854895100e-01 5.2428871150e-02
1192.000 4.0962295300e-01 5.2916786190e-02
1193.000 4.0906654900e-01 5.2762981410e-02
1194.000 4.0778310100e-01 5.2553966520e-02
1195.000 3.9997931800e-01 5.1221759800e-02
1196.000 4.0016957500e-01 5.1302791600e-02
1197.000 3.9849281100e-01 5.0934921260e-02
1198.000 3.8476531700e-01 4.9154148100e-02
1199.000 3.6862748600e-01 4.6914249420e-02
1200.000 3.9297505300e-01 5.0134380340e-02
1201.000 3.9623066400e-01 5.0616325380e-02
1202.000 3.9714326400e-01 5.0829246520e-02
1203.000 3.7670820900e-01 4.8163719180e-02
1204.000 3.8356345000e-01 4.9152179720e-02
1205.000 3.9775654900e-01 5.1540119170e-02
1206.000 3.9780565200e-01 5.1809070590e-02
1207.000 4.0148714900e-01 5.2399532320e-02
1208.000 3.9491623000e-01 5.1460021970e-02
1209.000 3.6910996500e-01 4.7972057340e-02
1210.000 3.9294301200e-01 5.0837989810e-02
1211.000 3.7952959100e-01 4.9073158260e-02
1212.000 3.9196877000e-01 5.0744823460e-02
1213.000 3.9556681800e-01 5.1440246580e-02
1214.000 3.9350159100e-01 5.1145141600e-02
1215.000 3.9558233300e-01 5.1508918760e-02
1216.000 3.9735342200e-01 5.2109447480e-02
1217.000 3.9896837100e-01 5.2647068020e-02
1218.000 3.9854723500e-01 5.2754467010e-02
1219.000 3.9531650700e-01 5.2428771970e-02
1220.000 3.9805272800e-01 5.2796276090e-02
1221.000 3.9757911200e-01 5.2766899110e-02
1222.000 3.9556067700e-01 5.2513023380e-02
1223.000 3.9389448900e-01 5.2341148380e-02
1224.000 3.9842672500e-01 5.3146816250e-02
1225.000 3.9654971500e-01 5.2953746800e-02
1226.000 3.9835316200e-01 5.3272418980e-02
1227.000 3.8551987100e-01 5.1669479370e-02
1228.000 3.9838741700e-01 5.3538543700e-02
1229.000 3.9853815900e-01 5.3673332210e-02
1230.000 3.9784220000e-01 5.3708663940e-02
1231.000 3.9821237100e-01 5.3837154390e-02
1232.000 3.9385770600e-01 5.3287666320e-02
1233.000 3.9704170600e-01 5.3748905180e-02
1234.000 3.9671339300e-01 5.3863761900e-02
1235.000 3.9426598900e-01 5.3595367430e-02
1236.000 3.9676471100e-01 5.3983100890e-02
1237.000 3.9701725100e-01 5.4078826900e-02
1238.000 3.9686143500e-01 5.4089553830e-02
1239.000 3.9238407200e-01 5.3503391270e-02
1240.000 3.9060765000e-01 5.3292549130e-02
1241.000 3.9401734700e-01 5.3775550840e-02
1242.000 3.9162076400e-01 5.3461597440e-02
1243.000 3.8716370200e-01 5.2868354800e-02
1244.000 3.8352121100e-01 5.2369808200e-02
1245.000 3.8999835700e-01 5.3260318760e-02
1246.000 3.8683810500e-01 5.2806686400e-02
1247.000 3.8475292900e-01 5.2496547700e-02
1248.000 3.8756282600e-01 5.2857418060e-02
1249.000 3.8605671000e-01 5.2643028260e-02
1250.000 3.8437650800e-01 5.2391994480e-02
1251.000 3.8154553500e-01 5.1990436550e-02
1252.000 3.8010574200e-01 5.1760009770e-02
1253.000 3.7664979300e-01 5.1251205440e-02
1254.000 3.7700457600e-01 5.1214073180e-02
1255.000 3.7591766400e-01 5.1015651700e-02
1256.000 3.7471960700e-01 5.0816703800e-02
1257.000 3.6987039900e-01 5.0093406680e-02
1258.000 3.6994604700e-01 4.9962997440e-02
1259.000 3.6470833300e-01 4.9145919800e-02
1260.000 3.6383820500e-01 4.8901023860e-02
1261.000 3.6161886100e-01 4.8470767970e-02
1262.000 3.5058101500e-01 4.6766315460e-02
1263.000 3.5355773100e-01 4.7108482360e-02
1264.000 3.4721558500e-01 4.6239395140e-02
1265.000 3.4753773500e-01 4.6278068540e-02
1266.000 3.4839548900e-01 4.6313602450e-02
1267.000 3.4031884600e-01 4.5162750240e-02
1268.000 3.3523064300e-01 4.4417312620e-02
1269.000 3.3758321200e-01 4.4700580600e-02
1270.000 3.4576659800e-01 4.5989009860e-02
1271.000 3.4968798000e-01 4.6592559810e-02
1272.000 3.5027395500e-01 4.6763423920e-02
1273.000 3.5143706700e-01 4.7035396580e-02
1274.000 3.5113892800e-01 4.7140781400e-02
1275.000 3.5408082300e-01 4.7585102080e-02
1276.000 3.5516623600e-01 4.7740940090e-02
1277.000 3.5520686700e-01 4.7723243710e-02
1278.000 3.5451917900e-01 4.7593433380e-02
1279.000 3.5249578400e-01 4.7329448700e-02
1280.000 3.5139794400e-01 4.7292144780e-02
1281.000 3.4232061600e-01 4.6172428130e-02
1282.000 3.0475092000e-01 4.1195930480e-02
1283.000 3.3497622800e-01 4.5323654170e-02
1284.000 3.4886161400e-01 4.7206111910e-02
1285.000 3.5170510900e-01 4.7611660000e-02
1286.000 3.5115921500e-01 4.7467094420e-02
1287.000 3.5242792700e-01 4.7516105650e-02
1288.000 3.4693488700e-01 4.6361537930e-02
1289.000 3.4798629200e-01 4.6370716090e-02
1290.000 3.3986594400e-01 4.5264614110e-02
1291.000 3.4510202700e-01 4.5999832150e-02
1292.000 3.4797496600e-01 4.6517204280e-02
1293.000 3.4841456800e-01 4.6563522340e-02
1294.000 3.4147008700e-01 4.5432106020e-02
1295.000 3.4281488500e-01 4.5316123960e-02
1296.000 3.4062148100e-01 4.4730384830e-02
1297.000 3.3652277300e-01 4.3963752750e-02
1298.000 3.3333199400e-01 4.3514980320e-02
1299.000 3.3655668900e-01 4.3904895780e-02
1300.000 3.3486654100e-01 4.3647293090e-02
1301.000 3.3388631600e-01 4.3448802950e-02
1302.000 3.2820262500e-01 4.2532924650e-02
1303.000 3.2222536200e-01 4.1294425960e-02
1304.000 3.2085678700e-01 4.0920890810e-02
1305.000 3.2210565500e-01 4.0992561340e-02
1306.000 3.2188919500e-01 4.0875267030e-02
1307.000 3.1987493100e-01 4.0508613590e-02
1308.000 3.1690035300e-01 3.9845142360e-02
1309.000 3.1296684100e-01 3.8977096560e-02
1310.000 3.1124223100e-01 3.8724639890e-02
1311.000 3.1038984200e-01 3.8612075810e-02
1312.000 3.0495976100e-01 3.7527221680e-02
1313.000 2.8885278300e-01 3.5092864990e-02
1314.000 2.9337227200e-01 3.5242237090e-02
1315.000 2.8559727400e-01 3.4482376100e-02
1316.000 2.9557630400e-01 3.5958179470e-02
1317.000 2.9858077900e-01 3.6305141450e-02
1318.000 2.8918717400e-01 3.4684947970e-02
1319.000 2.8554109300e-01 3.3594257350e-02
1320.000 2.7482329400e-01 3.1556015010e-02
1321.000 2.7028805500e-01 3.0709348680e-02
1322.000 2.7536100900e-01 3.1784433360e-02
1323.000 2.8225175300e-01 3.3083694460e-02
1324.000 2.8551709200e-01 3.3726856230e-02
1325.000 2.8313267700e-01 3.3261688230e-02
1326.000 2.7604955900e-01 3.1936340330e-02
1327.000 2.6151353500e-01 2.9096548080e-02
1328.000 2.4837682500e-01 2.6274095540e-02
1329.000 2.1428105700e-01 2.0632148740e-02
1330.000 2.0823082200e-01 1.9361955640e-02
1331.000 2.0274244300e-01 1.8425500870e-02
1332.000 2.0054790300e-01 1.8338903430e-02
1333.000 2.1156372800e-01 1.9726285930e-02
1334.000 2.1998759000e-01 2.1049209590e-02
1335.000 2.2593496800e-01 2.2030628200e-02
1336.000 2.2582976700e-01 2.2168251040e-02
1337.000 2.2838593100e-01 2.2483320240e-02
1338.000 2.3214204800e-01 2.3177822110e-02
1339.000 2.3265628400e-01 2.3355524060e-02
1340.000 2.3427941400e-01 2.3808528900e-02
1341.000 2.3823547900e-01 2.4003938670e-02
1342.000 2.3813798300e-01 2.4016641620e-02
1343.000 2.2909599800e-01 2.1979599000e-02
1344.000 2.1523304200e-01 1.9467018130e-02
1345.000 1.7806840000e-01 1.3917276380e-02
1346.000 1.5188783900e-01 1.0415064810e-02
1347.000 1.3471815200e-01 8.4769392010e-03
1348.000 1.1168308400e-01 5.8997516630e-03
1349.000 1.0157854990e-01 4.9940972330e-03
1350.000 7.9123254300e-02 3.0777518750e-03
1351.000 6.8307054300e-02 2.3750669960e-03
1352.000 5.2246256200e-02 1.4078311920e-03
1353.000 3.7031540400e-02 7.7245610950e-04
1354.000 2.9610078100e-02 5.1656627660e-04
1355.000 2.2989704300e-02 3.3159202340e-04
1356.000 1.7384968900e-02 2.0214092730e-04
1357.000 1.1883095970e-02 1.0211924460e-04
1358.000 8.7943122300e-03 6.2469702210e-05
1359.000 4.6371929600e-03 2.1288655700e-05
1360.000 3.0667207900e-03 1.1215317060e-05
1361.000 2.2822909500e-03 6.6899284720e-06
1362.000 2.1000791800e-03 5.8892555530e-06
1363.000 3.0298730500e-03 1.0270847940e-05
1364.000 3.5132276400e-03 1.2861252760e-05
1365.000 3.6785396100e-03 1.3577027250e-05
1366.000 4.2481007200e-03 1.6958639030e-05
1367.000 3.5684724900e-03 1.3300302440e-05
1368.000 3.1641456000e-03 1.1505397970e-05
1369.000 3.2446900700e-03 1.2109467760e-05
1370.000 5.3662067800e-03 2.8049819170e-05
1371.000 9.5567530800e-03 7.0165045560e-05
1372.000 1.7696200500e-02 1.9365276400e-04
1373.000 2.5103540400e-02 3.4172102810e-04
1374.000 3.0483569500e-02 4.7293823960e-04
1375.000 3.2500842000e-02 5.3136688470e-04
1376.000 3.0145870300e-02 4.7171866890e-04
1377.000 2.6837312100e-02 3.8586086030e-04
1378.000 2.0455606800e-02 2.4641737340e-04
1379.000 1.4046724040e-02 1.3329824810e-04
1380.000 7.9669018700e-03 5.3383346650e-05
1381.000 4.6085496800e-03 2.2327505050e-05
1382.000 3.2226955600e-03 1.2630045410e-05
1383.000 3.1180844000e-03 1.1812874120e-05
1384.000 5.0718389800e-03 2.5466192510e-05
1385.000 7.2001214900e-03 4.4632256030e-05
1386.000 1.0997439070e-02 8.8000319900e-05
1387.000 2.0206289900e-02 2.4199622870e-04
1388.000 2.6781619500e-02 3.8025593760e-04
1389.000 3.0763995100e-02 4.8506632450e-04
1390.000 3.1403326300e-02 5.0758892300e-04
1391.000 2.9315378200e-02 4.5232537390e-04
1392.000 2.2163676000e-02 2.8665786980e-04
1393.000 1.6942383100e-02 1.8728989360e-04
1394.000 1.2979798700e-02 1.2249618020e-04
1395.000 1.4631332700e-02 1.4870882030e-04
1396.000 2.0077420500e-02 2.4619437750e-04
1397.000 2.5909793400e-02 3.7527802590e-04
1398.000 2.6682593800e-02 3.9299628140e-04
1399.000 2.4913639300e-02 3.5697004200e-04
1400.000 2.3296367800e-02 3.2492834330e-04
1401.000 2.4765235000e-02 3.6567443610e-04
1402.000 3.0702190500e-02 5.1212614770e-04
1403.000 3.5348599100e-02 6.6645091770e-04
1404.000 3.3248508800e-02 6.0143929720e-04
1405.000 3.4827078700e-02 6.6692984100e-04
1406.000 3.2294485500e-02 5.8534371850e-04
1407.000 3.3492592800e-02 6.4106118680e-04
1408.000 4.0143250900e-02 8.6305326220e-04
1409.000 4.7057086400e-02 1.1473597290e-03
1410.000 5.7715212600e-02 1.6179581880e-03
1411.000 6.8650255400e-02 2.2322688100e-03
1412.000 6.6324023600e-02 2.1582920550e-03
1413.000 7.3149394800e-02 2.5889999870e-03
1414.000 7.2120293200e-02 2.4902100560e-03
1415.000 7.9728354900e-02 3.0420706270e-03
1416.000 8.5662789200e-02 3.4520673750e-03
1417.000 8.7868497800e-02 3.6462428570e-03
1418.000 8.8651628000e-02 3.6900126930e-03
1419.000 8.8467167600e-02 3.7545857430e-03
1420.000 9.0568458800e-02 3.9082837100e-03
1421.000 1.0186348070e-01 4.8065280910e-03
1422.000 1.0428723200e-01 5.0876345630e-03
1423.000 1.0545050540e-01 5.2481451030e-03
1424.000 1.0509213610e-01 5.2047843930e-03
1425.000 1.0389878800e-01 5.0515217780e-03
1426.000 1.0017299680e-01 4.8803291320e-03
1427.000 1.0610389550e-01 5.3504228590e-03
1428.000 1.1206670350e-01 5.7889013290e-03
1429.000 1.1366892400e-01 6.0544867520e-03
1430.000 1.1090473800e-01 5.9129328730e-03
1431.000 1.0332037350e-01 5.2736458780e-03
1432.000 1.0102528570e-01 5.0145773890e-03
1433.000 1.0074053370e-01 4.9872093200e-03
1434.000 9.6088280100e-02 4.6499514580e-03
1435.000 1.0316004450e-01 5.2188353540e-03
1436.000 1.0572926040e-01 5.4472336770e-03
1437.000 1.0741471210e-01 5.5864157680e-03
1438.000 1.1387881010e-01 6.1886549000e-03
1439.000 1.1598055720e-01 6.3279857640e-03
1440.000 1.1120752050e-01 6.1490712170e-03
1441.000 1.1811493890e-01 6.5789361000e-03
1442.000 1.1329903640e-01 6.2242975230e-03
1443.000 1.1533540670e-01 6.3511962890e-03
1444.000 1.1793589240e-01 6.5742492680e-03
1445.000 1.1817213740e-01 6.6121897700e-03
1446.000 1.2368982820e-01 7.0938396450e-03
1447.000 1.2707102400e-01 7.4493470190e-03
1448.000 1.2851935300e-01 7.5664534570e-03
1449.000 1.2599556700e-01 7.3184084890e-03
1450.000 1.2048191880e-01 6.8462052350e-03
1451.000 1.2183106360e-01 7.0089044570e-03
1452.000 1.2716471800e-01 7.6359534260e-03
1453.000 1.4170204800e-01 9.0301198960e-03
1454.000 1.5419650800e-01 1.0411365510e-02
1455.000 1.6017299300e-01 1.1195912360e-02
1456.000 1.6728079500e-01 1.2092803000e-02
1457.000 1.6997114200e-01 1.2351360320e-02
1458.000 1.7329677200e-01 1.2683251380e-02
1459.000 1.6842601500e-01 1.2060003280e-02
1460.000 1.6074677600e-01 1.1293204310e-02
1461.000 1.5766256300e-01 1.0970026020e-02
1462.000 1.4917114600e-01 1.0077072140e-02
1463.000 1.4818201300e-01 1.0029614450e-02
1464.000 1.4626721500e-01 9.8222188950e-03
1465.000 1.4302112200e-01 9.3939018250e-03
1466.000 1.3329080400e-01 8.5078268050e-03
1467.000 1.3232310700e-01 8.2721157070e-03
1468.000 1.2417975250e-01 7.5806927680e-03
1469.000 1.1779722990e-01 6.8952865600e-03
1470.000 1.1438542240e-01 6.5996699330e-03
1471.000 1.2138774760e-01 7.4047651290e-03
1472.000 1.3367054400e-01 8.6867694850e-03
1473.000 1.5022287600e-01 1.0519880290e-02
1474.000 1.5746304400e-01 1.1636847500e-02
1475.000 1.6026305000e-01 1.1877036090e-02
1476.000 1.6052359500e-01 1.1930329320e-02
1477.000 1.5708199800e-01 1.1533863070e-02
1478.000 1.5093798600e-01 1.0953837390e-02
1479.000 1.4794317900e-01 1.0541259770e-02
1480.000 1.5102556000e-01 1.0949839590e-02
1481.000 1.5385083200e-01 1.1440557480e-02
1482.000 1.6080333500e-01 1.2298274990e-02
1483.000 1.5902410500e-01 1.2277402880e-02
1484.000 1.6005593000e-01 1.2412138940e-02
1485.000 1.6235608700e-01 1.2584147450e-02
1486.000 1.6373122200e-01 1.3006894110e-02
1487.000 1.7375806600e-01 1.4451726910e-02
1488.000 1.5227465400e-01 1.2752643590e-02
1489.000 1.8687509400e-01 1.6599884030e-02
1490.000 1.9771779800e-01 1.8453996660e-02
1491.000 2.0478550300e-01 1.9623653410e-02
1492.000 2.0107245800e-01 1.9408966060e-02
1493.000 2.0850772300e-01 2.0462068560e-02
1494.000 2.0820268400e-01 2.0535366060e-02
1495.000 2.0992948400e-01 2.1048690800e-02
1496.000 2.0956923300e-01 2.1499294280e-02
1497.000 2.1468005100e-01 2.2125782010e-02
1498.000 2.2176359100e-01 2.3304269790e-02
1499.000 2.2275506600e-01 2.3840312960e-02
1500.000 2.2962595300e-01 2.4924392700e-02
1501.000 2.2831913700e-01 2.4756929400e-02
1502.000 2.2463718800e-01 2.4281938550e-02
1503.000 2.0067153600e-01 2.1658363340e-02
1504.000 2.1000954600e-01 2.2807830810e-02
1505.000 2.1263410700e-01 2.3416446690e-02
1506.000 2.1556585800e-01 2.3816495900e-02
1507.000 2.2838903800e-01 2.5550474170e-02
1508.000 2.2638054600e-01 2.5526330950e-02
1509.000 2.2890620200e-01 2.6026227950e-02
1510.000 2.3300865500e-01 2.6613195420e-02
1511.000 2.3515725600e-01 2.7024175640e-02
1512.000 2.3147038800e-01 2.6722255710e-02
1513.000 2.3137993100e-01 2.6805963520e-02
1514.000 2.2821177100e-01 2.6495029450e-02
1515.000 2.3351936100e-01 2.7240055080e-02
1516.000 2.3161280100e-01 2.7086448670e-02
1517.000 2.3099207100e-01 2.7124490740e-02
1518.000 2.3671628700e-01 2.7984354020e-02
1519.000 2.3493486900e-01 2.7983621600e-02
1520.000 2.3853741000e-01 2.8686128620e-02
1521.000 2.3514789800e-01 2.8448850630e-02
1522.000 2.3378752800e-01 2.8338251110e-02
1523.000 2.3981478000e-01 2.9161258700e-02
1524.000 2.3773021400e-01 2.8923807140e-02
1525.000 2.3199224600e-01 2.8233451840e-02
1526.000 2.3862915400e-01 2.9088338850e-02
1527.000 2.3651667100e-01 2.8919887540e-02
1528.000 2.3861913200e-01 2.9288852690e-02
1529.000 2.3787250100e-01 2.9229816440e-02
1530.000 2.2301487500e-01 2.7500917430e-02
1531.000 2.3866284000e-01 2.9517866130e-02
1532.000 2.3752593300e-01 2.9470594410e-02
1533.000 2.3656435000e-01 2.9417837140e-02
1534.000 2.3308583000e-01 2.9045471190e-02
1535.000 2.3407368400e-01 2.9230611800e-02
1536.000 2.3720682100e-01 2.9675153730e-02
1537.000 2.3814436600e-01 2.9877491000e-02
1538.000 2.3181635200e-01 2.9172409060e-02
1539.000 2.3683298900e-01 2.9888313290e-02
1540.000 2.2828227000e-01 2.8873279570e-02
1541.000 2.3309616500e-01 2.9527854920e-02
1542.000 2.3448362500e-01 2.9738491060e-02
1543.000 2.3384573500e-01 2.9706417080e-02
1544.000 2.3685004300e-01 3.0147369380e-02
1545.000 2.3775989400e-01 3.0341541290e-02
1546.000 2.3797915100e-01 3.0446977620e-02
1547.000 2.3566810000e-01 3.0220609660e-02
1548.000 2.2870780800e-01 2.9386514660e-02
1549.000 2.3456959000e-01 3.0182170870e-02
1550.000 2.3325124800e-01 3.0049161910e-02
1551.000 2.3202304900e-01 2.9915571210e-02
1552.000 2.3597788800e-01 3.0449913020e-02
1553.000 2.3474453900e-01 3.0325929640e-02
1554.000 2.2614335900e-01 2.9237081530e-02
1555.000 2.2991737900e-01 2.9765825270e-02
1556.000 2.2552808000e-01 2.9243240360e-02
1557.000 2.3291251800e-01 3.0254819870e-02
1558.000 2.3106829400e-01 3.0052865980e-02
1559.000 2.3108593800e-01 3.0089157100e-02
1560.000 2.2709509700e-01 2.9614122390e-02
1561.000 2.3239477700e-01 3.0326395030e-02
1562.000 2.3228602800e-01 3.0313119890e-02
1563.000 2.2881313200e-01 2.9871578220e-02
1564.000 2.2415350900e-01 2.9263473510e-02
1565.000 2.2740673200e-01 2.9679449080e-02
1566.000 2.2309800500e-01 2.9145336150e-02
1567.000 2.2273913400e-01 2.9088270190e-02
1568.000 2.1758087100e-01 2.8383888240e-02
1569.000 2.1776119800e-01 2.8368507390e-02
1570.000 2.1170273900e-01 2.7560588840e-02
1571.000 2.1737521500e-01 2.8327529910e-02
1572.000 2.1720861900e-01 2.8318347930e-02
1573.000 2.1390956000e-01 2.7932821270e-02
1574.000 2.1475319300e-01 2.8101623540e-02
1575.000 1.9952576400e-01 2.6150800700e-02
1576.000 2.1435652000e-01 2.8114906310e-02
1577.000 1.9363079700e-01 2.5411338810e-02
1578.000 2.1198485900e-01 2.7836303710e-02
1579.000 2.1330822100e-01 2.8037061690e-02
1580.000 2.1785934300e-01 2.8680414200e-02
1581.000 2.1641461600e-01 2.8506164550e-02
1582.000 2.1226407200e-01 2.8025859830e-02
1583.000 2.1507053200e-01 2.8459552760e-02
1584.000 2.1333855700e-01 2.8295278550e-02
1585.000 2.1978786400e-01 2.9205709460e-02
1586.000 2.1702746500e-01 2.8868806840e-02
1587.000 2.1476629100e-01 2.8620246890e-02
1588.000 2.1161538700e-01 2.8248878480e-02
1589.000 1.9360580100e-01 2.5867815020e-02
1590.000 2.0857988100e-01 2.7887432100e-02
1591.000 2.0390761700e-01 2.7283220290e-02
1592.000 2.1458541000e-01 2.8715097430e-02
1593.000 2.1920145500e-01 2.9328229900e-02
1594.000 2.1732544700e-01 2.9074256900e-02
1595.000 2.1829780000e-01 2.9204526900e-02
1596.000 2.0448679200e-01 2.7378030780e-02
1597.000 2.1207881400e-01 2.8384790420e-02
1598.000 2.1499323600e-01 2.8752923970e-02
1599.000 2.0655318700e-01 2.7593015670e-02
1600.000 2.0900527100e-01 2.7898986820e-02
1601.000 2.0020641100e-01 2.6744972230e-02
1602.000 2.0507439600e-01 2.7420448300e-02
1603.000 2.0384640500e-01 2.7309646610e-02
1604.000 2.0689194400e-01 2.7779247280e-02
1605.000 2.0383255300e-01 2.7396919250e-02
1606.000 2.0319378400e-01 2.7347755430e-02
1607.000 2.0388120800e-01 2.7433357240e-02
1608.000 2.0607567500e-01 2.7722826000e-02
1609.000 2.0528327400e-01 2.7623512270e-02
1610.000 1.9262044200e-01 2.5930850980e-02
1611.000 1.9876889400e-01 2.6800121310e-02
1612.000 2.0123813400e-01 2.7178447720e-02
1613.000 2.0625925100e-01 2.7900823590e-02
1614.000 2.0423419000e-01 2.7632167820e-02
1615.000 2.0800671700e-01 2.8178670880e-02
1616.000 1.9528560700e-01 2.6480333330e-02
1617.000 2.0139146000e-01 2.7365394590e-02
1618.000 2.0766588200e-01 2.8241456990e-02
1619.000 2.0738457400e-01 2.8261407850e-02
1620.000 2.0249364600e-01 2.7649950030e-02
1621.000 1.9976641400e-01 2.7321161270e-02
1622.000 2.0479385000e-01 2.8022560120e-02
1623.000 2.0907590200e-01 2.8635669710e-02
1624.000 2.1060434600e-01 2.8865018840e-02
1625.000 2.0558901600e-01 2.8227180480e-02
1626.000 2.0788973500e-01 2.8526969910e-02
1627.000 2.0765113000e-01 2.8517021180e-02
1628.000 2.0922857600e-01 2.8739866260e-02
1629.000 2.0909165200e-01 2.8723955150e-02
1630.000 2.0322701000e-01 2.7908363340e-02
1631.000 2.0640501200e-01 2.8357488630e-02
1632.000 2.0623179300e-01 2.8299682620e-02
1633.000 2.0351046800e-01 2.7919477460e-02
1634.000 1.9854820100e-01 2.7221300130e-02
1635.000 2.0387016000e-01 2.7947938920e-02
1636.000 2.0310362300e-01 2.7830072400e-02
1637.000 1.9379037600e-01 2.6540584560e-02
1638.000 1.9237458500e-01 2.6345083240e-02
1639.000 1.9009127500e-01 2.6005489350e-02
1640.000 1.9103741200e-01 2.6125570300e-02
1641.000 1.8967324000e-01 2.5928005220e-02
1642.000 1.8943522400e-01 2.5927995680e-02
1643.000 1.9423550500e-01 2.6607013700e-02
1644.000 1.9116294100e-01 2.6203142170e-02
1645.000 1.9146132900e-01 2.6254209520e-02
1646.000 1.9376155300e-01 2.6599021910e-02
1647.000 1.9556256700e-01 2.6855083470e-02
1648.000 1.9467888700e-01 2.6727949140e-02
1649.000 1.9020546400e-01 2.6118911740e-02
1650.000 1.9502505300e-01 2.6791948320e-02
1651.000 1.9067065500e-01 2.6197397230e-02
1652.000 1.9446164000e-01 2.6710243230e-02
1653.000 1.9245956100e-01 2.6451675420e-02
1654.000 1.9461811600e-01 2.6756874080e-02
1655.000 1.9093244500e-01 2.6272262570e-02
1656.000 1.9475685800e-01 2.6815076830e-02
1657.000 1.9334199000e-01 2.6628211980e-02
1658.000 1.9456100600e-01 2.6818485260e-02
1659.000 1.9102247900e-01 2.6338979720e-02
1660.000 1.9323009300e-01 2.6637416840e-02
1661.000 1.9398340500e-01 2.6739486690e-02
1662.000 1.9252560500e-01 2.6517051700e-02
1663.000 1.9125106600e-01 2.6336450580e-02
1664.000 1.9035860900e-01 2.6206775670e-02
1665.000 1.8841822900e-01 2.5926523210e-02
1666.000 1.8764839600e-01 2.5840080260e-02
1667.000 1.8956521500e-01 2.6155534740e-02
1668.000 1.8635353200e-01 2.5728610990e-02
1669.000 1.8687864700e-01 2.5828598020e-02
1670.000 1.9108002800e-01 2.6436368940e-02
1671.000 1.8968213900e-01 2.6260660170e-02
1672.000 1.8069823800e-01 2.5036733630e-02
1673.000 1.8586025900e-01 2.5751441960e-02
1674.000 1.8660940500e-01 2.5862382890e-02
1675.000 1.8487623800e-01 2.5642353060e-02
1676.000 1.8188734900e-01 2.5231340410e-02
1677.000 1.8281827800e-01 2.5368665700e-02
1678.000 1.8383078100e-01 2.5528532030e-02
1679.000 1.8138956600e-01 2.5190742490e-02
1680.000 1.7517252800e-01 2.4344636920e-02
1681.000 1.6910035400e-01 2.3510412220e-02
1682.000 1.7398449800e-01 2.4190813060e-02
1683.000 1.7827523000e-01 2.4781791690e-02
1684.000 1.8156992300e-01 2.5235424040e-02
1685.000 1.8208924700e-01 2.5281658170e-02
1686.000 1.7989279500e-01 2.4974742890e-02
1687.000 1.8058739100e-01 2.5024713520e-02
1688.000 1.8068018700e-01 2.4999464040e-02
1689.000 1.7850076100e-01 2.4694026950e-02
1690.000 1.7835509600e-01 2.4629697800e-02
1691.000 1.8066259600e-01 2.4947328570e-02
1692.000 1.8098790400e-01 2.4997388840e-02
1693.000 1.8034777100e-01 2.4921142580e-02
1694.000 1.8007849600e-01 2.4889232640e-02
1695.000 1.8012474300e-01 2.4876564030e-02
1696.000 1.7907049600e-01 2.4720178600e-02
1697.000 1.7794357500e-01 2.4536943440e-02
1698.000 1.7899889300e-01 2.4662477490e-02
1699.000 1.7784317800e-01 2.4491172790e-02
1700.000 1.7559155800e-01 2.4170486450e-02
