  lambda           Irr_dw           Rad_up
 550.000 1.5531803000e+00 2.4518208310e-01
 551.000 1.5428012000e+00 2.4351751710e-01
 552.000 1.6085417000e+00 2.5390971370e-01
 553.000 1.5448697000e+00 2.4382350160e-01
 554.000 1.5946842000e+00 2.5168881230e-01
 555.000 1.5985323000e+00 2.5224682620e-01
 556.000 1.5538770000e+00 2.4515470890e-01
 557.000 1.5072247000e+00 2.3779940800e-01
 558.000 1.5639275000e+00 2.4669673160e-01
 559.000 1.4777517000e+00 2.3307957460e-01
 560.000 1.4837629000e+00 2.3402603150e-01
 561.000 1.6302076000e+00 2.5707098390e-01
 562.000 1.4959391000e+00 2.3585397340e-01
 563.000 1.5646230000e+00 2.4662791440e-01
 564.000 1.5421530000e+00 2.4299925230e-01
 565.000 1.5600569000e+00 2.4577745060e-01
 566.000 1.4379539000e+00 2.2649359130e-01
 567.000 1.5419547000e+00 2.4265913390e-01
 568.000 1.5371830000e+00 2.4118013000e-01
 569.000 1.5050356000e+00 2.3457098390e-01
 570.000 1.5127218000e+00 2.3600379940e-01
 571.000 1.4595776000e+00 2.2880064390e-01
 572.000 1.5415901000e+00 2.4058856200e-01
 573.000 1.5578132000e+00 2.4343046570e-01
 574.000 1.5490366000e+00 2.4212742610e-01
 575.000 1.5108319000e+00 2.3605694580e-01
 576.000 1.4831501000e+00 2.3168652340e-01
 577.000 1.5446478000e+00 2.4155364990e-01
 578.000 1.4996646000e+00 2.3493925480e-01
 579.000 1.4881942000e+00 2.3335594180e-01
 580.000 1.5393954000e+00 2.4157223510e-01
 581.000 1.5116176000e+00 2.3749386600e-01
 582.000 1.5341646000e+00 2.4110961910e-01
 583.000 1.5446448000e+00 2.4278733830e-01
 584.000 1.5395322000e+00 2.4193733220e-01
 585.000 1.5291717000e+00 2.4024514770e-01
 586.000 1.4632458000e+00 2.2987303160e-01
 587.000 1.5200334000e+00 2.3817030330e-01
 588.000 1.5033317000e+00 2.3336357120e-01
 589.000 1.3317785000e+00 2.0393205260e-01
 590.000 1.3903650000e+00 2.1271717830e-01
 591.000 1.4776704000e+00 2.2807933040e-01
 592.000 1.4489799000e+00 2.2251773070e-01
 593.000 1.4646235000e+00 2.2721813960e-01
 594.000 1.4777300000e+00 2.2870524600e-01
 595.000 1.4489931000e+00 2.2260168460e-01
 596.000 1.4852759000e+00 2.3055796810e-01
 597.000 1.4895073000e+00 2.3066098020e-01
 598.000 1.4591341000e+00 2.2696003720e-01
 599.000 1.4595178000e+00 2.2744227600e-01
 600.000 1.4599911000e+00 2.2845025630e-01
 601.000 1.4518519000e+00 2.2784335330e-01
 602.000 1.4359656000e+00 2.2556292720e-01
 603.000 1.4446137000e+00 2.2716166690e-01
 604.000 1.4903419000e+00 2.3455641170e-01
 605.000 1.4864673000e+00 2.3398332210e-01
 606.000 1.4691485000e+00 2.3131066890e-01
 607.000 1.4607967000e+00 2.2999632260e-01
 608.000 1.4553423000e+00 2.2911935420e-01
 609.000 1.4403086000e+00 2.2676622010e-01
 610.000 1.4171474000e+00 2.2309938050e-01
 611.000 1.4400576000e+00 2.2671345520e-01
 612.000 1.4212101000e+00 2.2375527950e-01
 613.000 1.4003495000e+00 2.2045153810e-01
 614.000 1.3492168000e+00 2.1241714480e-01
 615.000 1.4142907000e+00 2.2262881470e-01
 616.000 1.3446234000e+00 2.1167630000e-01
 617.000 1.3521251000e+00 2.1285607910e-01
 618.000 1.4158230000e+00 2.2283601380e-01
 619.000 1.4027546000e+00 2.2079460140e-01
 620.000 1.4233767000e+00 2.2398356630e-01
 621.000 1.4477466000e+00 2.2778758240e-01
 622.000 1.3712842000e+00 2.1570068360e-01
 623.000 1.3818638000e+00 2.1726553340e-01
 624.000 1.3832374000e+00 2.1747073360e-01
 625.000 1.3456680000e+00 2.1152282710e-01
 626.000 1.3523583000e+00 2.1238449100e-01
 627.000 1.3746638000e+00 2.1510079960e-01
 628.000 1.3554400000e+00 2.1061839290e-01
 629.000 1.3897743000e+00 2.1647463990e-01
 630.000 1.3437195000e+00 2.0995605470e-01
 631.000 1.3931061000e+00 2.1790948490e-01
 632.000 1.2974684000e+00 2.0234254460e-01
 633.000 1.3929168000e+00 2.1800898740e-01
 634.000 1.3511041000e+00 2.1170603940e-01
 635.000 1.3757575000e+00 2.1555422970e-01
 636.000 1.3272805000e+00 2.0809909060e-01
 637.000 1.3710534000e+00 2.1505261230e-01
 638.000 1.3924529000e+00 2.1877169800e-01
 639.000 1.3809021000e+00 2.1691502380e-01
 640.000 1.3375750000e+00 2.1034828190e-01
 641.000 1.3568380000e+00 2.1335517880e-01
 642.000 1.3405380000e+00 2.1091340640e-01
 643.000 1.3638523000e+00 2.1430120850e-01
 644.000 1.3481620000e+00 2.1179611210e-01
 645.000 1.3597776000e+00 2.1324798580e-01
 646.000 1.3075434000e+00 2.0345993040e-01
 647.000 1.3250141000e+00 2.0508047490e-01
 648.000 1.3223956000e+00 2.0355340580e-01
 649.000 1.3487705000e+00 2.0854924010e-01
 650.000 1.2502072000e+00 1.9515397640e-01
 651.000 1.3466593000e+00 2.1019616700e-01
 652.000 1.3202795000e+00 2.0435086060e-01
 653.000 1.3472848000e+00 2.1053460690e-01
 654.000 1.3295477000e+00 2.0748536680e-01
 655.000 1.2942913000e+00 2.0125674440e-01
 656.000 1.0988511000e+00 1.7105902100e-01
 657.000 1.1728366800e+00 1.8292317200e-01
 658.000 1.3065000000e+00 2.0447445680e-01
 659.000 1.3097001000e+00 2.0535266110e-01
 660.000 1.3199705000e+00 2.0713958740e-01
 661.000 1.3258649000e+00 2.0860450740e-01
 662.000 1.3449689000e+00 2.1183926390e-01
 663.000 1.3299605000e+00 2.0939967350e-01
 664.000 1.3088117000e+00 2.0614758300e-01
 665.000 1.3144802000e+00 2.0709809880e-01
 666.000 1.3302961000e+00 2.0971011350e-01
 667.000 1.3038714000e+00 2.0557478330e-01
 668.000 1.3112597000e+00 2.0685836790e-01
 669.000 1.3299330000e+00 2.0986033630e-01
 670.000 1.3143024000e+00 2.0736555480e-01
 671.000 1.3000535200e+00 2.0515361020e-01
 672.000 1.2958998600e+00 2.0450019840e-01
 673.000 1.3051162000e+00 2.0595048520e-01
 674.000 1.3076019100e+00 2.0635534670e-01
 675.000 1.2876089100e+00 2.0318853760e-01
 676.000 1.3118747500e+00 2.0702865600e-01
 677.000 1.2857367000e+00 2.0291889950e-01
 678.000 1.3069793400e+00 2.0626461790e-01
 679.000 1.2884822300e+00 2.0331483460e-01
 680.000 1.2785277300e+00 2.0168009950e-01
 681.000 1.2798305900e+00 2.0180862430e-01
 682.000 1.2771296200e+00 2.0134126280e-01
 683.000 1.2854537500e+00 2.0258558650e-01
 684.000 1.2621565000e+00 1.9879643250e-01
 685.000 1.2763906000e+00 2.0111724850e-01
 686.000 1.2200957000e+00 1.9196673580e-01
 687.000 1.1273567700e+00 1.7216732790e-01
 688.000 1.1574857900e+00 1.7850346370e-01
 689.000 1.1519015100e+00 1.7710032650e-01
 690.000 1.1726297900e+00 1.8121807860e-01
 691.000 1.1965351600e+00 1.8582038880e-01
 692.000 1.1996778100e+00 1.8636528020e-01
 693.000 1.1985156200e+00 1.8397328190e-01
 694.000 1.2004504400e+00 1.8227319340e-01
 695.000 1.1875868100e+00 1.8130566410e-01
 696.000 1.2061205800e+00 1.8476599120e-01
 697.000 1.2294172900e+00 1.9173794560e-01
 698.000 1.2020776100e+00 1.8669557190e-01
 699.000 1.2051632000e+00 1.8415412900e-01
 700.000 1.1940383900e+00 1.8289968870e-01
 701.000 1.1630734300e+00 1.7748638920e-01
 702.000 1.1602343000e+00 1.7749876400e-01
 703.000 1.1920311800e+00 1.8479864500e-01
 704.000 1.1959924400e+00 1.8551264950e-01
 705.000 1.1985699700e+00 1.8486026000e-01
 706.000 1.1869843600e+00 1.8326329040e-01
 707.000 1.1712710900e+00 1.8119871520e-01
 708.000 1.2076754600e+00 1.8721765140e-01
 709.000 1.1696002000e+00 1.8210581970e-01
 710.000 1.1909152200e+00 1.8451008610e-01
 711.000 1.1843440900e+00 1.8436524960e-01
 712.000 1.1723549800e+00 1.8326310730e-01
 713.000 1.1635237800e+00 1.8124626160e-01
 714.000 1.1818868600e+00 1.8385380550e-01
 715.000 1.1344136300e+00 1.7546107480e-01
 716.000 1.1576665900e+00 1.7799900820e-01
 717.000 1.0847177400e+00 1.6110662840e-01
 718.000 1.0519386400e+00 1.5292471310e-01
 719.000 1.0300559000e+00 1.4853300480e-01
 720.000 1.0230803200e+00 1.4586503600e-01
 721.000 1.0847107700e+00 1.6256541440e-01
 722.000 1.1225251100e+00 1.7119302370e-01
 723.000 1.1070948300e+00 1.6713061520e-01
 724.000 1.0767613700e+00 1.5799548340e-01
 725.000 1.0702670000e+00 1.5766810610e-01
 726.000 1.0664328500e+00 1.5689869690e-01
 727.000 1.0872802100e+00 1.6058520510e-01
 728.000 1.0628235400e+00 1.5631036380e-01
 729.000 1.0337640400e+00 1.5367510990e-01
 730.000 1.0693598100e+00 1.5868553160e-01
 731.000 1.0486853400e+00 1.5531127930e-01
 732.000 1.0914623400e+00 1.6458602910e-01
 733.000 1.0962973300e+00 1.6828385930e-01
 734.000 1.1294839000e+00 1.7487034610e-01
 735.000 1.1165114500e+00 1.7231950380e-01
 736.000 1.0888606700e+00 1.6711167910e-01
 737.000 1.1081605300e+00 1.7077813720e-01
 738.000 1.1119710300e+00 1.7237481690e-01
 739.000 1.0787839900e+00 1.6766911320e-01
 740.000 1.0953239700e+00 1.7121429440e-01
 741.000 1.0902078600e+00 1.7101849370e-01
 742.000 1.0737029400e+00 1.6867736820e-01
 743.000 1.1085707600e+00 1.7471554570e-01
 744.000 1.1204750500e+00 1.7685481260e-01
 745.000 1.0924203200e+00 1.7263096620e-01
 746.000 1.1084471600e+00 1.7530314640e-01
 747.000 1.1251386700e+00 1.7795158390e-01
 748.000 1.1056827700e+00 1.7497993470e-01
 749.000 1.1061711200e+00 1.7511279300e-01
 750.000 1.0895629000e+00 1.7241403200e-01
 751.000 1.0867534600e+00 1.7197981260e-01
 752.000 1.1038855800e+00 1.7480271910e-01
 753.000 1.0936006600e+00 1.7321057130e-01
 754.000 1.1108165200e+00 1.7596322630e-01
 755.000 1.1044424500e+00 1.7496531680e-01
 756.000 1.0828264900e+00 1.7155256650e-01
 757.000 1.0907916900e+00 1.7282453920e-01
 758.000 1.0884736700e+00 1.7239852910e-01
 759.000 1.0055366400e+00 1.5673841860e-01
 760.000 5.1266226000e-01 6.7801528930e-02
 761.000 4.6303719000e-01 5.9819606780e-02
 762.000 7.4014009000e-01 1.0745977020e-01
 763.000 6.7126335000e-01 9.4390052800e-02
 764.000 7.1765995000e-01 1.0252778630e-01
 765.000 8.1998808000e-01 1.2136802670e-01
 766.000 8.8720739000e-01 1.3572221370e-01
 767.000 9.5107391000e-01 1.4764703370e-01
 768.000 1.0222043300e+00 1.6022341920e-01
 769.000 1.0399305000e+00 1.6404231260e-01
 770.000 1.0450375100e+00 1.6533810420e-01
 771.000 1.0506660400e+00 1.6651550290e-01
 772.000 1.0477363900e+00 1.6612924190e-01
 773.000 1.0438027200e+00 1.6554838560e-01
 774.000 1.0552983700e+00 1.6741241460e-01
 775.000 1.0157978200e+00 1.6117990110e-01
 776.000 1.0577247600e+00 1.6787872310e-01
 777.000 1.0503758700e+00 1.6671963500e-01
 778.000 1.0447036000e+00 1.6581134030e-01
 779.000 1.0480665100e+00 1.6633151250e-01
 780.000 1.0350586900e+00 1.6428141780e-01
 781.000 1.0334521900e+00 1.6406741330e-01
 782.000 1.0458684900e+00 1.6600921630e-01
 783.000 1.0213927300e+00 1.6215191650e-01
 784.000 1.0269463400e+00 1.6298536680e-01
 785.000 1.0287630000e+00 1.6303997800e-01
 786.000 1.0096906300e+00 1.5970567320e-01
 787.000 1.0215304800e+00 1.6083486940e-01
 788.000 1.0045841800e+00 1.5781050110e-01
 789.000 1.0045864300e+00 1.5654019170e-01
 790.000 9.9390616000e-01 1.5475511170e-01
 791.000 9.8987104000e-01 1.5437205510e-01
 792.000 9.7516600000e-01 1.5228343200e-01
 793.000 9.7649275000e-01 1.5299923710e-01
 794.000 9.7136460000e-01 1.5328941350e-01
 795.000 9.6306676000e-01 1.5129223630e-01
 796.000 9.7131135000e-01 1.5092648320e-01
 797.000 9.7972891000e-01 1.5273490910e-01
 798.000 9.8539774000e-01 1.5471627810e-01
 799.000 9.8339963000e-01 1.5414311220e-01
 800.000 9.5403474000e-01 1.4877328490e-01
 801.000 9.7227099000e-01 1.5171554570e-01
 802.000 9.6991668000e-01 1.5126374820e-01
 803.000 9.5660908000e-01 1.4931494140e-01
 804.000 9.6698596000e-01 1.5132748410e-01
 805.000 9.4379229000e-01 1.4840933230e-01
 806.000 9.7133326000e-01 1.5316432190e-01
 807.000 9.6540268000e-01 1.5226988220e-01
 808.000 9.5853599000e-01 1.5093397520e-01
 809.000 9.4083133000e-01 1.4785351560e-01
 810.000 9.3498235000e-01 1.4661140440e-01
 811.000 9.4655172000e-01 1.4778816220e-01
 812.000 9.3870574000e-01 1.4571617130e-01
 813.000 9.2881822000e-01 1.4314915470e-01
 814.000 9.1967224000e-01 1.4046878050e-01
 815.000 8.9984959000e-01 1.3590896610e-01
 816.000 8.7876246000e-01 1.3087684630e-01
 817.000 8.8480597000e-01 1.3186428830e-01
 818.000 8.8049345000e-01 1.3134872440e-01
 819.000 8.6094939000e-01 1.2906716920e-01
 820.000 8.5850603000e-01 1.3072447200e-01
 821.000 9.0378933000e-01 1.4010386660e-01
 822.000 8.6583214000e-01 1.3237121580e-01
 823.000 8.4168278000e-01 1.2400604250e-01
 824.000 8.8507468000e-01 1.3453848270e-01
 825.000 9.0291761000e-01 1.4017526250e-01
 826.000 9.0523710000e-01 1.4003398130e-01
 827.000 8.9983721000e-01 1.3882359310e-01
 828.000 8.8541615000e-01 1.3474990840e-01
 829.000 8.8947328000e-01 1.3601844790e-01
 830.000 8.8027094000e-01 1.3536033630e-01
 831.000 8.6590110000e-01 1.3332292180e-01
 832.000 8.8404735000e-01 1.3619627380e-01
 833.000 8.5922112000e-01 1.3283024600e-01
 834.000 8.7502430000e-01 1.3579579160e-01
 835.000 8.8241844000e-01 1.3794827270e-01
 836.000 8.9084009000e-01 1.3897523500e-01
 837.000 8.8322602000e-01 1.3774252320e-01
 838.000 8.8904823000e-01 1.3917211910e-01
 839.000 8.6277913000e-01 1.3535722350e-01
 840.000 8.8639005000e-01 1.3915577700e-01
 841.000 8.8715880000e-01 1.3893479920e-01
 842.000 8.8291641000e-01 1.3856880190e-01
 843.000 8.7989089000e-01 1.3886477660e-01
 844.000 8.6659694000e-01 1.3710845950e-01
 845.000 8.8032239000e-01 1.3944317630e-01
 846.000 8.8873711000e-01 1.4096905520e-01
 847.000 8.5870589000e-01 1.3641114810e-01
 848.000 8.8293910000e-01 1.3994218440e-01
 849.000 8.8466094000e-01 1.4028559880e-01
 850.000 7.6443784000e-01 1.2106645970e-01
 851.000 8.7519604000e-01 1.3841937260e-01
 852.000 8.4203531000e-01 1.3321800230e-01
 853.000 8.5257531000e-01 1.3515084840e-01
 854.000 6.8537837000e-01 1.0865171050e-01
 855.000 7.5478741000e-01 1.1980503850e-01
 856.000 8.5711272000e-01 1.3632482910e-01
 857.000 8.7102915000e-01 1.3870668030e-01
 858.000 8.5717411000e-01 1.3656439210e-01
 859.000 8.5726085000e-01 1.3672877500e-01
 860.000 8.4969009000e-01 1.3561305240e-01
 861.000 8.4957429000e-01 1.3560632320e-01
 862.000 8.4679362000e-01 1.3518484500e-01
 863.000 8.6296802000e-01 1.3781263730e-01
 864.000 8.6124000000e-01 1.3752207950e-01
 865.000 8.4519128000e-01 1.3502848820e-01
 866.000 7.0893465000e-01 1.1328579710e-01
 867.000 7.5492066000e-01 1.2057356260e-01
 868.000 8.1873046000e-01 1.3080381770e-01
 869.000 8.0723253000e-01 1.2897805790e-01
 870.000 8.4051068000e-01 1.3433575440e-01
 871.000 8.3931350000e-01 1.3413789370e-01
 872.000 8.3592967000e-01 1.3354843140e-01
 873.000 8.3925916000e-01 1.3411614990e-01
 874.000 8.2084337000e-01 1.3114848330e-01
 875.000 8.1327993000e-01 1.2999404910e-01
 876.000 8.2000831000e-01 1.3102807620e-01
 877.000 8.3633204000e-01 1.3359063720e-01
 878.000 8.2189082000e-01 1.3123928830e-01
 879.000 8.2378556000e-01 1.3156278990e-01
 880.000 8.1894610000e-01 1.3067297360e-01
 881.000 7.7634391000e-01 1.2386110690e-01
 882.000 8.1917233000e-01 1.3060359190e-01
 883.000 8.0048925000e-01 1.2772502900e-01
 884.000 8.0728353000e-01 1.2889758300e-01
 885.000 8.1548121000e-01 1.2992980960e-01
 886.000 7.8863821000e-01 1.2548884580e-01
 887.000 7.8061591000e-01 1.2435191350e-01
 888.000 8.0396798000e-01 1.2801176450e-01
 889.000 8.0941311000e-01 1.2901701350e-01
 890.000 8.0674633000e-01 1.2845872500e-01
 891.000 8.0192114000e-01 1.2739896390e-01
 892.000 7.9756605000e-01 1.2616936490e-01
 893.000 7.6142638000e-01 1.1886168670e-01
 894.000 7.8357693000e-01 1.2156095120e-01
 895.000 7.3355413000e-01 1.1173806760e-01
 896.000 7.4759215000e-01 1.1193928530e-01
 897.000 7.1491757000e-01 1.0522904210e-01
 898.000 7.0884194000e-01 1.0345863340e-01
 899.000 6.8737312000e-01 9.8081375120e-02
 900.000 6.7316950000e-01 9.6321754460e-02
 901.000 6.5354825000e-01 9.2989425660e-02
 902.000 6.4236016000e-01 9.1529174800e-02
 903.000 7.0792755000e-01 1.0473831180e-01
 904.000 7.4221303000e-01 1.1235931400e-01
 905.000 7.3941409000e-01 1.1195089720e-01
 906.000 7.0702132000e-01 1.0552201080e-01
 907.000 6.9586294000e-01 1.0124462890e-01
 908.000 6.6394786000e-01 9.4985397340e-02
 909.000 6.5145538000e-01 9.3248397830e-02
 910.000 6.6138711000e-01 9.4905273440e-02
 911.000 6.6946974000e-01 9.7176864620e-02
 912.000 6.6609890000e-01 9.6105659480e-02
 913.000 6.6030789000e-01 9.3095878600e-02
 914.000 6.6651104000e-01 9.5051078800e-02
 915.000 6.6371445000e-01 9.5586357120e-02
 916.000 6.7315626000e-01 9.7166366580e-02
 917.000 6.6691991000e-01 9.6747131350e-02
 918.000 6.6908196000e-01 9.7692283630e-02
 919.000 6.9701337000e-01 1.0411849980e-01
 920.000 7.0456633000e-01 1.0693197630e-01
 921.000 6.8603167000e-01 1.0373354340e-01
 922.000 6.7960085000e-01 1.0275251770e-01
 923.000 6.4740621000e-01 9.7315505980e-02
 924.000 6.6551423000e-01 9.9012863160e-02
 925.000 6.7360072000e-01 1.0006153110e-01
 926.000 6.4942524000e-01 9.6312469480e-02
 927.000 6.6271776000e-01 9.7016166690e-02
 928.000 6.4981246000e-01 9.3101371770e-02
 929.000 6.1632034000e-01 8.5585166930e-02
 930.000 5.8321865000e-01 7.7486869810e-02
 931.000 5.4688084000e-01 6.8416809080e-02
 932.000 4.9389369000e-01 5.6627140050e-02
 933.000 4.5804446000e-01 4.9320674900e-02
 934.000 4.1478071000e-01 4.1786785130e-02
 935.000 4.0456613000e-01 4.0406478880e-02
 936.000 4.1724714000e-01 4.2753341670e-02
 937.000 4.2237384000e-01 4.3038734440e-02
 938.000 4.6058322000e-01 5.0534141540e-02
 939.000 5.7073313000e-01 7.4689147950e-02
 940.000 5.8270601000e-01 7.7863983150e-02
 941.000 5.5668387000e-01 7.3131996150e-02
 942.000 5.0493586000e-01 6.3021747590e-02
 943.000 4.7690924000e-01 5.4166599270e-02
 944.000 4.6006116000e-01 5.1879383090e-02
 945.000 4.8434728000e-01 5.6430038450e-02
 946.000 4.9191207000e-01 5.7443347930e-02
 947.000 5.0624540000e-01 6.0988040920e-02
 948.000 5.1941163000e-01 6.3720203400e-02
 949.000 5.1959205000e-01 6.3621341710e-02
 950.000 5.1869389000e-01 6.3809272770e-02
 951.000 5.3785643000e-01 6.8802001950e-02
 952.000 5.1376367000e-01 6.3092002870e-02
 953.000 5.2893768000e-01 6.6935295100e-02
 954.000 5.4120138000e-01 7.0589401250e-02
 955.000 4.9208915000e-01 6.2719833370e-02
 956.000 5.2151325000e-01 6.6173439030e-02
 957.000 5.6478847000e-01 7.6792709350e-02
 958.000 5.7457679000e-01 7.8762390140e-02
 959.000 5.6945779000e-01 7.7381729130e-02
 960.000 5.6189795000e-01 7.6176559450e-02
 961.000 5.5222824000e-01 7.4525779720e-02
 962.000 5.5815626000e-01 7.5709991460e-02
 963.000 5.8019461000e-01 8.1166175840e-02
 964.000 5.7676138000e-01 8.1053405760e-02
 965.000 5.8153606000e-01 8.1542274480e-02
 966.000 5.6587835000e-01 7.9510459900e-02
 967.000 5.9896138000e-01 8.5914077760e-02
 968.000 6.1884905000e-01 9.1825851440e-02
 969.000 6.3448869000e-01 9.5614295960e-02
 970.000 6.3681858000e-01 9.6064514160e-02
 971.000 6.3086983000e-01 9.5147140500e-02
 972.000 6.3202177000e-01 9.4915786740e-02
 973.000 6.1831299000e-01 9.1946624760e-02
 974.000 5.9946420000e-01 8.8089675900e-02
 975.000 5.9638172000e-01 8.6974166870e-02
 976.000 6.1111388000e-01 8.9977745060e-02
 977.000 6.0760004000e-01 9.0877838130e-02
 978.000 6.2157493000e-01 9.2875854490e-02
 979.000 6.0653313000e-01 9.1023490910e-02
 980.000 6.2735831000e-01 9.5693824770e-02
 981.000 6.3435297000e-01 9.7132980350e-02
 982.000 6.3021130000e-01 9.6175926210e-02
 983.000 6.3475372000e-01 9.7704559330e-02
 984.000 6.3691522000e-01 9.8917610170e-02
 985.000 6.4024187000e-01 9.9953437810e-02
 986.000 6.3968876000e-01 1.0054479980e-01
 987.000 6.4907970000e-01 1.0232694240e-01
 988.000 6.4142517000e-01 1.0120575710e-01
 989.000 6.3354452000e-01 1.0001667020e-01
 990.000 6.3941051000e-01 1.0102523040e-01
 991.000 6.4634926000e-01 1.0239427950e-01
 992.000 6.4083530000e-01 1.0160755160e-01
 993.000 6.4096487000e-01 1.0166942600e-01
 994.000 6.4569172000e-01 1.0266370390e-01
 995.000 6.4197264000e-01 1.0224985500e-01
 996.000 6.4182859000e-01 1.0223913570e-01
 997.000 6.4184128000e-01 1.0214965820e-01
 998.000 6.3871561000e-01 1.0155066680e-01
 999.000 6.3683850000e-01 1.0122159580e-01
1000.000 6.3197507000e-01 1.0049631500e-01
1001.000 6.3397727000e-01 1.0059016420e-01
1002.000 6.3062317000e-01 9.9693542480e-02
1003.000 6.2379832000e-01 9.8723518370e-02
1004.000 6.1990831000e-01 9.8343765260e-02
1005.000 5.7972681000e-01 9.2078216550e-02
1006.000 6.1017843000e-01 9.6968955990e-02
1007.000 6.2085165000e-01 9.8611564640e-02
1008.000 6.2159683000e-01 9.8440910340e-02
1009.000 6.1529587000e-01 9.7060615540e-02
1010.000 6.1869313000e-01 9.7796241760e-02
1011.000 6.1798833000e-01 9.8132209780e-02
1012.000 6.1916685000e-01 9.8501686100e-02
1013.000 6.1544802000e-01 9.8057067870e-02
1014.000 6.1969555000e-01 9.8817260740e-02
1015.000 6.0829830000e-01 9.7038497920e-02
1016.000 6.1252185000e-01 9.7800102230e-02
1017.000 6.0657962000e-01 9.6910354610e-02
1018.000 6.1414603000e-01 9.8075057980e-02
1019.000 5.9932811000e-01 9.5586395260e-02
1020.000 5.9832965000e-01 9.5483093260e-02
1021.000 6.0482742000e-01 9.6622871400e-02
1022.000 5.9482082000e-01 9.4838714600e-02
1023.000 6.0545616000e-01 9.6376892090e-02
1024.000 6.0190749000e-01 9.5717079160e-02
1025.000 6.0306094000e-01 9.6171562190e-02
1026.000 6.0434421000e-01 9.6512802120e-02
1027.000 6.0044229000e-01 9.5871368410e-02
1028.000 6.0205369000e-01 9.6206527710e-02
1029.000 5.9340272000e-01 9.4973632810e-02
1030.000 5.9987222000e-01 9.6162033080e-02
1031.000 5.9822850000e-01 9.5996597290e-02
1032.000 5.9631309000e-01 9.5767738340e-02
1033.000 5.8536663000e-01 9.4035438540e-02
1034.000 5.9108351000e-01 9.4993774410e-02
1035.000 5.8336070000e-01 9.3767875670e-02
1036.000 5.9299901000e-01 9.5344299320e-02
1037.000 5.8050855000e-01 9.3357597350e-02
1038.000 5.8624622000e-01 9.4299003600e-02
1039.000 5.8863216000e-01 9.4680892940e-02
1040.000 5.8165715000e-01 9.3561302190e-02
1041.000 5.8468324000e-01 9.4047714230e-02
1042.000 5.8641015000e-01 9.4331924440e-02
1043.000 5.7628212000e-01 9.2712028500e-02
1044.000 5.8200670000e-01 9.3635704040e-02
1045.000 5.7945426000e-01 9.3233169560e-02
1046.000 5.6259126000e-01 9.0539016720e-02
1047.000 5.7290659000e-01 9.2216743470e-02
1048.000 5.7857831000e-01 9.3155059810e-02
1049.000 5.7485663000e-01 9.2588088990e-02
1050.000 5.7243282000e-01 9.2200157170e-02
1051.000 5.7140794000e-01 9.2004409790e-02
1052.000 5.6873827000e-01 9.1552261350e-02
1053.000 5.6728909000e-01 9.1315650940e-02
1054.000 5.6304826000e-01 9.0567802430e-02
1055.000 5.6714189000e-01 9.1218940730e-02
1056.000 5.6560579000e-01 9.0945671080e-02
1057.000 5.6453240000e-01 9.0697662350e-02
1058.000 5.5845402000e-01 8.9575286870e-02
1059.000 5.4089988000e-01 8.6794364930e-02
1060.000 5.6047062000e-01 9.0047317500e-02
1061.000 5.4080527000e-01 8.6888313290e-02
1062.000 5.5570376000e-01 8.9201255800e-02
1063.000 5.4628877000e-01 8.7675498960e-02
1064.000 5.5302223000e-01 8.8677810670e-02
1065.000 5.5218069000e-01 8.8424163820e-02
1066.000 5.3526569000e-01 8.5719085690e-02
1067.000 5.4789643000e-01 8.7688011170e-02
1068.000 5.4514577000e-01 8.7026557920e-02
1069.000 5.0380665000e-01 8.0300399780e-02
1070.000 5.3376699000e-01 8.5099372860e-02
1071.000 5.3423217000e-01 8.5039932250e-02
1072.000 5.3561487000e-01 8.5130462650e-02
1073.000 5.1791312000e-01 8.2294578550e-02
1074.000 5.3612526000e-01 8.5210739140e-02
1075.000 5.2006906000e-01 8.2848365780e-02
1076.000 5.3109723000e-01 8.4480972290e-02
1077.000 5.2940463000e-01 8.4050247190e-02
1078.000 5.3016651000e-01 8.3984077450e-02
1079.000 5.0966576000e-01 8.0710166930e-02
1080.000 5.2310233000e-01 8.2353157040e-02
1081.000 5.0376729000e-01 7.9278205870e-02
1082.000 5.1091885000e-01 8.0593353270e-02
1083.000 4.9625964000e-01 7.8020484920e-02
1084.000 5.1418287000e-01 8.0548957820e-02
1085.000 5.0494175000e-01 7.8461875920e-02
1086.000 5.1214027000e-01 7.9710830690e-02
1087.000 4.8337965000e-01 7.5882125850e-02
1088.000 5.1276445000e-01 8.0538139340e-02
1089.000 4.8991250000e-01 7.6148788450e-02
1090.000 4.9991034000e-01 7.7561180110e-02
1091.000 5.0382592000e-01 7.8335441590e-02
1092.000 4.9044821000e-01 7.5865943910e-02
1093.000 4.8054787000e-01 7.3489875790e-02
1094.000 4.3570703200e-01 6.6290054320e-02
1095.000 4.7189919000e-01 7.1836006160e-02
1096.000 4.7322436000e-01 7.2095718380e-02
1097.000 4.6315374000e-01 7.0345832820e-02
1098.000 4.4580428600e-01 6.5851623540e-02
1099.000 4.3547407400e-01 6.2811168670e-02
1100.000 4.4376911300e-01 6.4104644780e-02
1101.000 4.4442880600e-01 6.4398384090e-02
1102.000 4.2525305000e-01 6.1504261020e-02
1103.000 4.4321237200e-01 6.4222938540e-02
1104.000 4.3800790000e-01 6.3201839450e-02
1105.000 4.3224717700e-01 6.1730228420e-02
1106.000 4.2341705600e-01 5.9854194640e-02
1107.000 4.2425236600e-01 6.0091129300e-02
1108.000 4.2391932900e-01 6.0106948850e-02
1109.000 4.3042116700e-01 6.1489738460e-02
1110.000 4.3217821100e-01 6.1583850860e-02
1111.000 4.2419909400e-01 6.0104717250e-02
1112.000 4.0781880000e-01 5.6464378360e-02
1113.000 3.8908553200e-01 5.1921260830e-02
1114.000 3.8887316100e-01 5.1197879790e-02
1115.000 3.6323924100e-01 4.5202194210e-02
1116.000 3.4505761500e-01 4.1389312740e-02
1117.000 3.1604151100e-01 3.4952632900e-02
1118.000 2.8207441800e-01 2.8821737290e-02
1119.000 2.5821925800e-01 2.5120288850e-02
1120.000 2.3804544300e-01 2.1727695470e-02
1121.000 2.3495988100e-01 2.1098777770e-02
1122.000 2.1118561200e-01 1.7578300480e-02
1123.000 2.2504069100e-01 1.9467941280e-02
1124.000 2.3399711400e-01 2.0729890820e-02
1125.000 2.2483809300e-01 1.9649394990e-02
1126.000 2.1878896400e-01 1.9024555210e-02
1127.000 2.2795875900e-01 1.9969436650e-02
1128.000 2.2717619100e-01 2.0179563520e-02
1129.000 2.4999833100e-01 2.3671470640e-02
1130.000 2.9881996100e-01 3.1941423420e-02
1131.000 3.1576591900e-01 3.4887523650e-02
1132.000 2.9778977100e-01 3.1388463970e-02
1133.000 2.5555601300e-01 2.4722640990e-02
1134.000 1.8688860200e-01 1.4596061710e-02
1135.000 1.9454044900e-01 1.5529088020e-02
1136.000 2.6171628000e-01 2.5717723850e-02
1137.000 2.9999177300e-01 3.2105121610e-02
1138.000 3.2051202900e-01 3.7239707950e-02
1139.000 3.3655644800e-01 4.0219509120e-02
1140.000 3.3153304100e-01 3.8999858860e-02
1141.000 3.0996650700e-01 3.5389102940e-02
1142.000 3.1410356600e-01 3.5445682530e-02
1143.000 2.9518747300e-01 3.2177051540e-02
1144.000 2.7790213600e-01 2.9153507230e-02
1145.000 2.5702866500e-01 2.5428888320e-02
1146.000 2.6504153200e-01 2.6585371020e-02
1147.000 2.8415097800e-01 2.9797948840e-02
1148.000 2.9677148700e-01 3.2323966980e-02
1149.000 3.0370069000e-01 3.3594802860e-02
1150.000 3.0245039800e-01 3.3552024840e-02
1151.000 3.1031544300e-01 3.5287940980e-02
1152.000 3.1395688400e-01 3.6128360750e-02
1153.000 3.1964804700e-01 3.7416477200e-02
1154.000 3.1989453600e-01 3.7314960480e-02
1155.000 3.3273260800e-01 4.0115703580e-02
1156.000 3.4119504100e-01 4.2609252930e-02
1157.000 3.7062913600e-01 4.9326541900e-02
1158.000 3.8100782100e-01 5.1878520970e-02
1159.000 3.8423176800e-01 5.3296195980e-02
1160.000 3.8282222200e-01 5.3504798890e-02
1161.000 3.8335277300e-01 5.4520252230e-02
1162.000 4.0368101000e-01 5.8188819890e-02
1163.000 4.1325298000e-01 6.0510234830e-02
1164.000 4.0668885600e-01 5.9750606540e-02
1165.000 4.1504161000e-01 6.1102096560e-02
1166.000 4.0583486300e-01 5.9969749450e-02
1167.000 4.1338230900e-01 6.1224449160e-02
1168.000 4.1659427900e-01 6.1654727940e-02
1169.000 4.0325650200e-01 5.9820297240e-02
1170.000 4.1511197600e-01 6.1706180570e-02
1171.000 4.1978855500e-01 6.2729919430e-02
1172.000 4.1683539800e-01 6.2103206630e-02
1173.000 4.1232987800e-01 6.1256736760e-02
1174.000 4.1263149400e-01 6.1315433500e-02
1175.000 4.1208356900e-01 6.1731796260e-02
1176.000 4.0596861600e-01 6.1273151400e-02
1177.000 4.1664467800e-01 6.2663467410e-02
1178.000 4.0585834000e-01 6.0603927610e-02
1179.000 4.0404792100e-01 6.0336933140e-02
1180.000 4.0835855100e-01 6.0824665070e-02
1181.000 4.0273867600e-01 5.9588260650e-02
1182.000 3.9972992400e-01 5.8755119320e-02
1183.000 3.7692792700e-01 5.5448406220e-02
1184.000 3.9590675800e-01 5.8460952760e-02
1185.000 4.0606285700e-01 6.0522800450e-02
1186.000 4.0219549200e-01 5.9781578060e-02
1187.000 3.9732924400e-01 5.8505821230e-02
1188.000 3.9413776600e-01 5.7912910460e-02
1189.000 3.7400615600e-01 5.5277149200e-02
1190.000 4.0014087300e-01 6.0027954100e-02
1191.000 4.0870566600e-01 6.1588703160e-02
1192.000 4.0978180800e-01 6.2153106690e-02
1193.000 4.0922510300e-01 6.1978336330e-02
1194.000 4.0793948700e-01 6.1731849670e-02
1195.000 4.0013037400e-01 6.0174137120e-02
1196.000 4.0032029700e-01 6.0263824460e-02
1197.000 3.9864249400e-01 5.9833332060e-02
1198.000 3.8490871500e-01 5.7739025120e-02
1199.000 3.6876378900e-01 5.5110809330e-02
1200.000 3.9312028100e-01 5.8886291500e-02
1201.000 3.9637632000e-01 5.9442836760e-02
1202.000 3.9728996500e-01 5.9681594850e-02
1203.000 3.7684691300e-01 5.6546478270e-02
1204.000 3.8370491100e-01 5.7695564270e-02
1205.000 3.9790607700e-01 6.0470466610e-02
1206.000 3.9795628600e-01 6.0769390110e-02
1207.000 4.0163979800e-01 6.1450538640e-02
1208.000 3.9506518500e-01 6.0344436650e-02
1209.000 3.6924782800e-01 5.6252044680e-02
1210.000 3.9308792900e-01 5.9613460540e-02
1211.000 3.7966900700e-01 5.7543785100e-02
1212.000 3.9211249400e-01 5.9499721530e-02
1213.000 3.9571327600e-01 6.0305511470e-02
1214.000 3.9364666600e-01 5.9958007810e-02
1215.000 3.9572862000e-01 6.0378837590e-02
1216.000 3.9750194200e-01 6.1066555020e-02
1217.000 3.9911986500e-01 6.1683067320e-02
1218.000 3.9869925800e-01 6.1803146360e-02
1219.000 3.9546753800e-01 6.1418006900e-02
1220.000 3.9820480600e-01 6.1850341800e-02
1221.000 3.9773045200e-01 6.1812015530e-02
1222.000 3.9571103100e-01 6.1511196140e-02
1223.000 3.9404457600e-01 6.1301170350e-02
1224.000 3.9857916600e-01 6.2229106900e-02
1225.000 3.9670131300e-01 6.1993808750e-02
1226.000 3.9850622600e-01 6.2356407170e-02
1227.000 3.8566788900e-01 6.0467826840e-02
1228.000 3.9854165800e-01 6.2641872410e-02
1229.000 3.9869401400e-01 6.2788867950e-02
1230.000 3.9799755100e-01 6.2818462370e-02
1231.000 3.9836738300e-01 6.2960426330e-02
1232.000 3.9401174200e-01 6.2312351230e-02
1233.000 3.9719674600e-01 6.2846389770e-02
1234.000 3.9686977600e-01 6.2968349460e-02
1235.000 3.9442073800e-01 6.2648159030e-02
1236.000 3.9692129700e-01 6.3097030640e-02
1237.000 3.9717425700e-01 6.3201934810e-02
1238.000 3.9701822200e-01 6.3210159300e-02
1239.000 3.9253912600e-01 6.2521549220e-02
1240.000 3.9076160800e-01 6.2264564510e-02
1241.000 3.9417182300e-01 6.2822669980e-02
1242.000 3.9177360900e-01 6.2450420380e-02
1243.000 3.8731433500e-01 6.1751880650e-02
1244.000 3.8366949800e-01 6.1164978030e-02
1245.000 3.9014855200e-01 6.2201774600e-02
1246.000 3.8698626700e-01 6.1679252620e-02
1247.000 3.8489950000e-01 6.1323837280e-02
1248.000 3.8770976500e-01 6.1752964020e-02
1249.000 3.8620269700e-01 6.1508743290e-02
1250.000 3.8452120600e-01 6.1222427370e-02
1251.000 3.8168819900e-01 6.0754795070e-02
1252.000 3.8024680300e-01 6.0487293240e-02
1253.000 3.7678857300e-01 5.9894615170e-02
1254.000 3.7714147100e-01 5.9856296540e-02
1255.000 3.7605291400e-01 5.9627044680e-02
1256.000 3.7485316200e-01 5.9395992280e-02
1257.000 3.7000147700e-01 5.8559257510e-02
1258.000 3.7007474000e-01 5.8420551300e-02
1259.000 3.6483319300e-01 5.7476581570e-02
1260.000 3.6396066600e-01 5.7202766420e-02
1261.000 3.6173899600e-01 5.6708816530e-02
1262.000 3.5069414800e-01 5.4724517820e-02
1263.000 3.5367068400e-01 5.5118007660e-02
1264.000 3.4732568900e-01 5.4093147280e-02
1265.000 3.4764739800e-01 5.4130062100e-02
1266.000 3.4850409700e-01 5.4166019440e-02
1267.000 3.4042390700e-01 5.2814426420e-02
1268.000 3.3533289600e-01 5.1938514710e-02
1269.000 3.3768559400e-01 5.2264884950e-02
1270.000 3.4587329600e-01 5.3760078430e-02
1271.000 3.4979679900e-01 5.4454536440e-02
1272.000 3.5038338800e-01 5.4642135620e-02
1273.000 3.5154783300e-01 5.4945953370e-02
1274.000 3.5125099800e-01 5.5055618290e-02
1275.000 3.5419443200e-01 5.5565795900e-02
1276.000 3.5528062700e-01 5.5740959170e-02
1277.000 3.5532086900e-01 5.5715179440e-02
1278.000 3.5463302000e-01 5.5559032440e-02
1279.000 3.5260910300e-01 5.5241394040e-02
1280.000 3.5151140800e-01 5.5178123470e-02
1281.000 3.4243170600e-01 5.3851398470e-02
1282.000 3.0485046100e-01 4.8028820040e-02
1283.000 3.3508595000e-01 5.2824127200e-02
1284.000 3.4897515000e-01 5.5001976010e-02
1285.000 3.5182039200e-01 5.5463047030e-02
1286.000 3.5127288700e-01 5.5289024350e-02
1287.000 3.5254041700e-01 5.5342475890e-02
1288.000 3.4704261700e-01 5.4007267000e-02
1289.000 3.4809355300e-01 5.4013984680e-02
1290.000 3.3997020600e-01 5.2718795780e-02
1291.000 3.4520827900e-01 5.3564392090e-02
1292.000 3.4808254400e-01 5.4152244570e-02
1293.000 3.4852185300e-01 5.4197074890e-02
1294.000 3.4157385600e-01 5.2879180910e-02
1295.000 3.4291699300e-01 5.2745327000e-02
1296.000 3.4072098000e-01 5.2058799740e-02
1297.000 3.3661964500e-01 5.1156627660e-02
1298.000 3.3342693100e-01 5.0618473050e-02
1299.000 3.3665203600e-01 5.1056648250e-02
1300.000 3.3496120500e-01 5.0740894320e-02
1301.000 3.3398046600e-01 5.0491188050e-02
1302.000 3.2829281000e-01 4.9416400910e-02
1303.000 3.2231120700e-01 4.7975730900e-02
1304.000 3.2094216800e-01 4.7533557890e-02
1305.000 3.2218967800e-01 4.7603660580e-02
1306.000 3.2197349100e-01 4.7455718990e-02
1307.000 3.1995753100e-01 4.7014823910e-02
1308.000 3.1698017100e-01 4.6234710690e-02
1309.000 3.1304468100e-01 4.5222793580e-02
1310.000 3.1131829800e-01 4.4911209110e-02
1311.000 3.1046615600e-01 4.4766540530e-02
1312.000 3.0503331300e-01 4.3512248990e-02
1313.000 2.8892083200e-01 4.0699352260e-02
1314.000 2.9343991000e-01 4.0876705170e-02
1315.000 2.8566320700e-01 3.9974651340e-02
1316.000 2.9564487100e-01 4.1659812930e-02
1317.000 2.9864953600e-01 4.2048828120e-02
1318.000 2.8925228100e-01 4.0181678770e-02
1319.000 2.8560293200e-01 3.8931766510e-02
1320.000 2.7487997100e-01 3.6581703190e-02
1321.000 2.7034216900e-01 3.5588291170e-02
1322.000 2.7541742000e-01 3.6802566530e-02
1323.000 2.8231070000e-01 3.8271533970e-02
1324.000 2.8557782700e-01 3.8984161380e-02
1325.000 2.8319134100e-01 3.8433593750e-02
1326.000 2.7610442000e-01 3.6897987370e-02
1327.000 2.6156187300e-01 3.3627017970e-02
1328.000 2.4841690000e-01 3.0370571140e-02
1329.000 2.1430917900e-01 2.3867982860e-02
1330.000 2.0825495000e-01 2.2398971560e-02
1331.000 2.0276467800e-01 2.1305692670e-02
1332.000 2.0057025000e-01 2.1186983110e-02
1333.000 2.1158842700e-01 2.2765247340e-02
1334.000 2.2001476300e-01 2.4263692860e-02
1335.000 2.2596351800e-01 2.5367946620e-02
1336.000 2.2585869100e-01 2.5504278180e-02
1337.000 2.2841490200e-01 2.5846902850e-02
1338.000 2.3217232000e-01 2.6618743900e-02
1339.000 2.3268645200e-01 2.6803274150e-02
1340.000 2.3431030700e-01 2.7296747210e-02
1341.000 2.3826572600e-01 2.7494565960e-02
1342.000 2.3816758400e-01 2.7472524640e-02
1343.000 2.2912093700e-01 2.5133079530e-02
1344.000 2.1525324800e-01 2.2249309540e-02
1345.000 1.7807996200e-01 1.5911391260e-02
1346.000 1.5189515400e-01 1.1905764580e-02
1347.000 1.3472348900e-01 9.6840972900e-03
1348.000 1.1168608500e-01 6.7404541970e-03
1349.000 1.0158081350e-01 5.7026991840e-03
1350.000 7.9124284300e-02 3.5170235630e-03
1351.000 6.8307711800e-02 2.7154967780e-03
1352.000 5.2246529600e-02 1.6119352580e-03
1353.000 3.7031650700e-02 8.8560485840e-04
1354.000 2.9610136900e-02 5.9267532830e-04
1355.000 2.2989737200e-02 3.8074365260e-04
1356.000 1.7384986500e-02 2.3230233790e-04
1357.000 1.1883103450e-02 1.1749626700e-04
1358.000 8.7943160400e-03 7.1918658910e-05
1359.000 4.6371939100e-03 2.4543795730e-05
1360.000 3.0667211000e-03 1.2936627490e-05
1361.000 2.2822912700e-03 7.7164978720e-06
1362.000 2.1000794900e-03 6.7894947720e-06
1363.000 3.0298736700e-03 1.1827050710e-05
1364.000 3.5132282700e-03 1.4796833510e-05
1365.000 3.6785402400e-03 1.5609810130e-05
1366.000 4.2481016600e-03 1.9479572770e-05
1367.000 3.5684731100e-03 1.5271383340e-05
1368.000 3.1641462300e-03 1.3203072360e-05
1369.000 3.2446906800e-03 1.3885934840e-05
1370.000 5.3662086200e-03 3.2097972930e-05
1371.000 9.5567567600e-03 8.0063886940e-05
1372.000 1.7696215400e-02 2.2016203400e-04
1373.000 2.5103570100e-02 3.8739576940e-04
1374.000 3.0483616700e-02 5.3488492970e-04
1375.000 3.2500900600e-02 5.9990429880e-04
1376.000 3.0145918500e-02 5.3209984300e-04
1377.000 2.6837348900e-02 4.3504545090e-04
1378.000 2.0455625000e-02 2.7792680260e-04
1379.000 1.4046731440e-02 1.5046589080e-04
1380.000 7.9669049200e-03 6.0351237650e-05
1381.000 4.6085506000e-03 2.5261104110e-05
1382.000 3.2226961600e-03 1.4288672250e-05
1383.000 3.1180850100e-03 1.3349021780e-05
1384.000 5.0718401900e-03 2.8685079890e-05
1385.000 7.2001239000e-03 5.0121657550e-05
1386.000 1.0997443930e-02 9.8458454010e-05
1387.000 2.0206304300e-02 2.6921266320e-04
1388.000 2.6781648500e-02 4.2146107550e-04
1389.000 3.0764036400e-02 5.3598505260e-04
1390.000 3.1403369100e-02 5.5971747640e-04
1391.000 2.9315411900e-02 4.9772769210e-04
1392.000 2.2163695300e-02 3.1536120180e-04
1393.000 1.6942392700e-02 2.0594297350e-04
1394.000 1.2979804650e-02 1.3463442030e-04
1395.000 1.4631339800e-02 1.6287288070e-04
1396.000 2.0077434800e-02 2.6821196080e-04
1397.000 2.5909814900e-02 4.0664809940e-04
1398.000 2.6682617600e-02 4.2457392810e-04
1399.000 2.4913658300e-02 3.8481834530e-04
1400.000 2.3296386300e-02 3.4952029590e-04
1401.000 2.4765253600e-02 3.9089587330e-04
1402.000 3.0702216500e-02 5.4317903520e-04
1403.000 3.5348634200e-02 7.0109319690e-04
1404.000 3.3248536700e-02 6.2998521330e-04
1405.000 3.4827106700e-02 6.9386422630e-04
1406.000 3.2294506500e-02 6.0667526720e-04
1407.000 3.3492611500e-02 6.5995228290e-04
1408.000 4.0143278800e-02 8.8061958550e-04
1409.000 4.7057105100e-02 1.1594866510e-03
1410.000 5.7715217200e-02 1.6169315580e-03
1411.000 6.8650204600e-02 2.2089202400e-03
1412.000 6.6323957000e-02 2.1281764510e-03
1413.000 7.3149249800e-02 2.5343008040e-03
1414.000 7.2120150300e-02 2.4322404860e-03
1415.000 7.9728065600e-02 2.9460437300e-03
1416.000 8.5662332400e-02 3.3205049040e-03
1417.000 8.7867937200e-02 3.4901180270e-03
1418.000 8.8651003000e-02 3.5185420510e-03
1419.000 8.8466459600e-02 3.5641505720e-03
1420.000 9.0567627600e-02 3.6926815510e-03
1421.000 1.0186208160e-01 4.5085358620e-03
1422.000 1.0428553690e-01 4.7537264820e-03
1423.000 1.0544863500e-01 4.8893527980e-03
1424.000 1.0509026340e-01 4.8418688770e-03
1425.000 1.0389704790e-01 4.6970834730e-03
1426.000 1.0017126660e-01 4.5293259620e-03
1427.000 1.0610173440e-01 4.9459118840e-03
1428.000 1.1206417000e-01 5.3337688450e-03
1429.000 1.1366598210e-01 5.5584707260e-03
1430.000 1.1090186300e-01 5.4193992610e-03
1431.000 1.0331817770e-01 4.8462948800e-03
1432.000 1.0102339410e-01 4.6157913210e-03
1433.000 1.0073866050e-01 4.5895972250e-03
1434.000 9.6086643300e-02 4.2840290070e-03
1435.000 1.0315792180e-01 4.7912540440e-03
1436.000 1.0572691000e-01 4.9927930830e-03
1437.000 1.0741222700e-01 5.1151947980e-03
1438.000 1.1387566070e-01 5.6483879090e-03
1439.000 1.1597727030e-01 5.7715644840e-03
1440.000 1.1120418300e-01 5.6013369560e-03
1441.000 1.1811128040e-01 5.9900431630e-03
1442.000 1.1329569410e-01 5.6716604230e-03
1443.000 1.1533199870e-01 5.7865009310e-03
1444.000 1.1793223410e-01 5.9852671620e-03
1445.000 1.1816841750e-01 6.0183620450e-03
1446.000 1.2368554470e-01 6.4475994110e-03
1447.000 1.2706625600e-01 6.7625303270e-03
1448.000 1.2851446100e-01 6.8668794630e-03
1449.000 1.2599102200e-01 6.6465711590e-03
1450.000 1.2047788270e-01 6.2248954770e-03
1451.000 1.2182684430e-01 6.3703713420e-03
1452.000 1.2715951300e-01 6.9254612920e-03
1453.000 1.4169493200e-01 8.1680488590e-03
1454.000 1.5418725000e-01 9.3917865750e-03
1455.000 1.6016233900e-01 1.0084568980e-02
1456.000 1.6726824700e-01 1.0874053960e-02
1457.000 1.6995837800e-01 1.1107019420e-02
1458.000 1.7328328200e-01 1.1403392790e-02
1459.000 1.6841390800e-01 1.0860968590e-02
1460.000 1.6073601400e-01 1.0184542660e-02
1461.000 1.5765246200e-01 9.9115180970e-03
1462.000 1.4916267100e-01 9.1315479280e-03
1463.000 1.4817369200e-01 9.0998620990e-03
1464.000 1.4625939000e-01 8.9277963640e-03
1465.000 1.4301409500e-01 8.5597209930e-03
1466.000 1.3328496200e-01 7.7734313010e-03
1467.000 1.3231783800e-01 7.5764966010e-03
1468.000 1.2417530210e-01 6.9608855250e-03
1469.000 1.1779375320e-01 6.3545441630e-03
1470.000 1.1438228910e-01 6.0954127310e-03
1471.000 1.2138366770e-01 6.8320178990e-03
1472.000 1.3366503200e-01 8.0065374370e-03
1473.000 1.5021511600e-01 9.6820783620e-03
1474.000 1.5745361700e-01 1.0703649520e-02
1475.000 1.6025350200e-01 1.0945232390e-02
1476.000 1.6051421700e-01 1.1016433720e-02
1477.000 1.5707330800e-01 1.0679164890e-02
1478.000 1.5093016700e-01 1.0168759350e-02
1479.000 1.4793615100e-01 9.8155002590e-03
1480.000 1.5101814800e-01 1.0207745550e-02
1481.000 1.5384275000e-01 1.0675188060e-02
1482.000 1.6079414700e-01 1.1482481000e-02
1483.000 1.5901510000e-01 1.1482629780e-02
1484.000 1.6004682100e-01 1.1629872320e-02
1485.000 1.6234721700e-01 1.1817544940e-02
1486.000 1.6372167400e-01 1.2223910330e-02
1487.000 1.7374652500e-01 1.3576908110e-02
1488.000 1.5226452200e-01 1.2002224920e-02
1489.000 1.8686017600e-01 1.5597156520e-02
1490.000 1.9769945600e-01 1.7316507340e-02
1491.000 2.0476516500e-01 1.8425945280e-02
1492.000 2.0105274600e-01 1.8265016560e-02
1493.000 2.0848632600e-01 1.9283973690e-02
1494.000 2.0818209000e-01 1.9400861740e-02
1495.000 2.0990793800e-01 1.9918218610e-02
1496.000 2.0954678200e-01 2.0372301100e-02
1497.000 2.1465738400e-01 2.1020154950e-02
1498.000 2.2173973600e-01 2.2175075530e-02
1499.000 2.2273064600e-01 2.2724620820e-02
1500.000 2.2960060400e-01 2.3804246900e-02
1501.000 2.2829469100e-01 2.3697544100e-02
1502.000 2.2461371500e-01 2.3297042850e-02
1503.000 2.0065147700e-01 2.0827722550e-02
1504.000 2.0998858000e-01 2.1970842360e-02
1505.000 2.1261270000e-01 2.2582864760e-02
1506.000 2.1554465600e-01 2.3010204320e-02
1507.000 2.2836622100e-01 2.4715843200e-02
1508.000 2.2635830200e-01 2.4731216430e-02
1509.000 2.2888380900e-01 2.5253625870e-02
1510.000 2.3298624000e-01 2.5869766240e-02
1511.000 2.3513467100e-01 2.6298757550e-02
1512.000 2.3144851100e-01 2.6037820820e-02
1513.000 2.3135845500e-01 2.6153343200e-02
1514.000 2.2819109300e-01 2.5887008670e-02
1515.000 2.3349845700e-01 2.6652090070e-02
1516.000 2.3159252000e-01 2.6545856480e-02
1517.000 2.3097217700e-01 2.6625270840e-02
1518.000 2.3669611800e-01 2.7507930760e-02
1519.000 2.3491495900e-01 2.7545017240e-02
1520.000 2.3851709700e-01 2.8267036440e-02
1521.000 2.3512788500e-01 2.8049179080e-02
1522.000 2.3376790600e-01 2.7964229580e-02
1523.000 2.3979496500e-01 2.8798334120e-02
1524.000 2.3771091400e-01 2.8591899870e-02
1525.000 2.3197387900e-01 2.7938606260e-02
1526.000 2.3861062400e-01 2.8818445210e-02
1527.000 2.3649848100e-01 2.8681941990e-02
1528.000 2.3860090800e-01 2.9077289580e-02
1529.000 2.3785472600e-01 2.9054136280e-02
1530.000 2.2299845500e-01 2.7364309310e-02
1531.000 2.3864563000e-01 2.9407100680e-02
1532.000 2.3750903900e-01 2.9395513530e-02
1533.000 2.3654792500e-01 2.9380630490e-02
1534.000 2.3307003500e-01 2.9046693800e-02
1535.000 2.3405814900e-01 2.9270362850e-02
1536.000 2.3719154600e-01 2.9745758060e-02
1537.000 2.3812918400e-01 2.9976781850e-02
1538.000 2.3180188700e-01 2.9296455380e-02
1539.000 2.3681846600e-01 3.0043651580e-02
1540.000 2.2826863300e-01 2.9052349090e-02
1541.000 2.3308257500e-01 2.9741628650e-02
1542.000 2.3447033000e-01 2.9986263280e-02
1543.000 2.3383281000e-01 2.9985462190e-02
1544.000 2.3683718300e-01 3.0461837770e-02
1545.000 2.3774727000e-01 3.0688291550e-02
1546.000 2.3796663200e-01 3.0823347090e-02
1547.000 2.3565616500e-01 3.0622924800e-02
1548.000 2.2869650700e-01 2.9805915830e-02
1549.000 2.3455835800e-01 3.0643610000e-02
1550.000 2.3324046800e-01 3.0539953230e-02
1551.000 2.3201269700e-01 3.0430322650e-02
1552.000 2.3596767000e-01 3.1002119060e-02
1553.000 2.3473465300e-01 3.0902797700e-02
1554.000 2.2613412000e-01 2.9820510860e-02
1555.000 2.2990836000e-01 3.0386186600e-02
1556.000 2.2551937700e-01 2.9873826980e-02
1557.000 2.3290371100e-01 3.0925296780e-02
1558.000 2.3105992200e-01 3.0738004680e-02
1559.000 2.3107783300e-01 3.0794649120e-02
1560.000 2.2708741600e-01 3.0327331540e-02
1561.000 2.3238720300e-01 3.1078544620e-02
1562.000 2.3227886900e-01 3.1092453000e-02
1563.000 2.2880634800e-01 3.0665498730e-02
1564.000 2.2414723400e-01 3.0067544940e-02
1565.000 2.2740074100e-01 3.0522228240e-02
1566.000 2.2309244300e-01 2.9995050430e-02
1567.000 2.2273392100e-01 2.9957429890e-02
1568.000 2.1757615900e-01 2.9254011150e-02
1569.000 2.1775687800e-01 2.9260456090e-02
1570.000 2.1169883100e-01 2.8447778700e-02
1571.000 2.1737139600e-01 2.9251316070e-02
1572.000 2.1720490900e-01 2.9255531310e-02
1573.000 2.1390605500e-01 2.8868907930e-02
1574.000 2.1474984000e-01 2.9054395680e-02
1575.000 1.9952272400e-01 2.7048421860e-02
1576.000 2.1435341900e-01 2.9095409390e-02
1577.000 1.9362820100e-01 2.6316581730e-02
1578.000 2.1198219500e-01 2.8848583220e-02
1579.000 2.1330574300e-01 2.9077003480e-02
1580.000 2.1785695800e-01 2.9764116290e-02
1581.000 2.1641255600e-01 2.9610298160e-02
1582.000 2.1226223700e-01 2.9130323410e-02
1583.000 2.1506884200e-01 2.9600536350e-02
1584.000 2.1333703500e-01 2.9449069980e-02
1585.000 2.1978647600e-01 3.0417259220e-02
1586.000 2.1702649900e-01 3.0088233950e-02
1587.000 2.1476549100e-01 2.9849166870e-02
1588.000 2.1161478600e-01 2.9481813430e-02
1589.000 1.9360553200e-01 2.7017000200e-02
1590.000 2.0857976100e-01 2.9147754670e-02
1591.000 2.0390769500e-01 2.8527008060e-02
1592.000 2.1458569500e-01 3.0036449430e-02
1593.000 2.1920179000e-01 3.0690872190e-02
1594.000 2.1732604900e-01 3.0437950130e-02
1595.000 2.1829849400e-01 3.0586723330e-02
1596.000 2.0448760000e-01 2.8684291840e-02
1597.000 2.1207980800e-01 2.9751569750e-02
1598.000 2.1499440100e-01 3.0150764470e-02
1599.000 2.0655448600e-01 2.8947704320e-02
1600.000 2.0900670700e-01 2.9281545640e-02
1601.000 2.0020789900e-01 2.8079435350e-02
1602.000 2.0507602100e-01 2.8794939040e-02
1603.000 2.0384808800e-01 2.8683292390e-02
1604.000 2.0689373200e-01 2.9181106570e-02
1605.000 2.0383434800e-01 2.8785799030e-02
1606.000 2.0319570300e-01 2.8740497590e-02
1607.000 2.0388329900e-01 2.8846681590e-02
1608.000 2.0607791200e-01 2.9167083740e-02
1609.000 2.0528567600e-01 2.9077850340e-02
1610.000 1.9262282000e-01 2.7310279850e-02
1611.000 1.9877148300e-01 2.8236774440e-02
1612.000 2.0124084900e-01 2.8646657940e-02
1613.000 2.0626214600e-01 2.9419729230e-02
1614.000 2.0423715800e-01 2.9149991990e-02
1615.000 2.0800990300e-01 2.9738695140e-02
1616.000 1.9528867000e-01 2.7958318710e-02
1617.000 2.0139475000e-01 2.8897193910e-02
1618.000 2.0766934600e-01 2.9828983310e-02
1619.000 2.0738799200e-01 2.9854444500e-02
1620.000 2.0249708700e-01 2.9213012700e-02
1621.000 1.9976989400e-01 2.8867853160e-02
1622.000 2.0479748900e-01 2.9615489960e-02
1623.000 2.0907965600e-01 3.0269296650e-02
1624.000 2.1060822700e-01 3.0518180850e-02
1625.000 2.0559284200e-01 2.9847795490e-02
1626.000 2.0789373800e-01 3.0173851010e-02
1627.000 2.0765514300e-01 3.0168388370e-02
1628.000 2.0923269400e-01 3.0410085680e-02
1629.000 2.0909591400e-01 3.0399911880e-02
1630.000 2.0323117000e-01 2.9543977740e-02
1631.000 2.0640925200e-01 3.0020393370e-02
1632.000 2.0623613500e-01 2.9968553540e-02
1633.000 2.0351479700e-01 2.9573114400e-02
1634.000 1.9855249100e-01 2.8840833660e-02
1635.000 2.0387456100e-01 2.9617662430e-02
1636.000 2.0310801200e-01 2.9500259400e-02
1637.000 1.9379459000e-01 2.8140224460e-02
1638.000 1.9237880900e-01 2.7938770290e-02
1639.000 1.9009555000e-01 2.7585855480e-02
1640.000 1.9104178800e-01 2.7719421390e-02
1641.000 1.8967771100e-01 2.7521244050e-02
1642.000 1.8943966800e-01 2.7521799090e-02
1643.000 1.9424010900e-01 2.8242147450e-02
1644.000 1.9116751000e-01 2.7814327240e-02
1645.000 1.9146589000e-01 2.7870054240e-02
1646.000 1.9376622900e-01 2.8237638470e-02
1647.000 1.9556730000e-01 2.8515499110e-02
1648.000 1.9468381400e-01 2.8395404820e-02
1649.000 1.9021041500e-01 2.7760557170e-02
1650.000 1.9502998600e-01 2.8500638960e-02
1651.000 1.9067553200e-01 2.7848169330e-02
1652.000 1.9446673100e-01 2.8398023610e-02
1653.000 1.9246452600e-01 2.8125270840e-02
1654.000 1.9462314900e-01 2.8451759340e-02
1655.000 1.9093746800e-01 2.7937433240e-02
1656.000 1.9476213900e-01 2.8516670230e-02
1657.000 1.9334712400e-01 2.8318414690e-02
1658.000 1.9456609200e-01 2.8523878100e-02
1659.000 1.9102758400e-01 2.8015687940e-02
1660.000 1.9323528200e-01 2.8336521150e-02
1661.000 1.9398837800e-01 2.8445022580e-02
1662.000 1.9253069800e-01 2.8213008880e-02
1663.000 1.9125619200e-01 2.8024988170e-02
1664.000 1.9036357900e-01 2.7891212460e-02
1665.000 1.8842335800e-01 2.7597824100e-02
1666.000 1.8765338600e-01 2.7504173280e-02
1667.000 1.8957023100e-01 2.7830867770e-02
1668.000 1.8635840000e-01 2.7369316100e-02
1669.000 1.8688345000e-01 2.7468637470e-02
1670.000 1.9108484900e-01 2.8106922150e-02
1671.000 1.8968677700e-01 2.7911258700e-02
1672.000 1.8070268200e-01 2.6600698470e-02
1673.000 1.8586485500e-01 2.7351093290e-02
1674.000 1.8661389000e-01 2.7459911350e-02
1675.000 1.8488045400e-01 2.7216293330e-02
1676.000 1.8189158900e-01 2.6775074010e-02
1677.000 1.8282259600e-01 2.6918445590e-02
1678.000 1.8383493000e-01 2.7084451680e-02
1679.000 1.8139378000e-01 2.6724306110e-02
1680.000 1.7517664000e-01 2.5823562620e-02
1681.000 1.6910413500e-01 2.4934698100e-02
1682.000 1.7398839100e-01 2.5652242660e-02
1683.000 1.7827914000e-01 2.6275390620e-02
1684.000 1.8157385200e-01 2.6752691270e-02
1685.000 1.8209316700e-01 2.6799558640e-02
1686.000 1.7989664400e-01 2.6471206670e-02
1687.000 1.8059113100e-01 2.6524917600e-02
1688.000 1.8068400000e-01 2.6498245240e-02
1689.000 1.7850450700e-01 2.6172210690e-02
1690.000 1.7835883900e-01 2.6104423520e-02
1691.000 1.8066634600e-01 2.6433965680e-02
1692.000 1.8099152200e-01 2.6479188920e-02
1693.000 1.8035118200e-01 2.6390029910e-02
1694.000 1.8008189800e-01 2.6348278050e-02
1695.000 1.8012813900e-01 2.6328582760e-02
1696.000 1.7907385100e-01 2.6161640170e-02
1697.000 1.7794679100e-01 2.5967666630e-02
1698.000 1.7900211600e-01 2.6099872590e-02
1699.000 1.7784639000e-01 2.5917825700e-02
1700.000 1.7559473000e-01 2.5577308650e-02
