  lambda           Irr_dw           Rad_up
 550.000 1.5458371000e+00 2.0025119020e-01
 551.000 1.5355496000e+00 1.9888536070e-01
 552.000 1.6010276000e+00 2.0738723750e-01
 553.000 1.5376954000e+00 1.9913755800e-01
 554.000 1.5873240000e+00 2.0557485960e-01
 555.000 1.5911968000e+00 2.0601463320e-01
 556.000 1.5467878000e+00 2.0020774840e-01
 557.000 1.5003910000e+00 1.9421290590e-01
 558.000 1.5568785000e+00 2.0146348570e-01
 559.000 1.4711312000e+00 1.9034046940e-01
 560.000 1.4771580000e+00 1.9112380980e-01
 561.000 1.6229989000e+00 2.0995001220e-01
 562.000 1.4893778000e+00 1.9265307620e-01
 563.000 1.5578074000e+00 2.0146371460e-01
 564.000 1.5354820000e+00 1.9849737550e-01
 565.000 1.5533652000e+00 2.0080111690e-01
 566.000 1.4318289000e+00 1.8505442810e-01
 567.000 1.5354537000e+00 1.9826037600e-01
 568.000 1.5308284000e+00 1.9702014160e-01
 569.000 1.4989898000e+00 1.9152067570e-01
 570.000 1.5066681000e+00 1.9272427370e-01
 571.000 1.4536827000e+00 1.8692367550e-01
 572.000 1.5355018000e+00 1.9648898320e-01
 573.000 1.5516766000e+00 1.9883804320e-01
 574.000 1.5429673000e+00 1.9777746580e-01
 575.000 1.5049571000e+00 1.9281182860e-01
 576.000 1.4774204000e+00 1.8924105830e-01
 577.000 1.5386944000e+00 1.9731225590e-01
 578.000 1.4938753000e+00 1.9195703120e-01
 579.000 1.4824455000e+00 1.9066749570e-01
 580.000 1.5334579000e+00 1.9742182920e-01
 581.000 1.5057758000e+00 1.9411586000e-01
 582.000 1.5282407000e+00 1.9706256100e-01
 583.000 1.5387046000e+00 1.9846124270e-01
 584.000 1.5336350000e+00 1.9775323490e-01
 585.000 1.5233437000e+00 1.9636785890e-01
 586.000 1.4576991000e+00 1.8790246580e-01
 587.000 1.5143453000e+00 1.9463220210e-01
 588.000 1.4979021000e+00 1.9057206730e-01
 589.000 1.3271594000e+00 1.6637825010e-01
 590.000 1.3855798000e+00 1.7355429080e-01
 591.000 1.4724994000e+00 1.8621778870e-01
 592.000 1.4440005000e+00 1.8161288450e-01
 593.000 1.4594753000e+00 1.8559411620e-01
 594.000 1.4725997000e+00 1.8679869080e-01
 595.000 1.4440856000e+00 1.8173278810e-01
 596.000 1.4801340000e+00 1.8838813780e-01
 597.000 1.4844121000e+00 1.8843786620e-01
 598.000 1.4541079000e+00 1.8549452210e-01
 599.000 1.4544891000e+00 1.8593051150e-01
 600.000 1.4549190000e+00 1.8683143620e-01
 601.000 1.4467893000e+00 1.8640704350e-01
 602.000 1.4309648000e+00 1.8456463620e-01
 603.000 1.4395899000e+00 1.8591600040e-01
 604.000 1.4851700000e+00 1.9201843260e-01
 605.000 1.4813271000e+00 1.9155255130e-01
 606.000 1.4640946000e+00 1.8940267940e-01
 607.000 1.4557965000e+00 1.8834074400e-01
 608.000 1.4503854000e+00 1.8763056950e-01
 609.000 1.4354302000e+00 1.8572848510e-01
 610.000 1.4123711000e+00 1.8273399350e-01
 611.000 1.4352305000e+00 1.8571464540e-01
 612.000 1.4164719000e+00 1.8331329350e-01
 613.000 1.3957060000e+00 1.8062086490e-01
 614.000 1.3447680000e+00 1.7406066890e-01
 615.000 1.4096517000e+00 1.8243260190e-01
 616.000 1.3402376000e+00 1.7348516850e-01
 617.000 1.3477407000e+00 1.7447331240e-01
 618.000 1.4112571000e+00 1.8265200810e-01
 619.000 1.3982593000e+00 1.8101353450e-01
 620.000 1.4188419000e+00 1.8362789920e-01
 621.000 1.4431633000e+00 1.8677705380e-01
 622.000 1.3669700000e+00 1.7688734440e-01
 623.000 1.3775442000e+00 1.7817321780e-01
 624.000 1.3789440000e+00 1.7838661190e-01
 625.000 1.3415200000e+00 1.7353762820e-01
 626.000 1.3482247000e+00 1.7424562070e-01
 627.000 1.3705530000e+00 1.7644839480e-01
 628.000 1.3516117000e+00 1.7271357730e-01
 629.000 1.3857694000e+00 1.7755877690e-01
 630.000 1.3398346000e+00 1.7229560850e-01
 631.000 1.3890570000e+00 1.7883009340e-01
 632.000 1.2937414000e+00 1.6603378300e-01
 633.000 1.3888691000e+00 1.7893563840e-01
 634.000 1.3471747000e+00 1.7379237370e-01
 635.000 1.3717731000e+00 1.7696749880e-01
 636.000 1.3234417000e+00 1.7086708070e-01
 637.000 1.3670976000e+00 1.7659719850e-01
 638.000 1.3884200000e+00 1.7967878720e-01
 639.000 1.3769176000e+00 1.7814059450e-01
 640.000 1.3337187000e+00 1.7279740910e-01
 641.000 1.3529457000e+00 1.7528259280e-01
 642.000 1.3366994000e+00 1.7329959110e-01
 643.000 1.3599906000e+00 1.7608662410e-01
 644.000 1.3443614000e+00 1.7403001400e-01
 645.000 1.3559901000e+00 1.7523178100e-01
 646.000 1.3040149000e+00 1.6709797670e-01
 647.000 1.3215111000e+00 1.6837466430e-01
 648.000 1.3189709000e+00 1.6709672550e-01
 649.000 1.3452457000e+00 1.7124588010e-01
 650.000 1.2468613500e+00 1.6036959840e-01
 651.000 1.3430742000e+00 1.7274812320e-01
 652.000 1.3168730000e+00 1.6786959840e-01
 653.000 1.3437201000e+00 1.7307315060e-01
 654.000 1.3260597000e+00 1.7054927060e-01
 655.000 1.2909525200e+00 1.6540476990e-01
 656.000 1.0960200800e+00 1.4060696410e-01
 657.000 1.1698116600e+00 1.5039479060e-01
 658.000 1.3031086800e+00 1.6818324280e-01
 659.000 1.3062923000e+00 1.6893762210e-01
 660.000 1.3165430000e+00 1.7043858340e-01
 661.000 1.3224064000e+00 1.7170144650e-01
 662.000 1.3414612000e+00 1.7439724730e-01
 663.000 1.3265133000e+00 1.7239392090e-01
 664.000 1.3054301300e+00 1.6973670960e-01
 665.000 1.3110966000e+00 1.7053636170e-01
 666.000 1.3268828400e+00 1.7272819520e-01
 667.000 1.3005365600e+00 1.6932601930e-01
 668.000 1.3079175300e+00 1.7042367550e-01
 669.000 1.3265581500e+00 1.7292483520e-01
 670.000 1.3109805100e+00 1.7086473080e-01
 671.000 1.2967831500e+00 1.6906945800e-01
 672.000 1.2926548200e+00 1.6854779050e-01
 673.000 1.3018627400e+00 1.6975685120e-01
 674.000 1.3043582500e+00 1.7011337280e-01
 675.000 1.2844292300e+00 1.6751464840e-01
 676.000 1.3086513800e+00 1.7070375060e-01
 677.000 1.2825926500e+00 1.6733744810e-01
 678.000 1.3037985700e+00 1.7011082460e-01
 679.000 1.2853621200e+00 1.6768580630e-01
 680.000 1.2754525100e+00 1.6635975650e-01
 681.000 1.2767735200e+00 1.6647047420e-01
 682.000 1.2740947500e+00 1.6608178710e-01
 683.000 1.2824168600e+00 1.6710813900e-01
 684.000 1.2592010300e+00 1.6399946590e-01
 685.000 1.2734073700e+00 1.6592028810e-01
 686.000 1.2172885600e+00 1.5834144590e-01
 687.000 1.1251321000e+00 1.4182356260e-01
 688.000 1.1551365000e+00 1.4710768130e-01
 689.000 1.1495998300e+00 1.4596488950e-01
 690.000 1.1702565300e+00 1.4939910890e-01
 691.000 1.1940590100e+00 1.5323851010e-01
 692.000 1.1971709400e+00 1.5370268250e-01
 693.000 1.1960714300e+00 1.5162382510e-01
 694.000 1.1980645700e+00 1.5016560360e-01
 695.000 1.1852018900e+00 1.4941511540e-01
 696.000 1.2036871700e+00 1.5230769350e-01
 697.000 1.2268124400e+00 1.5823960880e-01
 698.000 1.1995762700e+00 1.5404893490e-01
 699.000 1.2027785000e+00 1.5184576420e-01
 700.000 1.1916711000e+00 1.5084410100e-01
 701.000 1.1607988400e+00 1.4635937500e-01
 702.000 1.1579608100e+00 1.4640501400e-01
 703.000 1.1896163600e+00 1.5253730770e-01
 704.000 1.1935769600e+00 1.5315185550e-01
 705.000 1.1962008600e+00 1.5258314510e-01
 706.000 1.1846452000e+00 1.5128961180e-01
 707.000 1.1689537600e+00 1.4961463930e-01
 708.000 1.2052847200e+00 1.5462252810e-01
 709.000 1.1672621000e+00 1.5044895940e-01
 710.000 1.1885790200e+00 1.5240098570e-01
 711.000 1.1819969700e+00 1.5233433530e-01
 712.000 1.1700094400e+00 1.5148124690e-01
 713.000 1.1612340600e+00 1.4979858400e-01
 714.000 1.1795802200e+00 1.5194757080e-01
 715.000 1.1323187500e+00 1.4497618100e-01
 716.000 1.1555002900e+00 1.4703393550e-01
 717.000 1.0828462300e+00 1.3285771180e-01
 718.000 1.0502052600e+00 1.2596234890e-01
 719.000 1.0283880700e+00 1.2228730770e-01
 720.000 1.0214648300e+00 1.2003565980e-01
 721.000 1.0828408600e+00 1.3418334960e-01
 722.000 1.1205210000e+00 1.4142924500e-01
 723.000 1.1051714400e+00 1.3802462770e-01
 724.000 1.0749981700e+00 1.3030181880e-01
 725.000 1.0685126200e+00 1.3008358760e-01
 726.000 1.0646925900e+00 1.2946014400e-01
 727.000 1.0855020100e+00 1.3254614260e-01
 728.000 1.0611025000e+00 1.2901293950e-01
 729.000 1.0320664700e+00 1.2692787930e-01
 730.000 1.0676154300e+00 1.3107524110e-01
 731.000 1.0469885100e+00 1.2830226140e-01
 732.000 1.0896405500e+00 1.3609941100e-01
 733.000 1.0943985500e+00 1.3930186460e-01
 734.000 1.1274781900e+00 1.4482656860e-01
 735.000 1.1145632200e+00 1.4270504760e-01
 736.000 1.0869979900e+00 1.3837594600e-01
 737.000 1.1062522600e+00 1.4145007320e-01
 738.000 1.1100331500e+00 1.4283033750e-01
 739.000 1.0768949100e+00 1.3897229000e-01
 740.000 1.0933765500e+00 1.4196974180e-01
 741.000 1.0882532400e+00 1.4186325070e-01
 742.000 1.0717747000e+00 1.3995179750e-01
 743.000 1.1065621000e+00 1.4501011660e-01
 744.000 1.1184425100e+00 1.4682090760e-01
 745.000 1.0904351200e+00 1.4334660340e-01
 746.000 1.1064322500e+00 1.4558482360e-01
 747.000 1.1231000400e+00 1.4779586790e-01
 748.000 1.1036802200e+00 1.4534158330e-01
 749.000 1.1041721200e+00 1.4547131350e-01
 750.000 1.0876051600e+00 1.4323286440e-01
 751.000 1.0848082200e+00 1.4288951110e-01
 752.000 1.1019114700e+00 1.4525755310e-01
 753.000 1.0916517700e+00 1.4395436100e-01
 754.000 1.1088436700e+00 1.4626110840e-01
 755.000 1.1024889700e+00 1.4544667050e-01
 756.000 1.0809184800e+00 1.4262713620e-01
 757.000 1.0888774800e+00 1.4370059200e-01
 758.000 1.0865802400e+00 1.4336067200e-01
 759.000 1.0039753200e+00 1.3024714660e-01
 760.000 5.1227163000e-01 5.6034893040e-02
 761.000 4.6271644000e-01 4.9407413480e-02
 762.000 7.3929636000e-01 8.9054458620e-02
 763.000 6.7061855000e-01 7.8163505550e-02
 764.000 7.1691671000e-01 8.4946464540e-02
 765.000 8.1896681000e-01 1.0068416600e-01
 766.000 8.8595469000e-01 1.1278376770e-01
 767.000 9.4966714000e-01 1.2277043910e-01
 768.000 1.0206304800e+00 1.3329461670e-01
 769.000 1.0382699400e+00 1.3652798460e-01
 770.000 1.0433336200e+00 1.3764234920e-01
 771.000 1.0489330100e+00 1.3864860530e-01
 772.000 1.0460071800e+00 1.3834455870e-01
 773.000 1.0420834700e+00 1.3787576290e-01
 774.000 1.0535629700e+00 1.3944274900e-01
 775.000 1.0141318100e+00 1.3426588440e-01
 776.000 1.0559953100e+00 1.3986738590e-01
 777.000 1.0486645400e+00 1.3891233830e-01
 778.000 1.0430092200e+00 1.3816217040e-01
 779.000 1.0463725700e+00 1.3860415650e-01
 780.000 1.0333931600e+00 1.3691218570e-01
 781.000 1.0317936200e+00 1.3674992370e-01
 782.000 1.0441968800e+00 1.3837416080e-01
 783.000 1.0197678800e+00 1.3518988040e-01
 784.000 1.0253217300e+00 1.3589717100e-01
 785.000 1.0271535600e+00 1.3593457030e-01
 786.000 1.0081301200e+00 1.3315835570e-01
 787.000 1.0199887700e+00 1.3406462100e-01
 788.000 1.0030886600e+00 1.3154595950e-01
 789.000 1.0031386500e+00 1.3044183350e-01
 790.000 9.9248314000e-01 1.2895921330e-01
 791.000 9.8845220000e-01 1.2866842650e-01
 792.000 9.7376561000e-01 1.2694202420e-01
 793.000 9.7507974000e-01 1.2757279970e-01
 794.000 9.6992701000e-01 1.2788726040e-01
 795.000 9.6167181000e-01 1.2618276980e-01
 796.000 9.6996203000e-01 1.2583057400e-01
 797.000 9.7836065000e-01 1.2737580870e-01
 798.000 9.8399161000e-01 1.2908709720e-01
 799.000 9.8200992000e-01 1.2860305790e-01
 800.000 9.5271382000e-01 1.2409895320e-01
 801.000 9.7092672000e-01 1.2656969450e-01
 802.000 9.6858772000e-01 1.2619527440e-01
 803.000 9.5529726000e-01 1.2458976750e-01
 804.000 9.6565155000e-01 1.2630659480e-01
 805.000 9.4247208000e-01 1.2391828160e-01
 806.000 9.6996766000e-01 1.2791614530e-01
 807.000 9.6404883000e-01 1.2718792720e-01
 808.000 9.5720659000e-01 1.2606640620e-01
 809.000 9.3953933000e-01 1.2348728940e-01
 810.000 9.3371537000e-01 1.2244173430e-01
 811.000 9.4529538000e-01 1.2342285920e-01
 812.000 9.3748567000e-01 1.2165943910e-01
 813.000 9.2763627000e-01 1.1947819520e-01
 814.000 9.1853417000e-01 1.1721569820e-01
 815.000 8.9876792000e-01 1.1337285610e-01
 816.000 8.7773833000e-01 1.0912332920e-01
 817.000 8.8377860000e-01 1.0996109770e-01
 818.000 8.7947050000e-01 1.0953400420e-01
 819.000 8.5994635000e-01 1.0767375180e-01
 820.000 8.5747752000e-01 1.0913567350e-01
 821.000 9.0265862000e-01 1.1704930110e-01
 822.000 8.6479080000e-01 1.1052902220e-01
 823.000 8.4074482000e-01 1.0340737150e-01
 824.000 8.8403127000e-01 1.1234084320e-01
 825.000 9.0180167000e-01 1.1717581940e-01
 826.000 9.0413170000e-01 1.1704156490e-01
 827.000 8.9875083000e-01 1.1602364350e-01
 828.000 8.8438582000e-01 1.1256472020e-01
 829.000 8.8843078000e-01 1.1365155790e-01
 830.000 8.7922923000e-01 1.1313736720e-01
 831.000 8.6487610000e-01 1.1145532230e-01
 832.000 8.8300163000e-01 1.1387311550e-01
 833.000 8.5820103000e-01 1.1110355380e-01
 834.000 8.7397651000e-01 1.1361968230e-01
 835.000 8.8134611000e-01 1.1545772550e-01
 836.000 8.8976427000e-01 1.1634180450e-01
 837.000 8.8216576000e-01 1.1531980130e-01
 838.000 8.8797151000e-01 1.1655721280e-01
 839.000 8.6173116000e-01 1.1338543700e-01
 840.000 8.8531268000e-01 1.1657991030e-01
 841.000 8.8609550000e-01 1.1639249420e-01
 842.000 8.8185061000e-01 1.1610533910e-01
 843.000 8.7881325000e-01 1.1641115570e-01
 844.000 8.6552943000e-01 1.1496823880e-01
 845.000 8.7923567000e-01 1.1694573970e-01
 846.000 8.8763858000e-01 1.1825527950e-01
 847.000 8.5764087000e-01 1.1446207430e-01
 848.000 8.8186041000e-01 1.1741752620e-01
 849.000 8.8358420000e-01 1.1773272710e-01
 850.000 7.6351424000e-01 1.0159674840e-01
 851.000 8.7414901000e-01 1.1615346530e-01
 852.000 8.4103106000e-01 1.1180864720e-01
 853.000 8.5155331000e-01 1.1344113160e-01
 854.000 6.8456024000e-01 9.1211547850e-02
 855.000 7.5388406000e-01 1.0059568020e-01
 856.000 8.5608085000e-01 1.1447693630e-01
 857.000 8.6998029000e-01 1.1650613400e-01
 858.000 8.5614299000e-01 1.1471493530e-01
 859.000 8.5622652000e-01 1.1486843870e-01
 860.000 8.4866562000e-01 1.1395119480e-01
 861.000 8.4855311000e-01 1.1395536040e-01
 862.000 8.4577742000e-01 1.1360338590e-01
 863.000 8.6193646000e-01 1.1583847050e-01
 864.000 8.6021277000e-01 1.1558507540e-01
 865.000 8.4418631000e-01 1.1352020260e-01
 866.000 7.0809380000e-01 9.5257270810e-02
 867.000 7.5402863000e-01 1.0136659240e-01
 868.000 8.1776789000e-01 1.0999217990e-01
 869.000 8.0628611000e-01 1.0846681980e-01
 870.000 8.3952939000e-01 1.1299955750e-01
 871.000 8.3833675000e-01 1.1283452610e-01
 872.000 8.3495827000e-01 1.1231634520e-01
 873.000 8.3828887000e-01 1.1282128140e-01
 874.000 8.1989771000e-01 1.1032463070e-01
 875.000 8.1234747000e-01 1.0938374330e-01
 876.000 8.1907261000e-01 1.1025223540e-01
 877.000 8.3538107000e-01 1.1239868930e-01
 878.000 8.2096380000e-01 1.1044105530e-01
 879.000 8.2286027000e-01 1.1073136900e-01
 880.000 8.1803201000e-01 1.0996813200e-01
 881.000 7.7548237000e-01 1.0425617220e-01
 882.000 8.1826781000e-01 1.0992000580e-01
 883.000 7.9960804000e-01 1.0753710170e-01
 884.000 8.0639756000e-01 1.0856874080e-01
 885.000 8.1459538000e-01 1.0939081570e-01
 886.000 7.8779058000e-01 1.0567459110e-01
 887.000 7.7977550000e-01 1.0472709660e-01
 888.000 8.0310526000e-01 1.0779836270e-01
 889.000 8.0854736000e-01 1.0869810490e-01
 890.000 8.0588926000e-01 1.0823088070e-01
 891.000 8.0107929000e-01 1.0732382970e-01
 892.000 7.9674463000e-01 1.0627751920e-01
 893.000 7.6068198000e-01 1.0004971310e-01
 894.000 7.8282805000e-01 1.0231274410e-01
 895.000 7.3288845000e-01 9.4011558530e-02
 896.000 7.4693780000e-01 9.4110527040e-02
 897.000 7.1431527000e-01 8.8439254760e-02
 898.000 7.0825475000e-01 8.6919715880e-02
 899.000 6.8682648000e-01 8.2319587710e-02
 900.000 6.7263426000e-01 8.0850082400e-02
 901.000 6.5303439000e-01 7.8042633060e-02
 902.000 6.4185559000e-01 7.6829200740e-02
 903.000 7.0733733000e-01 8.8062019350e-02
 904.000 7.4156430000e-01 9.4547073360e-02
 905.000 7.3877708000e-01 9.4248123170e-02
 906.000 7.0643023000e-01 8.8803283690e-02
 907.000 6.9530722000e-01 8.5117210390e-02
 908.000 6.6343436000e-01 7.9791297910e-02
 909.000 6.5095301000e-01 7.8340621950e-02
 910.000 6.6087629000e-01 7.9748641970e-02
 911.000 6.6894552000e-01 8.1732856750e-02
 912.000 6.6558449000e-01 8.0793342590e-02
 913.000 6.5981797000e-01 7.8201049800e-02
 914.000 6.6600799000e-01 7.9887741090e-02
 915.000 6.6320806000e-01 8.0409088130e-02
 916.000 6.7264298000e-01 8.1750038150e-02
 917.000 6.6641007000e-01 8.1424774170e-02
 918.000 6.6856604000e-01 8.2256538390e-02
 919.000 6.9645863000e-01 8.7808555600e-02
 920.000 7.0398579000e-01 9.0208152770e-02
 921.000 6.8548050000e-01 8.7515464780e-02
 922.000 6.7905178000e-01 8.6718475340e-02
 923.000 6.4689593000e-01 8.2086296080e-02
 924.000 6.6499747000e-01 8.3541488650e-02
 925.000 6.7308061000e-01 8.4429916380e-02
 926.000 6.4892789000e-01 8.1260375980e-02
 927.000 6.6222601000e-01 8.1860343930e-02
 928.000 6.4935015000e-01 7.8482833860e-02
 929.000 6.1590742000e-01 7.2054618840e-02
 930.000 5.8286562000e-01 6.5156494140e-02
 931.000 5.4659421000e-01 5.7503471370e-02
 932.000 4.9368633000e-01 4.7561817170e-02
 933.000 4.5788152000e-01 4.1408706670e-02
 934.000 4.1465544000e-01 3.5071159360e-02
 935.000 4.0444690000e-01 3.3920627590e-02
 936.000 4.1711701000e-01 3.5908950810e-02
 937.000 4.2224428000e-01 3.6157562260e-02
 938.000 4.6041469000e-01 4.2498912810e-02
 939.000 5.7041615000e-01 6.2930767060e-02
 940.000 5.8236961000e-01 6.5652404790e-02
 941.000 5.5637388000e-01 6.1657093050e-02
 942.000 5.0468590000e-01 5.3118339540e-02
 943.000 4.7672204000e-01 4.5629688260e-02
 944.000 4.5988436000e-01 4.3708728790e-02
 945.000 4.8414663000e-01 4.7567401890e-02
 946.000 4.9170846000e-01 4.8434307100e-02
 947.000 5.0601900000e-01 5.1448993680e-02
 948.000 5.1917076000e-01 5.3774120330e-02
 949.000 5.1935280000e-01 5.3703620910e-02
 950.000 5.1845321000e-01 5.3876758580e-02
 951.000 5.3758383000e-01 5.8120403290e-02
 952.000 5.1352811000e-01 5.3290916440e-02
 953.000 5.2867780000e-01 5.6561679840e-02
 954.000 5.4091730000e-01 5.9679363250e-02
 955.000 4.9184484000e-01 5.3024902340e-02
 956.000 5.2125682000e-01 5.5955165860e-02
 957.000 5.6446652000e-01 6.5013839720e-02
 958.000 5.7424441000e-01 6.6709304810e-02
 959.000 5.6913506000e-01 6.5536529540e-02
 960.000 5.6158184000e-01 6.4523818970e-02
 961.000 5.5192098000e-01 6.3125846860e-02
 962.000 5.5784379000e-01 6.4143196110e-02
 963.000 5.7985061000e-01 6.8838142400e-02
 964.000 5.7641671000e-01 6.8761352540e-02
 965.000 5.8119079000e-01 6.9176315310e-02
 966.000 5.6554295000e-01 6.7464889530e-02
 967.000 5.9859452000e-01 7.2970390320e-02
 968.000 6.1844933000e-01 7.8101051330e-02
 969.000 6.3406645000e-01 8.1366638180e-02
 970.000 6.3639550000e-01 8.1760124210e-02
 971.000 6.3045139000e-01 8.0991363530e-02
 972.000 6.3160956000e-01 8.0796897890e-02
 973.000 6.1791837000e-01 7.8259445190e-02
 974.000 5.9909096000e-01 7.4958641050e-02
 975.000 5.9601574000e-01 7.3999481200e-02
 976.000 6.1073390000e-01 7.6593017580e-02
 977.000 6.0721373000e-01 7.7408393860e-02
 978.000 6.2118167000e-01 7.9121131900e-02
 979.000 6.0614728000e-01 7.7565719600e-02
 980.000 6.2694446000e-01 8.1593559270e-02
 981.000 6.3393373000e-01 8.2830650330e-02
 982.000 6.2979960000e-01 8.2006835940e-02
 983.000 6.3433082000e-01 8.3332763670e-02
 984.000 6.3648098000e-01 8.4392700200e-02
 985.000 6.3979897000e-01 8.5292160030e-02
 986.000 6.3923678000e-01 8.5821533200e-02
 987.000 6.4854477000e-01 8.7354103090e-02
 988.000 6.4097046000e-01 8.6400962830e-02
 989.000 6.3309675000e-01 8.5387542720e-02
 990.000 6.3895784000e-01 8.6253440860e-02
 991.000 6.4588773000e-01 8.7432975770e-02
 992.000 6.4037780000e-01 8.6765502930e-02
 993.000 6.4050660000e-01 8.6819770810e-02
 994.000 6.4522973000e-01 8.7678031920e-02
 995.000 6.4150910000e-01 8.7333992000e-02
 996.000 6.4136688000e-01 8.7326400760e-02
 997.000 6.4138151000e-01 8.7241256710e-02
 998.000 6.3826229000e-01 8.6729545590e-02
 999.000 6.3638946000e-01 8.6446372990e-02
1000.000 6.3152984000e-01 8.5826965330e-02
1001.000 6.3353707000e-01 8.5899452210e-02
1002.000 6.3019035000e-01 8.5120552060e-02
1003.000 6.2337517000e-01 8.4297767640e-02
1004.000 6.1948117000e-01 8.3980133060e-02
1005.000 5.7932818000e-01 7.8639495850e-02
1006.000 6.0974948000e-01 8.2594169620e-02
1007.000 6.2042855000e-01 8.4217681880e-02
1008.000 6.2117364000e-01 8.4056190490e-02
1009.000 6.1488981000e-01 8.2866592410e-02
1010.000 6.1828200000e-01 8.3501747130e-02
1011.000 6.1757494000e-01 8.3806503300e-02
1012.000 6.1874734000e-01 8.4135139470e-02
1013.000 6.1503142000e-01 8.3758369450e-02
1014.000 6.1927461000e-01 8.4417716980e-02
1015.000 6.0788688000e-01 8.2904876710e-02
1016.000 6.1210802000e-01 8.3565780640e-02
1017.000 6.0617493000e-01 8.2811409000e-02
1018.000 6.1373486000e-01 8.3812561040e-02
1019.000 5.9893110000e-01 8.1685745240e-02
1020.000 5.9793292000e-01 8.1596511840e-02
1021.000 6.0442676000e-01 8.2566375730e-02
1022.000 5.9443043000e-01 8.1024650570e-02
1023.000 6.0506189000e-01 8.2324974060e-02
1024.000 6.0151918000e-01 8.1748931880e-02
1025.000 6.0266730000e-01 8.2139328000e-02
1026.000 6.0394734000e-01 8.2434173580e-02
1027.000 6.0004980000e-01 8.1892333980e-02
1028.000 6.0165864000e-01 8.2187377930e-02
1029.000 5.9298794000e-01 8.1147323610e-02
1030.000 5.9948082000e-01 8.2176780700e-02
1031.000 5.9783765000e-01 8.2047462460e-02
1032.000 5.9592339000e-01 8.1860443120e-02
1033.000 5.8498448000e-01 8.0379699710e-02
1034.000 5.9069798000e-01 8.1199996950e-02
1035.000 5.8298118000e-01 8.0152923580e-02
1036.000 5.9261517000e-01 8.1498458860e-02
1037.000 5.8013322000e-01 7.9799140930e-02
1038.000 5.8586805000e-01 8.0603378300e-02
1039.000 5.8825393000e-01 8.0927925110e-02
1040.000 5.8128465000e-01 7.9970306400e-02
1041.000 5.8430970000e-01 8.0383354190e-02
1042.000 5.8603703000e-01 8.0623741150e-02
1043.000 5.7591631000e-01 7.9236785890e-02
1044.000 5.8163916000e-01 8.0024047850e-02
1045.000 5.7909011000e-01 7.9686599730e-02
1046.000 5.6223875000e-01 7.7391006470e-02
1047.000 5.7254840000e-01 7.8832603450e-02
1048.000 5.7822091000e-01 7.9642860410e-02
1049.000 5.7450295000e-01 7.9166648860e-02
1050.000 5.7208402000e-01 7.8843643190e-02
1051.000 5.7105696000e-01 7.8682518010e-02
1052.000 5.6832549000e-01 7.8301086430e-02
1053.000 5.6694216000e-01 7.8109535220e-02
1054.000 5.6271273000e-01 7.7504234310e-02
1055.000 5.6680431000e-01 7.8034362790e-02
1056.000 5.6527193000e-01 7.7806785580e-02
1057.000 5.6420114000e-01 7.7601165770e-02
1058.000 5.5813073000e-01 7.6646415710e-02
1059.000 5.4058771000e-01 7.4279777530e-02
1060.000 5.6014706000e-01 7.7081108090e-02
1061.000 5.4049476000e-01 7.4385536190e-02
1062.000 5.5538655000e-01 7.6370277400e-02
1063.000 5.4597795000e-01 7.5068321230e-02
1064.000 5.5271058000e-01 7.5922714230e-02
1065.000 5.5187231000e-01 7.5701492310e-02
1066.000 5.3496722000e-01 7.3385864260e-02
1067.000 5.4759128000e-01 7.5071380620e-02
1068.000 5.4484588000e-01 7.4497077940e-02
1069.000 5.0353189000e-01 6.8739830020e-02
1070.000 5.3347510000e-01 7.2859527590e-02
1071.000 5.3394499000e-01 7.2815429690e-02
1072.000 5.3532868000e-01 7.2899810790e-02
1073.000 5.1763747000e-01 7.0481071470e-02
1074.000 5.3583927000e-01 7.2989601140e-02
1075.000 5.1978943000e-01 7.0981216430e-02
1076.000 5.3081954000e-01 7.2384994510e-02
1077.000 5.2912778000e-01 7.2018722530e-02
1078.000 5.2989129000e-01 7.1964523320e-02
1079.000 5.0940183000e-01 6.9165893550e-02
1080.000 5.2283668000e-01 7.0568725590e-02
1081.000 5.0351064000e-01 6.7940368650e-02
1082.000 5.1065742000e-01 6.9074241640e-02
1083.000 4.9600964000e-01 6.6864799500e-02
1084.000 5.1392615000e-01 6.9027336120e-02
1085.000 5.0469608000e-01 6.7228698730e-02
1086.000 5.1189045000e-01 6.8303237920e-02
1087.000 4.8314083000e-01 6.5040344240e-02
1088.000 5.1251065000e-01 6.9047065730e-02
1089.000 4.8967851000e-01 6.5281089780e-02
1090.000 4.9967235000e-01 6.6502143860e-02
1091.000 5.0358493000e-01 6.7183509830e-02
1092.000 4.9021843000e-01 6.5072471620e-02
1093.000 4.8033174000e-01 6.3030887600e-02
1094.000 4.3551147200e-01 5.6851921080e-02
1095.000 4.7168651000e-01 6.1611526490e-02
1096.000 4.7301225000e-01 6.1833412170e-02
1097.000 4.6294715000e-01 6.0335178380e-02
1098.000 4.4561464600e-01 5.6440891270e-02
1099.000 4.3529692700e-01 5.3792709350e-02
1100.000 4.4359008900e-01 5.4910137180e-02
1101.000 4.4424923100e-01 5.5174758910e-02
1102.000 4.2508386800e-01 5.2697513580e-02
1103.000 4.4303542300e-01 5.5036605830e-02
1104.000 4.3783417600e-01 5.4159336090e-02
1105.000 4.3207947800e-01 5.2885707860e-02
1106.000 4.2325521500e-01 5.1268352510e-02
1107.000 4.2409058100e-01 5.1479705810e-02
1108.000 4.2375792600e-01 5.1499897000e-02
1109.000 4.3025566000e-01 5.2702297210e-02
1110.000 4.3201363800e-01 5.2783412930e-02
1111.000 4.2404059400e-01 5.1516010280e-02
1112.000 4.0767324100e-01 4.8374839780e-02
1113.000 3.8895872700e-01 4.4464225770e-02
1114.000 3.8875145500e-01 4.3842937470e-02
1115.000 3.6314004400e-01 3.8700859070e-02
1116.000 3.4497184700e-01 3.5437137600e-02
1117.000 3.1597763100e-01 2.9918451310e-02
1118.000 2.8202763600e-01 2.4663421630e-02
1119.000 2.5818159100e-01 2.1496511460e-02
1120.000 2.3801560200e-01 1.8595506670e-02
1121.000 2.3493201400e-01 1.8062517170e-02
1122.000 2.1116475000e-01 1.5054364200e-02
1123.000 2.2501633100e-01 1.6676544190e-02
1124.000 2.3397043300e-01 1.7762121200e-02
1125.000 2.2481333200e-01 1.6841316220e-02
1126.000 2.1876524600e-01 1.6310379030e-02
1127.000 2.2793369700e-01 1.7125120160e-02
1128.000 2.2715038500e-01 1.7309720990e-02
1129.000 2.4996544400e-01 2.0311374660e-02
1130.000 2.9876802200e-01 2.7427675250e-02
1131.000 3.1570641900e-01 2.9970544820e-02
1132.000 2.9773992500e-01 2.6968793870e-02
1133.000 2.5552129100e-01 2.1241210940e-02
1134.000 1.8687355300e-01 1.2548067090e-02
1135.000 1.9452388300e-01 1.3352460860e-02
1136.000 2.6167968900e-01 2.2118804930e-02
1137.000 2.9994042900e-01 2.7633022310e-02
1138.000 3.2044540000e-01 3.2075119020e-02
1139.000 3.3648098900e-01 3.4659236910e-02
1140.000 3.3146183300e-01 3.3617500310e-02
1141.000 3.0990477900e-01 3.0518209460e-02
1142.000 3.1404325100e-01 3.0580261230e-02
1143.000 2.9513595700e-01 2.7767686840e-02
1144.000 2.7785804400e-01 2.5163900380e-02
1145.000 2.5699328600e-01 2.1951915740e-02
1146.000 2.6500404000e-01 2.2962570190e-02
1147.000 2.8410677500e-01 2.5757621770e-02
1148.000 2.9672112700e-01 2.7962780000e-02
1149.000 3.0364719000e-01 2.9079813000e-02
1150.000 3.0239688400e-01 2.9058759690e-02
1151.000 3.1025732300e-01 3.0579967500e-02
1152.000 3.1389632100e-01 3.1322809220e-02
1153.000 3.1958365100e-01 3.2455268860e-02
1154.000 3.1983128800e-01 3.2379779820e-02
1155.000 3.3266125200e-01 3.4834884640e-02
1156.000 3.4111568000e-01 3.7024211880e-02
1157.000 3.7053043700e-01 4.2906616210e-02
1158.000 3.8090140200e-01 4.5167541500e-02
1159.000 3.8412166300e-01 4.6446075440e-02
1160.000 3.8271069500e-01 4.6658054350e-02
1161.000 3.8323813300e-01 4.7581523900e-02
1162.000 4.0355718100e-01 5.0817646030e-02
1163.000 4.1312393600e-01 5.2882907870e-02
1164.000 4.0656097900e-01 5.2231662750e-02
1165.000 4.1491116400e-01 5.3427551270e-02
1166.000 4.0570697000e-01 5.2452995300e-02
1167.000 4.1325127400e-01 5.3563465120e-02
1168.000 4.1646286300e-01 5.3946872710e-02
1169.000 4.0312922100e-01 5.2354026790e-02
1170.000 4.1498059100e-01 5.4015922550e-02
1171.000 4.1965479900e-01 5.4927272800e-02
1172.000 4.1670438900e-01 5.4381496430e-02
1173.000 4.1220094400e-01 5.3643386840e-02
1174.000 4.1250287000e-01 5.3702194210e-02
1175.000 4.1195333500e-01 5.4084854130e-02
1176.000 4.0583837300e-01 5.3699646000e-02
1177.000 4.1651301500e-01 5.4920326230e-02
1178.000 4.0573254800e-01 5.3112472530e-02
1179.000 4.0392243900e-01 5.2885414120e-02
1180.000 4.0823304500e-01 5.3315673830e-02
1181.000 4.0261695900e-01 5.2229923250e-02
1182.000 3.9961061800e-01 5.1496250150e-02
1183.000 3.7681573000e-01 4.8605014800e-02
1184.000 3.9578809800e-01 5.1257232670e-02
1185.000 4.0593949000e-01 5.3084545140e-02
1186.000 4.0207502800e-01 5.2436790470e-02
1187.000 3.9721152300e-01 5.1310531620e-02
1188.000 3.9402216500e-01 5.0791782380e-02
1189.000 3.7389530100e-01 4.8491321560e-02
1190.000 4.0001972500e-01 5.2681758880e-02
1191.000 4.0858033500e-01 5.4055953980e-02
1192.000 4.0965499600e-01 5.4558090210e-02
1193.000 4.0909841300e-01 5.4401153560e-02
1194.000 4.0781450300e-01 5.4186252590e-02
1195.000 4.0000971600e-01 5.2814487460e-02
1196.000 4.0019988600e-01 5.2897861480e-02
1197.000 3.9852286200e-01 5.2519676210e-02
1198.000 3.8479426300e-01 5.0683578490e-02
1199.000 3.6865489700e-01 4.8375259400e-02
1200.000 3.9300433800e-01 5.1695072170e-02
1201.000 3.9625997900e-01 5.2192455290e-02
1202.000 3.9717287400e-01 5.2412109380e-02
1203.000 3.7673639800e-01 4.9664741520e-02
1204.000 3.8359214000e-01 5.0684001920e-02
1205.000 3.9778682100e-01 5.3143508910e-02
1206.000 3.9783640400e-01 5.3420188900e-02
1207.000 4.0151826700e-01 5.4029251100e-02
1208.000 3.9494657100e-01 5.3061847690e-02
1209.000 3.6913803100e-01 4.9466835020e-02
1210.000 3.9297254600e-01 5.2424327850e-02
1211.000 3.7955814700e-01 5.0604343410e-02
1212.000 3.9199836100e-01 5.2327365880e-02
1213.000 3.9559676000e-01 5.3042793270e-02
1214.000 3.9353145600e-01 5.2738552090e-02
1215.000 3.9561261700e-01 5.3112483980e-02
1216.000 3.9738378500e-01 5.3728942870e-02
1217.000 3.9899941500e-01 5.4280895230e-02
1218.000 3.9857875100e-01 5.4390678410e-02
1219.000 3.9534782000e-01 5.4054077150e-02
1220.000 3.9808409700e-01 5.4433250430e-02
1221.000 3.9761050800e-01 5.4403789520e-02
1222.000 3.9559170200e-01 5.4142490390e-02
1223.000 3.9392566200e-01 5.3965393070e-02
1224.000 3.9845831400e-01 5.4794628140e-02
1225.000 3.9658106000e-01 5.4595458980e-02
1226.000 3.9838508000e-01 5.4923278810e-02
1227.000 3.8555043000e-01 5.3269798280e-02
1228.000 3.9841943800e-01 5.5195899960e-02
1229.000 3.9857099000e-01 5.5334510800e-02
1230.000 3.9787428700e-01 5.5370143890e-02
1231.000 3.9824436200e-01 5.5502204900e-02
1232.000 3.9389011200e-01 5.4935913090e-02
1233.000 3.9707396900e-01 5.5411437990e-02
1234.000 3.9674574000e-01 5.5528835300e-02
1235.000 3.9429819700e-01 5.5252033230e-02
1236.000 3.9679742200e-01 5.5652370450e-02
1237.000 3.9705020000e-01 5.5750522610e-02
1238.000 3.9689433300e-01 5.5761867520e-02
1239.000 3.9241678700e-01 5.5158157350e-02
1240.000 3.9064000200e-01 5.4940101620e-02
1241.000 3.9404969600e-01 5.5436779020e-02
1242.000 3.9165293700e-01 5.5112251280e-02
1243.000 3.8719547600e-01 5.4500011440e-02
1244.000 3.8355260800e-01 5.3985046390e-02
1245.000 3.9003011700e-01 5.4902736660e-02
1246.000 3.8686920300e-01 5.4436359410e-02
1247.000 3.8478377800e-01 5.4117893220e-02
1248.000 3.8759364200e-01 5.4490978240e-02
1249.000 3.8608729300e-01 5.4271018980e-02
1250.000 3.8440693700e-01 5.4013637540e-02
1251.000 3.8157545700e-01 5.3600643160e-02
1252.000 3.8013527600e-01 5.3364410400e-02
1253.000 3.7667889300e-01 5.2840843200e-02
1254.000 3.7703328800e-01 5.2804534910e-02
1255.000 3.7594590700e-01 5.2601261140e-02
1256.000 3.7474758500e-01 5.2397403720e-02
1257.000 3.6989784900e-01 5.1653961180e-02
1258.000 3.6997295600e-01 5.1522594450e-02
1259.000 3.6473439400e-01 5.0682834630e-02
1260.000 3.6386378000e-01 5.0433429720e-02
1261.000 3.6164395800e-01 4.9992591860e-02
1262.000 3.5060455200e-01 4.8237861630e-02
1263.000 3.5358130900e-01 4.8591068270e-02
1264.000 3.4723855700e-01 4.7694492340e-02
1265.000 3.4756066000e-01 4.7734363560e-02
1266.000 3.4841820500e-01 4.7771377560e-02
1267.000 3.4034078800e-01 4.6584980010e-02
1268.000 3.3525202300e-01 4.5816581730e-02
1269.000 3.3760466200e-01 4.6109268190e-02
1270.000 3.4578901000e-01 4.7437633510e-02
1271.000 3.4971085200e-01 4.8060222630e-02
1272.000 3.5029702100e-01 4.8236351010e-02
1273.000 3.5146049700e-01 4.8516380310e-02
1274.000 3.5116275000e-01 4.8624736790e-02
1275.000 3.5410503200e-01 4.9083465580e-02
1276.000 3.5519059900e-01 4.9245147710e-02
1277.000 3.5523125500e-01 4.9228015900e-02
1278.000 3.5454355600e-01 4.9095081330e-02
1279.000 3.5252009800e-01 4.8823379520e-02
1280.000 3.5142239400e-01 4.8783367160e-02
1281.000 3.4234462000e-01 4.7626003270e-02
1282.000 3.0477250300e-01 4.2490772250e-02
1283.000 3.3500008700e-01 4.6746627810e-02
1284.000 3.4888633000e-01 4.8686759950e-02
1285.000 3.5173026600e-01 4.9104270940e-02
1286.000 3.5118408500e-01 4.8955711360e-02
1287.000 3.5245256900e-01 4.9006778720e-02
1288.000 3.4695852200e-01 4.7818969730e-02
1289.000 3.4800979300e-01 4.7829170230e-02
1290.000 3.3988890000e-01 4.6688396450e-02
1291.000 3.4512551500e-01 4.7449275970e-02
1292.000 3.4799881300e-01 4.7985019680e-02
1293.000 3.4843837100e-01 4.8035789490e-02
1294.000 3.4149322700e-01 4.6872993470e-02
1295.000 3.4283773100e-01 4.6758270260e-02
1296.000 3.4064381700e-01 4.6157493590e-02
1297.000 3.3654458900e-01 4.5369323730e-02
1298.000 3.3335343700e-01 4.4907741550e-02
1299.000 3.3657825500e-01 4.5311805730e-02
1300.000 3.3488807500e-01 4.5047519680e-02
1301.000 3.3390776500e-01 4.4842998500e-02
1302.000 3.2822331800e-01 4.3899616240e-02
1303.000 3.2224511100e-01 4.2624732970e-02
1304.000 3.2087647300e-01 4.2241176610e-02
1305.000 3.2212512900e-01 4.2316398620e-02
1306.000 3.2190881100e-01 4.2196636200e-02
1307.000 3.1989424300e-01 4.1818931580e-02
1308.000 3.1691908900e-01 4.1135635380e-02
1309.000 3.1298516500e-01 4.0242023470e-02
1310.000 3.1126021900e-01 3.9981235500e-02
1311.000 3.1040794800e-01 3.9866508480e-02
1312.000 3.0497723200e-01 3.8751068120e-02
1313.000 2.8886895400e-01 3.6241645810e-02
1314.000 2.9338834900e-01 3.6401142120e-02
1315.000 2.8561301500e-01 3.5616302490e-02
1316.000 2.9559276000e-01 3.7139694210e-02
1317.000 2.9859739000e-01 3.7499614720e-02
1318.000 2.8920287400e-01 3.5831233980e-02
1319.000 2.8555595500e-01 3.4710441590e-02
1320.000 2.7483684100e-01 3.2609981540e-02
1321.000 2.7030105700e-01 3.1736772540e-02
1322.000 2.7537468800e-01 3.2846084590e-02
1323.000 2.8226621400e-01 3.4186561580e-02
1324.000 2.8553211800e-01 3.4849704740e-02
1325.000 2.8314726900e-01 3.4370819090e-02
1326.000 2.7606321300e-01 3.3004405980e-02
1327.000 2.6152548500e-01 3.0075056080e-02
1328.000 2.4838665000e-01 2.7162168500e-02
1329.000 2.1428783300e-01 2.1336210250e-02
1330.000 2.0823664400e-01 2.0025169370e-02
1331.000 2.0274781900e-01 1.9058668140e-02
1332.000 2.0055335600e-01 1.8969347000e-02
1333.000 2.1156984200e-01 2.0403865810e-02
1334.000 2.1999441700e-01 2.1771190640e-02
1335.000 2.2594224300e-01 2.2785778050e-02
1336.000 2.2583721500e-01 2.2928571700e-02
1337.000 2.2839345800e-01 2.3255294800e-02
1338.000 2.3215001900e-01 2.3973588940e-02
1339.000 2.3266430100e-01 2.4158401490e-02
1340.000 2.3428772500e-01 2.4627113340e-02
1341.000 2.3824369400e-01 2.4832204820e-02
1342.000 2.3814617000e-01 2.4846702580e-02
1343.000 2.2910286900e-01 2.2744115830e-02
1344.000 2.1523858600e-01 2.0148040770e-02
1345.000 1.7807151100e-01 1.4408972740e-02
1346.000 1.5188975900e-01 1.0785618780e-02
1347.000 1.3471953600e-01 8.7796993260e-03
1348.000 1.1168383300e-01 6.1119542120e-03
1349.000 1.0157911830e-01 5.1745133400e-03
1350.000 7.9123504100e-02 3.1901972290e-03
1351.000 6.8307212300e-02 2.4623651500e-03
1352.000 5.2246318100e-02 1.4602253440e-03
1353.000 3.7031563500e-02 8.0157357450e-04
1354.000 2.9610090800e-02 5.3621256350e-04
1355.000 2.2989711900e-02 3.4432199600e-04
1356.000 1.7384972600e-02 2.0998378100e-04
1357.000 1.1883097220e-02 1.0613749920e-04
1358.000 8.7943128700e-03 6.4949758350e-05
1359.000 4.6371929600e-03 2.2149767730e-05
1360.000 3.0667207900e-03 1.1673145930e-05
1361.000 2.2822909500e-03 6.9655315020e-06
1362.000 2.1000793400e-03 6.1325323770e-06
1363.000 3.0298733600e-03 1.0692674670e-05
1364.000 3.5132279600e-03 1.3388560150e-05
1365.000 3.6785399200e-03 1.4134089460e-05
1366.000 4.2481010300e-03 1.7653156070e-05
1367.000 3.5684728100e-03 1.3846994380e-05
1368.000 3.1641459100e-03 1.1979297730e-05
1369.000 3.2446903800e-03 1.2608298100e-05
1370.000 5.3662074000e-03 2.9191574080e-05
1371.000 9.5567537000e-03 7.2985731070e-05
1372.000 1.7696204200e-02 2.0131754880e-04
1373.000 2.5103547800e-02 3.5513889790e-04
1374.000 3.0483582000e-02 4.9143186210e-04
1375.000 3.2500856600e-02 5.5213195090e-04
1376.000 3.0145884800e-02 4.9022468920e-04
1377.000 2.6837321900e-02 4.0108364820e-04
1378.000 2.0455611600e-02 2.5623270870e-04
1379.000 1.4046725270e-02 1.3867166640e-04
1380.000 7.9669030900e-03 5.5570043620e-05
1381.000 4.6085496800e-03 2.3255497220e-05
1382.000 3.2226958600e-03 1.3160147700e-05
1383.000 3.1180847100e-03 1.2310228310e-05
1384.000 5.0718392800e-03 2.6529505850e-05
1385.000 7.2001220900e-03 4.6484705060e-05
1386.000 1.0997440280e-02 9.1623716060e-05
1387.000 2.0206294700e-02 2.5181993840e-04
1388.000 2.6781629200e-02 3.9561808110e-04
1389.000 3.0764007300e-02 5.0462257860e-04
1390.000 3.1403340600e-02 5.2807778120e-04
1391.000 2.9315390200e-02 4.7068372370e-04
1392.000 2.2163683200e-02 2.9841542240e-04
1393.000 1.6942386700e-02 1.9504442810e-04
1394.000 1.2979801080e-02 1.2761539220e-04
1395.000 1.4631335000e-02 1.5492714940e-04
1396.000 2.0077425300e-02 2.5645023580e-04
1397.000 2.5909803000e-02 3.9086782930e-04
1398.000 2.6682603300e-02 4.0936860440e-04
1399.000 2.4913646400e-02 3.7190619110e-04
1400.000 2.3296377000e-02 3.3858323100e-04
1401.000 2.4765244300e-02 3.8111114500e-04
1402.000 3.0702204700e-02 5.3379410510e-04
1403.000 3.5348622500e-02 6.9472181800e-04
1404.000 3.3248529700e-02 6.2715429070e-04
1405.000 3.4827099700e-02 6.9557863470e-04
1406.000 3.2294504200e-02 6.1069399120e-04
1407.000 3.3492613800e-02 6.6896194220e-04
1408.000 4.0143288100e-02 9.0073525910e-04
1409.000 4.7057142500e-02 1.1976205110e-03
1410.000 5.7715319500e-02 1.6890484090e-03
1411.000 6.8650441400e-02 2.3304176330e-03
1412.000 6.6324202300e-02 2.2535264490e-03
1413.000 7.3149631200e-02 2.7034900190e-03
1414.000 7.2120514500e-02 2.6008293630e-03
1415.000 7.9728681000e-02 3.1774415970e-03
1416.000 8.5663204800e-02 3.6062440870e-03
1417.000 8.7868958000e-02 3.8097100260e-03
1418.000 8.8652097500e-02 3.8560447690e-03
1419.000 8.8467666700e-02 3.9242045880e-03
1420.000 9.0569002400e-02 4.0854763980e-03
1421.000 1.0186426060e-01 5.0248236660e-03
1422.000 1.0428811050e-01 5.3191266060e-03
1423.000 1.0545144040e-01 5.4873986240e-03
1424.000 1.0509306160e-01 5.4425263400e-03
1425.000 1.0389966070e-01 5.2826719280e-03
1426.000 1.0017385140e-01 5.1040859220e-03
1427.000 1.0610488750e-01 5.5961852070e-03
1428.000 1.1206781850e-01 6.0553421970e-03
1429.000 1.1367015880e-01 6.3337020870e-03
1430.000 1.1090593020e-01 6.1861066820e-03
1431.000 1.0332133870e-01 5.5174784660e-03
1432.000 1.0102614760e-01 5.2466368680e-03
1433.000 1.0074138640e-01 5.2182078360e-03
1434.000 9.6089033400e-02 4.8655385970e-03
1435.000 1.0316098260e-01 5.4610333440e-03
1436.000 1.0573027060e-01 5.7002792360e-03
1437.000 1.0741576210e-01 5.8461723330e-03
1438.000 1.1388007290e-01 6.4767165180e-03
1439.000 1.1598185670e-01 6.6228022580e-03
1440.000 1.1120882090e-01 6.4358153340e-03
1441.000 1.1811635370e-01 6.8857574460e-03
1442.000 1.1330034540e-01 6.5146307950e-03
1443.000 1.1533674620e-01 6.6474461560e-03
1444.000 1.1793729710e-01 6.8809418680e-03
1445.000 1.1817356110e-01 6.9206905360e-03
1446.000 1.2369142640e-01 7.4248361590e-03
1447.000 1.2707277400e-01 7.7968940730e-03
1448.000 1.2852114000e-01 7.9194884300e-03
1449.000 1.2599724900e-01 7.6599316600e-03
1450.000 1.2048343780e-01 7.1657390590e-03
1451.000 1.2183263350e-01 7.3359532360e-03
1452.000 1.2716658700e-01 7.9920983310e-03
1453.000 1.4170448700e-01 9.4508619310e-03
1454.000 1.5419955100e-01 1.0895525930e-02
1455.000 1.6017642300e-01 1.1715819360e-02
1456.000 1.6728477700e-01 1.2653521540e-02
1457.000 1.6997517900e-01 1.2923795700e-02
1458.000 1.7330103400e-01 1.3270764350e-02
1459.000 1.6842989300e-01 1.2619044300e-02
1460.000 1.6075026600e-01 1.1816923140e-02
1461.000 1.5766588000e-01 1.1478361130e-02
1462.000 1.4917401500e-01 1.0543931960e-02
1463.000 1.4818484000e-01 1.0493747710e-02
1464.000 1.4626991900e-01 1.0276333810e-02
1465.000 1.4302362000e-01 9.8279552460e-03
1466.000 1.3329295100e-01 8.9007005690e-03
1467.000 1.3232510800e-01 8.6537666320e-03
1468.000 1.2418148790e-01 7.9301109310e-03
1469.000 1.1779867730e-01 7.2128171920e-03
1470.000 1.1438676840e-01 6.9032444950e-03
1471.000 1.2138941570e-01 7.7445116040e-03
1472.000 1.3367269300e-01 9.0840930940e-03
1473.000 1.5022576400e-01 1.0998973850e-02
1474.000 1.5746649000e-01 1.2164592740e-02
1475.000 1.6026657400e-01 1.2414429660e-02
1476.000 1.6052710900e-01 1.2468935970e-02
1477.000 1.5708532900e-01 1.2053733830e-02
1478.000 1.5094104600e-01 1.1446721080e-02
1479.000 1.4794602000e-01 1.1014904980e-02
1480.000 1.5102855500e-01 1.1440418240e-02
1481.000 1.5385408900e-01 1.1951540950e-02
1482.000 1.6080703600e-01 1.2845694540e-02
1483.000 1.5902775400e-01 1.2822574620e-02
1484.000 1.6005967400e-01 1.2962020870e-02
1485.000 1.6235978700e-01 1.3140605930e-02
1486.000 1.6373520700e-01 1.3580009460e-02
1487.000 1.7376281800e-01 1.5085594180e-02
1488.000 1.5227886800e-01 1.3310554500e-02
1489.000 1.8688114100e-01 1.7322368620e-02
1490.000 1.9772502200e-01 1.9253604890e-02
1491.000 2.0479342000e-01 2.0470335010e-02
1492.000 2.0108023900e-01 2.0243976590e-02
1493.000 2.0851620500e-01 2.1338745120e-02
1494.000 2.0821099200e-01 2.1412832260e-02
1495.000 2.0993820900e-01 2.1944549560e-02
1496.000 2.0957832100e-01 2.2409860610e-02
1497.000 2.1468941700e-01 2.3060577390e-02
1498.000 2.2177346000e-01 2.4283916470e-02
1499.000 2.2276529100e-01 2.4837736130e-02
1500.000 2.2963668400e-01 2.5962682720e-02
1501.000 2.2832974800e-01 2.5787113190e-02
1502.000 2.2464765300e-01 2.5291662220e-02
1503.000 2.0068063600e-01 2.2558124540e-02
1504.000 2.1001925700e-01 2.3753126140e-02
1505.000 2.1264410800e-01 2.4383018490e-02
1506.000 2.1557591900e-01 2.4796998980e-02
1507.000 2.2840000000e-01 2.6598339080e-02
1508.000 2.2639145000e-01 2.6569805150e-02
1509.000 2.2891732500e-01 2.7086603160e-02
1510.000 2.3302004200e-01 2.7694524770e-02
1511.000 2.3516887100e-01 2.8119434360e-02
1512.000 2.3148179600e-01 2.7802888870e-02
1513.000 2.3139130600e-01 2.7887577060e-02
1514.000 2.2822290300e-01 2.7561983110e-02
1515.000 2.3353083600e-01 2.8335165020e-02
1516.000 2.3162420000e-01 2.8174476620e-02
1517.000 2.3100348500e-01 2.8212974550e-02
1518.000 2.3672809800e-01 2.9105836870e-02
1519.000 2.3494674100e-01 2.9103532790e-02
1520.000 2.3854972400e-01 2.9831369400e-02
1521.000 2.3516016500e-01 2.9581748960e-02
1522.000 2.3379968900e-01 2.9464492800e-02
1523.000 2.3982716000e-01 3.0317705150e-02
1524.000 2.3774248400e-01 3.0068956380e-02
1525.000 2.3200411800e-01 2.9349702840e-02
1526.000 2.3864132000e-01 3.0237804410e-02
1527.000 2.3652885000e-01 3.0061729430e-02
1528.000 2.3863152900e-01 3.0444311140e-02
1529.000 2.3788482300e-01 3.0382394790e-02
1530.000 2.2302646700e-01 2.8584539410e-02
1531.000 2.3867532200e-01 3.0680454250e-02
1532.000 2.3753838600e-01 3.0630756380e-02
1533.000 2.3657677900e-01 3.0575550080e-02
1534.000 2.3309815800e-01 3.0188375470e-02
1535.000 2.3408598600e-01 3.0380559920e-02
1536.000 2.3721931100e-01 3.0840456010e-02
1537.000 2.3815693100e-01 3.1048372270e-02
1538.000 2.3182863700e-01 3.0313268660e-02
1539.000 2.3684555800e-01 3.1054740910e-02
1540.000 2.2829436700e-01 2.9997861860e-02
1541.000 2.3310847500e-01 3.0676807400e-02
1542.000 2.3449612700e-01 3.0894580840e-02
1543.000 2.3385820300e-01 3.0860233310e-02
1544.000 2.3686262800e-01 3.1317131040e-02
1545.000 2.3777273300e-01 3.1517467500e-02
1546.000 2.3799204300e-01 3.1625226970e-02
1547.000 2.3568087100e-01 3.1388357160e-02
1548.000 2.2872020300e-01 3.0520273210e-02
1549.000 2.3458228700e-01 3.1345067980e-02
1550.000 2.3326380800e-01 3.1205375670e-02
1551.000 2.3203554300e-01 3.1066104890e-02
1552.000 2.3599061100e-01 3.1620859150e-02
1553.000 2.3475714500e-01 3.1491779330e-02
1554.000 2.2615546800e-01 3.0360782620e-02
1555.000 2.2992980900e-01 3.0909452440e-02
1556.000 2.2554021900e-01 3.0365358350e-02
1557.000 2.3292503400e-01 3.1413705830e-02
1558.000 2.3108073300e-01 3.1202066420e-02
1559.000 2.3109836700e-01 3.1237800600e-02
1560.000 2.2710726400e-01 3.0742542270e-02
1561.000 2.3240710500e-01 3.1480947490e-02
1562.000 2.3229833100e-01 3.1467086790e-02
1563.000 2.2882507400e-01 3.1008518220e-02
1564.000 2.2416513600e-01 3.0377105710e-02
1565.000 2.2741857500e-01 3.0808790210e-02
1566.000 2.2310959700e-01 3.0253644940e-02
1567.000 2.2275048200e-01 3.0193103790e-02
1568.000 2.1759171600e-01 2.9460813520e-02
1569.000 2.1777183900e-01 2.9443775180e-02
1570.000 2.1171294700e-01 2.8604116440e-02
1571.000 2.1738571700e-01 2.9398874280e-02
1572.000 2.1721899200e-01 2.9388433460e-02
1573.000 2.1391982100e-01 2.8987335210e-02
1574.000 2.1476352400e-01 2.9161279680e-02
1575.000 1.9953540700e-01 2.7135934830e-02
1576.000 2.1436683100e-01 2.9173547740e-02
1577.000 1.9364014000e-01 2.6368696210e-02
1578.000 2.1199507100e-01 2.8885633470e-02
1579.000 2.1331852200e-01 2.9094560620e-02
1580.000 2.1786997900e-01 2.9762727740e-02
1581.000 2.1642516400e-01 2.9582021710e-02
1582.000 2.1227453000e-01 2.9082448960e-02
1583.000 2.1508117900e-01 2.9531246190e-02
1584.000 2.1334924900e-01 2.9359664920e-02
1585.000 2.1979881400e-01 3.0303131100e-02
1586.000 2.1703834900e-01 2.9952730180e-02
1587.000 2.1477711400e-01 2.9693483350e-02
1588.000 2.1162610400e-01 2.9306961060e-02
1589.000 1.9361550000e-01 2.6835882190e-02
1590.000 2.0859022900e-01 2.8930019380e-02
1591.000 2.0391784100e-01 2.8302545550e-02
1592.000 2.1459618200e-01 2.9787401200e-02
1593.000 2.1921228500e-01 3.0422689440e-02
1594.000 2.1733617600e-01 3.0158737180e-02
1595.000 2.1830843700e-01 3.0293155670e-02
1596.000 2.0449673700e-01 2.8397836690e-02
1597.000 2.1208906300e-01 2.9441469190e-02
1598.000 2.1500341500e-01 2.9822755810e-02
1599.000 2.0656283200e-01 2.8619178770e-02
1600.000 2.0901490700e-01 2.8936054230e-02
1601.000 2.0021564900e-01 2.7738319400e-02
1602.000 2.0508379200e-01 2.8437437060e-02
1603.000 2.0385577200e-01 2.8320964810e-02
1604.000 2.0690148100e-01 2.8806364060e-02
1605.000 2.0384189400e-01 2.8408519740e-02
1606.000 2.0320316000e-01 2.8356124880e-02
1607.000 2.0389055400e-01 2.8445446010e-02
1608.000 2.0608509200e-01 2.8746042250e-02
1609.000 2.0529266100e-01 2.8643486020e-02
1610.000 1.9262923200e-01 2.6888658520e-02
1611.000 1.9877802000e-01 2.7790256500e-02
1612.000 2.0124747100e-01 2.8182842250e-02
1613.000 2.0626890900e-01 2.8931983950e-02
1614.000 2.0424374400e-01 2.8653888700e-02
1615.000 2.0801652800e-01 2.9220876690e-02
1616.000 1.9529483200e-01 2.7460063930e-02
1617.000 2.0140107600e-01 2.8376569750e-02
1618.000 2.0767576000e-01 2.9284057620e-02
1619.000 2.0739444000e-01 2.9303331380e-02
1620.000 2.0250335700e-01 2.8668048860e-02
1621.000 1.9977606600e-01 2.8326164250e-02
1622.000 2.0480374500e-01 2.9052976610e-02
1623.000 2.0908597600e-01 2.9688137050e-02
1624.000 2.1061453200e-01 2.9925315860e-02
1625.000 2.0559911600e-01 2.9263326640e-02
1626.000 2.0789977200e-01 2.9574100490e-02
1627.000 2.0766121200e-01 2.9562982560e-02
1628.000 2.0923860900e-01 2.9793586730e-02
1629.000 2.0910166900e-01 2.9776550290e-02
1630.000 2.0323655800e-01 2.8930643080e-02
1631.000 2.0641473800e-01 2.9395835880e-02
1632.000 2.0624146500e-01 2.9337131500e-02
1633.000 2.0351994600e-01 2.8944026950e-02
1634.000 1.9855750200e-01 2.8221149440e-02
1635.000 2.0387963300e-01 2.8975473400e-02
1636.000 2.0311302200e-01 2.8854314800e-02
1637.000 1.9379927700e-01 2.7518045430e-02
1638.000 1.9238341200e-01 2.7316194530e-02
1639.000 1.9009999000e-01 2.6964975360e-02
1640.000 1.9104615600e-01 2.7090284350e-02
1641.000 1.8968189900e-01 2.6885713580e-02
1642.000 1.8944379000e-01 2.6883701320e-02
1643.000 1.9424425200e-01 2.7585748670e-02
1644.000 1.9117156600e-01 2.7165111540e-02
1645.000 1.9146986400e-01 2.7216358180e-02
1646.000 1.9377017300e-01 2.7572055820e-02
1647.000 1.9557121100e-01 2.7837276460e-02
1648.000 1.9468752700e-01 2.7705480580e-02
1649.000 1.9021384300e-01 2.7074132920e-02
1650.000 1.9503363000e-01 2.7771493910e-02
1651.000 1.9067902300e-01 2.7155292510e-02
1652.000 1.9447016900e-01 2.7686931610e-02
1653.000 1.9246796300e-01 2.7418754580e-02
1654.000 1.9462658500e-01 2.7735029220e-02
1655.000 1.9094081300e-01 2.7232481000e-02
1656.000 1.9476553000e-01 2.7794961930e-02
1657.000 1.9335049200e-01 2.7601264950e-02
1658.000 1.9456949100e-01 2.7798242570e-02
1659.000 1.9103089300e-01 2.7301132200e-02
1660.000 1.9323855000e-01 2.7610586170e-02
1661.000 1.9399170600e-01 2.7716909410e-02
1662.000 1.9253393300e-01 2.7487960820e-02
1663.000 1.9125938500e-01 2.7302181240e-02
1664.000 1.9036674600e-01 2.7169321060e-02
1665.000 1.8842643300e-01 2.6880308150e-02
1666.000 1.8765651400e-01 2.6791015620e-02
1667.000 1.8957352100e-01 2.7116844180e-02
1668.000 1.8636166500e-01 2.6673299790e-02
1669.000 1.8688681700e-01 2.6775980000e-02
1670.000 1.9108834300e-01 2.7404495240e-02
1671.000 1.8969031800e-01 2.7221565250e-02
1672.000 1.8070609600e-01 2.5951381680e-02
1673.000 1.8586839900e-01 2.6691070560e-02
1674.000 1.8661746100e-01 2.6804704670e-02
1675.000 1.8488407800e-01 2.6575117110e-02
1676.000 1.8189515800e-01 2.6148803710e-02
1677.000 1.8282619900e-01 2.6291339870e-02
1678.000 1.8383861800e-01 2.6457216260e-02
1679.000 1.8139743100e-01 2.6107387540e-02
1680.000 1.7518019300e-01 2.5230484010e-02
1681.000 1.6910761300e-01 2.4366117480e-02
1682.000 1.7399201900e-01 2.5071496960e-02
1683.000 1.7828289900e-01 2.5684289930e-02
1684.000 1.8157769300e-01 2.6154699330e-02
1685.000 1.8209701600e-01 2.6203189850e-02
1686.000 1.7990049100e-01 2.5885553360e-02
1687.000 1.8059494400e-01 2.5938444140e-02
1688.000 1.8068774500e-01 2.5913179400e-02
1689.000 1.7850824800e-01 2.5597164150e-02
1690.000 1.7836252300e-01 2.5531558990e-02
1691.000 1.8067012700e-01 2.5860589980e-02
1692.000 1.8099538800e-01 2.5912273410e-02
1693.000 1.8035512200e-01 2.5832948680e-02
1694.000 1.8008588600e-01 2.5799520490e-02
1695.000 1.8013212300e-01 2.5786445620e-02
1696.000 1.7907784600e-01 2.5625444410e-02
1697.000 1.7795077500e-01 2.5436931610e-02
1698.000 1.7900617300e-01 2.5568397520e-02
1699.000 1.7785040900e-01 2.5392063140e-02
1700.000 1.7559874100e-01 2.5060844420e-02
